"STATION","LATITUDE","LONGITUDE","ELEVATION","DATE","AWND","AWND_ATTRIBUTES","PRCP","PRCP_ATTRIBUTES","SNOW","SNOW_ATTRIBUTES","TAVG","TAVG_ATTRIBUTES"
"USC00171628","44.9197","-69.2416","90.5","2021-08-01",,,"0.00",",,7,0700",,,,
"USC00171628","44.9197","-69.2416","90.5","2021-08-02",,,"0.09",",,7,0700",,,,
"USC00171628","44.9197","-69.2416","90.5","2021-08-03",,,"0.03",",,7,0700",,,,
"USC00171628","44.9197","-69.2416","90.5","2021-08-04",,,"0.00",",,7,0700",,,,
"USC00171628","44.9197","-69.2416","90.5","2021-08-05",,,"0.00",",,7,0700",,,,
"USC00171628","44.9197","-69.2416","90.5","2021-08-06",,,"0.27",",,7,0700",,,,
"USC00171628","44.9197","-69.2416","90.5","2021-08-07",,,"0.00",",,7,0700",,,,
"USC00171628","44.9197","-69.2416","90.5","2021-08-08",,,"0.00",",,7,0700",,,,
"USC00171628","44.9197","-69.2416","90.5","2021-08-09",,,"0.00",",,7,0700",,,,
"USC00171628","44.9197","-69.2416","90.5","2021-08-10",,,"0.00",",,7,0700",,,,
"USC00171628","44.9197","-69.2416","90.5","2021-08-11",,,"0.00",",,7,0700",,,,
"USC00171628","44.9197","-69.2416","90.5","2021-08-12",,,"0.42",",,7,0700",,,,
"USC00171628","44.9197","-69.2416","90.5","2021-08-13",,,"0.00","T,,7,0700",,,,
"USC00171628","44.9197","-69.2416","90.5","2021-08-14",,,"0.00",",,7,0700",,,,
"USC00171628","44.9197","-69.2416","90.5","2021-08-15",,,"0.32",",,7,0700",,,,
"USC00171628","44.9197","-69.2416","90.5","2021-08-16",,,"0.00",",,7,0700",,,,
"USC00171628","44.9197","-69.2416","90.5","2021-08-17",,,"0.00",",,7,0700",,,,
"USC00171628","44.9197","-69.2416","90.5","2021-08-18",,,"0.00","T,,7,0700",,,,
"USC00171628","44.9197","-69.2416","90.5","2021-08-19",,,"0.11",",,7,0700",,,,
"USC00171628","44.9197","-69.2416","90.5","2021-08-20",,,"0.10",",,7,0700",,,,
"USC00171628","44.9197","-69.2416","90.5","2021-08-21",,,"0.00",",,7,0700",,,,
"USC00171628","44.9197","-69.2416","90.5","2021-08-22",,,"0.01",",,7,0700",,,,
"USC00171628","44.9197","-69.2416","90.5","2021-08-23",,,"0.09",",,7,0700",,,,
"USC00171628","44.9197","-69.2416","90.5","2021-08-24",,,"0.03",",,7,0700",,,,
"USC00171628","44.9197","-69.2416","90.5","2021-08-25",,,"0.00",",,7,0700",,,,
"USC00171628","44.9197","-69.2416","90.5","2021-08-26",,,"0.00",",,7,0700",,,,
"USC00171628","44.9197","-69.2416","90.5","2021-08-27",,,"0.00",",,7,0700",,,,
"USC00171628","44.9197","-69.2416","90.5","2021-08-28",,,"0.00",",,7,0700",,,,
"USC00171628","44.9197","-69.2416","90.5","2021-08-29",,,"0.10",",,7,0700",,,,
"USC00171628","44.9197","-69.2416","90.5","2021-08-30",,,"0.00","T,,7,0700",,,,
"USC00171628","44.9197","-69.2416","90.5","2021-08-31",,,"0.02",",,7,0700",,,,
"USC00171628","44.9197","-69.2416","90.5","2021-09-01",,,"0.00",",,7,0700",,,,
"USC00171628","44.9197","-69.2416","90.5","2021-09-02",,,"0.76",",,7,0700",,,,
"USC00171628","44.9197","-69.2416","90.5","2021-09-03",,,"0.01",",,7,0700",,,,
"USC00171628","44.9197","-69.2416","90.5","2021-09-04",,,"0.14",",,7,0700",,,,
"USC00171628","44.9197","-69.2416","90.5","2021-09-05",,,"0.00",",,7,0700",,,,
"USC00171628","44.9197","-69.2416","90.5","2021-09-06",,,"0.13",",,7,0700",,,,
"USC00171628","44.9197","-69.2416","90.5","2021-09-07",,,"0.39",",,7,0700",,,,
"USC00171628","44.9197","-69.2416","90.5","2021-09-08",,,"0.00",",,7,0700",,,,
"USC00171628","44.9197","-69.2416","90.5","2021-09-09",,,"0.40",",,7,0700",,,,
"USC00171628","44.9197","-69.2416","90.5","2021-09-10",,,"1.75",",,7,0700",,,,
"USC00171628","44.9197","-69.2416","90.5","2021-09-11",,,"0.02",",,7,0700",,,,
"USC00171628","44.9197","-69.2416","90.5","2021-09-12",,,"0.00",",,7,0700",,,,
"USC00171628","44.9197","-69.2416","90.5","2021-09-13",,,"0.00","T,,7,0700",,,,
"USC00171628","44.9197","-69.2416","90.5","2021-09-14",,,"0.00",",,7,0700",,,,
"USC00171628","44.9197","-69.2416","90.5","2021-09-15",,,"0.00","T,,7,0700",,,,
"USC00171628","44.9197","-69.2416","90.5","2021-09-16",,,"0.78",",,7,0700",,,,
"USC00171628","44.9197","-69.2416","90.5","2021-09-17",,,"0.00",",,7,0700",,,,
"USC00171628","44.9197","-69.2416","90.5","2021-09-18",,,"0.00",",,7,0700",,,,
"USC00171628","44.9197","-69.2416","90.5","2021-09-19",,,"0.11",",,7,0700",,,,
"USC00171628","44.9197","-69.2416","90.5","2021-09-20",,,"0.00",",,7,0700",,,,
"USC00171628","44.9197","-69.2416","90.5","2021-09-21",,,"0.00",",,7,0700",,,,
"USC00171628","44.9197","-69.2416","90.5","2021-09-22",,,"0.01",",,7,0700",,,,
"USC00171628","44.9197","-69.2416","90.5","2021-09-23",,,"0.00",",,7,0700",,,,
"USC00171628","44.9197","-69.2416","90.5","2021-09-24",,,"0.00",",,7,0700",,,,
"USC00171628","44.9197","-69.2416","90.5","2021-09-25",,,"1.01",",,7,0700",,,,
"USC00171628","44.9197","-69.2416","90.5","2021-09-26",,,"1.98",",,7,0700",,,,
"USC00171628","44.9197","-69.2416","90.5","2021-09-27",,,"0.32",",,7,0700",,,,
"USC00171628","44.9197","-69.2416","90.5","2021-09-28",,,"0.02",",,7,0700",,,,
"USC00171628","44.9197","-69.2416","90.5","2021-09-29",,,"0.00",",,7,0700",,,,
"USC00171628","44.9197","-69.2416","90.5","2021-09-30",,,"0.00",",,7,0700",,,,
"USC00171628","44.9197","-69.2416","90.5","2021-10-01",,,"0.04",",,7,0700",,,,
"USC00171628","44.9197","-69.2416","90.5","2021-10-02",,,"0.00",",,7,0700",,,,
"USC00171628","44.9197","-69.2416","90.5","2021-10-03",,,"0.00",",,7,0700",,,,
"USC00171628","44.9197","-69.2416","90.5","2021-10-04",,,"0.00","T,,7,0700",,,,
"USC00171628","44.9197","-69.2416","90.5","2021-10-05",,,"0.00",",,7,0700",,,,
"USC00171628","44.9197","-69.2416","90.5","2021-10-06",,,"0.00",",,7,0700",,,,
"USC00171628","44.9197","-69.2416","90.5","2021-10-07",,,"0.00",",,7,0700",,,,
"USC00171628","44.9197","-69.2416","90.5","2021-10-08",,,"0.00",",,7,0700",,,,
"USC00171628","44.9197","-69.2416","90.5","2021-10-09",,,"0.00",",,7,0700",,,,
"USC00171628","44.9197","-69.2416","90.5","2021-10-10",,,"0.00",",,7,0700",,,,
"USC00171628","44.9197","-69.2416","90.5","2021-10-11",,,"0.00",",,7,0700",,,,
"USC00171628","44.9197","-69.2416","90.5","2021-10-12",,,"0.01",",,7,0700",,,,
"USC00171628","44.9197","-69.2416","90.5","2021-10-13",,,"0.00",",,7,0700",,,,
"USC00171628","44.9197","-69.2416","90.5","2021-10-14",,,"0.00",",,7,0700",,,,
"USC00171628","44.9197","-69.2416","90.5","2021-10-15",,,"0.00",",,7,0700",,,,
"USC00171628","44.9197","-69.2416","90.5","2021-10-16",,,"0.18",",,7,0700",,,,
"USC00171628","44.9197","-69.2416","90.5","2021-10-17",,,"0.72",",,7,0700",,,,
"USC00171628","44.9197","-69.2416","90.5","2021-10-18",,,"0.01",",,7,0700",,,,
"USC00171628","44.9197","-69.2416","90.5","2021-10-19",,,"0.00",",,7,0700",,,,
"USC00171628","44.9197","-69.2416","90.5","2021-10-20",,,"0.01",",,7,0700",,,,
"USC00171628","44.9197","-69.2416","90.5","2021-10-21",,,"0.00",",,7,0700",,,,
"USC00171628","44.9197","-69.2416","90.5","2021-10-22",,,"0.11",",,7,0700",,,,
"USC00171628","44.9197","-69.2416","90.5","2021-10-23",,,"0.00",",,7,0700",,,,
"USC00171628","44.9197","-69.2416","90.5","2021-10-24",,,"0.00",",,7,0700",,,,
"USC00171628","44.9197","-69.2416","90.5","2021-10-25",,,"0.00",",,7,0700",,,,
"USC00171628","44.9197","-69.2416","90.5","2021-10-26",,,"0.04",",,7,0700",,,,
"USC00171628","44.9197","-69.2416","90.5","2021-10-27",,,"0.08",",,7,0700",,,,
"USC00171628","44.9197","-69.2416","90.5","2021-10-28",,,"0.00",",,7,0700",,,,
"USC00171628","44.9197","-69.2416","90.5","2021-10-29",,,"0.00",",,7,0700",,,,
"USC00171628","44.9197","-69.2416","90.5","2021-10-30",,,"0.00",",,7,0700",,,,
"USC00171628","44.9197","-69.2416","90.5","2021-10-31",,,"2.53",",,7,0700",,,,
"USC00171628","44.9197","-69.2416","90.5","2021-11-01",,,"0.05",",,H,0700",,,,
"USC00171628","44.9197","-69.2416","90.5","2021-11-02",,,"0.00",",,H,0700",,,,
"USC00171628","44.9197","-69.2416","90.5","2021-11-03",,,"0.00",",,H,0700",,,,
"USC00171628","44.9197","-69.2416","90.5","2021-11-04",,,"0.00",",,H,0700",,,,
"USC00171628","44.9197","-69.2416","90.5","2021-11-05",,,"0.00",",,H,0700",,,,
"USC00171628","44.9197","-69.2416","90.5","2021-11-06",,,"0.00",",,H,0700",,,,
"USC00171628","44.9197","-69.2416","90.5","2021-11-07",,,"0.00",",,H,0700",,,,
"USC00171628","44.9197","-69.2416","90.5","2021-11-08",,,"0.00",",,H,0700",,,,
"USC00171628","44.9197","-69.2416","90.5","2021-11-09",,,"0.00",",,H,0700",,,,
"USC00171628","44.9197","-69.2416","90.5","2021-11-10",,,"0.02",",,H,0700",,,,
"USC00171628","44.9197","-69.2416","90.5","2021-11-11",,,"0.00",",,H,0700",,,,
"USC00171628","44.9197","-69.2416","90.5","2021-11-12",,,"0.00",",,H,0700",,,,
"USC00171628","44.9197","-69.2416","90.5","2021-11-13",,,"0.93",",,H,0700",,,,
"USC00171628","44.9197","-69.2416","90.5","2021-11-14",,,"0.03",",,H,0700",,,,
"USC00171628","44.9197","-69.2416","90.5","2021-11-15",,,"0.22",",,H,0700",,,,
"USC00171628","44.9197","-69.2416","90.5","2021-11-16",,,"0.02",",,H,0700",,,,
"USC00171628","44.9197","-69.2416","90.5","2021-11-17",,,"0.00",",,H,0700",,,,
"USC00171628","44.9197","-69.2416","90.5","2021-11-18",,,"0.35",",,H,0700",,,,
"USC00171628","44.9197","-69.2416","90.5","2021-11-19",,,"0.32",",,H,0700",,,,
"USC00171628","44.9197","-69.2416","90.5","2021-11-20",,,"0.00",",,H,0700",,,,
"USC00171628","44.9197","-69.2416","90.5","2021-11-21",,,"0.00",",,H,0700","0.0",",,H,0700",,
"USC00171628","44.9197","-69.2416","90.5","2021-11-22",,,"0.32",",,H,0700","0.0",",,H,0700",,
"USC00171628","44.9197","-69.2416","90.5","2021-11-23",,,"0.06",",,H,0700","0.0",",,H,0700",,
"USC00171628","44.9197","-69.2416","90.5","2021-11-24",,,"0.00",",,H,0700","0.0",",,H,0700",,
"USC00171628","44.9197","-69.2416","90.5","2021-11-25",,,"0.00",",,H,0700",,,,
"USC00171628","44.9197","-69.2416","90.5","2021-11-26",,,"0.03",",,H,0700","0.0",",,H,0700",,
"USC00171628","44.9197","-69.2416","90.5","2021-11-27",,,"0.31",",,H,0700","0.1",",,H,0700",,
"USC00171628","44.9197","-69.2416","90.5","2021-11-28",,,"0.00",",,H,0700","0.0",",,H,0700",,
"USC00179593","44.19236","-69.14678","110.0","2021-08-01",,,"0.00",",,7,0700",,,,
"USC00179593","44.19236","-69.14678","110.0","2021-08-02",,,"0.00",",,7,0700",,,,
"USC00179593","44.19236","-69.14678","110.0","2021-08-03",,,"0.03",",,7,0700",,,,
"USC00179593","44.19236","-69.14678","110.0","2021-08-04",,,"0.00",",,7,0700",,,,
"USC00179593","44.19236","-69.14678","110.0","2021-08-05",,,"0.18",",,7,0700",,,,
"USC00179593","44.19236","-69.14678","110.0","2021-08-06",,,"0.43",",,7,0700",,,,
"USC00179593","44.19236","-69.14678","110.0","2021-08-07",,,"0.00",",,7,0700",,,,
"USC00179593","44.19236","-69.14678","110.0","2021-08-08",,,"0.00",",,7,0700",,,,
"USC00179593","44.19236","-69.14678","110.0","2021-08-09",,,"0.00",",,7,0700",,,,
"USC00179593","44.19236","-69.14678","110.0","2021-08-10",,,"0.00",",,7,0700",,,,
"USC00179593","44.19236","-69.14678","110.0","2021-08-11",,,"0.02",",,7,0700",,,,
"USC00179593","44.19236","-69.14678","110.0","2021-08-12",,,"0.00",",,7,0700",,,,
"USC00179593","44.19236","-69.14678","110.0","2021-08-13",,,"0.00",",,7,0700",,,,
"USC00179593","44.19236","-69.14678","110.0","2021-08-14",,,"0.00",",,7,0700",,,,
"USC00179593","44.19236","-69.14678","110.0","2021-08-15",,,"0.44",",,7,0700",,,,
"USC00179593","44.19236","-69.14678","110.0","2021-08-16",,,"0.01",",,7,0700",,,,
"USC00179593","44.19236","-69.14678","110.0","2021-08-17",,,"0.10",",,7,0700",,,,
"USC00179593","44.19236","-69.14678","110.0","2021-08-18",,,"0.01",",,7,0700",,,,
"USC00179593","44.19236","-69.14678","110.0","2021-08-19",,,"0.01",",,7,0700",,,,
"USC00179593","44.19236","-69.14678","110.0","2021-08-20",,,"0.47",",,7,0700",,,,
"USC00179593","44.19236","-69.14678","110.0","2021-08-21",,,"0.00",",,7,0700",,,,
"USC00179593","44.19236","-69.14678","110.0","2021-08-22",,,"0.04",",,7,0700",,,,
"USC00179593","44.19236","-69.14678","110.0","2021-08-23",,,"1.42",",,7,0700",,,,
"USC00179593","44.19236","-69.14678","110.0","2021-08-24",,,"0.01",",,7,0700",,,,
"USC00179593","44.19236","-69.14678","110.0","2021-08-25",,,"0.00",",,7,0700",,,,
"USC00179593","44.19236","-69.14678","110.0","2021-08-26",,,"0.00",",,7,0700",,,,
"USC00179593","44.19236","-69.14678","110.0","2021-08-27",,,"0.00",",,7,0700",,,,
"USC00179593","44.19236","-69.14678","110.0","2021-08-28",,,"0.00",",,7,0700",,,,
"USC00179593","44.19236","-69.14678","110.0","2021-08-29",,,"0.38",",,7,0700",,,,
"USC00179593","44.19236","-69.14678","110.0","2021-08-30",,,"0.01",",,7,0700",,,,
"USC00179593","44.19236","-69.14678","110.0","2021-08-31",,,"0.00",",,7,0700",,,,
"USC00179593","44.19236","-69.14678","110.0","2021-09-01",,,"0.00",",,H,0700",,,,
"USC00179593","44.19236","-69.14678","110.0","2021-09-02",,,"1.31",",,H,0700",,,,
"USC00179593","44.19236","-69.14678","110.0","2021-09-03",,,"0.13",",,H,0700",,,,
"USC00179593","44.19236","-69.14678","110.0","2021-09-04",,,,,,,,
"USC00179593","44.19236","-69.14678","110.0","2021-09-05",,,"0.02",",,H,0700",,,,
"USC00179593","44.19236","-69.14678","110.0","2021-09-06",,,"0.20",",,H,0700",,,,
"USC00179593","44.19236","-69.14678","110.0","2021-09-07",,,"0.03",",,H,0700",,,,
"USC00179593","44.19236","-69.14678","110.0","2021-09-08",,,"0.00",",,H,0700",,,,
"USC00179593","44.19236","-69.14678","110.0","2021-09-09",,,,,,,,
"USC00179593","44.19236","-69.14678","110.0","2021-09-10",,,,,,,,
"USC00179593","44.19236","-69.14678","110.0","2021-09-11",,,"0.10",",,H,0700",,,,
"USC00179593","44.19236","-69.14678","110.0","2021-09-12",,,"0.00",",,H,0700",,,,
"USC00179593","44.19236","-69.14678","110.0","2021-09-13",,,"0.00",",,H,0700",,,,
"USC00179593","44.19236","-69.14678","110.0","2021-09-14",,,"0.00",",,H,0700",,,,
"USC00179593","44.19236","-69.14678","110.0","2021-09-15",,,"0.00",",,H,0700",,,,
"USC00179593","44.19236","-69.14678","110.0","2021-09-16",,,"0.00",",,H,0700",,,,
"USC00179593","44.19236","-69.14678","110.0","2021-09-17",,,"0.00",",,H,0700",,,,
"USC00179593","44.19236","-69.14678","110.0","2021-09-18",,,"0.00",",,H,0700",,,,
"USC00179593","44.19236","-69.14678","110.0","2021-09-19",,,"0.14",",,H,0700",,,,
"USC00179593","44.19236","-69.14678","110.0","2021-09-20",,,"0.00",",,H,0700",,,,
"USC00179593","44.19236","-69.14678","110.0","2021-09-21",,,"0.00",",,H,0700",,,,
"USC00179593","44.19236","-69.14678","110.0","2021-09-22",,,"0.02",",,H,0700",,,,
"USC00179593","44.19236","-69.14678","110.0","2021-09-23",,,"0.00",",,H,0700",,,,
"USC00179593","44.19236","-69.14678","110.0","2021-09-24",,,"0.00",",,H,0700",,,,
"USC00179593","44.19236","-69.14678","110.0","2021-09-25",,,"1.78",",,H,0700",,,,
"USC00179593","44.19236","-69.14678","110.0","2021-09-26",,,"0.88",",,H,0700",,,,
"USC00179593","44.19236","-69.14678","110.0","2021-09-27",,,"0.65",",,H,0700",,,,
"USC00179593","44.19236","-69.14678","110.0","2021-09-28",,,"0.00",",,H,0700",,,,
"USC00179593","44.19236","-69.14678","110.0","2021-09-29",,,"0.00",",,H,0700",,,,
"USC00179593","44.19236","-69.14678","110.0","2021-09-30",,,"0.00",",,H,0700",,,,
"USC00179593","44.19236","-69.14678","110.0","2021-10-01",,,"0.21",",,H,0700",,,,
"USC00179593","44.19236","-69.14678","110.0","2021-10-02",,,"0.04",",,H,0700",,,,
"USC00179593","44.19236","-69.14678","110.0","2021-10-03",,,"0.01",",,H,0700",,,,
"USC00179593","44.19236","-69.14678","110.0","2021-10-04",,,"0.02",",,H,0700",,,,
"USC00179593","44.19236","-69.14678","110.0","2021-10-05",,,"0.00",",,H,0700",,,,
"USC00179593","44.19236","-69.14678","110.0","2021-10-06",,,"0.00",",,H,0700",,,,
"USC00179593","44.19236","-69.14678","110.0","2021-10-07",,,"0.00",",,H,0700",,,,
"USC00179593","44.19236","-69.14678","110.0","2021-10-08",,,"0.00",",,H,0700",,,,
"USC00179593","44.19236","-69.14678","110.0","2021-10-09",,,"0.00",",,H,0700",,,,
"USC00179593","44.19236","-69.14678","110.0","2021-10-10",,,"0.00",",,H,0700",,,,
"USC00179593","44.19236","-69.14678","110.0","2021-10-11",,,"0.00",",,H,0700",,,,
"USC00179593","44.19236","-69.14678","110.0","2021-10-12",,,"0.01",",,H,0700",,,,
"USC00179593","44.19236","-69.14678","110.0","2021-10-13",,,"0.00",",,H,0700",,,,
"USC00179593","44.19236","-69.14678","110.0","2021-10-14",,,"0.00",",,H,0700",,,,
"USC00179593","44.19236","-69.14678","110.0","2021-10-15",,,"0.00",",,H,0700",,,,
"USC00179593","44.19236","-69.14678","110.0","2021-10-16",,,"0.54",",,H,0700",,,,
"USC00179593","44.19236","-69.14678","110.0","2021-10-17",,,"1.11",",,H,0700",,,,
"USC00179593","44.19236","-69.14678","110.0","2021-10-18",,,"0.01",",,H,0700",,,,
"USC00179593","44.19236","-69.14678","110.0","2021-10-19",,,"0.01",",,H,0700",,,,
"USC00179593","44.19236","-69.14678","110.0","2021-10-20",,,"0.00",",,H,0700",,,,
"USC00179593","44.19236","-69.14678","110.0","2021-10-21",,,"0.00",",,H,0700",,,,
"USC00179593","44.19236","-69.14678","110.0","2021-10-22",,,"0.06",",,H,0700",,,,
"USC00179593","44.19236","-69.14678","110.0","2021-10-23",,,"0.00",",,H,0700",,,,
"USC00179593","44.19236","-69.14678","110.0","2021-10-24",,,"0.01",",,H,0700",,,,
"USC00179593","44.19236","-69.14678","110.0","2021-10-25",,,"0.01",",,H,0700",,,,
"USC00179593","44.19236","-69.14678","110.0","2021-10-26",,,"0.25",",,H,0700",,,,
"USC00179593","44.19236","-69.14678","110.0","2021-10-27",,,"0.88",",,H,0700",,,,
"USC00179593","44.19236","-69.14678","110.0","2021-10-28",,,"0.20",",,H,0700",,,,
"USC00179593","44.19236","-69.14678","110.0","2021-10-29",,,"0.00",",,H,0700",,,,
"USC00179593","44.19236","-69.14678","110.0","2021-10-30",,,"0.02",",,H,0700",,,,
"USC00179593","44.19236","-69.14678","110.0","2021-10-31",,,"6.22",",,H,0700",,,,
"USC00179593","44.19236","-69.14678","110.0","2021-11-01",,,"0.03",",,H,0700",,,,
"USC00179593","44.19236","-69.14678","110.0","2021-11-02",,,"0.00",",,H,0700",,,,
"USC00179593","44.19236","-69.14678","110.0","2021-11-03",,,"0.00",",,H,0700",,,,
"USC00179593","44.19236","-69.14678","110.0","2021-11-04",,,"0.00",",,H,0700",,,,
"USC00179593","44.19236","-69.14678","110.0","2021-11-05",,,"0.00",",,H,0700",,,,
"USC00179593","44.19236","-69.14678","110.0","2021-11-06",,,"0.00",",,H,0700",,,,
"USC00179593","44.19236","-69.14678","110.0","2021-11-07",,,"0.00",",,H,0700",,,,
"USC00179593","44.19236","-69.14678","110.0","2021-11-08",,,"0.00",",,H,0700",,,,
"USC00179593","44.19236","-69.14678","110.0","2021-11-09",,,"0.00",",,H,0700",,,,
"USC00179593","44.19236","-69.14678","110.0","2021-11-10",,,"0.05",",,H,0700",,,,
"USC00179593","44.19236","-69.14678","110.0","2021-11-11",,,"0.26",",,H,0700",,,,
"USC00179593","44.19236","-69.14678","110.0","2021-11-12",,,"0.00",",,H,0700",,,,
"USC00179593","44.19236","-69.14678","110.0","2021-11-13",,,"2.11",",,H,0700",,,,
"USC00179593","44.19236","-69.14678","110.0","2021-11-14",,,"0.59",",,H,0700",,,,
"USC00179593","44.19236","-69.14678","110.0","2021-11-15",,,"0.26",",,H,0700",,,,
"USC00179593","44.19236","-69.14678","110.0","2021-11-16",,,,,,,,
"USC00179593","44.19236","-69.14678","110.0","2021-11-17",,,,,,,,
"USC00179593","44.19236","-69.14678","110.0","2021-11-18",,,"0.05",",,H,0700",,,,
"USC00179593","44.19236","-69.14678","110.0","2021-11-19",,,"0.24",",,H,0700",,,,
"USC00179593","44.19236","-69.14678","110.0","2021-11-20",,,"0.00",",,H,0700",,,,
"USC00179593","44.19236","-69.14678","110.0","2021-11-21",,,"0.00",",,H,0700",,,,
"USC00179593","44.19236","-69.14678","110.0","2021-11-22",,,"0.91",",,H,0700",,,,
"USC00179593","44.19236","-69.14678","110.0","2021-11-23",,,"0.44",",,H,0700",,,,
"USC00179593","44.19236","-69.14678","110.0","2021-11-24",,,"0.00",",,H,0700",,,,
"USC00179593","44.19236","-69.14678","110.0","2021-11-25",,,"0.00",",,H,0700",,,,
"USC00179593","44.19236","-69.14678","110.0","2021-11-26",,,"0.00",",,H,0700",,,,
"USC00179593","44.19236","-69.14678","110.0","2021-11-27",,,"0.63",",,H,0700",,,,
"USC00179593","44.19236","-69.14678","110.0","2021-11-28",,,"0.01",",,H,0700",,,,
"US1MEKB0044","44.382429","-69.900503","100.0","2021-08-01",,,"0.00",",,N","0.0",",,N",,
"US1MEKB0044","44.382429","-69.900503","100.0","2021-08-02",,,"0.24",",,N",,,,
"US1MEKB0044","44.382429","-69.900503","100.0","2021-08-04",,,,,,,,
"US1MEKB0044","44.382429","-69.900503","100.0","2021-08-05",,,"0.01",",,N",,,,
"US1MEKB0044","44.382429","-69.900503","100.0","2021-08-06",,,"0.24",",,N",,,,
"US1MEKB0044","44.382429","-69.900503","100.0","2021-08-18",,,,,,,,
"US1MEKB0044","44.382429","-69.900503","100.0","2021-08-20",,,"0.67",",,N",,,,
"US1MEKB0047","44.312812","-69.603041","102.4","2021-08-01",,,"0.00",",,N","0.0",",,N",,
"US1MEKB0047","44.312812","-69.603041","102.4","2021-08-02",,,"0.05",",,N",,,,
"US1MEKB0047","44.312812","-69.603041","102.4","2021-08-03",,,"0.11",",,N",,,,
"US1MEKB0047","44.312812","-69.603041","102.4","2021-08-04",,,"0.00",",,N","0.0",",,N",,
"US1MEKB0047","44.312812","-69.603041","102.4","2021-08-05",,,"0.12",",,N",,,,
"US1MEKB0047","44.312812","-69.603041","102.4","2021-08-06",,,"0.58",",,N",,,,
"US1MEKB0047","44.312812","-69.603041","102.4","2021-08-07",,,"0.00",",,N","0.0",",,N",,
"US1MEKB0047","44.312812","-69.603041","102.4","2021-08-08",,,"0.00",",,N","0.0",",,N",,
"US1MEKB0047","44.312812","-69.603041","102.4","2021-08-09",,,"0.00",",,N","0.0",",,N",,
"US1MEKB0047","44.312812","-69.603041","102.4","2021-08-10",,,"0.01",",,N",,,,
"US1MEKB0047","44.312812","-69.603041","102.4","2021-08-11",,,"0.00",",,N","0.0",",,N",,
"US1MEKB0047","44.312812","-69.603041","102.4","2021-08-12",,,"0.02",",,N",,,,
"US1MEKB0047","44.312812","-69.603041","102.4","2021-08-13",,,"0.00",",,N","0.0",",,N",,
"US1MEKB0047","44.312812","-69.603041","102.4","2021-08-14",,,"0.00",",,N","0.0",",,N",,
"US1MEKB0047","44.312812","-69.603041","102.4","2021-08-15",,,"0.38",",,N",,,,
"US1MEKB0047","44.312812","-69.603041","102.4","2021-08-16",,,"0.00",",,N","0.0",",,N",,
"US1MEKB0047","44.312812","-69.603041","102.4","2021-08-17",,,"0.00",",,N","0.0",",,N",,
"US1MEKB0047","44.312812","-69.603041","102.4","2021-08-18",,,"0.04",",,N",,,,
"US1MEKB0047","44.312812","-69.603041","102.4","2021-08-19",,,"0.15",",,N",,,,
"US1MEKB0047","44.312812","-69.603041","102.4","2021-08-20",,,"0.43",",,N",,,,
"US1MEKB0047","44.312812","-69.603041","102.4","2021-08-21",,,"0.00","T,,N",,,,
"US1MEKB0047","44.312812","-69.603041","102.4","2021-08-22",,,"0.00","T,,N",,,,
"US1MEKB0047","44.312812","-69.603041","102.4","2021-08-23",,,"0.19",",,N",,,,
"US1MEKB0047","44.312812","-69.603041","102.4","2021-08-24",,,"0.03",",,N",,,,
"US1MEKB0047","44.312812","-69.603041","102.4","2021-08-25",,,"0.00",",,N","0.0",",,N",,
"US1MEKB0047","44.312812","-69.603041","102.4","2021-08-27",,,"0.00",",,N","0.0",",,N",,
"US1MEKB0047","44.312812","-69.603041","102.4","2021-08-28",,,"0.00",",,N","0.0",",,N",,
"US1MEKB0047","44.312812","-69.603041","102.4","2021-08-29",,,"0.17",",,N",,,,
"US1MEKB0047","44.312812","-69.603041","102.4","2021-08-30",,,"0.00",",,N","0.0",",,N",,
"US1MEKB0047","44.312812","-69.603041","102.4","2021-08-31",,,"0.02",",,N",,,,
"US1MEKB0047","44.312812","-69.603041","102.4","2021-09-01",,,"0.00",",,N","0.0",",,N",,
"US1MEKB0047","44.312812","-69.603041","102.4","2021-09-02",,,"0.94",",,N",,,,
"US1MEKB0047","44.312812","-69.603041","102.4","2021-09-03",,,"0.03",",,N",,,,
"US1MEKB0047","44.312812","-69.603041","102.4","2021-09-04",,,"0.07",",,N",,,,
"US1MEKB0047","44.312812","-69.603041","102.4","2021-09-05",,,"0.00",",,N","0.0",",,N",,
"US1MEKB0047","44.312812","-69.603041","102.4","2021-09-06",,,"0.14",",,N",,,,
"US1MEKB0047","44.312812","-69.603041","102.4","2021-09-07",,,"0.25",",,N",,,,
"US1MEKB0047","44.312812","-69.603041","102.4","2021-09-08",,,"0.00",",,N","0.0",",,N",,
"US1MEKB0047","44.312812","-69.603041","102.4","2021-09-09",,,"0.00","T,,N",,,,
"US1MEKB0047","44.312812","-69.603041","102.4","2021-09-10",,,"1.47",",,N",,,,
"US1MEKB0047","44.312812","-69.603041","102.4","2021-09-11",,,"0.15",",,N",,,,
"US1MEKB0047","44.312812","-69.603041","102.4","2021-09-12",,,"0.00",",,N","0.0",",,N",,
"US1MEKB0047","44.312812","-69.603041","102.4","2021-09-13",,,"0.00","T,,N",,,,
"US1MEKB0047","44.312812","-69.603041","102.4","2021-09-14",,,"0.00",",,N","0.0",",,N",,
"US1MEKB0047","44.312812","-69.603041","102.4","2021-09-15",,,"0.00",",,N","0.0",",,N",,
"US1MEKB0047","44.312812","-69.603041","102.4","2021-09-16",,,"0.14",",,N",,,,
"US1MEKB0047","44.312812","-69.603041","102.4","2021-09-17",,,"0.00",",,N","0.0",",,N",,
"US1MEKB0047","44.312812","-69.603041","102.4","2021-09-18",,,"0.01",",,N",,,,
"US1MEKB0047","44.312812","-69.603041","102.4","2021-09-19",,,"0.21",",,N",,,,
"US1MEKB0047","44.312812","-69.603041","102.4","2021-09-20",,,"0.00",",,N","0.0",",,N",,
"US1MEKB0047","44.312812","-69.603041","102.4","2021-09-21",,,"0.00",",,N","0.0",",,N",,
"US1MEKB0047","44.312812","-69.603041","102.4","2021-09-22",,,"0.02",",,N",,,,
"US1MEKB0047","44.312812","-69.603041","102.4","2021-09-23",,,"0.00",",,N","0.0",",,N",,
"US1MEKB0047","44.312812","-69.603041","102.4","2021-09-24",,,"0.00","T,,N",,,,
"US1MEKB0047","44.312812","-69.603041","102.4","2021-09-25",,,"0.41",",,N",,,,
"US1MEKB0047","44.312812","-69.603041","102.4","2021-09-26",,,"5.61",",,N",,,,
"US1MEKB0047","44.312812","-69.603041","102.4","2021-09-27",,,"0.31",",,N",,,,
"US1MEKB0047","44.312812","-69.603041","102.4","2021-09-28",,,"0.00",",,N","0.0",",,N",,
"US1MEKB0047","44.312812","-69.603041","102.4","2021-09-29",,,"0.00",",,N","0.0",",,N",,
"US1MEKB0047","44.312812","-69.603041","102.4","2021-09-30",,,"0.04",",,N",,,,
"US1MEKB0047","44.312812","-69.603041","102.4","2021-10-01",,,"0.18",",,N",,,,
"US1MEKB0047","44.312812","-69.603041","102.4","2021-10-02",,,"0.00",",,N","0.0",",,N",,
"US1MEKB0047","44.312812","-69.603041","102.4","2021-10-03",,,"0.00","T,,N",,,,
"US1MEKB0047","44.312812","-69.603041","102.4","2021-10-04",,,"0.08",",,N",,,,
"US1MEKB0047","44.312812","-69.603041","102.4","2021-10-05",,,"0.00",",,N","0.0",",,N",,
"US1MEKB0047","44.312812","-69.603041","102.4","2021-10-06",,,"0.00",",,N","0.0",",,N",,
"US1MEKB0047","44.312812","-69.603041","102.4","2021-10-07",,,"0.00",",,N","0.0",",,N",,
"US1MEKB0047","44.312812","-69.603041","102.4","2021-10-08",,,"0.00",",,N","0.0",",,N",,
"US1MEKB0047","44.312812","-69.603041","102.4","2021-10-09",,,"0.00",",,N","0.0",",,N",,
"US1MEKB0047","44.312812","-69.603041","102.4","2021-10-10",,,"0.00",",,N","0.0",",,N",,
"US1MEKB0047","44.312812","-69.603041","102.4","2021-10-11",,,"0.00","T,,N",,,,
"US1MEKB0047","44.312812","-69.603041","102.4","2021-10-12",,,"0.00",",,N","0.0",",,N",,
"US1MEKB0047","44.312812","-69.603041","102.4","2021-10-13",,,"0.00",",,N","0.0",",,N",,
"US1MEKB0047","44.312812","-69.603041","102.4","2021-10-14",,,"0.00",",,N","0.0",",,N",,
"US1MEKB0047","44.312812","-69.603041","102.4","2021-10-15",,,"0.00",",,N","0.0",",,N",,
"US1MEKB0047","44.312812","-69.603041","102.4","2021-10-16",,,"0.18",",,N",,,,
"US1MEKB0047","44.312812","-69.603041","102.4","2021-10-17",,,"0.54",",,N",,,,
"US1MEKB0047","44.312812","-69.603041","102.4","2021-10-18",,,"0.01",",,N",,,,
"US1MEKB0047","44.312812","-69.603041","102.4","2021-10-19",,,"0.00",",,N","0.0",",,N",,
"US1MEKB0047","44.312812","-69.603041","102.4","2021-10-20",,,"0.00","T,,N",,,,
"US1MEKB0047","44.312812","-69.603041","102.4","2021-10-21",,,"0.00",",,N","0.0",",,N",,
"US1MEKB0047","44.312812","-69.603041","102.4","2021-10-22",,,"0.07",",,N",,,,
"US1MEKB0047","44.312812","-69.603041","102.4","2021-10-23",,,"0.03",",,N",,,,
"US1MEKB0047","44.312812","-69.603041","102.4","2021-10-24",,,"0.00",",,N","0.0",",,N",,
"US1MEKB0047","44.312812","-69.603041","102.4","2021-10-25",,,"0.00",",,N","0.0",",,N",,
"US1MEKB0047","44.312812","-69.603041","102.4","2021-10-26",,,"0.23",",,N",,,,
"US1MEKB0047","44.312812","-69.603041","102.4","2021-10-27",,,"0.30",",,N",,,,
"US1MEKB0047","44.312812","-69.603041","102.4","2021-10-28",,,"0.06",",,N",,,,
"US1MEKB0047","44.312812","-69.603041","102.4","2021-10-29",,,"0.00",",,N","0.0",",,N",,
"US1MEKB0047","44.312812","-69.603041","102.4","2021-10-30",,,"0.00","T,,N",,,,
"US1MEKB0047","44.312812","-69.603041","102.4","2021-10-31",,,"3.05",",,N",,,,
"US1MEKB0047","44.312812","-69.603041","102.4","2021-11-01",,,"0.20",",,N",,,,
"US1MEKB0047","44.312812","-69.603041","102.4","2021-11-02",,,"0.00",",,N","0.0",",,N",,
"US1MEKB0047","44.312812","-69.603041","102.4","2021-11-03",,,"0.00",",,N","0.0",",,N",,
"US1MEKB0047","44.312812","-69.603041","102.4","2021-11-04",,,"0.02",",,N",,,,
"US1MEKB0047","44.312812","-69.603041","102.4","2021-11-05",,,"0.00",",,N","0.0",",,N",,
"US1MEKB0047","44.312812","-69.603041","102.4","2021-11-06",,,"0.00",",,N","0.0",",,N",,
"US1MEKB0047","44.312812","-69.603041","102.4","2021-11-07",,,"0.00",",,N","0.0",",,N",,
"US1MEKB0047","44.312812","-69.603041","102.4","2021-11-08",,,"0.00",",,N","0.0",",,N",,
"US1MEKB0047","44.312812","-69.603041","102.4","2021-11-09",,,"0.00",",,N","0.0",",,N",,
"US1MEKB0047","44.312812","-69.603041","102.4","2021-11-10",,,"0.11",",,N",,,,
"US1MEKB0047","44.312812","-69.603041","102.4","2021-11-11",,,"0.07",",,N",,,,
"US1MEKB0047","44.312812","-69.603041","102.4","2021-11-12",,,"0.00",",,N","0.0",",,N",,
"US1MEKB0047","44.312812","-69.603041","102.4","2021-11-13",,,"1.30",",,N",,,,
"US1MEKB0047","44.312812","-69.603041","102.4","2021-11-14",,,"0.31",",,N",,,,
"US1MEKB0047","44.312812","-69.603041","102.4","2021-11-15",,,"0.24",",,N",,,,
"US1MEKB0047","44.312812","-69.603041","102.4","2021-11-16",,,"0.00",",,N","0.0",",,N",,
"US1MEKB0047","44.312812","-69.603041","102.4","2021-11-18",,,"0.08",",,N",,,,
"US1MEKB0047","44.312812","-69.603041","102.4","2021-11-19",,,"0.26",",,N",,,,
"US1MEKB0047","44.312812","-69.603041","102.4","2021-11-20",,,"0.00",",,N","0.0",",,N",,
"US1MEKB0047","44.312812","-69.603041","102.4","2021-11-21",,,"0.00",",,N","0.0",",,N",,
"US1MEKB0047","44.312812","-69.603041","102.4","2021-11-22",,,"0.36",",,N",,,,
"US1MEKB0047","44.312812","-69.603041","102.4","2021-11-23",,,"0.17",",,N",,,,
"US1MEKB0047","44.312812","-69.603041","102.4","2021-11-24",,,"0.00",",,N","0.0",",,N",,
"US1MEKB0047","44.312812","-69.603041","102.4","2021-11-25",,,"0.00",",,N","0.0",",,N",,
"US1MEKB0047","44.312812","-69.603041","102.4","2021-11-26",,,"0.00",",,N","0.0",",,N",,
"US1MEKB0047","44.312812","-69.603041","102.4","2021-11-27",,,"0.58",",,N",,,,
"US1MEKB0047","44.312812","-69.603041","102.4","2021-11-28",,,"0.00",",,N","0.0",",,N",,
"USC00171867","44.67888","-68.63563","141.1","2021-08-01",,,"0.00",",,7,0700","0.0",",,7,0700",,
"USC00171867","44.67888","-68.63563","141.1","2021-08-02",,,"0.01",",,7,0700","0.0",",,7,0700",,
"USC00171867","44.67888","-68.63563","141.1","2021-08-03",,,"0.20",",,7,0700","0.0",",,7,0700",,
"USC00171867","44.67888","-68.63563","141.1","2021-08-04",,,"0.00",",,7,0700","0.0",",,7,0700",,
"USC00171867","44.67888","-68.63563","141.1","2021-08-05",,,"0.14",",,7,0700","0.0",",,7,0700",,
"USC00171867","44.67888","-68.63563","141.1","2021-08-06",,,"0.40",",,7,0700","0.0",",,7,0700",,
"USC00171867","44.67888","-68.63563","141.1","2021-08-07",,,"0.00",",,7,0700","0.0",",,7,0700",,
"USC00171867","44.67888","-68.63563","141.1","2021-08-08",,,"0.00",",,7,0700","0.0",",,7,0700",,
"USC00171867","44.67888","-68.63563","141.1","2021-08-09",,,"0.00",",,7,0700","0.0",",,7,0700",,
"USC00171867","44.67888","-68.63563","141.1","2021-08-10",,,"0.00",",,7,0700","0.0",",,7,0700",,
"USC00171867","44.67888","-68.63563","141.1","2021-08-11",,,"0.00",",,7,0700","0.0",",,7,0700",,
"USC00171867","44.67888","-68.63563","141.1","2021-08-12",,,"0.00","T,,7,0700","0.0",",,7,0700",,
"USC00171867","44.67888","-68.63563","141.1","2021-08-13",,,"0.00",",,7,0700","0.0",",,7,0700",,
"USC00171867","44.67888","-68.63563","141.1","2021-08-14",,,"0.00",",,7,0700","0.0",",,7,0700",,
"USC00171867","44.67888","-68.63563","141.1","2021-08-15",,,"0.57",",,7,0700","0.0",",,7,0700",,
"USC00171867","44.67888","-68.63563","141.1","2021-08-16",,,"0.00",",,7,0700","0.0",",,7,0700",,
"USC00171867","44.67888","-68.63563","141.1","2021-08-17",,,"0.00",",,7,0700","0.0",",,7,0700",,
"USC00171867","44.67888","-68.63563","141.1","2021-08-18",,,"0.00",",,7,0700","0.0",",,7,0700",,
"USC00171867","44.67888","-68.63563","141.1","2021-08-19",,,"0.05",",,7,0700","0.0",",,7,0700",,
"USC00171867","44.67888","-68.63563","141.1","2021-08-20",,,"0.15",",,7,0700","0.0",",,7,0700",,
"USC00171867","44.67888","-68.63563","141.1","2021-08-21",,,"0.03",",,7,0700","0.0",",,7,0700",,
"USC00171867","44.67888","-68.63563","141.1","2021-08-22",,,"0.03",",,7,0700","0.0",",,7,0700",,
"USC00171867","44.67888","-68.63563","141.1","2021-08-23",,,"0.24",",,7,0700","0.0",",,7,0700",,
"USC00171867","44.67888","-68.63563","141.1","2021-08-24",,,"2.22",",,7,0700","0.0",",,7,0700",,
"USC00171867","44.67888","-68.63563","141.1","2021-08-25",,,"0.00",",,7,0700","0.0",",,7,0700",,
"USC00171867","44.67888","-68.63563","141.1","2021-08-26",,,"0.00",",,7,0700","0.0",",,7,0700",,
"USC00171867","44.67888","-68.63563","141.1","2021-08-27",,,"0.00",",,7,0700","0.0",",,7,0700",,
"USC00171867","44.67888","-68.63563","141.1","2021-08-28",,,"0.00",",,7,0700","0.0",",,7,0700",,
"USC00171867","44.67888","-68.63563","141.1","2021-08-29",,,"0.04",",,7,0700","0.0",",,7,0700",,
"USC00171867","44.67888","-68.63563","141.1","2021-08-30",,,"0.00","T,,7,0700","0.0",",,7,0700",,
"USC00171867","44.67888","-68.63563","141.1","2021-08-31",,,"0.00",",,7,0700","0.0",",,7,0700",,
"USC00171867","44.67888","-68.63563","141.1","2021-09-01",,,"0.00",",,7,0700","0.0",",,7,0700",,
"USC00171867","44.67888","-68.63563","141.1","2021-09-02",,,"0.87",",,7,0700","0.0",",,7,0700",,
"USC00171867","44.67888","-68.63563","141.1","2021-09-03",,,"0.26",",,7,0700","0.0",",,7,0700",,
"USC00171867","44.67888","-68.63563","141.1","2021-09-04",,,"0.20",",,7,0700","0.0",",,7,0700",,
"USC00171867","44.67888","-68.63563","141.1","2021-09-05",,,"0.00",",,7,0700","0.0",",,7,0700",,
"USC00171867","44.67888","-68.63563","141.1","2021-09-06",,,"0.09",",,7,0700","0.0",",,7,0700",,
"USC00171867","44.67888","-68.63563","141.1","2021-09-07",,,"0.18",",,7,0700","0.0",",,7,0700",,
"USC00171867","44.67888","-68.63563","141.1","2021-09-08",,,"0.00",",,7,0700","0.0",",,7,0700",,
"USC00171867","44.67888","-68.63563","141.1","2021-09-09",,,"0.00",",,7,0700","0.0",",,7,0700",,
"USC00171867","44.67888","-68.63563","141.1","2021-09-10",,,"2.58",",,7,0700","0.0",",,7,0700",,
"USC00171867","44.67888","-68.63563","141.1","2021-09-11",,,"0.43",",,7,0700","0.0",",,7,0700",,
"USC00171867","44.67888","-68.63563","141.1","2021-09-12",,,"0.00",",,7,0700","0.0",",,7,0700",,
"USC00171867","44.67888","-68.63563","141.1","2021-09-13",,,"0.03",",,7,0700","0.0",",,7,0700",,
"USC00171867","44.67888","-68.63563","141.1","2021-09-14",,,"0.00",",,7,0700","0.0",",,7,0700",,
"USC00171867","44.67888","-68.63563","141.1","2021-09-15",,,"0.00",",,7,0700","0.0",",,7,0700",,
"USC00171867","44.67888","-68.63563","141.1","2021-09-16",,,"0.19",",,7,0700","0.0",",,7,0700",,
"USC00171867","44.67888","-68.63563","141.1","2021-09-17",,,"0.00",",,7,0700","0.0",",,7,0700",,
"USC00171867","44.67888","-68.63563","141.1","2021-09-18",,,"0.03",",,7,0700","0.0",",,7,0700",,
"USC00171867","44.67888","-68.63563","141.1","2021-09-19",,,"0.13",",,7,0700","0.0",",,7,0700",,
"USC00171867","44.67888","-68.63563","141.1","2021-09-20",,,"0.00",",,7,0700","0.0",",,7,0700",,
"USC00171867","44.67888","-68.63563","141.1","2021-09-21",,,"0.00",",,7,0700","0.0",",,7,0700",,
"USC00171867","44.67888","-68.63563","141.1","2021-09-22",,,"0.00","T,,7,0700","0.0",",,7,0700",,
"USC00171867","44.67888","-68.63563","141.1","2021-09-23",,,"0.03",",,7,0700","0.0",",,7,0700",,
"USC00171867","44.67888","-68.63563","141.1","2021-09-24",,,"0.03",",,7,0700","0.0",",,7,0700",,
"USC00171867","44.67888","-68.63563","141.1","2021-09-25",,,"1.69",",,7,0700","0.0",",,7,0700",,
"USC00171867","44.67888","-68.63563","141.1","2021-09-26",,,"0.84",",,7,0700","0.0",",,7,0700",,
"USC00171867","44.67888","-68.63563","141.1","2021-09-27",,,"1.53",",,7,0700","0.0",",,7,0700",,
"USC00171867","44.67888","-68.63563","141.1","2021-09-28",,,"0.00",",,7,0700","0.0",",,7,0700",,
"USC00171867","44.67888","-68.63563","141.1","2021-09-29",,,"0.00",",,7,0700","0.0",",,7,0700",,
"USC00171867","44.67888","-68.63563","141.1","2021-09-30",,,"0.00","T,,7,0700","0.0",",,7,0700",,
"USC00171867","44.67888","-68.63563","141.1","2021-10-01",,,"0.00",",,7,0700","0.0",",,7,0700",,
"USC00171867","44.67888","-68.63563","141.1","2021-10-02",,,"0.00","T,,7,0700","0.0",",,7,0700",,
"USC00171867","44.67888","-68.63563","141.1","2021-10-03",,,"0.00",",,7,0700","0.0",",,7,0700",,
"USC00171867","44.67888","-68.63563","141.1","2021-10-04",,,"0.00",",,7,0700","0.0",",,7,0700",,
"USC00171867","44.67888","-68.63563","141.1","2021-10-05",,,"0.00",",,7,0700","0.0",",,7,0700",,
"USC00171867","44.67888","-68.63563","141.1","2021-10-06",,,"0.00",",,7,0700","0.0",",,7,0700",,
"USC00171867","44.67888","-68.63563","141.1","2021-10-07",,,"0.00",",,7,0700","0.0",",,7,0700",,
"USC00171867","44.67888","-68.63563","141.1","2021-10-08",,,"0.00",",,7,0700","0.0",",,7,0700",,
"USC00171867","44.67888","-68.63563","141.1","2021-10-09",,,"0.00",",,7,0700","0.0",",,7,0700",,
"USC00171867","44.67888","-68.63563","141.1","2021-10-10",,,"0.00",",,7,0700","0.0",",,7,0700",,
"USC00171867","44.67888","-68.63563","141.1","2021-10-11",,,"0.00",",,7,0700","0.0",",,7,0700",,
"USC00171867","44.67888","-68.63563","141.1","2021-10-12",,,"0.00",",,7,0700","0.0",",,7,0700",,
"USC00171867","44.67888","-68.63563","141.1","2021-10-13",,,"0.00",",,7,0700","0.0",",,7,0700",,
"USC00171867","44.67888","-68.63563","141.1","2021-10-14",,,"0.00",",,7,0700","0.0",",,7,0700",,
"USC00171867","44.67888","-68.63563","141.1","2021-10-15",,,"0.00",",,7,0700","0.0",",,7,0700",,
"USC00171867","44.67888","-68.63563","141.1","2021-10-16",,,"0.17",",,7,0700","0.0",",,7,0700",,
"USC00171867","44.67888","-68.63563","141.1","2021-10-17",,,"1.45",",,7,0700","0.0",",,7,0700",,
"USC00171867","44.67888","-68.63563","141.1","2021-10-18",,,"0.11",",,7,0700","0.0",",,7,0700",,
"USC00171867","44.67888","-68.63563","141.1","2021-10-19",,,"0.00",",,7,0700","0.0",",,7,0700",,
"USC00171867","44.67888","-68.63563","141.1","2021-10-20",,,"0.03",",,7,0700","0.0",",,7,0700",,
"USC00171867","44.67888","-68.63563","141.1","2021-10-21",,,"0.00",",,7,0700","0.0",",,7,0700",,
"USC00171867","44.67888","-68.63563","141.1","2021-10-22",,,"0.02",",,7,0700","0.0",",,7,0700",,
"USC00171867","44.67888","-68.63563","141.1","2021-10-23",,,"0.00",",,7,0700","0.0",",,7,0700",,
"USC00171867","44.67888","-68.63563","141.1","2021-10-24",,,"0.00",",,7,0700","0.0",",,7,0700",,
"USC00171867","44.67888","-68.63563","141.1","2021-10-25",,,"0.00",",,7,0700","0.0",",,7,0700",,
"USC00171867","44.67888","-68.63563","141.1","2021-10-26",,,"0.00","T,,7,0700","0.0",",,7,0700",,
"USC00171867","44.67888","-68.63563","141.1","2021-10-27",,,"0.23",",,7,0700","0.0",",,7,0700",,
"USC00171867","44.67888","-68.63563","141.1","2021-10-28",,,"0.00","T,,7,0700","0.0",",,7,0700",,
"USC00171867","44.67888","-68.63563","141.1","2021-10-29",,,"0.00",",,7,0700","0.0",",,7,0700",,
"USC00171867","44.67888","-68.63563","141.1","2021-10-30",,,"0.00",",,7,0700","0.0",",,7,0700",,
"USC00171867","44.67888","-68.63563","141.1","2021-10-31",,,"3.04",",,7,0700","0.0",",,7,0700",,
"USC00171867","44.67888","-68.63563","141.1","2021-11-01",,,"0.58",",,H,0700","0.0",",,H,0700",,
"USC00171867","44.67888","-68.63563","141.1","2021-11-02",,,"0.00",",,H,0700","0.0",",,H,0700",,
"USC00171867","44.67888","-68.63563","141.1","2021-11-03",,,,,"0.0",",,H,0700",,
"USC00171867","44.67888","-68.63563","141.1","2021-11-04",,,"0.00",",,H,0700","0.0",",,H,0700",,
"USC00171867","44.67888","-68.63563","141.1","2021-11-05",,,"0.00",",,H,0700","0.0",",,H,0700",,
"USC00171867","44.67888","-68.63563","141.1","2021-11-06",,,"0.00",",,H,0700","0.0",",,H,0700",,
"USC00171867","44.67888","-68.63563","141.1","2021-11-07",,,"0.00",",,H,0700","0.0",",,H,0700",,
"USC00171867","44.67888","-68.63563","141.1","2021-11-08",,,"0.00",",,H,0700","0.0",",,H,0700",,
"USC00171867","44.67888","-68.63563","141.1","2021-11-09",,,"0.00",",,H,0700","0.0",",,H,0700",,
"USC00171867","44.67888","-68.63563","141.1","2021-11-10",,,"0.03",",,H,0700","0.0",",,H,0700",,
"USC00171867","44.67888","-68.63563","141.1","2021-11-11",,,,,"0.0",",,H,0700",,
"USC00171867","44.67888","-68.63563","141.1","2021-11-12",,,"0.00",",,H,0700","0.0",",,H,0700",,
"USC00171867","44.67888","-68.63563","141.1","2021-11-13",,,"1.48",",,H,0700","0.0",",,H,0700",,
"USC00171867","44.67888","-68.63563","141.1","2021-11-14",,,"0.20",",,H,0700","0.0",",,H,0700",,
"USC00171867","44.67888","-68.63563","141.1","2021-11-15",,,"0.12",",,H,0700","0.0",",,H,0700",,
"USC00171867","44.67888","-68.63563","141.1","2021-11-16",,,"0.00",",,H,0700","0.0",",,H,0700",,
"USC00171867","44.67888","-68.63563","141.1","2021-11-17",,,"0.00",",,H,0700","0.0",",,H,0700",,
"USC00171867","44.67888","-68.63563","141.1","2021-11-18",,,"0.27",",,H,0700","0.0",",,H,0700",,
"USC00171867","44.67888","-68.63563","141.1","2021-11-19",,,"0.27",",,H,0700","0.0",",,H,0700",,
"USC00171867","44.67888","-68.63563","141.1","2021-11-20",,,"0.00",",,H,0700","0.0",",,H,0700",,
"USC00171867","44.67888","-68.63563","141.1","2021-11-21",,,"0.00",",,H,0700","0.0",",,H,0700",,
"USC00171867","44.67888","-68.63563","141.1","2021-11-22",,,"1.77",",,H,0700","0.0",",,H,0700",,
"USC00171867","44.67888","-68.63563","141.1","2021-11-23",,,"0.42",",,H,0700","0.0",",,H,0700",,
"USC00171867","44.67888","-68.63563","141.1","2021-11-24",,,"0.00",",,H,0700","0.0",",,H,0700",,
"USC00171867","44.67888","-68.63563","141.1","2021-11-25",,,"0.00",",,H,0700","0.0",",,H,0700",,
"USC00171867","44.67888","-68.63563","141.1","2021-11-26",,,"0.00",",,H,0700","0.0",",,H,0700",,
"USC00171867","44.67888","-68.63563","141.1","2021-11-27",,,"0.67",",,H,0700","5.7",",,H,0700",,
"USC00171867","44.67888","-68.63563","141.1","2021-11-28",,,"0.50",",,H,0700","1.9",",,H,0700",,
"USC00167366","30.3214","-91.2517","6.1","2021-08-01",,,"0.42",",,7,0700",,,,
"USC00167366","30.3214","-91.2517","6.1","2021-08-02",,,"0.50",",,7,0700",,,,
"USC00167366","30.3214","-91.2517","6.1","2021-08-03",,,"1.65",",,7,0700",,,,
"USC00167366","30.3214","-91.2517","6.1","2021-08-04",,,"0.00",",,7,0700",,,,
"USC00167366","30.3214","-91.2517","6.1","2021-08-05",,,"0.00",",,7,0700",,,,
"USC00167366","30.3214","-91.2517","6.1","2021-08-06",,,"0.00",",,7,0700",,,,
"USC00167366","30.3214","-91.2517","6.1","2021-08-07",,,"0.00",",,7,0700",,,,
"USC00167366","30.3214","-91.2517","6.1","2021-08-08",,,"0.00",",,7,0700",,,,
"USC00167366","30.3214","-91.2517","6.1","2021-08-09",,,"0.00",",,7,0700",,,,
"USC00167366","30.3214","-91.2517","6.1","2021-08-10",,,"0.75",",,7,0700",,,,
"USC00167366","30.3214","-91.2517","6.1","2021-08-11",,,"0.00",",,7,0700",,,,
"USC00167366","30.3214","-91.2517","6.1","2021-08-12",,,"0.18",",,7,0700",,,,
"USC00167366","30.3214","-91.2517","6.1","2021-08-13",,,"0.65",",,7,0700",,,,
"USC00167366","30.3214","-91.2517","6.1","2021-08-14",,,"0.15",",,7,0700",,,,
"USC00167366","30.3214","-91.2517","6.1","2021-08-15",,,"0.00",",,7,0700",,,,
"USC00167366","30.3214","-91.2517","6.1","2021-08-16",,,"0.20",",,7,0700",,,,
"USC00167366","30.3214","-91.2517","6.1","2021-08-17",,,"0.00",",,7,0700",,,,
"USC00167366","30.3214","-91.2517","6.1","2021-08-18",,,"0.50",",,7,0700",,,,
"USC00167366","30.3214","-91.2517","6.1","2021-08-19",,,"2.15",",,7,0700",,,,
"USC00167366","30.3214","-91.2517","6.1","2021-08-20",,,"0.14",",,7,0700",,,,
"USC00167366","30.3214","-91.2517","6.1","2021-08-21",,,"0.00",",,7,0700",,,,
"USC00167366","30.3214","-91.2517","6.1","2021-08-22",,,"0.00",",,7,0700",,,,
"USC00167366","30.3214","-91.2517","6.1","2021-08-23",,,"0.00",",,7,0700",,,,
"USC00167366","30.3214","-91.2517","6.1","2021-08-24",,,"0.29",",,7,0700",,,,
"USC00167366","30.3214","-91.2517","6.1","2021-08-25",,,"0.05",",,7,0700",,,,
"USC00167366","30.3214","-91.2517","6.1","2021-08-26",,,"0.36",",,7,0700",,,,
"USC00167366","30.3214","-91.2517","6.1","2021-08-27",,,"0.00",",,7,0700",,,,
"USC00167366","30.3214","-91.2517","6.1","2021-08-28",,,"0.15",",,7,0700",,,,
"USC00167366","30.3214","-91.2517","6.1","2021-08-30",,,"0.96",",,7,0700",,,,
"USC00167366","30.3214","-91.2517","6.1","2021-08-31",,,"0.60",",,7,0700",,,,
"USC00167366","30.3214","-91.2517","6.1","2021-09-01",,,"0.30",",,7,0700",,,,
"USC00167366","30.3214","-91.2517","6.1","2021-09-02",,,"0.00",",,7,0700",,,,
"USC00167366","30.3214","-91.2517","6.1","2021-09-03",,,"0.00",",,7,0700",,,,
"USC00167366","30.3214","-91.2517","6.1","2021-09-04",,,"0.00",",,7,0700",,,,
"USC00167366","30.3214","-91.2517","6.1","2021-09-05",,,"0.00",",,7,0700",,,,
"USC00167366","30.3214","-91.2517","6.1","2021-09-06",,,"0.00",",,7,0700",,,,
"USC00167366","30.3214","-91.2517","6.1","2021-09-07",,,"0.00",",,7,0700",,,,
"USC00167366","30.3214","-91.2517","6.1","2021-09-08",,,"0.02",",,7,0700",,,,
"USC00167366","30.3214","-91.2517","6.1","2021-09-09",,,"0.00",",,7,0700",,,,
"USC00167366","30.3214","-91.2517","6.1","2021-09-10",,,"0.00",",,7,0700",,,,
"USC00167366","30.3214","-91.2517","6.1","2021-09-11",,,"0.00",",,7,0700",,,,
"USC00167366","30.3214","-91.2517","6.1","2021-09-12",,,"0.00",",,7,0700",,,,
"USC00167366","30.3214","-91.2517","6.1","2021-09-13",,,"0.02",",,7,0700",,,,
"USC00167366","30.3214","-91.2517","6.1","2021-09-14",,,"0.60",",,7,0700",,,,
"USC00167366","30.3214","-91.2517","6.1","2021-09-15",,,"3.65",",,7,0700",,,,
"USC00167366","30.3214","-91.2517","6.1","2021-09-16",,,"0.15",",,7,0700",,,,
"USC00167366","30.3214","-91.2517","6.1","2021-09-17",,,"0.33",",,7,0700",,,,
"USC00167366","30.3214","-91.2517","6.1","2021-09-18",,,"0.00",",,7,0700",,,,
"USC00167366","30.3214","-91.2517","6.1","2021-09-19",,,"0.16",",,7,0700",,,,
"USC00167366","30.3214","-91.2517","6.1","2021-09-20",,,"0.00",",,7,0700",,,,
"USC00167366","30.3214","-91.2517","6.1","2021-09-21",,,"0.00",",,7,0700",,,,
"USC00167366","30.3214","-91.2517","6.1","2021-09-22",,,"0.09",",,7,0700",,,,
"USC00167366","30.3214","-91.2517","6.1","2021-09-23",,,"0.00",",,7,0700",,,,
"USC00167366","30.3214","-91.2517","6.1","2021-09-24",,,"0.00",",,7,0700",,,,
"USC00167366","30.3214","-91.2517","6.1","2021-09-25",,,"0.00",",,7,0700",,,,
"USC00167366","30.3214","-91.2517","6.1","2021-09-26",,,"0.00",",,7,0700",,,,
"USC00167366","30.3214","-91.2517","6.1","2021-09-27",,,"0.00",",,7,0700",,,,
"USC00167366","30.3214","-91.2517","6.1","2021-09-28",,,"0.09",",,7,0700",,,,
"USC00167366","30.3214","-91.2517","6.1","2021-09-29",,,"0.28",",,7,0700",,,,
"USC00167366","30.3214","-91.2517","6.1","2021-09-30",,,"0.08",",,7,0700",,,,
"USC00167366","30.3214","-91.2517","6.1","2021-10-02",,,"0.43",",,H,0700",,,,
"USC00167366","30.3214","-91.2517","6.1","2021-10-03",,,"0.35",",,H,0700",,,,
"USC00167366","30.3214","-91.2517","6.1","2021-10-04",,,"0.03",",,H,0700",,,,
"USC00167366","30.3214","-91.2517","6.1","2021-10-05",,,"0.00",",,H,0700",,,,
"USC00167366","30.3214","-91.2517","6.1","2021-10-06",,,"0.00",",,H,0700",,,,
"USC00167366","30.3214","-91.2517","6.1","2021-10-07",,,"0.00",",,H,0700",,,,
"USC00167366","30.3214","-91.2517","6.1","2021-10-08",,,"0.00",",,H,0700",,,,
"USC00167366","30.3214","-91.2517","6.1","2021-10-09",,,"0.00",",,H,0700",,,,
"USC00167366","30.3214","-91.2517","6.1","2021-10-10",,,"0.00",",,H,0700",,,,
"USC00167366","30.3214","-91.2517","6.1","2021-10-11",,,"0.00",",,H,0700",,,,
"USC00167366","30.3214","-91.2517","6.1","2021-10-12",,,"0.00",",,H,0700",,,,
"USC00167366","30.3214","-91.2517","6.1","2021-10-13",,,"0.00",",,H,0700",,,,
"USC00167366","30.3214","-91.2517","6.1","2021-10-14",,,"0.00",",,H,0700",,,,
"USC00167366","30.3214","-91.2517","6.1","2021-10-15",,,"0.00",",,H,0700",,,,
"USC00167366","30.3214","-91.2517","6.1","2021-10-16",,,"0.08",",,H,0700",,,,
"USC00167366","30.3214","-91.2517","6.1","2021-10-17",,,"0.00",",,H,0700",,,,
"USC00167366","30.3214","-91.2517","6.1","2021-10-18",,,"0.00",",,H,0700",,,,
"USC00167366","30.3214","-91.2517","6.1","2021-10-19",,,"0.00",",,H,0700",,,,
"USC00167366","30.3214","-91.2517","6.1","2021-10-20",,,"0.00",",,H,0700",,,,
"USC00167366","30.3214","-91.2517","6.1","2021-10-21",,,"0.00",",,H,0700",,,,
"USC00167366","30.3214","-91.2517","6.1","2021-10-22",,,"0.00",",,H,0700",,,,
"USC00167366","30.3214","-91.2517","6.1","2021-10-23",,,"0.00",",,H,0700",,,,
"USC00167366","30.3214","-91.2517","6.1","2021-10-24",,,"0.00",",,H,0700",,,,
"USC00167366","30.3214","-91.2517","6.1","2021-10-25",,,"0.26",",,H,0700",,,,
"USC00167366","30.3214","-91.2517","6.1","2021-10-26",,,"0.00",",,H,0700",,,,
"USC00167366","30.3214","-91.2517","6.1","2021-10-27",,,"0.00",",,H,0700",,,,
"USC00167366","30.3214","-91.2517","6.1","2021-10-28",,,"1.44",",,H,0700",,,,
"USC00167366","30.3214","-91.2517","6.1","2021-10-29",,,"0.00",",,H,0700",,,,
"USC00167366","30.3214","-91.2517","6.1","2021-10-30",,,"0.00",",,H,0700",,,,
"USC00167366","30.3214","-91.2517","6.1","2021-10-31",,,"0.00",",,H,0700",,,,
"USC00167366","30.3214","-91.2517","6.1","2021-11-01",,,"0.00",",,H,0700",,,,
"USC00167366","30.3214","-91.2517","6.1","2021-11-02",,,"0.00",",,H,0700",,,,
"USC00167366","30.3214","-91.2517","6.1","2021-11-03",,,"0.00",",,H,0700",,,,
"USC00167366","30.3214","-91.2517","6.1","2021-11-04",,,"0.00",",,H,0700",,,,
"USC00167366","30.3214","-91.2517","6.1","2021-11-05",,,"0.00",",,H,0700",,,,
"USC00167366","30.3214","-91.2517","6.1","2021-11-06",,,"0.00",",,H,0700",,,,
"USC00167366","30.3214","-91.2517","6.1","2021-11-07",,,"0.00",",,H,0700",,,,
"USC00167366","30.3214","-91.2517","6.1","2021-11-08",,,"0.00",",,H,0700",,,,
"USC00167366","30.3214","-91.2517","6.1","2021-11-10",,,"0.00",",,H,0700",,,,
"USC00167366","30.3214","-91.2517","6.1","2021-11-11",,,"0.00",",,H,0700",,,,
"USC00167366","30.3214","-91.2517","6.1","2021-11-12",,,"0.31",",,H,0700",,,,
"USC00167366","30.3214","-91.2517","6.1","2021-11-13",,,"0.00",",,H,0700",,,,
"USC00167366","30.3214","-91.2517","6.1","2021-11-14",,,"0.00",",,H,0700",,,,
"USC00167366","30.3214","-91.2517","6.1","2021-11-15",,,"0.00",",,H,0700",,,,
"USC00167366","30.3214","-91.2517","6.1","2021-11-16",,,"0.00",",,H,0700",,,,
"USC00167366","30.3214","-91.2517","6.1","2021-11-17",,,"0.00",",,H,0700",,,,
"USC00167366","30.3214","-91.2517","6.1","2021-11-18",,,"0.78",",,H,0700",,,,
"USC00167366","30.3214","-91.2517","6.1","2021-11-19",,,"0.01",",,H,0700",,,,
"USC00167366","30.3214","-91.2517","6.1","2021-11-20",,,"0.00",",,H,0700",,,,
"USC00167366","30.3214","-91.2517","6.1","2021-11-21",,,"0.00",",,H,0700",,,,
"USC00167366","30.3214","-91.2517","6.1","2021-11-22",,,"0.30",",,H,0700",,,,
"USC00167366","30.3214","-91.2517","6.1","2021-11-23",,,"0.00",",,H,0700",,,,
"USC00167366","30.3214","-91.2517","6.1","2021-11-24",,,"0.00",",,H,0700",,,,
"USC00167366","30.3214","-91.2517","6.1","2021-11-26",,,"0.18",",,H,0700",,,,
"USC00167366","30.3214","-91.2517","6.1","2021-11-27",,,"0.00",",,H,0700",,,,
"USC00167366","30.3214","-91.2517","6.1","2021-11-28",,,"0.08",",,H,0700",,,,
"USW00014606","44.7978","-68.8185","45.1","2021-08-01","6.71",",,W","0.00",",,W,2400","0.0",",,W,2400","64","H,,S"
"USW00014606","44.7978","-68.8185","45.1","2021-08-02","4.03",",,W","0.25",",,W,2400","0.0",",,W,2400","64","H,,S"
"USW00014606","44.7978","-68.8185","45.1","2021-08-03","8.05",",,W","0.00",",,W,2400","0.0",",,W,2400","66","H,,S"
"USW00014606","44.7978","-68.8185","45.1","2021-08-04","4.47",",,W","0.00",",,W,2400","0.0",",,W,2400","69","H,,S"
"USW00014606","44.7978","-68.8185","45.1","2021-08-05","4.47",",,W","0.46",",,W,2400","0.0",",,W,2400","65","H,,S"
"USW00014606","44.7978","-68.8185","45.1","2021-08-06","5.59",",,W","0.00",",,W,2400","0.0",",,W,2400","71","H,,S"
"USW00014606","44.7978","-68.8185","45.1","2021-08-07","6.49",",,W","0.00",",,W,2400","0.0",",,W,2400","73","H,,S"
"USW00014606","44.7978","-68.8185","45.1","2021-08-08","6.49",",,W","0.00",",,W,2400","0.0",",,W,2400","74","H,,S"
"USW00014606","44.7978","-68.8185","45.1","2021-08-09","5.59",",,W","0.00",",,W,2400","0.0",",,W,2400","71","H,,S"
"USW00014606","44.7978","-68.8185","45.1","2021-08-10","4.47",",,W","0.00","T,,W,2400","0.0",",,W,2400","69","H,,S"
"USW00014606","44.7978","-68.8185","45.1","2021-08-11","6.71",",,W","0.00",",,W,2400","0.0",",,W,2400","69","H,,S"
"USW00014606","44.7978","-68.8185","45.1","2021-08-12","5.82",",,W","0.00",",,W,2400","0.0",",,W,2400","75","H,,S"
"USW00014606","44.7978","-68.8185","45.1","2021-08-13","4.70",",,W","0.00",",,W,2400","0.0",",,W,2400","79","H,,S"
"USW00014606","44.7978","-68.8185","45.1","2021-08-14","5.37",",,W","0.04",",,W,2400","0.0",",,W,2400","75","H,,S"
"USW00014606","44.7978","-68.8185","45.1","2021-08-15","7.38",",,W","0.00",",,W,2400","0.0",",,W,2400","69","H,,S"
"USW00014606","44.7978","-68.8185","45.1","2021-08-16","3.58",",,W","0.00",",,W,2400","0.0",",,W,2400","65","H,,S"
"USW00014606","44.7978","-68.8185","45.1","2021-08-17","5.59",",,W","0.00",",,W,2400","0.0",",,W,2400","68","H,,S"
"USW00014606","44.7978","-68.8185","45.1","2021-08-18","6.04",",,W","0.02",",,W,2400","0.0",",,W,2400","71","H,,S"
"USW00014606","44.7978","-68.8185","45.1","2021-08-19","4.03",",,W","0.01",",,W,2400","0.0",",,W,2400","72","H,,S"
"USW00014606","44.7978","-68.8185","45.1","2021-08-20","4.70",",,W","0.00","T,,W,2400","0.0",",,W,2400","76","H,,S"
"USW00014606","44.7978","-68.8185","45.1","2021-08-21","4.70",",,W","0.00",",,W,2400","0.0",",,W,2400","73","H,,S"
"USW00014606","44.7978","-68.8185","45.1","2021-08-22","7.83",",,W","0.19",",,W,2400","0.0",",,W,2400","70","H,,S"
"USW00014606","44.7978","-68.8185","45.1","2021-08-23","5.82",",,W","0.77",",,W,2400","0.0",",,W,2400","71","H,,S"
"USW00014606","44.7978","-68.8185","45.1","2021-08-24","4.03",",,W","0.00","T,,W,2400","0.0",",,W,2400","74","H,,S"
"USW00014606","44.7978","-68.8185","45.1","2021-08-25","3.80",",,W","0.00",",,W,2400","0.0",",,W,2400","76","H,,S"
"USW00014606","44.7978","-68.8185","45.1","2021-08-26","5.14",",,W","0.00",",,W,2400","0.0",",,W,2400","77","H,,S"
"USW00014606","44.7978","-68.8185","45.1","2021-08-27","8.50",",,W","0.00",",,W,2400","0.0",",,W,2400","75","H,,S"
"USW00014606","44.7978","-68.8185","45.1","2021-08-28","2.91",",,W","0.02",",,W,2400","0.0",",,W,2400","61","H,,S"
"USW00014606","44.7978","-68.8185","45.1","2021-08-29","7.16",",,W","0.00","T,,W,2400","0.0",",,W,2400","60","H,,S"
"USW00014606","44.7978","-68.8185","45.1","2021-08-30","6.71",",,W","0.02",",,W,2400","0.0",",,W,2400","67","H,,S"
"USW00014606","44.7978","-68.8185","45.1","2021-08-31","6.04",",,W","0.00",",,W,2400","0.0",",,W,2400","73","H,,S"
"USW00014606","44.7978","-68.8185","45.1","2021-09-01","5.14",",,W","0.00","T,,W,2400","0.0",",,W,2400","67","H,,S"
"USW00014606","44.7978","-68.8185","45.1","2021-09-02","11.41",",,W","0.81",",,W,2400","0.0",",,W,2400","61","H,,S"
"USW00014606","44.7978","-68.8185","45.1","2021-09-03","7.38",",,W","0.24",",,W,2400","0.0",",,W,2400","60","H,,S"
"USW00014606","44.7978","-68.8185","45.1","2021-09-04","8.05",",,W","0.00",",,W,2400","0.0",",,W,2400","62","H,,S"
"USW00014606","44.7978","-68.8185","45.1","2021-09-05","5.82",",,W","0.01",",,W,2400","0.0",",,W,2400","57","H,,S"
"USW00014606","44.7978","-68.8185","45.1","2021-09-06","5.82",",,W","0.21",",,W,2400","0.0",",,W,2400","65","H,,S"
"USW00014606","44.7978","-68.8185","45.1","2021-09-07","5.59",",,W","0.00",",,W,2400","0.0",",,W,2400","63","H,,S"
"USW00014606","44.7978","-68.8185","45.1","2021-09-08","10.51",",,W","0.00",",,W,2400","0.0",",,W,2400","64","H,,S"
"USW00014606","44.7978","-68.8185","45.1","2021-09-09","8.50",",,W","2.14",",,W,2400","0.0",",,W,2400","67","H,,S"
"USW00014606","44.7978","-68.8185","45.1","2021-09-10","7.83",",,W","1.20",",,W,2400","0.0",",,W,2400","65","H,,S"
"USW00014606","44.7978","-68.8185","45.1","2021-09-11","7.16",",,W","0.00",",,W,2400","0.0",",,W,2400","60","H,,S"
"USW00014606","44.7978","-68.8185","45.1","2021-09-12","8.50",",,W","0.00",",,W,2400","0.0",",,W,2400","66","H,,S"
"USW00014606","44.7978","-68.8185","45.1","2021-09-13","6.49",",,W","0.00","T,,W,2400","0.0",",,W,2400","64","H,,S"
"USW00014606","44.7978","-68.8185","45.1","2021-09-14","4.25",",,W","0.00",",,W,2400","0.0",",,W,2400","59","H,,S"
"USW00014606","44.7978","-68.8185","45.1","2021-09-15","8.50",",,W","0.42",",,W,2400","0.0",",,W,2400","63","H,,S"
"USW00014606","44.7978","-68.8185","45.1","2021-09-16","3.80",",,W","0.03",",,W,2400","0.0",",,W,2400","65","H,,S"
"USW00014606","44.7978","-68.8185","45.1","2021-09-17","3.36",",,W","0.00",",,W,2400","0.0",",,W,2400","61","H,,S"
"USW00014606","44.7978","-68.8185","45.1","2021-09-18","5.82",",,W","0.01",",,W,2400","0.0",",,W,2400","68","H,,S"
"USW00014606","44.7978","-68.8185","45.1","2021-09-19","8.95",",,W","0.00",",,W,2400","0.0",",,W,2400","62","H,,S"
"USW00014606","44.7978","-68.8185","45.1","2021-09-20","3.13",",,W","0.00",",,W,2400","0.0",",,W,2400","56","H,,S"
"USW00014606","44.7978","-68.8185","45.1","2021-09-21","8.05",",,W","0.00",",,W,2400","0.0",",,W,2400","60","H,,S"
"USW00014606","44.7978","-68.8185","45.1","2021-09-22","8.50",",,W","0.00",",,W,2400","0.0",",,W,2400","66","H,,S"
"USW00014606","44.7978","-68.8185","45.1","2021-09-23","9.84",",,W","0.00",",,W,2400","0.0",",,W,2400","69","H,,S"
"USW00014606","44.7978","-68.8185","45.1","2021-09-24","10.07",",,W","1.03",",,W,2400","0.0",",,W,2400","69","H,,S"
"USW00014606","44.7978","-68.8185","45.1","2021-09-25","2.91",",,W","0.88",",,W,2400","0.0",",,W,2400","66","H,,S"
"USW00014606","44.7978","-68.8185","45.1","2021-09-26","6.49",",,W","2.28",",,W,2400","0.0",",,W,2400","65","H,,S"
"USW00014606","44.7978","-68.8185","45.1","2021-09-27","6.93",",,W","0.00",",,W,2400","0.0",",,W,2400","59","H,,S"
"USW00014606","44.7978","-68.8185","45.1","2021-09-28","4.92",",,W","0.00",",,W,2400","0.0",",,W,2400","60","H,,S"
"USW00014606","44.7978","-68.8185","45.1","2021-09-29","8.05",",,W","0.00",",,W,2400","0.0",",,W,2400","55","H,,S"
"USW00014606","44.7978","-68.8185","45.1","2021-09-30","6.71",",,W","0.16",",,W,2400","0.0",",,W,2400","53","H,,S"
"USW00014606","44.7978","-68.8185","45.1","2021-10-01","5.14",",,W","0.00","T,,W,2400","0.0",",,W,2400","51","H,,S"
"USW00014606","44.7978","-68.8185","45.1","2021-10-02","3.36",",,W","0.00",",,W,2400","0.0",",,W,2400","53","H,,S"
"USW00014606","44.7978","-68.8185","45.1","2021-10-03","2.46",",,W","0.00",",,W,2400","0.0",",,W,2400","54","H,,S"
"USW00014606","44.7978","-68.8185","45.1","2021-10-04","2.46",",,W","0.00",",,W,2400","0.0",",,W,2400","51","H,,S"
"USW00014606","44.7978","-68.8185","45.1","2021-10-05","0.67",",,W","0.00",",,W,2400","0.0",",,W,2400","52","H,,S"
"USW00014606","44.7978","-68.8185","45.1","2021-10-06","1.12",",,W","0.00",",,W,2400","0.0",",,W,2400","54","H,,S"
"USW00014606","44.7978","-68.8185","45.1","2021-10-07","2.24",",,W","0.00",",,W,2400","0.0",",,W,2400","56","H,,S"
"USW00014606","44.7978","-68.8185","45.1","2021-10-08","4.70",",,W","0.00",",,W,2400","0.0",",,W,2400","56","H,,S"
"USW00014606","44.7978","-68.8185","45.1","2021-10-09","3.13",",,W","0.00",",,W,2400","0.0",",,W,2400","51","H,,S"
"USW00014606","44.7978","-68.8185","45.1","2021-10-10","3.58",",,W","0.00",",,W,2400","0.0",",,W,2400","49","H,,S"
"USW00014606","44.7978","-68.8185","45.1","2021-10-11","1.12",",,W","0.00",",,W,2400","0.0",",,W,2400","54","H,,S"
"USW00014606","44.7978","-68.8185","45.1","2021-10-12","1.57",",,W","0.00",",,W,2400","0.0",",,W,2400","60","H,,S"
"USW00014606","44.7978","-68.8185","45.1","2021-10-13","3.80",",,W","0.00",",,W,2400","0.0",",,W,2400","62","H,,S"
"USW00014606","44.7978","-68.8185","45.1","2021-10-14","3.58",",,W","0.00",",,W,2400","0.0",",,W,2400","62","H,,S"
"USW00014606","44.7978","-68.8185","45.1","2021-10-15","4.92",",,W","0.00","T,,W,2400","0.0",",,W,2400","58","H,,S"
"USW00014606","44.7978","-68.8185","45.1","2021-10-16","12.97",",,W","0.22",",,W,2400","0.0",",,W,2400","60","H,,S"
"USW00014606","44.7978","-68.8185","45.1","2021-10-17","6.93",",,W","0.80",",,W,2400","0.0",",,W,2400","59","H,,S"
"USW00014606","44.7978","-68.8185","45.1","2021-10-18","6.93",",,W","0.00","T,,W,2400","0.0",",,W,2400","51","H,,S"
"USW00014606","44.7978","-68.8185","45.1","2021-10-19","7.16",",,W","0.00","T,,W,2400","0.0",",,W,2400","47","H,,S"
"USW00014606","44.7978","-68.8185","45.1","2021-10-20","4.70",",,W","0.00","T,,W,2400","0.0",",,W,2400","48","H,,S"
"USW00014606","44.7978","-68.8185","45.1","2021-10-21","5.14",",,W","0.01",",,W,2400","0.0",",,W,2400","51","H,,S"
"USW00014606","44.7978","-68.8185","45.1","2021-10-22","8.05",",,W","0.05",",,W,2400","0.0",",,W,2400","60","H,,S"
"USW00014606","44.7978","-68.8185","45.1","2021-10-23","6.71",",,W","0.00",",,W,2400","0.0",",,W,2400","49","H,,S"
"USW00014606","44.7978","-68.8185","45.1","2021-10-24","8.95",",,W","0.00",",,W,2400","0.0",",,W,2400","45","H,,S"
"USW00014606","44.7978","-68.8185","45.1","2021-10-25","3.80",",,W","0.04",",,W,2400","0.0",",,W,2400","44","H,,S"
"USW00014606","44.7978","-68.8185","45.1","2021-10-26","13.65",",,W","0.01",",,W,2400","0.0",",,W,2400","48","H,,S"
"USW00014606","44.7978","-68.8185","45.1","2021-10-27","21.25",",,W","0.22",",,W,2400","0.0",",,W,2400","49","H,,S"
"USW00014606","44.7978","-68.8185","45.1","2021-10-28","13.20",",,W","0.00","T,,W,2400","0.0",",,W,2400","48","H,,S"
"USW00014606","44.7978","-68.8185","45.1","2021-10-29","6.04",",,W","0.00",",,W,2400","0.0",",,W,2400","44","H,,S"
"USW00014606","44.7978","-68.8185","45.1","2021-10-30","8.05",",,W","0.22",",,W,2400","0.0",",,W,2400","47","H,,S"
"USW00014606","44.7978","-68.8185","45.1","2021-10-31","12.97",",,W","2.88",",,W,2400","0.0",",,W,2400","55","H,,S"
"USW00014606","44.7978","-68.8185","45.1","2021-11-01","7.38",",,W","0.01",",,W,2400","0.0",",,W,2400","54","H,,S"
"USW00014606","44.7978","-68.8185","45.1","2021-11-02","4.47",",,W","0.01",",,W,2400","0.0",",,W,2400","45","H,,S"
"USW00014606","44.7978","-68.8185","45.1","2021-11-03","4.03",",,W","0.00",",,W,2400","0.0",",,W,2400","41","H,,S"
"USW00014606","44.7978","-68.8185","45.1","2021-11-04","3.58",",,W","0.00",",,W,2400","0.0",",,W,2400","35","H,,S"
"USW00014606","44.7978","-68.8185","45.1","2021-11-05","3.58",",,W","0.00",",,W,2400","0.0",",,W,2400","33","H,,S"
"USW00014606","44.7978","-68.8185","45.1","2021-11-06","4.47",",,W","0.00",",,W,2400","0.0",",,W,2400","36","H,,S"
"USW00014606","44.7978","-68.8185","45.1","2021-11-07","2.46",",,W","0.00",",,W,2400","0.0",",,W,2400","38","H,,S"
"USW00014606","44.7978","-68.8185","45.1","2021-11-08","0.89",",,W","0.00",",,W,2400","0.0",",,W,2400","39","H,,S"
"USW00014606","44.7978","-68.8185","45.1","2021-11-09","2.24",",,W","0.00",",,W,2400","0.0",",,W,2400","43","H,,S"
"USW00014606","44.7978","-68.8185","45.1","2021-11-10","4.03",",,W","0.17",",,W,2400","0.0",",,W,2400","45","H,,S"
"USW00014606","44.7978","-68.8185","45.1","2021-11-11","4.25",",,W","0.00",",,W,2400","0.0",",,W,2400","40","H,,S"
"USW00014606","44.7978","-68.8185","45.1","2021-11-12","10.74",",,W","0.97",",,W,2400","0.0",",,W,2400","43","H,,S"
"USW00014606","44.7978","-68.8185","45.1","2021-11-13","4.03",",,W","0.02",",,W,2400","0.0",",,W,2400","51","H,,S"
"USW00014606","44.7978","-68.8185","45.1","2021-11-14","6.26",",,W","0.12",",,W,2400","0.0",",,W,2400","43","H,,S"
"USW00014606","44.7978","-68.8185","45.1","2021-11-15","5.37",",,W","0.19",",,W,2400","0.0",",,W,2400","39","H,,S"
"USW00014606","44.7978","-68.8185","45.1","2021-11-16","9.62",",,W","0.00",",,W,2400","0.0",",,W,2400","38","H,,S"
"USW00014606","44.7978","-68.8185","45.1","2021-11-17","6.49",",,W","0.00","T,,W,2400","0.0","T,,W,2400","35","H,,S"
"USW00014606","44.7978","-68.8185","45.1","2021-11-18","8.50",",,W","0.28",",,W,2400","0.0",",,W,2400","47","H,,S"
"USW00014606","44.7978","-68.8185","45.1","2021-11-19","8.05",",,W","0.26",",,W,2400","0.0",",,W,2400","43","H,,S"
"USW00014606","44.7978","-68.8185","45.1","2021-11-20","5.14",",,W","0.00",",,W,2400","0.0",",,W,2400","35","H,,S"
"USW00014606","44.7978","-68.8185","45.1","2021-11-21","1.79",",,W","0.09",",,W,2400","0.0",",,W,2400","35","H,,S"
"USW00014606","44.7978","-68.8185","45.1","2021-11-22","10.51",",,W","0.73",",,W,2400","0.0",",,W,2400","47","H,,S"
"USW00014606","44.7978","-68.8185","45.1","2021-11-23","13.42",",,W","0.00",",,W,2400","0.0",",,W,2400","33","H,,S"
"USW00014606","44.7978","-68.8185","45.1","2021-11-24","14.09",",,W","0.00",",,W,2400","0.0",",,W,2400","30","H,,S"
"USW00014606","44.7978","-68.8185","45.1","2021-11-25","5.37",",,W","0.00",",,W,2400","0.0",",,W,2400","38","H,,S"
"USW00014606","44.7978","-68.8185","45.1","2021-11-26","2.46",",,W","0.34",",,D,2400","0.0",",,D,2400","34","H,,S"
"USW00014606","44.7978","-68.8185","45.1","2021-11-27","8.05",",,W","0.25",",,D,2400","2.2",",,D,2400","32","H,,S"
"USW00014606","44.7978","-68.8185","45.1","2021-11-28","2.91",",,W","0.00",",,D,2400","0.0",",,D,2400","25","H,,S"
"US1LAJF0005","29.96887","-90.21775","1.8","2021-08-01",,,"0.00",",,N","0.0",",,N",,
"US1LAJF0005","29.96887","-90.21775","1.8","2021-08-02",,,"0.02",",,N",,,,
"US1LAJF0005","29.96887","-90.21775","1.8","2021-08-03",,,"0.68",",,N",,,,
"US1LAJF0005","29.96887","-90.21775","1.8","2021-08-04",,,"0.44",",,N",,,,
"US1LAJF0005","29.96887","-90.21775","1.8","2021-08-05",,,"0.00",",,N","0.0",",,N",,
"US1LAJF0005","29.96887","-90.21775","1.8","2021-08-06",,,"0.00",",,N","0.0",",,N",,
"US1LAJF0005","29.96887","-90.21775","1.8","2021-08-07",,,"0.00",",,N","0.0",",,N",,
"US1LAJF0005","29.96887","-90.21775","1.8","2021-08-08",,,"0.00",",,N","0.0",",,N",,
"US1LAJF0005","29.96887","-90.21775","1.8","2021-08-09",,,"0.00",",,N","0.0",",,N",,
"US1LAJF0005","29.96887","-90.21775","1.8","2021-08-10",,,"0.00",",,N","0.0",",,N",,
"US1LAJF0005","29.96887","-90.21775","1.8","2021-08-11",,,"0.89",",,N",,,,
"US1LAJF0005","29.96887","-90.21775","1.8","2021-08-12",,,"0.35",",,N",,,,
"US1LAJF0005","29.96887","-90.21775","1.8","2021-08-13",,,"0.00",",,N","0.0",",,N",,
"US1LAJF0005","29.96887","-90.21775","1.8","2021-08-14",,,"1.85",",,N",,,,
"US1LAJF0005","29.96887","-90.21775","1.8","2021-08-15",,,"0.00",",,N","0.0",",,N",,
"US1LAJF0005","29.96887","-90.21775","1.8","2021-08-16",,,"1.02",",,N",,,,
"US1LAJF0005","29.96887","-90.21775","1.8","2021-08-17",,,"0.00",",,N","0.0",",,N",,
"US1LAJF0005","29.96887","-90.21775","1.8","2021-08-18",,,"0.16",",,N",,,,
"US1LAJF0005","29.96887","-90.21775","1.8","2021-08-19",,,"0.14",",,N",,,,
"US1LAJF0005","29.96887","-90.21775","1.8","2021-08-20",,,"0.09",",,N",,,,
"US1LAJF0005","29.96887","-90.21775","1.8","2021-08-21",,,"0.00",",,N","0.0",",,N",,
"US1LAJF0005","29.96887","-90.21775","1.8","2021-08-22",,,"0.00","T,,N",,,,
"US1LAJF0005","29.96887","-90.21775","1.8","2021-08-23",,,"0.00",",,N","0.0",",,N",,
"US1LAJF0005","29.96887","-90.21775","1.8","2021-08-24",,,"0.00",",,N","0.0",",,N",,
"US1LAJF0005","29.96887","-90.21775","1.8","2021-08-25",,,"0.00",",,N","0.0",",,N",,
"US1LAJF0005","29.96887","-90.21775","1.8","2021-08-27",,,,,,,,
"US1LAJF0005","29.96887","-90.21775","1.8","2021-08-28",,,"0.26",",,N",,,,
"US1LAJF0005","29.96887","-90.21775","1.8","2021-08-29",,,"0.49",",,N",,,,
"US1LAJF0005","29.96887","-90.21775","1.8","2021-08-30",,,"4.42",",,N",,,,
"US1LAJF0005","29.96887","-90.21775","1.8","2021-08-31",,,"0.67",",,N",,,,
"US1LAJF0005","29.96887","-90.21775","1.8","2021-09-01",,,"0.02",",,N",,,,
"US1LAJF0005","29.96887","-90.21775","1.8","2021-09-02",,,"0.00",",,N","0.0",",,N",,
"US1LAJF0005","29.96887","-90.21775","1.8","2021-09-03",,,"0.02",",,N",,,,
"US1LAJF0005","29.96887","-90.21775","1.8","2021-09-04",,,"0.00",",,N","0.0",",,N",,
"US1LAJF0005","29.96887","-90.21775","1.8","2021-09-05",,,"0.00",",,N","0.0",",,N",,
"US1LAJF0005","29.96887","-90.21775","1.8","2021-09-06",,,"0.00",",,N","0.0",",,N",,
"US1LAJF0005","29.96887","-90.21775","1.8","2021-09-14",,,,,,,,
"US1LAJF0005","29.96887","-90.21775","1.8","2021-09-15",,,"3.63",",,N",,,,
"US1LAJF0005","29.96887","-90.21775","1.8","2021-09-16",,,"0.41",",,N",,,,
"US1LAJF0005","29.96887","-90.21775","1.8","2021-09-17",,,"0.37",",,N",,,,
"US1LAJF0005","29.96887","-90.21775","1.8","2021-09-19",,,,,,,,
"US1LAJF0005","29.96887","-90.21775","1.8","2021-09-20",,,"0.16",",,N",,,,
"US1LAJF0005","29.96887","-90.21775","1.8","2021-09-21",,,"0.44",",,N",,,,
"US1LAJF0005","29.96887","-90.21775","1.8","2021-09-22",,,"0.00",",,N","0.0",",,N",,
"US1LAJF0005","29.96887","-90.21775","1.8","2021-09-23",,,"0.00",",,N","0.0",",,N",,
"US1LAJF0005","29.96887","-90.21775","1.8","2021-09-24",,,"0.00",",,N","0.0",",,N",,
"US1LAJF0005","29.96887","-90.21775","1.8","2021-09-25",,,"0.00",",,N","0.0",",,N",,
"US1LAJF0005","29.96887","-90.21775","1.8","2021-10-04",,,,,,,,
"US1LAJF0005","29.96887","-90.21775","1.8","2021-10-05",,,"0.07",",,N",,,,
"US1LAJF0005","29.96887","-90.21775","1.8","2021-10-06",,,"0.00",",,N","0.0",",,N",,
"US1LAJF0005","29.96887","-90.21775","1.8","2021-10-07",,,"0.00",",,N","0.0",",,N",,
"US1LAJF0005","29.96887","-90.21775","1.8","2021-10-08",,,"0.00",",,N","0.0",",,N",,
"US1LAJF0005","29.96887","-90.21775","1.8","2021-10-11",,,,,,,,
"US1LAJF0005","29.96887","-90.21775","1.8","2021-10-13",,,,,,,,
"US1LAJF0005","29.96887","-90.21775","1.8","2021-10-14",,,"0.00",",,N","0.0",",,N",,
"US1LAJF0005","29.96887","-90.21775","1.8","2021-10-15",,,"0.00",",,N","0.0",",,N",,
"US1LAJF0005","29.96887","-90.21775","1.8","2021-10-16",,,"0.00",",,N","0.0",",,N",,
"US1LAJF0005","29.96887","-90.21775","1.8","2021-10-17",,,"0.00",",,N","0.0",",,N",,
"US1LAJF0005","29.96887","-90.21775","1.8","2021-10-18",,,"0.00",",,N","0.0",",,N",,
"US1LAJF0005","29.96887","-90.21775","1.8","2021-10-19",,,"0.00",",,N","0.0",",,N",,
"US1LAJF0005","29.96887","-90.21775","1.8","2021-10-20",,,"0.00",",,N","0.0",",,N",,
"US1LAJF0005","29.96887","-90.21775","1.8","2021-10-21",,,"0.00",",,N","0.0",",,N",,
"US1LAJF0005","29.96887","-90.21775","1.8","2021-10-22",,,"0.00",",,N","0.0",",,N",,
"US1LAJF0005","29.96887","-90.21775","1.8","2021-10-23",,,"0.00",",,N","0.0",",,N",,
"US1LAJF0005","29.96887","-90.21775","1.8","2021-10-24",,,"0.00",",,N","0.0",",,N",,
"US1LAJF0005","29.96887","-90.21775","1.8","2021-10-25",,,"0.00",",,N","0.0",",,N",,
"US1LAJF0005","29.96887","-90.21775","1.8","2021-10-26",,,"0.00",",,N","0.0",",,N",,
"US1LAJF0005","29.96887","-90.21775","1.8","2021-10-27",,,"0.00",",L,N","0.0",",,N",,
"US1LAJF0005","29.96887","-90.21775","1.8","2021-10-28",,,"1.40",",L,N","0.0",",,N",,
"US1LAJF0005","29.96887","-90.21775","1.8","2021-10-29",,,"0.00",",,N","0.0",",,N",,
"US1LAJF0005","29.96887","-90.21775","1.8","2021-10-31",,,,,,,,
"US1LAJF0005","29.96887","-90.21775","1.8","2021-11-01",,,"0.00",",,N","0.0",",,N",,
"US1LAJF0005","29.96887","-90.21775","1.8","2021-11-02",,,"0.00",",,N","0.0",",,N",,
"US1LAJF0005","29.96887","-90.21775","1.8","2021-11-03",,,"0.00",",,N","0.0",",,N",,
"US1LAJF0005","29.96887","-90.21775","1.8","2021-11-04",,,"0.00",",,N","0.0",",,N",,
"US1LAJF0005","29.96887","-90.21775","1.8","2021-11-06",,,,,,,,
"US1LAJF0005","29.96887","-90.21775","1.8","2021-11-09",,,,,,,,
"US1LAJF0005","29.96887","-90.21775","1.8","2021-11-11",,,,,,,,
"US1LAJF0005","29.96887","-90.21775","1.8","2021-11-13",,,,,,,,
"US1LAJF0005","29.96887","-90.21775","1.8","2021-11-16",,,,,,,,
"US1LAJF0005","29.96887","-90.21775","1.8","2021-11-17",,,"0.00",",,N","0.0",",,N",,
"US1LAJF0005","29.96887","-90.21775","1.8","2021-11-18",,,"0.00",",,N","0.0",",,N",,
"US1LAJF0005","29.96887","-90.21775","1.8","2021-11-19",,,"0.12",",,N",,,,
"US1LAJF0005","29.96887","-90.21775","1.8","2021-11-20",,,"0.00",",,N","0.0",",,N",,
"US1LAJF0005","29.96887","-90.21775","1.8","2021-11-21",,,"0.00",",,N","0.0",",,N",,
"US1LAJF0005","29.96887","-90.21775","1.8","2021-11-22",,,"0.32",",,N",,,,
"US1LAJF0005","29.96887","-90.21775","1.8","2021-11-25",,,,,,,,
"US1LAJF0005","29.96887","-90.21775","1.8","2021-11-26",,,"0.03",",,N","0.0",",,N",,
"US1LAJF0005","29.96887","-90.21775","1.8","2021-11-27",,,"0.00",",,N","0.0",",,N",,
"US1LAJF0005","29.96887","-90.21775","1.8","2021-11-28",,,"0.05",",,N",,,,
"USC00165065","30.0206","-92.7681","3.4","2021-08-01",,,"0.00",",,7,0800",,,,
"USC00165065","30.0206","-92.7681","3.4","2021-08-02",,,"0.00",",,7,0800",,,,
"USC00165065","30.0206","-92.7681","3.4","2021-08-03",,,"0.95",",,7,0800",,,,
"USC00165065","30.0206","-92.7681","3.4","2021-08-04",,,"1.35",",,7,0800",,,,
"USC00165065","30.0206","-92.7681","3.4","2021-08-05",,,"0.00",",,7,0800",,,,
"USC00165065","30.0206","-92.7681","3.4","2021-08-06",,,"0.00",",,7,0800",,,,
"USC00165065","30.0206","-92.7681","3.4","2021-08-07",,,"0.00",",,7,0800",,,,
"USC00165065","30.0206","-92.7681","3.4","2021-08-08",,,"0.00",",,7,0800",,,,
"USC00165065","30.0206","-92.7681","3.4","2021-08-09",,,"0.00",",,7,0800",,,,
"USC00165065","30.0206","-92.7681","3.4","2021-08-10",,,"0.00",",,7,0800",,,,
"USC00165065","30.0206","-92.7681","3.4","2021-08-11",,,"0.00",",,7,0800",,,,
"USC00165065","30.0206","-92.7681","3.4","2021-08-12",,,"0.00",",,7,0800",,,,
"USC00165065","30.0206","-92.7681","3.4","2021-08-13",,,"0.00",",,7,0800",,,,
"USC00165065","30.0206","-92.7681","3.4","2021-08-14",,,"0.00",",,7,0800",,,,
"USC00165065","30.0206","-92.7681","3.4","2021-08-15",,,"0.08",",,7,0800",,,,
"USC00165065","30.0206","-92.7681","3.4","2021-08-16",,,"0.47",",,7,0800",,,,
"USC00165065","30.0206","-92.7681","3.4","2021-08-17",,,"0.00",",,7,0800",,,,
"USC00165065","30.0206","-92.7681","3.4","2021-08-18",,,"0.00","T,,7,0800",,,,
"USC00165065","30.0206","-92.7681","3.4","2021-08-19",,,"0.28",",,7,0800",,,,
"USC00165065","30.0206","-92.7681","3.4","2021-08-20",,,"0.13",",,7,0800",,,,
"USC00165065","30.0206","-92.7681","3.4","2021-08-21",,,"0.00",",,7,0800",,,,
"USC00165065","30.0206","-92.7681","3.4","2021-08-22",,,"0.00",",,7,0800",,,,
"USC00165065","30.0206","-92.7681","3.4","2021-08-23",,,"0.00",",,7,0800",,,,
"USC00165065","30.0206","-92.7681","3.4","2021-08-24",,,"0.00",",,7,0800",,,,
"USC00165065","30.0206","-92.7681","3.4","2021-08-25",,,"0.34",",,7,0800",,,,
"USC00165065","30.0206","-92.7681","3.4","2021-08-26",,,"0.00",",,7,0800",,,,
"USC00165065","30.0206","-92.7681","3.4","2021-08-27",,,"0.13",",,7,0800",,,,
"USC00165065","30.0206","-92.7681","3.4","2021-08-28",,,"0.02",",,7,0800",,,,
"USC00165065","30.0206","-92.7681","3.4","2021-08-29",,,"1.10",",,7,0800",,,,
"USC00165065","30.0206","-92.7681","3.4","2021-08-30",,,"0.07",",,7,0800",,,,
"USC00165065","30.0206","-92.7681","3.4","2021-08-31",,,"0.00",",,7,0800",,,,
"USC00165065","30.0206","-92.7681","3.4","2021-09-01",,,"2.97",",,7,0800",,,,
"USC00165065","30.0206","-92.7681","3.4","2021-09-02",,,"0.41",",,7,0800",,,,
"USC00165065","30.0206","-92.7681","3.4","2021-09-03",,,"0.00",",,7,0800",,,,
"USC00165065","30.0206","-92.7681","3.4","2021-09-04",,,"0.00",",,7,0800",,,,
"USC00165065","30.0206","-92.7681","3.4","2021-09-05",,,"0.00",",,7,0800",,,,
"USC00165065","30.0206","-92.7681","3.4","2021-09-06",,,"0.00",",,7,0800",,,,
"USC00165065","30.0206","-92.7681","3.4","2021-09-07",,,"0.60",",,7,0800",,,,
"USC00165065","30.0206","-92.7681","3.4","2021-09-08",,,"0.00",",,7,0800",,,,
"USC00165065","30.0206","-92.7681","3.4","2021-09-09",,,"0.00",",,7,0800",,,,
"USC00165065","30.0206","-92.7681","3.4","2021-09-10",,,"0.00",",,7,0800",,,,
"USC00165065","30.0206","-92.7681","3.4","2021-09-11",,,"0.00",",,7,0800",,,,
"USC00165065","30.0206","-92.7681","3.4","2021-09-12",,,"0.00",",,7,0800",,,,
"USC00165065","30.0206","-92.7681","3.4","2021-09-13",,,"0.12",",,7,0800",,,,
"USC00165065","30.0206","-92.7681","3.4","2021-09-14",,,"1.73",",,7,0800",,,,
"USC00165065","30.0206","-92.7681","3.4","2021-09-15",,,"1.17",",,7,0800",,,,
"USC00165065","30.0206","-92.7681","3.4","2021-09-16",,,"0.05",",,7,0800",,,,
"USC00165065","30.0206","-92.7681","3.4","2021-09-17",,,"0.02",",,7,0800",,,,
"USC00165065","30.0206","-92.7681","3.4","2021-09-18",,,"0.00",",,7,0800",,,,
"USC00165065","30.0206","-92.7681","3.4","2021-09-19",,,"0.00",",,7,0800",,,,
"USC00165065","30.0206","-92.7681","3.4","2021-09-20",,,"0.02",",,7,0800",,,,
"USC00165065","30.0206","-92.7681","3.4","2021-09-21",,,"0.00",",,7,0800",,,,
"USC00165065","30.0206","-92.7681","3.4","2021-09-22",,,"1.30",",,7,0800",,,,
"USC00165065","30.0206","-92.7681","3.4","2021-09-23",,,"0.00",",,7,0800",,,,
"USC00165065","30.0206","-92.7681","3.4","2021-09-24",,,"0.00",",,7,0800",,,,
"USC00165065","30.0206","-92.7681","3.4","2021-09-25",,,"0.00",",,7,0800",,,,
"USC00165065","30.0206","-92.7681","3.4","2021-09-26",,,"0.00",",,7,0800",,,,
"USC00165065","30.0206","-92.7681","3.4","2021-09-27",,,"0.00",",,7,0800",,,,
"USC00165065","30.0206","-92.7681","3.4","2021-09-28",,,"0.38",",,7,0800",,,,
"USC00165065","30.0206","-92.7681","3.4","2021-09-29",,,"4.82",",,7,0800",,,,
"USC00165065","30.0206","-92.7681","3.4","2021-09-30",,,"0.18",",,7,0800",,,,
"USC00165065","30.0206","-92.7681","3.4","2021-10-01",,,"1.88",",,7,0800",,,,
"USC00165065","30.0206","-92.7681","3.4","2021-10-02",,,"0.02",",,7,0800",,,,
"USC00165065","30.0206","-92.7681","3.4","2021-10-03",,,"0.00",",,7,0800",,,,
"USC00165065","30.0206","-92.7681","3.4","2021-10-04",,,"0.00",",,7,0800",,,,
"USC00165065","30.0206","-92.7681","3.4","2021-10-05",,,"0.00",",,7,0800",,,,
"USC00165065","30.0206","-92.7681","3.4","2021-10-06",,,"0.00",",,7,0800",,,,
"USC00165065","30.0206","-92.7681","3.4","2021-10-07",,,"0.00",",,7,0800",,,,
"USC00165065","30.0206","-92.7681","3.4","2021-10-08",,,"0.00",",,7,0800",,,,
"USC00165065","30.0206","-92.7681","3.4","2021-10-09",,,"0.00",",,7,0800",,,,
"USC00165065","30.0206","-92.7681","3.4","2021-10-10",,,"0.00",",,7,0800",,,,
"USC00165065","30.0206","-92.7681","3.4","2021-10-11",,,"0.00",",,7,0800",,,,
"USC00165065","30.0206","-92.7681","3.4","2021-10-12",,,"0.00","T,,7,0800",,,,
"USC00165065","30.0206","-92.7681","3.4","2021-10-13",,,"0.00",",,7,0800",,,,
"USC00165065","30.0206","-92.7681","3.4","2021-10-14",,,"0.01",",,7,0800",,,,
"USC00165065","30.0206","-92.7681","3.4","2021-10-15",,,"0.05",",,7,0800",,,,
"USC00165065","30.0206","-92.7681","3.4","2021-10-16",,,"0.55",",,7,0800",,,,
"USC00165065","30.0206","-92.7681","3.4","2021-10-17",,,"0.00",",,7,0800",,,,
"USC00165065","30.0206","-92.7681","3.4","2021-10-18",,,"0.00",",,7,0800",,,,
"USC00165065","30.0206","-92.7681","3.4","2021-10-19",,,"0.00",",,7,0800",,,,
"USC00165065","30.0206","-92.7681","3.4","2021-10-20",,,"0.00",",,7,0800",,,,
"USC00165065","30.0206","-92.7681","3.4","2021-10-21",,,"0.00",",,7,0800",,,,
"USC00165065","30.0206","-92.7681","3.4","2021-10-22",,,"0.00",",,7,0800",,,,
"USC00165065","30.0206","-92.7681","3.4","2021-10-23",,,"0.00",",,7,0800",,,,
"USC00165065","30.0206","-92.7681","3.4","2021-10-24",,,"0.15",",,7,0800",,,,
"USC00165065","30.0206","-92.7681","3.4","2021-10-25",,,"0.00",",,7,0800",,,,
"USC00165065","30.0206","-92.7681","3.4","2021-10-26",,,"0.00",",,7,0800",,,,
"USC00165065","30.0206","-92.7681","3.4","2021-10-27",,,"0.06",",,7,0800",,,,
"USC00165065","30.0206","-92.7681","3.4","2021-10-28",,,"1.63",",,7,0800",,,,
"USC00165065","30.0206","-92.7681","3.4","2021-10-29",,,"0.00",",,7,0800",,,,
"USC00165065","30.0206","-92.7681","3.4","2021-10-30",,,"0.00",",,7,0800",,,,
"USC00165065","30.0206","-92.7681","3.4","2021-10-31",,,"0.00",",,7,0800",,,,
"USC00165065","30.0206","-92.7681","3.4","2021-11-01",,,"0.00",",,H,0800",,,,
"USC00165065","30.0206","-92.7681","3.4","2021-11-02",,,"0.00",",,H,0800",,,,
"USC00165065","30.0206","-92.7681","3.4","2021-11-03",,,"0.00",",,H,0800",,,,
"USC00165065","30.0206","-92.7681","3.4","2021-11-04",,,"0.00",",,H,0800",,,,
"USC00165065","30.0206","-92.7681","3.4","2021-11-05",,,"0.00",",,H,0800",,,,
"USC00165065","30.0206","-92.7681","3.4","2021-11-06",,,"0.00",",,H,0800",,,,
"USC00165065","30.0206","-92.7681","3.4","2021-11-07",,,"0.00",",,H,0800",,,,
"USC00165065","30.0206","-92.7681","3.4","2021-11-08",,,"0.00",",,H,0800",,,,
"USC00165065","30.0206","-92.7681","3.4","2021-11-09",,,"0.00",",,H,0800",,,,
"USC00165065","30.0206","-92.7681","3.4","2021-11-11",,,"0.00",",,H,0800",,,,
"USC00165065","30.0206","-92.7681","3.4","2021-11-12",,,"0.19",",,H,0800",,,,
"USC00165065","30.0206","-92.7681","3.4","2021-11-13",,,"0.00",",,H,0800",,,,
"USC00165065","30.0206","-92.7681","3.4","2021-11-14",,,"0.00",",,H,0800",,,,
"USC00165065","30.0206","-92.7681","3.4","2021-11-15",,,"0.00",",,H,0800",,,,
"USC00165065","30.0206","-92.7681","3.4","2021-11-20",,,"0.00",",,H,0800",,,,
"USC00165065","30.0206","-92.7681","3.4","2021-11-21",,,"0.00",",,H,0800",,,,
"USC00165065","30.0206","-92.7681","3.4","2021-11-22",,,"0.31",",,H,0800",,,,
"USC00165065","30.0206","-92.7681","3.4","2021-11-23",,,"0.00",",,H,0800",,,,
"USC00165065","30.0206","-92.7681","3.4","2021-11-24",,,"0.00",",,H,0800",,,,
"USC00165065","30.0206","-92.7681","3.4","2021-11-25",,,"0.00",",,H,0800",,,,
"USC00165065","30.0206","-92.7681","3.4","2021-11-26",,,"0.06",",,H,0800",,,,
"USC00165065","30.0206","-92.7681","3.4","2021-11-27",,,"0.00",",,H,0800",,,,
"USC00165065","30.0206","-92.7681","3.4","2021-11-28",,,"0.61",",,H,0800",,,,
"USW00014607","46.8705","-68.0173","190.2","2021-08-01","5.59",",,W","0.00",",,W,2400","0.0",",,W,2400",,
"USW00014607","46.8705","-68.0173","190.2","2021-08-02","2.24",",,W","0.26",",,W,2400","0.0",",,W,2400",,
"USW00014607","46.8705","-68.0173","190.2","2021-08-03","8.28",",,W","0.00",",,W,2400","0.0",",,W,2400",,
"USW00014607","46.8705","-68.0173","190.2","2021-08-04","3.13",",,W","0.00","T,,W,2400","0.0",",,W,2400",,
"USW00014607","46.8705","-68.0173","190.2","2021-08-05","5.59",",,W","0.11",",,W,2400","0.0",",,W,2400",,
"USW00014607","46.8705","-68.0173","190.2","2021-08-06","4.47",",,W","0.01",",,W,2400","0.0",",,W,2400",,
"USW00014607","46.8705","-68.0173","190.2","2021-08-07","4.47",",,W","0.01",",,W,2400","0.0",",,W,2400",,
"USW00014607","46.8705","-68.0173","190.2","2021-08-08","4.92",",,W","0.00",",,W,2400","0.0",",,W,2400",,
"USW00014607","46.8705","-68.0173","190.2","2021-08-09","5.82",",,W","0.00",",,W,2400","0.0",",,W,2400",,
"USW00014607","46.8705","-68.0173","190.2","2021-08-10","8.50",",,W","0.00","T,,W,2400","0.0",",,W,2400",,
"USW00014607","46.8705","-68.0173","190.2","2021-08-11","8.50",",,W","0.01",",,W,2400","0.0",",,W,2400",,
"USW00014607","46.8705","-68.0173","190.2","2021-08-12","7.38",",,W","0.10",",,W,2400","0.0",",,W,2400",,
"USW00014607","46.8705","-68.0173","190.2","2021-08-13","5.14",",,W","0.00",",,W,2400","0.0",",,W,2400",,
"USW00014607","46.8705","-68.0173","190.2","2021-08-14","4.25",",,W","0.80",",,W,2400","0.0",",,W,2400",,
"USW00014607","46.8705","-68.0173","190.2","2021-08-15","6.71",",,W","0.00",",,W,2400","0.0",",,W,2400",,
"USW00014607","46.8705","-68.0173","190.2","2021-08-16","3.58",",,W","0.00",",,W,2400","0.0",",,W,2400",,
"USW00014607","46.8705","-68.0173","190.2","2021-08-17","5.14",",,W","0.00",",,W,2400","0.0",",,W,2400",,
"USW00014607","46.8705","-68.0173","190.2","2021-08-18","4.47",",,W","0.00","T,,W,2400","0.0",",,W,2400",,
"USW00014607","46.8705","-68.0173","190.2","2021-08-19","3.13",",,W","0.00",",,W,2400","0.0",",,W,2400",,
"USW00014607","46.8705","-68.0173","190.2","2021-08-20","5.82",",,W","0.00",",,W,2400","0.0",",,W,2400",,
"USW00014607","46.8705","-68.0173","190.2","2021-08-21","3.36",",,W","0.00",",,W,2400","0.0",",,W,2400",,
"USW00014607","46.8705","-68.0173","190.2","2021-08-22","5.59",",,W","0.00",",,W,2400","0.0",",,W,2400",,
"USW00014607","46.8705","-68.0173","190.2","2021-08-23","4.92",",,W","0.21",",,W,2400","0.0",",,W,2400",,
"USW00014607","46.8705","-68.0173","190.2","2021-08-24","4.70",",,W","0.53",",,W,2400","0.0",",,W,2400",,
"USW00014607","46.8705","-68.0173","190.2","2021-08-25","2.24",",,W","0.00",",,W,2400","0.0",",,W,2400",,
"USW00014607","46.8705","-68.0173","190.2","2021-08-26","6.71",",,W","0.00","T,,W,2400","0.0",",,W,2400",,
"USW00014607","46.8705","-68.0173","190.2","2021-08-27","9.62",",,W","0.00",",,W,2400","0.0",",,W,2400",,
"USW00014607","46.8705","-68.0173","190.2","2021-08-28","2.46",",,W","0.00",",,W,2400","0.0",",,W,2400",,
"USW00014607","46.8705","-68.0173","190.2","2021-08-29","5.37",",,W","0.00",",,W,2400","0.0",",,W,2400",,
"USW00014607","46.8705","-68.0173","190.2","2021-08-30","7.16",",,W","0.42",",,W,2400","0.0",",,W,2400",,
"USW00014607","46.8705","-68.0173","190.2","2021-08-31","7.38",",,W","0.00",",,W,2400","0.0",",,W,2400",,
"USW00014607","46.8705","-68.0173","190.2","2021-09-01","4.03",",,W","0.00",",,W,2400","0.0",",,W,2400",,
"USW00014607","46.8705","-68.0173","190.2","2021-09-02","7.16",",,W","0.12",",,W,2400","0.0",",,W,2400",,
"USW00014607","46.8705","-68.0173","190.2","2021-09-03","9.40",",,W","0.03",",,W,2400","0.0",",,W,2400",,
"USW00014607","46.8705","-68.0173","190.2","2021-09-04","8.28",",,W","0.00",",,W,2400","0.0",",,W,2400",,
"USW00014607","46.8705","-68.0173","190.2","2021-09-05","6.49",",,W","0.10",",,W,2400","0.0",",,W,2400",,
"USW00014607","46.8705","-68.0173","190.2","2021-09-06","6.04",",,W","1.76",",,W,2400","0.0",",,W,2400",,
"USW00014607","46.8705","-68.0173","190.2","2021-09-07","7.61",",,W","0.00","T,,W,2400","0.0",",,W,2400",,
"USW00014607","46.8705","-68.0173","190.2","2021-09-08","10.51",",,W","0.00",",,W,2400","0.0",",,W,2400",,
"USW00014607","46.8705","-68.0173","190.2","2021-09-09","4.70",",,W","0.57",",,W,2400","0.0",",,W,2400",,
"USW00014607","46.8705","-68.0173","190.2","2021-09-10","5.37",",,W","0.75",",,W,2400","0.0",",,W,2400",,
"USW00014607","46.8705","-68.0173","190.2","2021-09-11","6.71",",,W","0.00",",,W,2400","0.0",",,W,2400",,
"USW00014607","46.8705","-68.0173","190.2","2021-09-12","7.61",",,W","0.24",",,W,2400","0.0",",,W,2400",,
"USW00014607","46.8705","-68.0173","190.2","2021-09-13","5.82",",,W","0.00",",,W,2400","0.0",",,W,2400",,
"USW00014607","46.8705","-68.0173","190.2","2021-09-14","4.92",",,W","0.00",",,W,2400","0.0",",,W,2400",,
"USW00014607","46.8705","-68.0173","190.2","2021-09-15","9.84",",,W","0.17",",,W,2400","0.0",",,W,2400",,
"USW00014607","46.8705","-68.0173","190.2","2021-09-16","3.58",",,W","0.00",",,W,2400","0.0",",,W,2400",,
"USW00014607","46.8705","-68.0173","190.2","2021-09-17","5.82",",,W","0.00",",,W,2400","0.0",",,W,2400",,
"USW00014607","46.8705","-68.0173","190.2","2021-09-18","7.61",",,W","0.01",",,W,2400","0.0",",,W,2400",,
"USW00014607","46.8705","-68.0173","190.2","2021-09-19","6.93",",,W","0.00",",,W,2400","0.0",",,W,2400",,
"USW00014607","46.8705","-68.0173","190.2","2021-09-20","3.13",",,W","0.00",",,W,2400","0.0",",,W,2400",,
"USW00014607","46.8705","-68.0173","190.2","2021-09-21","8.28",",,W","0.00",",,W,2400","0.0",",,W,2400",,
"USW00014607","46.8705","-68.0173","190.2","2021-09-22","6.49",",,W","0.00","T,,W,2400","0.0",",,W,2400",,
"USW00014607","46.8705","-68.0173","190.2","2021-09-23","7.83",",,W","0.00",",,W,2400","0.0",",,W,2400",,
"USW00014607","46.8705","-68.0173","190.2","2021-09-24","11.41",",,W","0.49",",,W,2400","0.0",",,W,2400",,
"USW00014607","46.8705","-68.0173","190.2","2021-09-25","2.68",",,W","0.39",",,W,2400","0.0",",,W,2400",,
"USW00014607","46.8705","-68.0173","190.2","2021-09-26","6.04",",,W","1.22",",,W,2400","0.0",",,W,2400",,
"USW00014607","46.8705","-68.0173","190.2","2021-09-27","7.61",",,W","0.18",",,W,2400","0.0",",,W,2400",,
"USW00014607","46.8705","-68.0173","190.2","2021-09-28","3.13",",,W","0.00","T,,W,2400","0.0",",,W,2400",,
"USW00014607","46.8705","-68.0173","190.2","2021-09-29","4.03",",,W","0.00","T,,W,2400","0.0",",,W,2400",,
"USW00014607","46.8705","-68.0173","190.2","2021-09-30","7.38",",,W","0.10",",,W,2400","0.0",",,W,2400",,
"USW00014607","46.8705","-68.0173","190.2","2021-10-01","5.14",",,W","0.02",",,W,2400","0.0",",,W,2400","47","H,,S"
"USW00014607","46.8705","-68.0173","190.2","2021-10-02","3.36",",,W","0.00","T,,W,2400","0.0",",,W,2400","48","H,,S"
"USW00014607","46.8705","-68.0173","190.2","2021-10-03","3.80",",,W","0.00",",,W,2400","0.0",",,W,2400","47","H,,S"
"USW00014607","46.8705","-68.0173","190.2","2021-10-04","3.36",",,W","0.00",",,W,2400","0.0",",,W,2400","48","H,,S"
"USW00014607","46.8705","-68.0173","190.2","2021-10-05","0.45",",,W","0.00",",,W,2400","0.0",",,W,2400","48","H,,S"
"USW00014607","46.8705","-68.0173","190.2","2021-10-06","3.13",",,W","0.00",",,W,2400","0.0",",,W,2400","52","H,,S"
"USW00014607","46.8705","-68.0173","190.2","2021-10-07","3.80",",,W","0.00",",,W,2400","0.0",",,W,2400","56","H,,S"
"USW00014607","46.8705","-68.0173","190.2","2021-10-08","4.70",",,W","0.00",",,W,2400","0.0",",,W,2400","54","H,,S"
"USW00014607","46.8705","-68.0173","190.2","2021-10-09","3.80",",,W","0.00",",,W,2400","0.0",",,W,2400","46","H,,S"
"USW00014607","46.8705","-68.0173","190.2","2021-10-10","3.13",",,W","0.00",",,W,2400","0.0",",,W,2400","46","H,,S"
"USW00014607","46.8705","-68.0173","190.2","2021-10-11","1.12",",,W","0.00","T,,W,2400","0.0",",,W,2400","54","H,,S"
"USW00014607","46.8705","-68.0173","190.2","2021-10-12","0.89",",,W","0.00",",,W,2400","0.0",",,W,2400","58","H,,S"
"USW00014607","46.8705","-68.0173","190.2","2021-10-13","2.01",",,W","0.02",",,W,2400","0.0",",,W,2400","63","H,,S"
"USW00014607","46.8705","-68.0173","190.2","2021-10-14","6.26",",,W","0.00",",,W,2400","0.0",",,W,2400","62","H,,S"
"USW00014607","46.8705","-68.0173","190.2","2021-10-15","4.92",",,W","0.00","T,,W,2400","0.0",",,W,2400","56","H,,S"
"USW00014607","46.8705","-68.0173","190.2","2021-10-16","10.96",",,W","0.35",",,W,2400","0.0",",,W,2400","56","H,,S"
"USW00014607","46.8705","-68.0173","190.2","2021-10-17","5.37",",,W","1.30",",,W,2400","0.0",",,W,2400","58","H,,S"
"USW00014607","46.8705","-68.0173","190.2","2021-10-18","5.82",",,W","0.01",",,W,2400","0.0",",,W,2400","49","H,,S"
"USW00014607","46.8705","-68.0173","190.2","2021-10-19","6.71",",,W","0.04",",,W,2400","0.0",",,W,2400","45","H,,S"
"USW00014607","46.8705","-68.0173","190.2","2021-10-20","4.47",",,W","0.00","T,,W,2400","0.0",",,W,2400","47","H,,S"
"USW00014607","46.8705","-68.0173","190.2","2021-10-21","4.70",",,W","0.06",",,W,2400","0.0",",,W,2400","51","H,,S"
"USW00014607","46.8705","-68.0173","190.2","2021-10-22","7.16",",,W","0.06",",,W,2400","0.0",",,W,2400","56","H,,S"
"USW00014607","46.8705","-68.0173","190.2","2021-10-23","5.37",",,W","0.00",",,W,2400","0.0",",,W,2400","47","H,,S"
"USW00014607","46.8705","-68.0173","190.2","2021-10-24","7.61",",,W","0.00",",,W,2400","0.0",",,W,2400","42","H,,S"
"USW00014607","46.8705","-68.0173","190.2","2021-10-25","2.68",",,W","0.00",",,W,2400","0.0",",,W,2400","40","H,,S"
"USW00014607","46.8705","-68.0173","190.2","2021-10-26","5.82",",,W","0.00",",,W,2400","0.0",",,W,2400","47","H,,S"
"USW00014607","46.8705","-68.0173","190.2","2021-10-27","10.74",",,W","0.00",",,W,2400","0.0",",,W,2400","43","H,,S"
"USW00014607","46.8705","-68.0173","190.2","2021-10-28","9.17",",,W","0.00",",,W,2400","0.0",",,W,2400","44","H,,S"
"USW00014607","46.8705","-68.0173","190.2","2021-10-29","5.82",",,W","0.00",",,W,2400","0.0",",,W,2400","43","H,,S"
"USW00014607","46.8705","-68.0173","190.2","2021-10-30","2.68",",,W","0.02",",,W,2400","0.0",",,W,2400","38","H,,S"
"USW00014607","46.8705","-68.0173","190.2","2021-10-31","10.07",",,W","0.60",",,W,2400","0.0",",,W,2400","48","H,,S"
"USW00014607","46.8705","-68.0173","190.2","2021-11-01","11.41",",,W","0.01",",,W,2400","0.0",",,W,2400","51","H,,S"
"USW00014607","46.8705","-68.0173","190.2","2021-11-02","6.26",",,W","0.00","T,,W,2400","0.0",",,W,2400","40","H,,S"
"USW00014607","46.8705","-68.0173","190.2","2021-11-03","2.46",",,W","0.00",",,W,2400","0.0",",,W,2400","35","H,,S"
"USW00014607","46.8705","-68.0173","190.2","2021-11-04","3.80",",,W","0.00","T,,W,2400","0.0","T,,W,2400","32","H,,S"
"USW00014607","46.8705","-68.0173","190.2","2021-11-05","3.80",",,W","0.00",",,W,2400","0.0",",,W,2400","32","H,,S"
"USW00014607","46.8705","-68.0173","190.2","2021-11-06","6.93",",,W","0.00",",,W,2400","0.0",",,W,2400","35","H,,S"
"USW00014607","46.8705","-68.0173","190.2","2021-11-07","5.37",",,W","0.00",",,W,2400","0.0",",,W,2400","39","H,,S"
"USW00014607","46.8705","-68.0173","190.2","2021-11-08","2.91",",,W","0.00",",,W,2400","0.0",",,W,2400","42","H,,S"
"USW00014607","46.8705","-68.0173","190.2","2021-11-09","5.59",",,W","0.00",",,W,2400","0.0",",,W,2400","42","H,,S"
"USW00014607","46.8705","-68.0173","190.2","2021-11-10","2.91",",,W","0.00","T,,W,2400","0.0",",,W,2400","39","H,,S"
"USW00014607","46.8705","-68.0173","190.2","2021-11-11","5.37",",,W","0.00",",,W,2400","0.0",",,W,2400","37","H,,S"
"USW00014607","46.8705","-68.0173","190.2","2021-11-12","6.93",",,W","0.48",",,W,2400","0.0","T,,W,2400","33","H,,S"
"USW00014607","46.8705","-68.0173","190.2","2021-11-13","3.58",",,W","0.03",",,W,2400","0.0",",,W,2400","42","H,,S"
"USW00014607","46.8705","-68.0173","190.2","2021-11-14","5.14",",,W","0.12",",,W,2400","0.0",",,W,2400","40","H,,S"
"USW00014607","46.8705","-68.0173","190.2","2021-11-15","9.17",",,W","0.48",",,W,2400","3.0",",,W,2400","35","H,,S"
"USW00014607","46.8705","-68.0173","190.2","2021-11-16","8.95",",,W","0.02",",,W,2400","0.1",",,W,2400","33","H,,S"
"USW00014607","46.8705","-68.0173","190.2","2021-11-17","4.92",",,W","0.00","T,,W,2400","0.1",",,W,2400","29","H,,S"
"USW00014607","46.8705","-68.0173","190.2","2021-11-18","7.61",",,W","0.33",",,W,2400","0.3",",,W,2400","34","H,,S"
"USW00014607","46.8705","-68.0173","190.2","2021-11-19","7.38",",,W","0.02",",,W,2400","0.0","T,,W,2400","38","H,,S"
"USW00014607","46.8705","-68.0173","190.2","2021-11-20","4.92",",,W","0.00","T,,W,2400","0.0","T,,W,2400","32","H,,S"
"USW00014607","46.8705","-68.0173","190.2","2021-11-21","4.70",",,W","0.00",",,W,2400","0.0",",,W,2400","32","H,,S"
"USW00014607","46.8705","-68.0173","190.2","2021-11-22","8.28",",,W","0.74",",,W,2400","0.0",",,W,2400","39","H,,S"
"USW00014607","46.8705","-68.0173","190.2","2021-11-23","10.51",",,W","0.00","T,,W,2400","0.0","T,,W,2400","30","H,,S"
"USW00014607","46.8705","-68.0173","190.2","2021-11-24","13.20",",,W","0.00","T,,W,2400","0.0","T,,W,2400","29","H,,S"
"USW00014607","46.8705","-68.0173","190.2","2021-11-25","5.82",",,W","0.00",",,W,2400","0.0",",,W,2400","32","H,,S"
"USW00014607","46.8705","-68.0173","190.2","2021-11-26","2.24",",,W","0.40",",,D,2400","5.7",",,W,2400","32","H,,S"
"USW00014607","46.8705","-68.0173","190.2","2021-11-27","11.63",",,W","0.02",",,D,2400","0.2",",,D,2400","30","H,,S"
"USW00014607","46.8705","-68.0173","190.2","2021-11-28","8.50",",,W","0.00","T,,D,2400","0.0","T,,D,2400","22","H,,S"
"USW00014609","46.1185","-67.7928","145.1","2021-08-01","4.70",",,W","0.00",",,W,2400",,,,
"USW00014609","46.1185","-67.7928","145.1","2021-08-02","3.80",",,W","0.16",",,W,2400",,,,
"USW00014609","46.1185","-67.7928","145.1","2021-08-03","8.50",",,W","0.00",",,W,2400",,,,
"USW00014609","46.1185","-67.7928","145.1","2021-08-04","2.91",",,W","0.00",",,W,2400",,,,
"USW00014609","46.1185","-67.7928","145.1","2021-08-05","2.01",",,W","0.08",",,W,2400",,,,
"USW00014609","46.1185","-67.7928","145.1","2021-08-06","4.70",",,W","0.08",",,W,2400",,,,
"USW00014609","46.1185","-67.7928","145.1","2021-08-07","6.04",",,W","0.42",",,W,2400",,,,
"USW00014609","46.1185","-67.7928","145.1","2021-08-08","4.92",",,W","0.00",",,W,2400",,,,
"USW00014609","46.1185","-67.7928","145.1","2021-08-09","4.25",",,W","0.00",",,W,2400",,,,
"USW00014609","46.1185","-67.7928","145.1","2021-08-10","5.59",",,W","0.00",",,W,2400",,,,
"USW00014609","46.1185","-67.7928","145.1","2021-08-11","5.14",",,W","0.00",",,W,2400",,,,
"USW00014609","46.1185","-67.7928","145.1","2021-08-12","5.14",",,W","0.00",",,W,2400",,,,
"USW00014609","46.1185","-67.7928","145.1","2021-08-13","4.70",",,W","0.00",",,W,2400",,,,
"USW00014609","46.1185","-67.7928","145.1","2021-08-14","3.58",",,W","0.33",",,W,2400",,,,
"USW00014609","46.1185","-67.7928","145.1","2021-08-15","4.92",",,W","0.00",",,W,2400",,,,
"USW00014609","46.1185","-67.7928","145.1","2021-08-16","3.36",",,W","0.00",",,W,2400",,,,
"USW00014609","46.1185","-67.7928","145.1","2021-08-17","5.82",",,W","0.00",",,W,2400",,,,
"USW00014609","46.1185","-67.7928","145.1","2021-08-18","3.80",",,W","0.02",",,W,2400",,,,
"USW00014609","46.1185","-67.7928","145.1","2021-08-19","4.70",",,W","0.00",",,W,2400",,,,
"USW00014609","46.1185","-67.7928","145.1","2021-08-20","3.58",",,W","0.00","T,,W,2400",,,,
"USW00014609","46.1185","-67.7928","145.1","2021-08-21","3.58",",,W","0.00",",,W,2400",,,,
"USW00014609","46.1185","-67.7928","145.1","2021-08-22","4.25",",,W","0.00",",,W,2400",,,,
"USW00014609","46.1185","-67.7928","145.1","2021-08-23","3.36",",,W","0.95",",,W,2400",,,,
"USW00014609","46.1185","-67.7928","145.1","2021-08-24","4.92",",,W","1.29",",,W,2400",,,,
"USW00014609","46.1185","-67.7928","145.1","2021-08-25","1.79",",,W","0.00",",,W,2400",,,,
"USW00014609","46.1185","-67.7928","145.1","2021-08-26","5.14",",,W","0.00","T,,W,2400",,,,
"USW00014609","46.1185","-67.7928","145.1","2021-08-27","6.71",",,W","0.00",",,W,2400",,,,
"USW00014609","46.1185","-67.7928","145.1","2021-08-28","1.57",",,W","0.00",",,W,2400",,,,
"USW00014609","46.1185","-67.7928","145.1","2021-08-29","6.26",",,W","0.00","T,,W,2400",,,,
"USW00014609","46.1185","-67.7928","145.1","2021-08-30","6.93",",,W","0.15",",,W,2400",,,,
"USW00014609","46.1185","-67.7928","145.1","2021-08-31","5.37",",,W","0.01",",,W,2400",,,,
"USW00014609","46.1185","-67.7928","145.1","2021-09-01","4.25",",,W","0.00",",,W,2400",,,,
"USW00014609","46.1185","-67.7928","145.1","2021-09-02","8.50",",,W","0.52",",,W,2400",,,,
"USW00014609","46.1185","-67.7928","145.1","2021-09-03","9.17",",,W","0.01",",,W,2400",,,,
"USW00014609","46.1185","-67.7928","145.1","2021-09-04","7.16",",,W","0.00",",,W,2400",,,,
"USW00014609","46.1185","-67.7928","145.1","2021-09-05","3.80",",,W","0.00","T,,W,2400",,,,
"USW00014609","46.1185","-67.7928","145.1","2021-09-06","6.26",",,W","0.72",",,W,2400",,,,
"USW00014609","46.1185","-67.7928","145.1","2021-09-07","6.04",",,W","0.00",",,W,2400",,,,
"USW00014609","46.1185","-67.7928","145.1","2021-09-08","5.82",",,W","0.00",",,W,2400",,,,
"USW00014609","46.1185","-67.7928","145.1","2021-09-09","6.26",",,W","1.04",",,W,2400",,,,
"USW00014609","46.1185","-67.7928","145.1","2021-09-10","6.04",",,W","1.40",",,W,2400",,,,
"USW00014609","46.1185","-67.7928","145.1","2021-09-11","6.93",",,W","0.00",",,W,2400",,,,
"USW00014609","46.1185","-67.7928","145.1","2021-09-12","7.38",",,W","0.04",",,W,2400",,,,
"USW00014609","46.1185","-67.7928","145.1","2021-09-13","5.37",",,W","0.00",",,W,2400",,,,
"USW00014609","46.1185","-67.7928","145.1","2021-09-14","5.14",",,W","0.00",",,W,2400",,,,
"USW00014609","46.1185","-67.7928","145.1","2021-09-15","6.93",",,W","0.65",",,W,2400",,,,
"USW00014609","46.1185","-67.7928","145.1","2021-09-16","2.01",",,W","0.00",",,W,2400",,,,
"USW00014609","46.1185","-67.7928","145.1","2021-09-17","4.92",",,W","0.00",",,W,2400",,,,
"USW00014609","46.1185","-67.7928","145.1","2021-09-18","6.26",",,W","0.04",",,W,2400",,,,
"USW00014609","46.1185","-67.7928","145.1","2021-09-19","6.49",",,W","0.00",",,W,2400",,,,
"USW00014609","46.1185","-67.7928","145.1","2021-09-20","2.46",",,W","0.00",",,W,2400",,,,
"USW00014609","46.1185","-67.7928","145.1","2021-09-21","8.72",",,W","0.00",",,W,2400",,,,
"USW00014609","46.1185","-67.7928","145.1","2021-09-22","7.16",",,W","0.00",",,W,2400",,,,
"USW00014609","46.1185","-67.7928","145.1","2021-09-23","6.93",",,W","0.00",",,W,2400",,,,
"USW00014609","46.1185","-67.7928","145.1","2021-09-24","9.62",",,W","0.00","T,,W,2400",,,,
"USW00014609","46.1185","-67.7928","145.1","2021-09-25","2.24",",,W","1.36",",,W,2400",,,,
"USW00014609","46.1185","-67.7928","145.1","2021-09-26","4.92",",,W","1.74",",,W,2400",,,,
"USW00014609","46.1185","-67.7928","145.1","2021-09-27","6.71",",,W","0.00",",,W,2400",,,,
"USW00014609","46.1185","-67.7928","145.1","2021-09-28","2.68",",,W","0.00",",,W,2400",,,,
"USW00014609","46.1185","-67.7928","145.1","2021-09-29","2.46",",,W","0.00","T,,W,2400",,,,
"USW00014609","46.1185","-67.7928","145.1","2021-09-30","5.82",",,W","0.05",",,W,2400",,,,
"USW00014609","46.1185","-67.7928","145.1","2021-10-01","3.36",",,W","0.03",",,W,2400",,,,
"USW00014609","46.1185","-67.7928","145.1","2021-10-02","3.36",",,W","0.01",",,W,2400",,,,
"USW00014609","46.1185","-67.7928","145.1","2021-10-03","2.24",",,W","0.00",",,W,2400",,,,
"USW00014609","46.1185","-67.7928","145.1","2021-10-04","1.57",",,W","0.00",",,W,2400",,,,
"USW00014609","46.1185","-67.7928","145.1","2021-10-05","0.45",",,W","0.00",",,W,2400",,,,
"USW00014609","46.1185","-67.7928","145.1","2021-10-06","2.01",",,W","0.00",",,W,2400",,,,
"USW00014609","46.1185","-67.7928","145.1","2021-10-07","2.01",",,W","0.00",",,W,2400",,,,
"USW00014609","46.1185","-67.7928","145.1","2021-10-08","4.92",",,W","0.00",",,W,2400",,,,
"USW00014609","46.1185","-67.7928","145.1","2021-10-09","2.01",",,W","0.00",",,W,2400",,,,
"USW00014609","46.1185","-67.7928","145.1","2021-10-10","5.37",",,W","0.00",",,W,2400",,,,
"USW00014609","46.1185","-67.7928","145.1","2021-10-11","2.46",",,W","0.00",",,W,2400",,,,
"USW00014609","46.1185","-67.7928","145.1","2021-10-12","1.79",",,W","0.00",",,W,2400",,,,
"USW00014609","46.1185","-67.7928","145.1","2021-10-13","3.36",",,W","0.00","T,,W,2400",,,,
"USW00014609","46.1185","-67.7928","145.1","2021-10-14","4.70",",,W","0.00",",,W,2400",,,,
"USW00014609","46.1185","-67.7928","145.1","2021-10-15","3.36",",,W","0.01",",,W,2400",,,,
"USW00014609","46.1185","-67.7928","145.1","2021-10-16","8.50",",,W","0.45",",,W,2400",,,,
"USW00014609","46.1185","-67.7928","145.1","2021-10-17","5.82",",,W","1.17",",,W,2400",,,,
"USW00014609","46.1185","-67.7928","145.1","2021-10-18","6.49",",,W","0.03",",,W,2400",,,,
"USW00014609","46.1185","-67.7928","145.1","2021-10-19","7.61",",,W","0.02",",,W,2400",,,,
"USW00014609","46.1185","-67.7928","145.1","2021-10-20","4.03",",,W","0.00","T,,W,2400",,,,
"USW00014609","46.1185","-67.7928","145.1","2021-10-21","4.25",",,W","0.00","T,,W,2400",,,,
"USW00014609","46.1185","-67.7928","145.1","2021-10-22","6.93",",,W","0.02",",,W,2400",,,,
"USW00014609","46.1185","-67.7928","145.1","2021-10-23","6.26",",,W","0.00",",,W,2400",,,,
"USW00014609","46.1185","-67.7928","145.1","2021-10-24","8.05",",,W","0.00",",,W,2400",,,,
"USW00014609","46.1185","-67.7928","145.1","2021-10-25","2.01",",,W","0.00",",,W,2400",,,,
"USW00014609","46.1185","-67.7928","145.1","2021-10-26","8.95",",,W","0.00",",,W,2400",,,,
"USW00014609","46.1185","-67.7928","145.1","2021-10-27","14.09",",,W","0.00",",,W,2400",,,,
"USW00014609","46.1185","-67.7928","145.1","2021-10-28","9.40",",,W","0.00",",,W,2400",,,,
"USW00014609","46.1185","-67.7928","145.1","2021-10-29","2.91",",,W","0.00",",,W,2400",,,,
"USW00014609","46.1185","-67.7928","145.1","2021-10-30","4.92",",,W","0.00","T,,W,2400",,,,
"USW00014609","46.1185","-67.7928","145.1","2021-10-31","9.84",",,W","0.69",",,W,2400",,,,
"USW00014609","46.1185","-67.7928","145.1","2021-11-01","9.62",",,W","0.01",",,W,2400",,,,
"USW00014609","46.1185","-67.7928","145.1","2021-11-02","5.14",",,W","0.00","T,,W,2400",,,,
"USW00014609","46.1185","-67.7928","145.1","2021-11-03","2.01",",,W","0.00","T,,W,2400",,,,
"USW00014609","46.1185","-67.7928","145.1","2021-11-04","1.12",",,W","0.00",",,W,2400",,,,
"USW00014609","46.1185","-67.7928","145.1","2021-11-05","1.79",",,W","0.00",",,W,2400",,,,
"USW00014609","46.1185","-67.7928","145.1","2021-11-06","5.82",",,W","0.00",",,W,2400",,,,
"USW00014609","46.1185","-67.7928","145.1","2021-11-07","5.37",",,W","0.00",",,W,2400",,,,
"USW00014609","46.1185","-67.7928","145.1","2021-11-08","2.24",",,W","0.00",",,W,2400",,,,
"USW00014609","46.1185","-67.7928","145.1","2021-11-09","4.03",",,W","0.00",",,W,2400",,,,
"USW00014609","46.1185","-67.7928","145.1","2021-11-10","2.01",",,W","0.00","T,,W,2400",,,,
"USW00014609","46.1185","-67.7928","145.1","2021-11-11","2.91",",,W","0.00",",,W,2400",,,,
"USW00014609","46.1185","-67.7928","145.1","2021-11-12","9.84",",,W","0.40",",,W,2400",,,,
"USW00014609","46.1185","-67.7928","145.1","2021-11-13","3.13",",,W","0.06",",,W,2400",,,,
"USW00014609","46.1185","-67.7928","145.1","2021-11-14","5.37",",,W","0.09",",,W,2400",,,,
"USW00014609","46.1185","-67.7928","145.1","2021-11-15","5.82",",,W","0.30",",,W,2400",,,,
"USW00014609","46.1185","-67.7928","145.1","2021-11-16","11.41",",,W","0.00","T,,W,2400",,,,
"USW00014609","46.1185","-67.7928","145.1","2021-11-17","6.71",",,W","0.04",",,W,2400",,,,
"USW00014609","46.1185","-67.7928","145.1","2021-11-18","7.16",",,W","0.24",",,W,2400",,,,
"USW00014609","46.1185","-67.7928","145.1","2021-11-19","7.83",",,W","0.21",",,W,2400",,,,
"USW00014609","46.1185","-67.7928","145.1","2021-11-20","5.82",",,W","0.00",",,W,2400",,,,
"USW00014609","46.1185","-67.7928","145.1","2021-11-21","5.82",",,W","0.04",",,W,2400",,,,
"USW00014609","46.1185","-67.7928","145.1","2021-11-22","8.05",",,W","0.84",",,W,2400",,,,
"USW00014609","46.1185","-67.7928","145.1","2021-11-23","10.07",",,W","0.00",",,W,2400",,,,
"USW00014609","46.1185","-67.7928","145.1","2021-11-24","14.32",",,W","0.00",",,W,2400",,,,
"USW00014609","46.1185","-67.7928","145.1","2021-11-25","5.82",",,W","0.00",",,D,2400",,,,
"USW00014609","46.1185","-67.7928","145.1","2021-11-26","1.57",",,W","0.12",",,D,2400",,,,
"USW00014609","46.1185","-67.7928","145.1","2021-11-27","11.18",",,W","0.03",",,D,2400",,,,
"USW00014609","46.1185","-67.7928","145.1","2021-11-28","7.16",",,W","0.00",",,D,2400",,,,
"US1MELN0026","43.887802","-69.669032","14.6","2021-08-05",,,,,,,,
"US1MELN0026","43.887802","-69.669032","14.6","2021-08-22",,,"0.02",",,N",,,,
"US1MELN0026","43.887802","-69.669032","14.6","2021-08-23",,,"0.25",",,N",,,,
"US1MELN0026","43.887802","-69.669032","14.6","2021-08-24",,,"0.10",",,N",,,,
"US1MELN0026","43.887802","-69.669032","14.6","2021-09-01",,,"0.00",",,N","0.0",",,N",,
"US1MELN0026","43.887802","-69.669032","14.6","2021-09-02",,,"1.61",",,N",,,,
"US1MELN0026","43.887802","-69.669032","14.6","2021-09-03",,,"0.08",",,N",,,,
"US1MELN0026","43.887802","-69.669032","14.6","2021-09-04",,,"0.02",",,N",,,,
"US1MELN0026","43.887802","-69.669032","14.6","2021-09-06",,,"0.12",",,N",,,,
"US1MELN0026","43.887802","-69.669032","14.6","2021-09-07",,,"0.12",",,N",,,,
"US1MELN0026","43.887802","-69.669032","14.6","2021-09-08",,,"0.01",",,N",,,,
"US1MELN0026","43.887802","-69.669032","14.6","2021-09-09",,,"0.02",",,N",,,,
"US1MELN0026","43.887802","-69.669032","14.6","2021-09-10",,,"0.97",",,N",,,,
"US1MELN0026","43.887802","-69.669032","14.6","2021-09-11",,,"0.02",",,N",,,,
"US1MELN0026","43.887802","-69.669032","14.6","2021-09-12",,,"0.00",",,N","0.0",",,N",,
"US1MELN0026","43.887802","-69.669032","14.6","2021-09-18",,,,,,,,
"US1MELN0026","43.887802","-69.669032","14.6","2021-09-20",,,"0.00",",,N","0.0",",,N",,
"US1MELN0026","43.887802","-69.669032","14.6","2021-09-22",,,"0.10",",,N",,,,
"US1MELN0026","43.887802","-69.669032","14.6","2021-09-25",,,,,,,,
"US1MELN0026","43.887802","-69.669032","14.6","2021-09-26",,,"3.12",",,N",,,,
"US1MELN0026","43.887802","-69.669032","14.6","2021-10-07",,,,,,,,
"US1MELN0026","43.887802","-69.669032","14.6","2021-10-16",,,"0.62",",,N",,,,
"US1MELN0026","43.887802","-69.669032","14.6","2021-10-17",,,"0.89",",,N",,,,
"US1MELN0026","43.887802","-69.669032","14.6","2021-10-26",,,"0.31",",,N",,,,
"US1MELN0026","43.887802","-69.669032","14.6","2021-10-30",,,"0.07",",,N",,,,
"US1MELN0026","43.887802","-69.669032","14.6","2021-10-31",,,"3.59",",,N",,,,
"US1MELN0026","43.887802","-69.669032","14.6","2021-11-01",,,"0.01",",,N",,,,
"US1MELN0026","43.887802","-69.669032","14.6","2021-11-13",,,"1.14",",,N",,,,
"US1MELN0026","43.887802","-69.669032","14.6","2021-11-14",,,"0.44",",,N",,,,
"US1MELN0026","43.887802","-69.669032","14.6","2021-11-22",,,"1.15",",,N",,,,
"US1MELN0026","43.887802","-69.669032","14.6","2021-11-27",,,"0.62",",,N",,,,
"US1LAEB0033","30.41175795066","-91.17856800556","21.9","2021-08-03",,,,,,,,
"US1LAEB0033","30.41175795066","-91.17856800556","21.9","2021-08-04",,,"0.84",",,N",,,,
"US1LAEB0033","30.41175795066","-91.17856800556","21.9","2021-08-05",,,"0.00",",,N","0.0",",,N",,
"US1LAEB0033","30.41175795066","-91.17856800556","21.9","2021-08-06",,,"0.00",",,N","0.0",",,N",,
"US1LAEB0033","30.41175795066","-91.17856800556","21.9","2021-08-07",,,"0.00",",,N","0.0",",,N",,
"US1LAEB0033","30.41175795066","-91.17856800556","21.9","2021-08-08",,,"0.00",",,N","0.0",",,N",,
"US1LAEB0033","30.41175795066","-91.17856800556","21.9","2021-08-10",,,,,,,,
"US1LAEB0033","30.41175795066","-91.17856800556","21.9","2021-08-11",,,"0.00",",,N","0.0",",,N",,
"US1LAEB0033","30.41175795066","-91.17856800556","21.9","2021-08-12",,,"0.85",",,N",,,,
"US1LAEB0033","30.41175795066","-91.17856800556","21.9","2021-08-13",,,"0.47",",,N",,,,
"US1LAEB0033","30.41175795066","-91.17856800556","21.9","2021-08-14",,,"0.45",",,N",,,,
"US1LAEB0033","30.41175795066","-91.17856800556","21.9","2021-08-15",,,"0.00",",,N","0.0",",,N",,
"US1LAEB0033","30.41175795066","-91.17856800556","21.9","2021-08-16",,,"0.00",",,N","0.0",",,N",,
"US1LAEB0033","30.41175795066","-91.17856800556","21.9","2021-08-17",,,"0.02",",,N",,,,
"US1LAEB0033","30.41175795066","-91.17856800556","21.9","2021-08-18",,,"0.04",",,N",,,,
"US1LAEB0033","30.41175795066","-91.17856800556","21.9","2021-08-19",,,"0.43",",,N",,,,
"US1LAEB0033","30.41175795066","-91.17856800556","21.9","2021-08-20",,,"0.02",",,N",,,,
"US1LAEB0033","30.41175795066","-91.17856800556","21.9","2021-08-21",,,"0.00",",,N","0.0",",,N",,
"US1LAEB0033","30.41175795066","-91.17856800556","21.9","2021-08-22",,,"0.00",",,N","0.0",",,N",,
"US1LAEB0033","30.41175795066","-91.17856800556","21.9","2021-08-23",,,"0.00",",,N","0.0",",,N",,
"US1LAEB0033","30.41175795066","-91.17856800556","21.9","2021-08-24",,,"0.01",",,N",,,,
"US1LAEB0033","30.41175795066","-91.17856800556","21.9","2021-08-25",,,"0.46",",,N",,,,
"US1LAEB0033","30.41175795066","-91.17856800556","21.9","2021-08-26",,,"1.58",",,N",,,,
"US1LAEB0033","30.41175795066","-91.17856800556","21.9","2021-08-27",,,"0.00",",,N","0.0",",,N",,
"US1LAEB0033","30.41175795066","-91.17856800556","21.9","2021-08-28",,,"0.12",",,N",,,,
"US1LAEB0033","30.41175795066","-91.17856800556","21.9","2021-08-29",,,"0.49",",,N",,,,
"US1LAEB0033","30.41175795066","-91.17856800556","21.9","2021-08-30",,,"1.25",",,N",,,,
"US1LAEB0033","30.41175795066","-91.17856800556","21.9","2021-08-31",,,"0.21",",,N",,,,
"US1LAEB0033","30.41175795066","-91.17856800556","21.9","2021-09-01",,,"0.38",",,N",,,,
"US1LAEB0033","30.41175795066","-91.17856800556","21.9","2021-09-02",,,"0.00",",,N","0.0",",,N",,
"US1LAEB0033","30.41175795066","-91.17856800556","21.9","2021-09-03",,,"0.00",",,N","0.0",",,N",,
"US1LAEB0033","30.41175795066","-91.17856800556","21.9","2021-09-04",,,"0.00",",,N","0.0",",,N",,
"US1LAEB0033","30.41175795066","-91.17856800556","21.9","2021-09-05",,,"0.00",",,N","0.0",",,N",,
"US1LAEB0033","30.41175795066","-91.17856800556","21.9","2021-09-06",,,"0.00","T,,N",,,,
"US1LAEB0033","30.41175795066","-91.17856800556","21.9","2021-09-07",,,"0.00",",,N","0.0",",,N",,
"US1LAEB0033","30.41175795066","-91.17856800556","21.9","2021-09-08",,,"0.00",",,N","0.0",",,N",,
"US1LAEB0033","30.41175795066","-91.17856800556","21.9","2021-09-09",,,"0.00",",,N","0.0",",,N",,
"US1LAEB0033","30.41175795066","-91.17856800556","21.9","2021-09-10",,,"0.00",",,N","0.0",",,N",,
"US1LAEB0033","30.41175795066","-91.17856800556","21.9","2021-09-11",,,"0.00",",,N","0.0",",,N",,
"US1LAEB0033","30.41175795066","-91.17856800556","21.9","2021-09-12",,,"0.00",",,N","0.0",",,N",,
"US1LAEB0033","30.41175795066","-91.17856800556","21.9","2021-09-13",,,"0.08",",,N",,,,
"US1LAEB0033","30.41175795066","-91.17856800556","21.9","2021-09-14",,,"2.70",",,N",,,,
"US1LAEB0033","30.41175795066","-91.17856800556","21.9","2021-09-15",,,"3.70",",,N",,,,
"US1LAEB0033","30.41175795066","-91.17856800556","21.9","2021-09-16",,,"3.93",",,N",,,,
"US1LAEB0033","30.41175795066","-91.17856800556","21.9","2021-09-17",,,"0.01",",,N",,,,
"US1LAEB0033","30.41175795066","-91.17856800556","21.9","2021-09-18",,,"0.24",",,N",,,,
"US1LAEB0033","30.41175795066","-91.17856800556","21.9","2021-09-19",,,"0.07",",,N",,,,
"US1LAEB0033","30.41175795066","-91.17856800556","21.9","2021-09-20",,,"0.00",",,N","0.0",",,N",,
"US1LAEB0033","30.41175795066","-91.17856800556","21.9","2021-09-21",,,"0.00",",,N","0.0",",,N",,
"US1LAEB0033","30.41175795066","-91.17856800556","21.9","2021-09-22",,,"0.10",",,N",,,,
"US1LAEB0033","30.41175795066","-91.17856800556","21.9","2021-09-23",,,"0.00",",,N","0.0",",,N",,
"US1LAEB0033","30.41175795066","-91.17856800556","21.9","2021-09-24",,,"0.00",",,N","0.0",",,N",,
"US1LAEB0033","30.41175795066","-91.17856800556","21.9","2021-09-25",,,"0.00",",,N","0.0",",,N",,
"US1LAEB0033","30.41175795066","-91.17856800556","21.9","2021-09-26",,,"0.00",",,N","0.0",",,N",,
"US1LAEB0033","30.41175795066","-91.17856800556","21.9","2021-09-27",,,"0.00",",,N","0.0",",,N",,
"US1LAEB0033","30.41175795066","-91.17856800556","21.9","2021-09-28",,,"0.01",",,N",,,,
"US1LAEB0033","30.41175795066","-91.17856800556","21.9","2021-09-29",,,"0.54",",,N",,,,
"US1LAEB0033","30.41175795066","-91.17856800556","21.9","2021-09-30",,,"0.51",",,N",,,,
"US1LAEB0033","30.41175795066","-91.17856800556","21.9","2021-10-01",,,"1.32",",,N",,,,
"US1LAEB0033","30.41175795066","-91.17856800556","21.9","2021-10-02",,,"0.16",",,N",,,,
"US1LAEB0033","30.41175795066","-91.17856800556","21.9","2021-10-03",,,"0.13",",,N",,,,
"US1LAEB0033","30.41175795066","-91.17856800556","21.9","2021-10-04",,,"0.00",",,N","0.0",",,N",,
"US1LAEB0033","30.41175795066","-91.17856800556","21.9","2021-10-05",,,"0.00",",,N","0.0",",,N",,
"US1LAEB0033","30.41175795066","-91.17856800556","21.9","2021-10-06",,,"0.00","T,,N","0.0",",,N",,
"US1LAEB0033","30.41175795066","-91.17856800556","21.9","2021-10-07",,,"0.00",",,N","0.0",",,N",,
"US1LAEB0033","30.41175795066","-91.17856800556","21.9","2021-10-08",,,"0.00",",,N","0.0",",,N",,
"US1LAEB0033","30.41175795066","-91.17856800556","21.9","2021-10-09",,,"0.00",",,N","0.0",",,N",,
"US1LAEB0033","30.41175795066","-91.17856800556","21.9","2021-10-10",,,"0.00",",,N","0.0",",,N",,
"US1LAEB0033","30.41175795066","-91.17856800556","21.9","2021-10-11",,,"0.00",",,N","0.0",",,N",,
"US1LAEB0033","30.41175795066","-91.17856800556","21.9","2021-10-12",,,"0.00",",,N","0.0",",,N",,
"US1LAEB0033","30.41175795066","-91.17856800556","21.9","2021-10-13",,,"0.00",",,N","0.0",",,N",,
"US1LAEB0033","30.41175795066","-91.17856800556","21.9","2021-10-14",,,"0.00",",,N","0.0",",,N",,
"US1LAEB0033","30.41175795066","-91.17856800556","21.9","2021-10-15",,,"0.00",",,N","0.0",",,N",,
"US1LAEB0033","30.41175795066","-91.17856800556","21.9","2021-10-16",,,"0.00",",,N","0.0",",,N",,
"US1LAEB0033","30.41175795066","-91.17856800556","21.9","2021-10-17",,,"0.00",",,N","0.0",",,N",,
"US1LAEB0033","30.41175795066","-91.17856800556","21.9","2021-10-18",,,"0.00",",,N","0.0",",,N",,
"US1LAEB0033","30.41175795066","-91.17856800556","21.9","2021-10-19",,,"0.00",",,N","0.0",",,N",,
"US1LAEB0033","30.41175795066","-91.17856800556","21.9","2021-10-20",,,"0.00",",,N","0.0",",,N",,
"US1LAEB0033","30.41175795066","-91.17856800556","21.9","2021-10-21",,,"0.05",",,N",,,,
"US1LAEB0033","30.41175795066","-91.17856800556","21.9","2021-10-22",,,"0.00",",,N","0.0",",,N",,
"US1LAEB0033","30.41175795066","-91.17856800556","21.9","2021-10-23",,,"0.00",",,N","0.0",",,N",,
"US1LAEB0033","30.41175795066","-91.17856800556","21.9","2021-10-24",,,"0.00",",,N","0.0",",,N",,
"US1LAEB0033","30.41175795066","-91.17856800556","21.9","2021-10-25",,,"0.19",",,N",,,,
"US1LAEB0033","30.41175795066","-91.17856800556","21.9","2021-10-26",,,"0.00",",,N","0.0",",,N",,
"US1LAEB0033","30.41175795066","-91.17856800556","21.9","2021-10-27",,,"0.00",",,N","0.0",",,N",,
"US1LAEB0033","30.41175795066","-91.17856800556","21.9","2021-10-28",,,"1.31",",,N",,,,
"US1LAEB0033","30.41175795066","-91.17856800556","21.9","2021-10-29",,,"0.00",",,N","0.0",",,N",,
"US1LAEB0033","30.41175795066","-91.17856800556","21.9","2021-10-30",,,"0.00",",,N","0.0",",,N",,
"US1LAEB0033","30.41175795066","-91.17856800556","21.9","2021-10-31",,,"0.00",",,N","0.0",",,N",,
"US1LAEB0033","30.41175795066","-91.17856800556","21.9","2021-11-01",,,"0.00",",,N","0.0",",,N",,
"US1LAEB0033","30.41175795066","-91.17856800556","21.9","2021-11-02",,,"0.00",",,N","0.0",",,N",,
"US1LAEB0033","30.41175795066","-91.17856800556","21.9","2021-11-03",,,"0.00",",,N","0.0",",,N",,
"US1LAEB0033","30.41175795066","-91.17856800556","21.9","2021-11-04",,,"0.00",",,N","0.0",",,N",,
"US1LAEB0033","30.41175795066","-91.17856800556","21.9","2021-11-05",,,"0.00",",,N","0.0",",,N",,
"US1LAEB0033","30.41175795066","-91.17856800556","21.9","2021-11-06",,,"0.00",",,N","0.0",",,N",,
"US1LAEB0033","30.41175795066","-91.17856800556","21.9","2021-11-07",,,"0.00",",,N","0.0",",,N",,
"US1LAEB0033","30.41175795066","-91.17856800556","21.9","2021-11-08",,,"0.00",",,N","0.0",",,N",,
"US1LAEB0033","30.41175795066","-91.17856800556","21.9","2021-11-09",,,"0.00",",,N","0.0",",,N",,
"US1LAEB0033","30.41175795066","-91.17856800556","21.9","2021-11-10",,,"0.00",",,N","0.0",",,N",,
"US1LAEB0033","30.41175795066","-91.17856800556","21.9","2021-11-11",,,"0.33",",,N",,,,
"US1LAEB0033","30.41175795066","-91.17856800556","21.9","2021-11-12",,,"0.10",",,N",,,,
"US1LAEB0033","30.41175795066","-91.17856800556","21.9","2021-11-13",,,"0.00",",,N","0.0",",,N",,
"US1LAEB0033","30.41175795066","-91.17856800556","21.9","2021-11-14",,,"0.00",",,N","0.0",",,N",,
"US1LAEB0033","30.41175795066","-91.17856800556","21.9","2021-11-15",,,"0.00",",,N","0.0",",,N",,
"US1LAEB0033","30.41175795066","-91.17856800556","21.9","2021-11-16",,,"0.00",",,N","0.0",",,N",,
"US1LAEB0033","30.41175795066","-91.17856800556","21.9","2021-11-17",,,"0.00",",,N","0.0",",,N",,
"US1LAEB0033","30.41175795066","-91.17856800556","21.9","2021-11-18",,,"0.09",",,N",,,,
"US1LAEB0033","30.41175795066","-91.17856800556","21.9","2021-11-19",,,"0.00",",,N","0.0",",,N",,
"US1LAEB0033","30.41175795066","-91.17856800556","21.9","2021-11-20",,,"0.00",",,N","0.0",",,N",,
"US1LAEB0033","30.41175795066","-91.17856800556","21.9","2021-11-21",,,"0.00",",,N","0.0",",,N",,
"US1LAEB0033","30.41175795066","-91.17856800556","21.9","2021-11-22",,,"0.39",",,N",,,,
"US1LAEB0033","30.41175795066","-91.17856800556","21.9","2021-11-23",,,"0.00",",,N","0.0",",,N",,
"US1LAEB0033","30.41175795066","-91.17856800556","21.9","2021-11-24",,,"0.00",",,N","0.0",",,N",,
"US1LAEB0033","30.41175795066","-91.17856800556","21.9","2021-11-25",,,"0.00",",,N","0.0",",,N",,
"US1LAEB0033","30.41175795066","-91.17856800556","21.9","2021-11-26",,,"0.39",",,N",,,,
"US1LAEB0033","30.41175795066","-91.17856800556","21.9","2021-11-27",,,"0.00",",,N","0.0",",,N",,
"US1LAEB0033","30.41175795066","-91.17856800556","21.9","2021-11-28",,,"0.03",",,N",,,,
"US1LAOR0009","30.01515","-90.065586","0.6","2021-08-01",,,"0.00",",,N","0.0",",,N",,
"US1LAOR0009","30.01515","-90.065586","0.6","2021-08-02",,,"0.14",",,N",,,,
"US1LAOR0009","30.01515","-90.065586","0.6","2021-08-04",,,,,,,,
"US1LAOR0009","30.01515","-90.065586","0.6","2021-08-05",,,"0.00",",,N","0.0",",,N",,
"US1LAOR0009","30.01515","-90.065586","0.6","2021-08-06",,,"0.00",",,N","0.0",",,N",,
"US1LAOR0009","30.01515","-90.065586","0.6","2021-08-07",,,"0.00",",,N","0.0",",,N",,
"US1LAOR0009","30.01515","-90.065586","0.6","2021-08-08",,,"0.00",",,N","0.0",",,N",,
"US1LAOR0009","30.01515","-90.065586","0.6","2021-08-09",,,"0.00",",,N","0.0",",,N",,
"US1LAOR0009","30.01515","-90.065586","0.6","2021-08-10",,,"0.22",",,N",,,,
"US1LAOR0009","30.01515","-90.065586","0.6","2021-08-11",,,"0.00",",,N","0.0",",,N",,
"US1LAOR0009","30.01515","-90.065586","0.6","2021-08-12",,,"0.68",",,N",,,,
"US1LAOR0009","30.01515","-90.065586","0.6","2021-08-13",,,"0.11",",,N",,,,
"US1LAOR0009","30.01515","-90.065586","0.6","2021-08-14",,,"0.08",",,N",,,,
"US1LAOR0009","30.01515","-90.065586","0.6","2021-08-15",,,"0.00",",,N","0.0",",,N",,
"US1LAOR0009","30.01515","-90.065586","0.6","2021-08-16",,,"0.00",",,N","0.0",",,N",,
"US1LAOR0009","30.01515","-90.065586","0.6","2021-08-17",,,"0.00",",,N","0.0",",,N",,
"US1LAOR0009","30.01515","-90.065586","0.6","2021-08-18",,,"0.71",",,N",,,,
"US1LAOR0009","30.01515","-90.065586","0.6","2021-08-19",,,"0.00",",,N","0.0",",,N",,
"US1LAOR0009","30.01515","-90.065586","0.6","2021-08-20",,,"0.04",",,N",,,,
"US1LAOR0009","30.01515","-90.065586","0.6","2021-08-21",,,"0.00",",,N","0.0",",,N",,
"US1LAOR0009","30.01515","-90.065586","0.6","2021-08-22",,,"0.00",",,N","0.0",",,N",,
"US1LAOR0009","30.01515","-90.065586","0.6","2021-08-23",,,"0.00",",,N","0.0",",,N",,
"US1LAOR0009","30.01515","-90.065586","0.6","2021-08-24",,,"0.05",",,N",,,,
"US1LAOR0009","30.01515","-90.065586","0.6","2021-08-25",,,"0.00",",,N","0.0",",,N",,
"US1LAOR0009","30.01515","-90.065586","0.6","2021-08-26",,,"0.01",",,N",,,,
"US1LAOR0009","30.01515","-90.065586","0.6","2021-08-27",,,"1.32",",,N",,,,
"US1LAOR0009","30.01515","-90.065586","0.6","2021-08-28",,,"0.47",",,N",,,,
"US1LAOR0009","30.01515","-90.065586","0.6","2021-09-02",,,,,,,,
"US1LAOR0009","30.01515","-90.065586","0.6","2021-09-03",,,"0.06",",,N",,,,
"US1LAOR0009","30.01515","-90.065586","0.6","2021-09-04",,,"0.00",",,N","0.0",",,N",,
"US1LAOR0009","30.01515","-90.065586","0.6","2021-09-05",,,"0.00",",,N","0.0",",,N",,
"US1LAOR0009","30.01515","-90.065586","0.6","2021-09-06",,,"0.00",",,N","0.0",",,N",,
"US1LAOR0009","30.01515","-90.065586","0.6","2021-09-07",,,"0.02",",,N",,,,
"US1LAOR0009","30.01515","-90.065586","0.6","2021-09-08",,,"0.87",",,N",,,,
"US1LAOR0009","30.01515","-90.065586","0.6","2021-09-09",,,"0.00",",,N","0.0",",,N",,
"US1LAOR0009","30.01515","-90.065586","0.6","2021-09-10",,,"0.00",",,N","0.0",",,N",,
"US1LAOR0009","30.01515","-90.065586","0.6","2021-09-11",,,"0.00",",,N","0.0",",,N",,
"US1LAOR0009","30.01515","-90.065586","0.6","2021-09-12",,,"0.00",",,N","0.0",",,N",,
"US1LAOR0009","30.01515","-90.065586","0.6","2021-09-13",,,"0.09",",,N",,,,
"US1LAOR0009","30.01515","-90.065586","0.6","2021-09-14",,,"0.09",",,N",,,,
"US1LAOR0009","30.01515","-90.065586","0.6","2021-09-15",,,"4.35",",,N",,,,
"US1LAOR0009","30.01515","-90.065586","0.6","2021-09-16",,,"1.28",",,N",,,,
"US1LAOR0009","30.01515","-90.065586","0.6","2021-09-17",,,"0.00",",,N","0.0",",,N",,
"US1LAOR0009","30.01515","-90.065586","0.6","2021-09-18",,,"0.04",",,N",,,,
"US1LAOR0009","30.01515","-90.065586","0.6","2021-09-19",,,"0.22",",,N",,,,
"US1LAOR0009","30.01515","-90.065586","0.6","2021-09-20",,,"0.10",",,N",,,,
"US1LAOR0009","30.01515","-90.065586","0.6","2021-09-21",,,"0.30",",,N",,,,
"US1LAOR0009","30.01515","-90.065586","0.6","2021-09-22",,,"0.01",",,N",,,,
"US1LAOR0009","30.01515","-90.065586","0.6","2021-09-23",,,"0.00",",,N","0.0",",,N",,
"US1LAOR0009","30.01515","-90.065586","0.6","2021-09-24",,,"0.00",",,N","0.0",",,N",,
"US1LAOR0009","30.01515","-90.065586","0.6","2021-09-25",,,"0.00",",,N","0.0",",,N",,
"US1LAOR0009","30.01515","-90.065586","0.6","2021-09-26",,,"0.00",",,N","0.0",",,N",,
"US1LAOR0009","30.01515","-90.065586","0.6","2021-09-27",,,"0.00",",,N","0.0",",,N",,
"US1LAOR0009","30.01515","-90.065586","0.6","2021-09-28",,,"0.02",",,N",,,,
"US1LAOR0009","30.01515","-90.065586","0.6","2021-09-29",,,"0.84",",,N",,,,
"US1LAOR0009","30.01515","-90.065586","0.6","2021-09-30",,,"1.91",",,N",,,,
"US1LAOR0009","30.01515","-90.065586","0.6","2021-10-01",,,"0.00",",,N","0.0",",,N",,
"US1LAOR0009","30.01515","-90.065586","0.6","2021-10-02",,,"0.00",",,N","0.0",",,N",,
"US1LAOR0009","30.01515","-90.065586","0.6","2021-10-03",,,"0.35",",,N",,,,
"US1LAOR0009","30.01515","-90.065586","0.6","2021-10-04",,,"1.30",",,N",,,,
"US1LAOR0009","30.01515","-90.065586","0.6","2021-10-05",,,"0.05",",,N",,,,
"US1LAOR0009","30.01515","-90.065586","0.6","2021-10-06",,,"0.00",",,N","0.0",",,N",,
"US1LAOR0009","30.01515","-90.065586","0.6","2021-10-07",,,"0.00",",,N","0.0",",,N",,
"US1LAOR0009","30.01515","-90.065586","0.6","2021-10-08",,,"0.00",",,N","0.0",",,N",,
"US1LAOR0009","30.01515","-90.065586","0.6","2021-10-09",,,"0.00",",,N","0.0",",,N",,
"US1LAOR0009","30.01515","-90.065586","0.6","2021-10-10",,,"0.00",",,N","0.0",",,N",,
"US1LAOR0009","30.01515","-90.065586","0.6","2021-10-11",,,"0.00",",,N","0.0",",,N",,
"US1LAOR0009","30.01515","-90.065586","0.6","2021-10-12",,,"0.00",",,N","0.0",",,N",,
"US1LAOR0009","30.01515","-90.065586","0.6","2021-10-13",,,"0.00",",,N","0.0",",,N",,
"US1LAOR0009","30.01515","-90.065586","0.6","2021-10-14",,,"0.00",",,N","0.0",",,N",,
"US1LAOR0009","30.01515","-90.065586","0.6","2021-10-15",,,"0.00",",,N","0.0",",,N",,
"US1LAOR0009","30.01515","-90.065586","0.6","2021-10-16",,,"0.00",",,N","0.0",",,N",,
"US1LAOR0009","30.01515","-90.065586","0.6","2021-10-17",,,"0.00",",,N","0.0",",,N",,
"US1LAOR0009","30.01515","-90.065586","0.6","2021-10-18",,,"0.00",",,N","0.0",",,N",,
"US1LAOR0009","30.01515","-90.065586","0.6","2021-10-19",,,"0.00",",,N","0.0",",,N",,
"US1LAOR0009","30.01515","-90.065586","0.6","2021-10-20",,,"0.00",",,N","0.0",",,N",,
"US1LAOR0009","30.01515","-90.065586","0.6","2021-10-21",,,"0.00",",,N","0.0",",,N",,
"US1LAOR0009","30.01515","-90.065586","0.6","2021-10-22",,,"0.00",",,N","0.0",",,N",,
"US1LAOR0009","30.01515","-90.065586","0.6","2021-10-23",,,"0.00",",,N","0.0",",,N",,
"US1LAOR0009","30.01515","-90.065586","0.6","2021-10-24",,,"0.00",",,N","0.0",",,N",,
"US1LAOR0009","30.01515","-90.065586","0.6","2021-10-25",,,"0.00",",,N","0.0",",,N",,
"US1LAOR0009","30.01515","-90.065586","0.6","2021-10-26",,,"0.00",",,N","0.0",",,N",,
"US1LAOR0009","30.01515","-90.065586","0.6","2021-10-27",,,"0.00",",,N","0.0",",,N",,
"US1LAOR0009","30.01515","-90.065586","0.6","2021-10-28",,,"1.33",",,N",,,,
"US1LAOR0009","30.01515","-90.065586","0.6","2021-10-29",,,"0.00",",,N","0.0",",,N",,
"US1LAOR0009","30.01515","-90.065586","0.6","2021-10-30",,,"0.00",",,N","0.0",",,N",,
"US1LAOR0009","30.01515","-90.065586","0.6","2021-10-31",,,"0.00",",,N","0.0",",,N",,
"US1LAOR0009","30.01515","-90.065586","0.6","2021-11-01",,,"0.00",",,N","0.0",",,N",,
"US1LAOR0009","30.01515","-90.065586","0.6","2021-11-02",,,"0.00",",,N","0.0",",,N",,
"US1LAOR0009","30.01515","-90.065586","0.6","2021-11-03",,,"0.00",",,N","0.0",",,N",,
"US1LAOR0009","30.01515","-90.065586","0.6","2021-11-04",,,"0.00",",,N","0.0",",,N",,
"US1LAOR0009","30.01515","-90.065586","0.6","2021-11-05",,,"0.00",",,N","0.0",",,N",,
"US1LAOR0009","30.01515","-90.065586","0.6","2021-11-06",,,"0.00",",,N","0.0",",,N",,
"US1LAOR0009","30.01515","-90.065586","0.6","2021-11-07",,,"0.00",",,N","0.0",",,N",,
"US1LAOR0009","30.01515","-90.065586","0.6","2021-11-08",,,"0.00",",,N","0.0",",,N",,
"US1LAOR0009","30.01515","-90.065586","0.6","2021-11-09",,,"0.00",",,N","0.0",",,N",,
"US1LAOR0009","30.01515","-90.065586","0.6","2021-11-10",,,"0.00",",,N","0.0",",,N",,
"US1LAOR0009","30.01515","-90.065586","0.6","2021-11-11",,,"0.00",",,N","0.0",",,N",,
"US1LAOR0009","30.01515","-90.065586","0.6","2021-11-12",,,"0.00",",,N","0.0",",,N",,
"US1LAOR0009","30.01515","-90.065586","0.6","2021-11-13",,,"0.00",",,N","0.0",",,N",,
"US1LAOR0009","30.01515","-90.065586","0.6","2021-11-14",,,"0.00",",,N","0.0",",,N",,
"US1LAOR0009","30.01515","-90.065586","0.6","2021-11-15",,,"0.00",",,N","0.0",",,N",,
"US1LAOR0009","30.01515","-90.065586","0.6","2021-11-16",,,"0.00",",,N","0.0",",,N",,
"US1LAOR0009","30.01515","-90.065586","0.6","2021-11-17",,,"0.00",",,N","0.0",",,N",,
"US1LAOR0009","30.01515","-90.065586","0.6","2021-11-18",,,"0.00",",,N","0.0",",,N",,
"US1LAOR0009","30.01515","-90.065586","0.6","2021-11-19",,,"0.08",",,N",,,,
"US1LAOR0009","30.01515","-90.065586","0.6","2021-11-20",,,"0.00",",,N","0.0",",,N",,
"US1LAOR0009","30.01515","-90.065586","0.6","2021-11-21",,,"0.00",",,N","0.0",",,N",,
"US1LAOR0009","30.01515","-90.065586","0.6","2021-11-22",,,"0.36",",,N",,,,
"US1LAOR0009","30.01515","-90.065586","0.6","2021-11-23",,,"0.00",",,N","0.0",",,N",,
"US1LAOR0009","30.01515","-90.065586","0.6","2021-11-24",,,"0.00",",,N","0.0",",,N",,
"US1LAOR0009","30.01515","-90.065586","0.6","2021-11-25",,,"0.00",",,N","0.0",",,N",,
"US1LAOR0009","30.01515","-90.065586","0.6","2021-11-26",,,"0.03",",,N",,,,
"US1LAOR0009","30.01515","-90.065586","0.6","2021-11-27",,,"0.00",",,N","0.0",",,N",,
"US1LAOR0009","30.01515","-90.065586","0.6","2021-11-28",,,"0.03",",,N",,,,
"US1LAEB0031","30.544074","-91.005026","27.1","2021-08-01",,,"0.20",",,N",,,,
"US1LAEB0031","30.544074","-91.005026","27.1","2021-08-02",,,"0.00",",,N","0.0",",,N",,
"US1LAEB0031","30.544074","-91.005026","27.1","2021-08-03",,,"2.43",",,N",,,,
"US1LAEB0031","30.544074","-91.005026","27.1","2021-08-04",,,"0.00",",,N","0.0",",,N",,
"US1LAEB0031","30.544074","-91.005026","27.1","2021-08-05",,,"0.00",",,N","0.0",",,N",,
"US1LAEB0031","30.544074","-91.005026","27.1","2021-08-06",,,"0.00",",,N","0.0",",,N",,
"US1LAEB0031","30.544074","-91.005026","27.1","2021-08-07",,,"0.00",",,N","0.0",",,N",,
"US1LAEB0031","30.544074","-91.005026","27.1","2021-08-08",,,"0.00",",,N","0.0",",,N",,
"US1LAEB0031","30.544074","-91.005026","27.1","2021-08-09",,,"0.04",",,N",,,,
"US1LAEB0031","30.544074","-91.005026","27.1","2021-08-10",,,"0.15",",,N",,,,
"US1LAEB0031","30.544074","-91.005026","27.1","2021-08-11",,,"0.00",",,N","0.0",",,N",,
"US1LAEB0031","30.544074","-91.005026","27.1","2021-08-12",,,"0.00",",,N","0.0",",,N",,
"US1LAEB0031","30.544074","-91.005026","27.1","2021-08-13",,,"0.21",",,N",,,,
"US1LAEB0031","30.544074","-91.005026","27.1","2021-08-14",,,"0.00",",,N","0.0",",,N",,
"US1LAEB0031","30.544074","-91.005026","27.1","2021-08-15",,,"0.00",",,N","0.0",",,N",,
"US1LAEB0031","30.544074","-91.005026","27.1","2021-08-16",,,"1.29",",,N",,,,
"US1LAEB0031","30.544074","-91.005026","27.1","2021-08-17",,,"0.00",",,N","0.0",",,N",,
"US1LAEB0031","30.544074","-91.005026","27.1","2021-08-18",,,"0.58",",,N",,,,
"US1LAEB0031","30.544074","-91.005026","27.1","2021-08-19",,,"0.03",",,N",,,,
"US1LAEB0031","30.544074","-91.005026","27.1","2021-08-20",,,"0.00",",,N","0.0",",,N",,
"US1LAEB0031","30.544074","-91.005026","27.1","2021-08-21",,,"0.00",",,N","0.0",",,N",,
"US1LAEB0031","30.544074","-91.005026","27.1","2021-08-22",,,"0.00",",,N","0.0",",,N",,
"US1LAEB0031","30.544074","-91.005026","27.1","2021-08-23",,,"0.00",",,N","0.0",",,N",,
"US1LAEB0031","30.544074","-91.005026","27.1","2021-08-24",,,"0.00",",,N","0.0",",,N",,
"US1LAEB0031","30.544074","-91.005026","27.1","2021-08-25",,,"0.27",",,N",,,,
"US1LAEB0031","30.544074","-91.005026","27.1","2021-08-26",,,"0.20",",,N",,,,
"US1LAEB0031","30.544074","-91.005026","27.1","2021-08-27",,,"0.06",",,N",,,,
"US1LAEB0031","30.544074","-91.005026","27.1","2021-08-28",,,"0.15",",,N",,,,
"US1LAEB0031","30.544074","-91.005026","27.1","2021-08-29",,,"0.10",",,N",,,,
"US1LAEB0031","30.544074","-91.005026","27.1","2021-08-30",,,"3.00",",,N",,,,
"US1LAEB0031","30.544074","-91.005026","27.1","2021-08-31",,,"0.35",",,N",,,,
"US1LAEB0031","30.544074","-91.005026","27.1","2021-09-01",,,"0.00",",,N","0.0",",,N",,
"US1LAEB0031","30.544074","-91.005026","27.1","2021-09-02",,,"0.00",",,N","0.0",",,N",,
"US1LAEB0031","30.544074","-91.005026","27.1","2021-09-03",,,"0.18",",,N",,,,
"US1LAEB0031","30.544074","-91.005026","27.1","2021-09-04",,,"0.00",",,N","0.0",",,N",,
"US1LAEB0031","30.544074","-91.005026","27.1","2021-09-05",,,"0.00",",,N","0.0",",,N",,
"US1LAEB0031","30.544074","-91.005026","27.1","2021-09-06",,,"0.00",",,N","0.0",",,N",,
"US1LAEB0031","30.544074","-91.005026","27.1","2021-09-07",,,"0.00",",,N","0.0",",,N",,
"US1LAEB0031","30.544074","-91.005026","27.1","2021-09-08",,,"0.81",",,N",,,,
"US1LAEB0031","30.544074","-91.005026","27.1","2021-09-09",,,"0.00",",,N","0.0",",,N",,
"US1LAEB0031","30.544074","-91.005026","27.1","2021-09-10",,,"0.00",",,N","0.0",",,N",,
"US1LAEB0031","30.544074","-91.005026","27.1","2021-09-11",,,"0.00",",,N","0.0",",,N",,
"US1LAEB0031","30.544074","-91.005026","27.1","2021-09-12",,,"0.00",",,N","0.0",",,N",,
"US1LAEB0031","30.544074","-91.005026","27.1","2021-09-13",,,"0.54",",,N",,,,
"US1LAEB0031","30.544074","-91.005026","27.1","2021-09-14",,,"0.31",",,N",,,,
"US1LAEB0031","30.544074","-91.005026","27.1","2021-09-15",,,"2.18",",,N",,,,
"US1LAEB0031","30.544074","-91.005026","27.1","2021-09-16",,,"0.78",",,N",,,,
"US1LAEB0031","30.544074","-91.005026","27.1","2021-09-17",,,"0.13",",,N",,,,
"US1LAEB0031","30.544074","-91.005026","27.1","2021-09-18",,,"0.08",",,N",,,,
"US1LAEB0031","30.544074","-91.005026","27.1","2021-09-19",,,"0.05",",,N",,,,
"US1LAEB0031","30.544074","-91.005026","27.1","2021-09-20",,,"0.00",",,N","0.0",",,N",,
"US1LAEB0031","30.544074","-91.005026","27.1","2021-09-21",,,"0.00",",,N","0.0",",,N",,
"US1LAEB0031","30.544074","-91.005026","27.1","2021-09-22",,,"0.00",",,N","0.0",",,N",,
"US1LAEB0031","30.544074","-91.005026","27.1","2021-09-23",,,"0.00",",,N","0.0",",,N",,
"US1LAEB0031","30.544074","-91.005026","27.1","2021-09-24",,,"0.00",",,N","0.0",",,N",,
"US1LAEB0031","30.544074","-91.005026","27.1","2021-09-25",,,"0.00",",,N","0.0",",,N",,
"US1LAEB0031","30.544074","-91.005026","27.1","2021-09-26",,,"0.00",",,N","0.0",",,N",,
"US1LAEB0031","30.544074","-91.005026","27.1","2021-09-27",,,"0.00",",,N","0.0",",,N",,
"US1LAEB0031","30.544074","-91.005026","27.1","2021-09-28",,,"0.00",",,N","0.0",",,N",,
"US1LAEB0031","30.544074","-91.005026","27.1","2021-09-29",,,"0.50",",,N",,,,
"US1LAEB0031","30.544074","-91.005026","27.1","2021-09-30",,,"1.18",",,N",,,,
"US1LAEB0031","30.544074","-91.005026","27.1","2021-10-01",,,"0.14",",,N",,,,
"US1LAEB0031","30.544074","-91.005026","27.1","2021-10-02",,,"0.10",",,N",,,,
"US1LAEB0031","30.544074","-91.005026","27.1","2021-10-03",,,"0.10",",,N",,,,
"US1LAEB0031","30.544074","-91.005026","27.1","2021-10-04",,,"0.13",",,N",,,,
"US1LAEB0031","30.544074","-91.005026","27.1","2021-10-05",,,"0.00",",,N","0.0",",,N",,
"US1LAEB0031","30.544074","-91.005026","27.1","2021-10-06",,,"0.00",",,N","0.0",",,N",,
"US1LAEB0031","30.544074","-91.005026","27.1","2021-10-07",,,"0.00",",,N","0.0",",,N",,
"US1LAEB0031","30.544074","-91.005026","27.1","2021-10-08",,,"0.00",",,N","0.0",",,N",,
"US1LAEB0031","30.544074","-91.005026","27.1","2021-10-09",,,"0.00",",,N","0.0",",,N",,
"US1LAEB0031","30.544074","-91.005026","27.1","2021-10-10",,,"0.00",",,N","0.0",",,N",,
"US1LAEB0031","30.544074","-91.005026","27.1","2021-10-11",,,"0.00",",,N","0.0",",,N",,
"US1LAEB0031","30.544074","-91.005026","27.1","2021-10-12",,,"0.00",",,N","0.0",",,N",,
"US1LAEB0031","30.544074","-91.005026","27.1","2021-10-13",,,"0.00",",,N","0.0",",,N",,
"US1LAEB0031","30.544074","-91.005026","27.1","2021-10-14",,,"0.00",",,N","0.0",",,N",,
"US1LAEB0031","30.544074","-91.005026","27.1","2021-10-15",,,"0.00",",,N","0.0",",,N",,
"US1LAEB0031","30.544074","-91.005026","27.1","2021-10-16",,,"0.00",",,N","0.0",",,N",,
"US1LAEB0031","30.544074","-91.005026","27.1","2021-10-17",,,"0.00",",,N","0.0",",,N",,
"US1LAEB0031","30.544074","-91.005026","27.1","2021-10-18",,,"0.00",",,N","0.0",",,N",,
"US1LAEB0031","30.544074","-91.005026","27.1","2021-10-19",,,"0.00",",,N","0.0",",,N",,
"US1LAEB0031","30.544074","-91.005026","27.1","2021-10-20",,,"0.00",",,N","0.0",",,N",,
"US1LAEB0031","30.544074","-91.005026","27.1","2021-10-21",,,"0.40",",,N",,,,
"US1LAEB0031","30.544074","-91.005026","27.1","2021-10-22",,,"0.00",",,N","0.0",",,N",,
"US1LAEB0031","30.544074","-91.005026","27.1","2021-10-23",,,"0.00",",,N","0.0",",,N",,
"US1LAEB0031","30.544074","-91.005026","27.1","2021-10-24",,,"0.00",",,N","0.0",",,N",,
"US1LAEB0031","30.544074","-91.005026","27.1","2021-10-25",,,"0.56",",,N",,,,
"US1LAEB0031","30.544074","-91.005026","27.1","2021-10-26",,,"0.00",",,N","0.0",",,N",,
"US1LAEB0031","30.544074","-91.005026","27.1","2021-10-27",,,"0.00",",,N","0.0",",,N",,
"US1LAEB0031","30.544074","-91.005026","27.1","2021-10-28",,,"1.58",",,N",,,,
"US1LAEB0031","30.544074","-91.005026","27.1","2021-10-29",,,"0.00",",,N","0.0",",,N",,
"US1LAEB0031","30.544074","-91.005026","27.1","2021-10-30",,,"0.00",",,N","0.0",",,N",,
"US1LAEB0031","30.544074","-91.005026","27.1","2021-10-31",,,"0.00",",,N","0.0",",,N",,
"US1LAEB0031","30.544074","-91.005026","27.1","2021-11-01",,,"0.00",",,N","0.0",",,N",,
"US1LAEB0031","30.544074","-91.005026","27.1","2021-11-02",,,"0.00",",,N","0.0",",,N",,
"US1LAEB0031","30.544074","-91.005026","27.1","2021-11-03",,,"0.00",",,N","0.0",",,N",,
"US1LAEB0031","30.544074","-91.005026","27.1","2021-11-04",,,"0.00",",,N","0.0",",,N",,
"US1LAEB0031","30.544074","-91.005026","27.1","2021-11-05",,,"0.00",",,N","0.0",",,N",,
"US1LAEB0031","30.544074","-91.005026","27.1","2021-11-06",,,"0.00",",,N","0.0",",,N",,
"US1LAEB0031","30.544074","-91.005026","27.1","2021-11-07",,,"0.00",",,N","0.0",",,N",,
"US1LAEB0031","30.544074","-91.005026","27.1","2021-11-08",,,"0.00",",,N","0.0",",,N",,
"US1LAEB0031","30.544074","-91.005026","27.1","2021-11-09",,,"0.00",",,N","0.0",",,N",,
"US1LAEB0031","30.544074","-91.005026","27.1","2021-11-10",,,"0.00",",,N","0.0",",,N",,
"US1LAEB0031","30.544074","-91.005026","27.1","2021-11-11",,,"0.03",",,N",,,,
"US1LAEB0031","30.544074","-91.005026","27.1","2021-11-12",,,"0.23",",,N",,,,
"US1LAEB0031","30.544074","-91.005026","27.1","2021-11-13",,,"0.00",",,N","0.0",",,N",,
"US1LAEB0031","30.544074","-91.005026","27.1","2021-11-14",,,"0.00",",,N","0.0",",,N",,
"US1LAEB0031","30.544074","-91.005026","27.1","2021-11-15",,,"0.00",",,N","0.0",",,N",,
"US1LAEB0031","30.544074","-91.005026","27.1","2021-11-16",,,"0.00",",,N","0.0",",,N",,
"US1LAEB0031","30.544074","-91.005026","27.1","2021-11-17",,,"0.00",",,N","0.0",",,N",,
"US1LAEB0031","30.544074","-91.005026","27.1","2021-11-18",,,"0.03",",,N",,,,
"US1LAEB0031","30.544074","-91.005026","27.1","2021-11-19",,,"0.00",",,N","0.0",",,N",,
"US1LAEB0031","30.544074","-91.005026","27.1","2021-11-20",,,"0.00",",,N","0.0",",,N",,
"US1LAEB0031","30.544074","-91.005026","27.1","2021-11-21",,,"0.00",",,N","0.0",",,N",,
"US1LAEB0031","30.544074","-91.005026","27.1","2021-11-22",,,"0.45",",,N","0.0",",,N",,
"US1LAEB0031","30.544074","-91.005026","27.1","2021-11-23",,,"0.00",",,N","0.0",",,N",,
"US1LAEB0031","30.544074","-91.005026","27.1","2021-11-24",,,"0.00",",,N","0.0",",,N",,
"US1LAEB0031","30.544074","-91.005026","27.1","2021-11-25",,,"0.00",",,N","0.0",",,N",,
"US1LAEB0031","30.544074","-91.005026","27.1","2021-11-26",,,"0.00",",,N","0.0",",,N",,
"US1LAEB0031","30.544074","-91.005026","27.1","2021-11-27",,,"0.00",",,N","0.0",",,N",,
"US1LAEB0031","30.544074","-91.005026","27.1","2021-11-28",,,"0.06",",,N",,,,
"US1LAOR0006","29.961679","-90.038803","2.4","2021-08-01",,,"0.00",",,N","0.0",",,N",,
"US1LAOR0006","29.961679","-90.038803","2.4","2021-08-04",,,,,,,,
"US1LAOR0006","29.961679","-90.038803","2.4","2021-08-05",,,"0.00",",,N","0.0",",,N",,
"US1LAOR0006","29.961679","-90.038803","2.4","2021-08-06",,,"0.00",",,N","0.0",",,N",,
"US1LAOR0006","29.961679","-90.038803","2.4","2021-08-07",,,"0.00",",,N","0.0",",,N",,
"US1LAOR0006","29.961679","-90.038803","2.4","2021-08-08",,,"0.00",",,N","0.0",",,N",,
"US1LAOR0006","29.961679","-90.038803","2.4","2021-08-09",,,"0.00",",,N","0.0",",,N",,
"US1LAOR0006","29.961679","-90.038803","2.4","2021-08-10",,,"0.50",",,N",,,,
"US1LAOR0006","29.961679","-90.038803","2.4","2021-08-11",,,"0.00",",,N","0.0",",,N",,
"US1LAOR0006","29.961679","-90.038803","2.4","2021-08-12",,,"0.00",",,N","0.0",",,N",,
"US1LAOR0006","29.961679","-90.038803","2.4","2021-08-13",,,"0.03",",,N",,,,
"US1LAOR0006","29.961679","-90.038803","2.4","2021-08-14",,,"0.18",",,N",,,,
"US1LAOR0006","29.961679","-90.038803","2.4","2021-08-15",,,"0.00",",,N","0.0",",,N",,
"US1LAOR0006","29.961679","-90.038803","2.4","2021-08-16",,,"0.00",",,N","0.0",",,N",,
"US1LAOR0006","29.961679","-90.038803","2.4","2021-08-17",,,"0.00",",,N","0.0",",,N",,
"US1LAOR0006","29.961679","-90.038803","2.4","2021-08-18",,,"1.13",",,N",,,,
"US1LAOR0006","29.961679","-90.038803","2.4","2021-08-19",,,"0.00",",,N","0.0",",,N",,
"US1LAOR0006","29.961679","-90.038803","2.4","2021-08-20",,,"0.00",",,N","0.0",",,N",,
"US1LAOR0006","29.961679","-90.038803","2.4","2021-08-21",,,"0.00",",,N","0.0",",,N",,
"US1LAOR0006","29.961679","-90.038803","2.4","2021-08-22",,,"0.00",",,N","0.0",",,N",,
"US1LAOR0006","29.961679","-90.038803","2.4","2021-08-23",,,"0.00",",,N","0.0",",,N",,
"US1LAOR0006","29.961679","-90.038803","2.4","2021-08-24",,,"0.00",",,N","0.0",",,N",,
"US1LAOR0006","29.961679","-90.038803","2.4","2021-08-25",,,"0.00",",,N","0.0",",,N",,
"US1LAOR0006","29.961679","-90.038803","2.4","2021-08-26",,,"0.63",",,N",,,,
"US1LAOR0006","29.961679","-90.038803","2.4","2021-08-27",,,"0.89",",,N",,,,
"US1LAOR0006","29.961679","-90.038803","2.4","2021-08-29",,,"0.65",",,N",,,,
"US1LAOR0006","29.961679","-90.038803","2.4","2021-08-30",,,"6.00",",,N",,,,
"US1LAOR0006","29.961679","-90.038803","2.4","2021-09-20",,,"0.00",",,N","0.0",",,N",,
"US1LAOR0006","29.961679","-90.038803","2.4","2021-09-21",,,"0.00",",,N","0.0",",,N",,
"US1LAOR0006","29.961679","-90.038803","2.4","2021-09-22",,,"0.00",",,N","0.0",",,N",,
"US1LAOR0006","29.961679","-90.038803","2.4","2021-09-23",,,"0.00",",,N","0.0",",,N",,
"US1LAOR0006","29.961679","-90.038803","2.4","2021-09-24",,,"0.00",",,N","0.0",",,N",,
"US1LAOR0006","29.961679","-90.038803","2.4","2021-09-25",,,"0.00",",,N","0.0",",,N",,
"US1LAOR0006","29.961679","-90.038803","2.4","2021-09-26",,,"0.00",",,N","0.0",",,N",,
"US1LAOR0006","29.961679","-90.038803","2.4","2021-09-27",,,"0.00",",,N","0.0",",,N",,
"US1LAOR0006","29.961679","-90.038803","2.4","2021-09-28",,,"0.00",",,N","0.0",",,N",,
"US1LAOR0006","29.961679","-90.038803","2.4","2021-09-29",,,"0.87",",,N",,,,
"US1LAOR0006","29.961679","-90.038803","2.4","2021-09-30",,,"0.65",",,N",,,,
"US1LAOR0006","29.961679","-90.038803","2.4","2021-10-06",,,"0.00",",,N","0.0",",,N",,
"US1LAOR0006","29.961679","-90.038803","2.4","2021-10-07",,,"0.00",",,N","0.0",",,N",,
"US1LAOR0006","29.961679","-90.038803","2.4","2021-10-08",,,"0.00",",,N","0.0",",,N",,
"US1LAOR0006","29.961679","-90.038803","2.4","2021-10-09",,,"0.00",",,N","0.0",",,N",,
"US1LAOR0006","29.961679","-90.038803","2.4","2021-10-10",,,"0.00",",,N","0.0",",,N",,
"US1LAOR0006","29.961679","-90.038803","2.4","2021-10-11",,,"0.00",",,N","0.0",",,N",,
"US1LAOR0006","29.961679","-90.038803","2.4","2021-10-12",,,"0.00",",,N","0.0",",,N",,
"US1LAOR0006","29.961679","-90.038803","2.4","2021-10-13",,,"0.00",",,N","0.0",",,N",,
"US1LAOR0006","29.961679","-90.038803","2.4","2021-10-14",,,"0.00",",,N","0.0",",,N",,
"US1LAOR0006","29.961679","-90.038803","2.4","2021-10-15",,,"0.00",",,N","0.0",",,N",,
"US1LAOR0006","29.961679","-90.038803","2.4","2021-10-16",,,"0.07",",,N",,,,
"US1LAOR0006","29.961679","-90.038803","2.4","2021-10-17",,,"0.00",",,N","0.0",",,N",,
"US1LAOR0006","29.961679","-90.038803","2.4","2021-10-18",,,"0.00",",,N","0.0",",,N",,
"US1LAOR0006","29.961679","-90.038803","2.4","2021-10-19",,,"0.00",",,N","0.0",",,N",,
"US1LAOR0006","29.961679","-90.038803","2.4","2021-10-20",,,"0.00",",,N","0.0",",,N",,
"US1LAOR0006","29.961679","-90.038803","2.4","2021-10-21",,,"0.00",",,N","0.0",",,N",,
"US1LAOR0006","29.961679","-90.038803","2.4","2021-10-22",,,"0.00",",,N","0.0",",,N",,
"US1LAOR0006","29.961679","-90.038803","2.4","2021-10-23",,,"0.00",",,N","0.0",",,N",,
"US1LAOR0006","29.961679","-90.038803","2.4","2021-10-24",,,"0.00",",,N","0.0",",,N",,
"US1LAOR0006","29.961679","-90.038803","2.4","2021-10-25",,,"0.00",",,N","0.0",",,N",,
"US1LAOR0006","29.961679","-90.038803","2.4","2021-10-26",,,"0.00",",,N","0.0",",,N",,
"US1LAOR0006","29.961679","-90.038803","2.4","2021-10-27",,,"0.00",",,N","0.0",",,N",,
"US1LAOR0006","29.961679","-90.038803","2.4","2021-10-28",,,"1.72",",,N",,,,
"US1LAOR0006","29.961679","-90.038803","2.4","2021-10-29",,,"0.00",",,N","0.0",",,N",,
"US1LAOR0006","29.961679","-90.038803","2.4","2021-10-30",,,"0.00",",,N","0.0",",,N",,
"US1LAOR0006","29.961679","-90.038803","2.4","2021-10-31",,,"0.00",",,N","0.0",",,N",,
"US1LAOR0006","29.961679","-90.038803","2.4","2021-11-01",,,"0.00",",,N","0.0",",,N",,
"US1LAOR0006","29.961679","-90.038803","2.4","2021-11-02",,,"0.00",",,N","0.0",",,N",,
"US1LAOR0006","29.961679","-90.038803","2.4","2021-11-03",,,"0.00",",,N","0.0",",,N",,
"US1LAOR0006","29.961679","-90.038803","2.4","2021-11-04",,,"0.00",",,N","0.0",",,N",,
"US1LAOR0006","29.961679","-90.038803","2.4","2021-11-05",,,"0.00",",,N","0.0",",,N",,
"US1LAOR0006","29.961679","-90.038803","2.4","2021-11-06",,,"0.00",",,N","0.0",",,N",,
"US1LAOR0006","29.961679","-90.038803","2.4","2021-11-07",,,"0.00",",,N","0.0",",,N",,
"US1LAOR0006","29.961679","-90.038803","2.4","2021-11-08",,,"0.00",",,N","0.0",",,N",,
"US1LAOR0006","29.961679","-90.038803","2.4","2021-11-09",,,"0.00",",,N","0.0",",,N",,
"US1LAOR0006","29.961679","-90.038803","2.4","2021-11-10",,,"0.00",",,N","0.0",",,N",,
"US1LAOR0006","29.961679","-90.038803","2.4","2021-11-11",,,"0.00",",,N","0.0",",,N",,
"US1LAOR0006","29.961679","-90.038803","2.4","2021-11-12",,,"0.00",",,N","0.0",",,N",,
"US1LAOR0006","29.961679","-90.038803","2.4","2021-11-13",,,"0.00",",,N","0.0",",,N",,
"US1LAOR0006","29.961679","-90.038803","2.4","2021-11-14",,,"0.00",",,N","0.0",",,N",,
"US1LAOR0006","29.961679","-90.038803","2.4","2021-11-15",,,"0.00",",,N","0.0",",,N",,
"US1LAOR0006","29.961679","-90.038803","2.4","2021-11-16",,,"0.00",",,N","0.0",",,N",,
"US1LAOR0006","29.961679","-90.038803","2.4","2021-11-17",,,"0.00",",,N","0.0",",,N",,
"US1LAOR0006","29.961679","-90.038803","2.4","2021-11-18",,,"0.00",",,N","0.0",",,N",,
"US1LAOR0006","29.961679","-90.038803","2.4","2021-11-19",,,"0.00",",,N","0.0",",,N",,
"US1LAOR0006","29.961679","-90.038803","2.4","2021-11-20",,,"0.00",",,N","0.0",",,N",,
"US1LAOR0006","29.961679","-90.038803","2.4","2021-11-21",,,"0.00",",,N","0.0",",,N",,
"US1LAOR0006","29.961679","-90.038803","2.4","2021-11-22",,,"0.35",",,N",,,,
"US1LAOR0006","29.961679","-90.038803","2.4","2021-11-23",,,"0.00",",,N","0.0",",,N",,
"US1LAOR0006","29.961679","-90.038803","2.4","2021-11-24",,,"0.00",",,N","0.0",",,N",,
"US1LAOR0006","29.961679","-90.038803","2.4","2021-11-25",,,"0.00",",,N","0.0",",,N",,
"US1LAOR0006","29.961679","-90.038803","2.4","2021-11-26",,,"0.00",",,N","0.0",",,N",,
"US1LAOR0006","29.961679","-90.038803","2.4","2021-11-27",,,"0.00",",,N","0.0",",,N",,
"US1LAOR0006","29.961679","-90.038803","2.4","2021-11-28",,,"0.04",",,N",,,,
"US1MEPN0043","44.892619","-68.669036","30.5","2021-08-01",,,"0.00",",,N","0.0",",,N",,
"US1MEPN0043","44.892619","-68.669036","30.5","2021-08-02",,,"0.01",",,N","0.0",",,N",,
"US1MEPN0043","44.892619","-68.669036","30.5","2021-08-03",,,"0.10",",,N","0.0",",,N",,
"US1MEPN0043","44.892619","-68.669036","30.5","2021-08-04",,,"0.00",",,N","0.0",",,N",,
"US1MEPN0043","44.892619","-68.669036","30.5","2021-08-05",,,"0.11",",,N","0.0",",,N",,
"US1MEPN0043","44.892619","-68.669036","30.5","2021-08-06",,,"0.56",",,N","0.0",",,N",,
"US1MEPN0043","44.892619","-68.669036","30.5","2021-08-07",,,"0.00","T,,N","0.0",",,N",,
"US1MEPN0043","44.892619","-68.669036","30.5","2021-08-08",,,"0.00",",,N","0.0",",,N",,
"US1MEPN0043","44.892619","-68.669036","30.5","2021-08-09",,,"0.00",",,N","0.0",",,N",,
"US1MEPN0043","44.892619","-68.669036","30.5","2021-08-10",,,"0.00",",,N","0.0",",,N",,
"US1MEPN0043","44.892619","-68.669036","30.5","2021-08-11",,,"0.00",",,N","0.0",",,N",,
"US1MEPN0043","44.892619","-68.669036","30.5","2021-08-12",,,"0.00",",,N","0.0",",,N",,
"US1MEPN0043","44.892619","-68.669036","30.5","2021-08-13",,,"0.00",",,N","0.0",",,N",,
"US1MEPN0043","44.892619","-68.669036","30.5","2021-08-14",,,"0.00",",,N","0.0",",,N",,
"US1MEPN0043","44.892619","-68.669036","30.5","2021-08-15",,,"0.04",",,N","0.0",",,N",,
"US1MEPN0043","44.892619","-68.669036","30.5","2021-08-16",,,"0.00",",,N","0.0",",,N",,
"US1MEPN0043","44.892619","-68.669036","30.5","2021-08-17",,,"0.00",",,N","0.0",",,N",,
"US1MEPN0043","44.892619","-68.669036","30.5","2021-08-18",,,"0.00",",,N","0.0",",,N",,
"US1MEPN0043","44.892619","-68.669036","30.5","2021-08-19",,,"0.09",",,N","0.0",",,N",,
"US1MEPN0043","44.892619","-68.669036","30.5","2021-08-20",,,"0.56",",,N","0.0",",,N",,
"US1MEPN0043","44.892619","-68.669036","30.5","2021-08-21",,,"0.01",",,N","0.0",",,N",,
"US1MEPN0043","44.892619","-68.669036","30.5","2021-08-22",,,"0.00","T,,N","0.0",",,N",,
"US1MEPN0043","44.892619","-68.669036","30.5","2021-08-23",,,"0.09",",,N","0.0",",,N",,
"US1MEPN0043","44.892619","-68.669036","30.5","2021-08-24",,,"1.91",",,N","0.0",",,N",,
"US1MEPN0043","44.892619","-68.669036","30.5","2021-08-25",,,"0.01",",,N","0.0",",,N",,
"US1MEPN0043","44.892619","-68.669036","30.5","2021-08-26",,,"0.00",",,N","0.0",",,N",,
"US1MEPN0043","44.892619","-68.669036","30.5","2021-08-28",,,"0.00",",,N","0.0",",,N",,
"US1MEPN0043","44.892619","-68.669036","30.5","2021-08-29",,,"0.00","T,,N","0.0",",,N",,
"US1MEPN0043","44.892619","-68.669036","30.5","2021-08-30",,,"0.01",",,N","0.0",",,N",,
"US1MEPN0043","44.892619","-68.669036","30.5","2021-08-31",,,"0.02",",,N","0.0",",,N",,
"US1MEPN0043","44.892619","-68.669036","30.5","2021-09-01",,,"0.00",",,N","0.0",",,N",,
"US1MEPN0043","44.892619","-68.669036","30.5","2021-09-03",,,"0.48",",,N","0.0",",,N",,
"US1MEPN0043","44.892619","-68.669036","30.5","2021-09-05",,,,,,,,
"US1MEPN0043","44.892619","-68.669036","30.5","2021-09-06",,,"0.05",",,N","0.0",",,N",,
"US1MEPN0043","44.892619","-68.669036","30.5","2021-09-07",,,"0.18",",,N","0.0",",,N",,
"US1MEPN0043","44.892619","-68.669036","30.5","2021-09-09",,,"0.00",",,N","0.0",",,N",,
"US1MEPN0043","44.892619","-68.669036","30.5","2021-09-10",,,"3.14",",,N","0.0",",,N",,
"US1MEPN0043","44.892619","-68.669036","30.5","2021-09-11",,,"0.42",",,N","0.0",",,N",,
"US1MEPN0043","44.892619","-68.669036","30.5","2021-09-12",,,"0.00",",,N","0.0",",,N",,
"US1MEPN0043","44.892619","-68.669036","30.5","2021-09-13",,,"0.00",",,N","0.0",",,N",,
"US1MEPN0043","44.892619","-68.669036","30.5","2021-09-14",,,"0.00",",,N","0.0",",,N",,
"US1MEPN0043","44.892619","-68.669036","30.5","2021-09-15",,,"0.00",",,N","0.0",",,N",,
"US1MEPN0043","44.892619","-68.669036","30.5","2021-09-16",,,"0.47",",,N","0.0",",,N",,
"US1MEPN0043","44.892619","-68.669036","30.5","2021-09-17",,,"0.01",",,N","0.0",",,N",,
"US1MEPN0043","44.892619","-68.669036","30.5","2021-09-18",,,"0.00",",,N","0.0",",,N",,
"US1MEPN0043","44.892619","-68.669036","30.5","2021-09-19",,,"0.00",",,N","0.0",",,N",,
"US1MEPN0043","44.892619","-68.669036","30.5","2021-09-20",,,"0.00",",,N","0.0",",,N",,
"US1MEPN0043","44.892619","-68.669036","30.5","2021-09-21",,,"0.00",",,N","0.0",",,N",,
"US1MEPN0043","44.892619","-68.669036","30.5","2021-09-22",,,"0.00",",,N","0.0",",,N",,
"US1MEPN0043","44.892619","-68.669036","30.5","2021-09-23",,,"0.00",",,N","0.0",",,N",,
"US1MEPN0043","44.892619","-68.669036","30.5","2021-09-24",,,"0.00",",,N","0.0",",,N",,
"US1MEPN0043","44.892619","-68.669036","30.5","2021-09-25",,,"2.97",",,N","0.0",",,N",,
"US1MEPN0043","44.892619","-68.669036","30.5","2021-09-26",,,"0.61",",,N","0.0",",,N",,
"US1MEPN0043","44.892619","-68.669036","30.5","2021-09-27",,,"1.08",",,N","0.0",",,N",,
"US1MEPN0043","44.892619","-68.669036","30.5","2021-09-28",,,"0.00",",,N","0.0",",,N",,
"US1MEPN0043","44.892619","-68.669036","30.5","2021-09-29",,,"0.00",",,N","0.0",",,N",,
"US1MEPN0043","44.892619","-68.669036","30.5","2021-09-30",,,"0.00",",,N","0.0",",,N",,
"US1MEPN0043","44.892619","-68.669036","30.5","2021-10-01",,,"0.07",",,N","0.0",",,N",,
"US1MEPN0043","44.892619","-68.669036","30.5","2021-10-02",,,"0.01",",,N","0.0",",,N",,
"US1MEPN0043","44.892619","-68.669036","30.5","2021-10-03",,,"0.00",",,N","0.0",",,N",,
"US1MEPN0043","44.892619","-68.669036","30.5","2021-10-04",,,"0.00",",,N","0.0",",,N",,
"US1MEPN0043","44.892619","-68.669036","30.5","2021-10-06",,,"0.00",",,N","0.0",",,N",,
"US1MEPN0043","44.892619","-68.669036","30.5","2021-10-07",,,"0.00",",,N","0.0",",,N",,
"US1MEPN0043","44.892619","-68.669036","30.5","2021-10-08",,,"0.00",",,N","0.0",",,N",,
"US1MEPN0043","44.892619","-68.669036","30.5","2021-10-11",,,,,,,,
"US1MEPN0043","44.892619","-68.669036","30.5","2021-10-12",,,"0.00",",,N","0.0",",,N",,
"US1MEPN0043","44.892619","-68.669036","30.5","2021-10-13",,,"0.00",",,N","0.0",",,N",,
"US1MEPN0043","44.892619","-68.669036","30.5","2021-10-14",,,"0.00","T,,N","0.0",",,N",,
"US1MEPN0043","44.892619","-68.669036","30.5","2021-10-15",,,"0.00",",,N","0.0",",,N",,
"US1MEPN0043","44.892619","-68.669036","30.5","2021-10-16",,,"0.12",",,N","0.0",",,N",,
"US1MEPN0043","44.892619","-68.669036","30.5","2021-10-17",,,"1.44",",,N","0.0",",,N",,
"US1MEPN0043","44.892619","-68.669036","30.5","2021-10-18",,,"0.04",",,N","0.0",",,N",,
"US1MEPN0043","44.892619","-68.669036","30.5","2021-10-19",,,"0.00",",,N","0.0",",,N",,
"US1MEPN0043","44.892619","-68.669036","30.5","2021-10-20",,,"0.01",",,N","0.0",",,N",,
"US1MEPN0043","44.892619","-68.669036","30.5","2021-10-21",,,"0.00",",,N","0.0",",,N",,
"US1MEPN0043","44.892619","-68.669036","30.5","2021-10-22",,,"0.02",",,N","0.0",",,N",,
"US1MEPN0043","44.892619","-68.669036","30.5","2021-10-23",,,"0.04",",,N","0.0",",,N",,
"US1MEPN0043","44.892619","-68.669036","30.5","2021-10-24",,,"0.00",",,N","0.0",",,N",,
"US1MEPN0043","44.892619","-68.669036","30.5","2021-10-25",,,"0.00",",,N","0.0",",,N",,
"US1MEPN0043","44.892619","-68.669036","30.5","2021-10-26",,,"0.06",",,N","0.0",",,N",,
"US1MEPN0043","44.892619","-68.669036","30.5","2021-10-27",,,"0.04",",,N","0.0",",,N",,
"US1MEPN0043","44.892619","-68.669036","30.5","2021-10-28",,,"0.06",",,N","0.0",",,N",,
"US1MEPN0043","44.892619","-68.669036","30.5","2021-10-29",,,"0.00",",,N","0.0",",,N",,
"US1MEPN0043","44.892619","-68.669036","30.5","2021-10-30",,,"0.00",",,N","0.0",",,N",,
"US1MEPN0043","44.892619","-68.669036","30.5","2021-10-31",,,"2.44",",,N","0.0",",,N",,
"US1MEPN0043","44.892619","-68.669036","30.5","2021-11-01",,,"0.02",",,N","0.0",",,N",,
"US1MEPN0043","44.892619","-68.669036","30.5","2021-11-02",,,"0.00",",,N","0.0",",,N",,
"US1MEPN0043","44.892619","-68.669036","30.5","2021-11-03",,,"0.01",",,N","0.0",",,N",,
"US1MEPN0043","44.892619","-68.669036","30.5","2021-11-05",,,"0.00",",,N","0.0",",,N",,
"US1MEPN0043","44.892619","-68.669036","30.5","2021-11-06",,,"0.00",",,N","0.0",",,N",,
"US1MEPN0043","44.892619","-68.669036","30.5","2021-11-07",,,"0.00",",,N","0.0",",,N",,
"US1MEPN0043","44.892619","-68.669036","30.5","2021-11-09",,,"0.00",",,N","0.0",",,N",,
"US1MEPN0043","44.892619","-68.669036","30.5","2021-11-10",,,"0.01",",,N","0.0",",,N",,
"US1MEPN0043","44.892619","-68.669036","30.5","2021-11-11",,,"0.17",",,N","0.0",",,N",,
"US1MEPN0043","44.892619","-68.669036","30.5","2021-11-12",,,"0.00",",,N","0.0",",,N",,
"US1MEPN0043","44.892619","-68.669036","30.5","2021-11-13",,,"1.12",",,N","0.0",",,N",,
"US1MEPN0043","44.892619","-68.669036","30.5","2021-11-14",,,"0.10",",,N","0.0",",,N",,
"US1MEPN0043","44.892619","-68.669036","30.5","2021-11-15",,,"0.03",",,N","0.0",",,N",,
"US1MEPN0043","44.892619","-68.669036","30.5","2021-11-16",,,,,"0.0",",,N",,
"US1MEPN0043","44.892619","-68.669036","30.5","2021-11-17",,,"0.00",",,N","0.0",",,N",,
"US1MEPN0043","44.892619","-68.669036","30.5","2021-11-18",,,"0.28",",,N","0.0",",,N",,
"US1MEPN0043","44.892619","-68.669036","30.5","2021-11-19",,,"0.36",",,N","0.0",",,N",,
"US1MEPN0043","44.892619","-68.669036","30.5","2021-11-20",,,"0.00","T,,N","0.0",",,N",,
"US1MEPN0043","44.892619","-68.669036","30.5","2021-11-21",,,"0.00",",,N","0.0",",,N",,
"US1MEPN0043","44.892619","-68.669036","30.5","2021-11-22",,,"0.41",",,N","0.0",",,N",,
"US1MEPN0043","44.892619","-68.669036","30.5","2021-11-23",,,"0.62",",,N","0.0",",,N",,
"US1MEPN0043","44.892619","-68.669036","30.5","2021-11-24",,,"0.00",",,N","0.0",",,N",,
"US1MEPN0043","44.892619","-68.669036","30.5","2021-11-25",,,"0.00",",,N","0.0",",,N",,
"US1MEPN0043","44.892619","-68.669036","30.5","2021-11-26",,,"0.00",",,N","0.0",",,N",,
"US1MEPN0043","44.892619","-68.669036","30.5","2021-11-27",,,"0.65",",,N",,,,
"US1MEPN0043","44.892619","-68.669036","30.5","2021-11-28",,,"0.00",",,N","0.0",",,N",,
"USW00014610","45.6477","-68.6925","123.7","2021-08-01","1.79",",,W","0.00",",,W,2400",,,,
"USW00014610","45.6477","-68.6925","123.7","2021-08-02","3.58",",,W","0.25",",,W,2400",,,,
"USW00014610","45.6477","-68.6925","123.7","2021-08-03","2.91",",,W","0.00",",,W,2400",,,,
"USW00014610","45.6477","-68.6925","123.7","2021-08-04","1.12",",,W","0.00",",,W,2400",,,,
"USW00014610","45.6477","-68.6925","123.7","2021-08-05","2.24",",,W","0.11",",,W,2400",,,,
"USW00014610","45.6477","-68.6925","123.7","2021-08-06","2.24",",,W","0.00","T,,W,2400",,,,
"USW00014610","45.6477","-68.6925","123.7","2021-08-07","2.01",",,W","0.27",",,W,2400",,,,
"USW00014610","45.6477","-68.6925","123.7","2021-08-08","4.70",",,W","0.00",",,W,2400",,,,
"USW00014610","45.6477","-68.6925","123.7","2021-08-09","2.46",",,W","0.01",",,W,2400",,,,
"USW00014610","45.6477","-68.6925","123.7","2021-08-10","2.91",",,W","0.00",",,W,2400",,,,
"USW00014610","45.6477","-68.6925","123.7","2021-08-11","3.36",",,W","0.00",",,W,2400",,,,
"USW00014610","45.6477","-68.6925","123.7","2021-08-12","2.91",",,W","0.00",",,W,2400",,,,
"USW00014610","45.6477","-68.6925","123.7","2021-08-13","3.36",",,W","0.00",",,W,2400",,,,
"USW00014610","45.6477","-68.6925","123.7","2021-08-14","3.13",",,W","0.33",",,W,2400",,,,
"USW00014610","45.6477","-68.6925","123.7","2021-08-15","5.82",",,W","0.00",",,W,2400",,,,
"USW00014610","45.6477","-68.6925","123.7","2021-08-16","2.46",",,W","0.00",",,W,2400",,,,
"USW00014610","45.6477","-68.6925","123.7","2021-08-17","1.79",",,W","0.00",",,W,2400",,,,
"USW00014610","45.6477","-68.6925","123.7","2021-08-18","1.12",",,W","0.00","T,,W,2400",,,,
"USW00014610","45.6477","-68.6925","123.7","2021-08-19","2.24",",,W","0.00",",,W,2400",,,,
"USW00014610","45.6477","-68.6925","123.7","2021-08-20","2.46",",,W","0.00","T,,W,2400",,,,
"USW00014610","45.6477","-68.6925","123.7","2021-08-21","3.58",",,W","0.00",",,W,2400",,,,
"USW00014610","45.6477","-68.6925","123.7","2021-08-22","4.03",",,W","0.00","T,,W,2400",,,,
"USW00014610","45.6477","-68.6925","123.7","2021-08-23","4.47",",,W","1.15",",,W,2400",,,,
"USW00014610","45.6477","-68.6925","123.7","2021-08-24","2.68",",,W","0.57",",,W,2400",,,,
"USW00014610","45.6477","-68.6925","123.7","2021-08-25","1.34",",,W","0.00",",,W,2400",,,,
"USW00014610","45.6477","-68.6925","123.7","2021-08-26","1.79",",,W","0.02",",,W,2400",,,,
"USW00014610","45.6477","-68.6925","123.7","2021-08-27","5.82",",,W","0.00",",,W,2400",,,,
"USW00014610","45.6477","-68.6925","123.7","2021-08-28","1.12",",,W","0.00",",,W,2400",,,,
"USW00014610","45.6477","-68.6925","123.7","2021-08-29","3.58",",,W","0.00",",,W,2400",,,,
"USW00014610","45.6477","-68.6925","123.7","2021-08-30","2.24",",,W","0.06",",,W,2400",,,,
"USW00014610","45.6477","-68.6925","123.7","2021-08-31","3.36",",,W","0.00",",,W,2400",,,,
"USW00014610","45.6477","-68.6925","123.7","2021-09-01","5.14",",,W","0.00",",,W,2400",,,,
"USW00014610","45.6477","-68.6925","123.7","2021-09-02","6.04",",,W","0.70",",,W,2400",,,,
"USW00014610","45.6477","-68.6925","123.7","2021-09-03","6.26",",,W","0.14",",,W,2400",,,,
"USW00014610","45.6477","-68.6925","123.7","2021-09-04","4.03",",,W","0.00",",,W,2400",,,,
"USW00014610","45.6477","-68.6925","123.7","2021-09-05","2.91",",,W","0.03",",,W,2400",,,,
"USW00014610","45.6477","-68.6925","123.7","2021-09-06","4.47",",,W","0.34",",,W,2400",,,,
"USW00014610","45.6477","-68.6925","123.7","2021-09-07","4.92",",,W","0.00",",,W,2400",,,,
"USW00014610","45.6477","-68.6925","123.7","2021-09-08","4.47",",,W","0.00",",,W,2400",,,,
"USW00014610","45.6477","-68.6925","123.7","2021-09-09","3.58",",,W","1.34",",,W,2400",,,,
"USW00014610","45.6477","-68.6925","123.7","2021-09-10","6.71",",,W","0.69",",,W,2400",,,,
"USW00014610","45.6477","-68.6925","123.7","2021-09-11","4.70",",,W","0.00",",,W,2400",,,,
"USW00014610","45.6477","-68.6925","123.7","2021-09-12","4.47",",,W","0.00","T,,W,2400",,,,
"USW00014610","45.6477","-68.6925","123.7","2021-09-13","6.04",",,W","0.00","T,,W,2400",,,,
"USW00014610","45.6477","-68.6925","123.7","2021-09-14","2.24",",,W","0.00",",,W,2400",,,,
"USW00014610","45.6477","-68.6925","123.7","2021-09-15","3.80",",,W","0.74",",,W,2400",,,,
"USW00014610","45.6477","-68.6925","123.7","2021-09-16","2.01",",,W","0.00",",,W,2400",,,,
"USW00014610","45.6477","-68.6925","123.7","2021-09-17","2.24",",,W","0.00",",,W,2400",,,,
"USW00014610","45.6477","-68.6925","123.7","2021-09-18","3.58",",,W","0.41",",,W,2400",,,,
"USW00014610","45.6477","-68.6925","123.7","2021-09-19","6.04",",,W","0.00",",,W,2400",,,,
"USW00014610","45.6477","-68.6925","123.7","2021-09-20","1.57",",,W","0.00",",,W,2400",,,,
"USW00014610","45.6477","-68.6925","123.7","2021-09-21","4.25",",,W","0.00",",,W,2400",,,,
"USW00014610","45.6477","-68.6925","123.7","2021-09-22","3.58",",,W","0.00",",,W,2400",,,,
"USW00014610","45.6477","-68.6925","123.7","2021-09-23","3.80",",,W","0.00",",,W,2400",,,,
"USW00014610","45.6477","-68.6925","123.7","2021-09-24","6.71",",,W","0.98",",,W,2400",,,,
"USW00014610","45.6477","-68.6925","123.7","2021-09-25","2.01",",,W","0.86",",,W,2400",,,,
"USW00014610","45.6477","-68.6925","123.7","2021-09-26","4.03",",,W","1.03",",,W,2400",,,,
"USW00014610","45.6477","-68.6925","123.7","2021-09-27","3.13",",,W","0.00","T,,W,2400",,,,
"USW00014610","45.6477","-68.6925","123.7","2021-09-28","4.03",",,W","0.00",",,W,2400",,,,
"USW00014610","45.6477","-68.6925","123.7","2021-09-29","3.58",",,W","0.01",",,W,2400",,,,
"USW00014610","45.6477","-68.6925","123.7","2021-09-30","5.82",",,W","0.01",",,W,2400",,,,
"USW00014610","45.6477","-68.6925","123.7","2021-10-01","4.92",",,W","0.02",",,W,2400",,,,
"USW00014610","45.6477","-68.6925","123.7","2021-10-02","2.24",",,W","0.00",",,W,2400",,,,
"USW00014610","45.6477","-68.6925","123.7","2021-10-03","2.01",",,W","0.00",",,W,2400",,,,
"USW00014610","45.6477","-68.6925","123.7","2021-10-04","0.89",",,W","0.00",",,W,2400",,,,
"USW00014610","45.6477","-68.6925","123.7","2021-10-05","0.00",",,W","0.00",",,W,2400",,,,
"USW00014610","45.6477","-68.6925","123.7","2021-10-06","1.34",",,W","0.00",",,W,2400",,,,
"USW00014610","45.6477","-68.6925","123.7","2021-10-07","1.12",",,W","0.00",",,W,2400",,,,
"USW00014610","45.6477","-68.6925","123.7","2021-10-08","3.80",",,W","0.00",",,W,2400",,,,
"USW00014610","45.6477","-68.6925","123.7","2021-10-09","1.12",",,W","0.00",",,W,2400",,,,
"USW00014610","45.6477","-68.6925","123.7","2021-10-10","1.57",",,W","0.00",",,W,2400",,,,
"USW00014610","45.6477","-68.6925","123.7","2021-10-11","0.45",",,W","0.00",",,W,2400",,,,
"USW00014610","45.6477","-68.6925","123.7","2021-10-12","1.79",",,W","0.00",",,W,2400",,,,
"USW00014610","45.6477","-68.6925","123.7","2021-10-13","0.45",",,W","0.00","T,,W,2400",,,,
"USW00014610","45.6477","-68.6925","123.7","2021-10-14","4.47",",,W","0.00",",,W,2400",,,,
"USW00014610","45.6477","-68.6925","123.7","2021-10-15","3.13",",,W","0.00","T,,W,2400",,,,
"USW00014610","45.6477","-68.6925","123.7","2021-10-16","5.82",",,W","0.78",",,W,2400",,,,
"USW00014610","45.6477","-68.6925","123.7","2021-10-17","7.83",",,W","0.94",",,W,2400",,,,
"USW00014610","45.6477","-68.6925","123.7","2021-10-18","8.95",",,W","0.00",",,W,2400",,,,
"USW00014610","45.6477","-68.6925","123.7","2021-10-19","10.96",",,W","0.01",",,W,2400",,,,
"USW00014610","45.6477","-68.6925","123.7","2021-10-20","4.92",",,W","0.00","T,,W,2400",,,,
"USW00014610","45.6477","-68.6925","123.7","2021-10-21","1.12",",,W","0.02",",,W,2400",,,,
"USW00014610","45.6477","-68.6925","123.7","2021-10-22","4.92",",,W","0.06",",,W,2400",,,,
"USW00014610","45.6477","-68.6925","123.7","2021-10-23","6.04",",,W","0.00",",,W,2400",,,,
"USW00014610","45.6477","-68.6925","123.7","2021-10-24","11.41",",,W","0.00",",,W,2400",,,,
"USW00014610","45.6477","-68.6925","123.7","2021-10-25","1.57",",,W","0.00",",,W,2400",,,,
"USW00014610","45.6477","-68.6925","123.7","2021-10-26","8.72",",,W","0.00",",,W,2400",,,,
"USW00014610","45.6477","-68.6925","123.7","2021-10-27","13.20",",,W","0.00",",,W,2400",,,,
"USW00014610","45.6477","-68.6925","123.7","2021-10-28","7.83",",,W","0.00",",,W,2400",,,,
"USW00014610","45.6477","-68.6925","123.7","2021-10-29","2.91",",,W","0.00",",,W,2400",,,,
"USW00014610","45.6477","-68.6925","123.7","2021-10-30","4.70",",,W","0.02",",,W,2400",,,,
"USW00014610","45.6477","-68.6925","123.7","2021-10-31","8.05",",,W","2.77",",,W,2400",,,,
"USW00014610","45.6477","-68.6925","123.7","2021-11-01","7.16",",,W","0.01",",,W,2400",,,,
"USW00014610","45.6477","-68.6925","123.7","2021-11-02","2.24",",,W","0.00",",,W,2400",,,,
"USW00014610","45.6477","-68.6925","123.7","2021-11-03","4.47",",,W","0.00",",,W,2400",,,,
"USW00014610","45.6477","-68.6925","123.7","2021-11-04","2.01",",,W","0.00",",,W,2400",,,,
"USW00014610","45.6477","-68.6925","123.7","2021-11-05","3.36",",,W","0.00",",,W,2400",,,,
"USW00014610","45.6477","-68.6925","123.7","2021-11-06","2.68",",,W","0.00",",,W,2400",,,,
"USW00014610","45.6477","-68.6925","123.7","2021-11-07","1.12",",,W","0.00",",,W,2400",,,,
"USW00014610","45.6477","-68.6925","123.7","2021-11-08","1.79",",,W","0.00",",,W,2400",,,,
"USW00014610","45.6477","-68.6925","123.7","2021-11-09","3.13",",,W","0.00",",,W,2400",,,,
"USW00014610","45.6477","-68.6925","123.7","2021-11-10","2.24",",,W","0.00",",,W,2400",,,,
"USW00014610","45.6477","-68.6925","123.7","2021-11-11","3.58",",,W","0.00",",,W,2400",,,,
"USW00014610","45.6477","-68.6925","123.7","2021-11-12","6.49",",,W","0.93",",,W,2400",,,,
"USW00014610","45.6477","-68.6925","123.7","2021-11-13","1.79",",,W","0.01",",,W,2400",,,,
"USW00014610","45.6477","-68.6925","123.7","2021-11-14","6.93",",,W","0.03",",,W,2400",,,,
"USW00014610","45.6477","-68.6925","123.7","2021-11-15","5.82",",,W","0.18",",,W,2400",,,,
"USW00014610","45.6477","-68.6925","123.7","2021-11-16","12.97",",,W","0.00","T,,W,2400",,,,
"USW00014610","45.6477","-68.6925","123.7","2021-11-17","7.38",",,W","0.01",",,W,2400",,,,
"USW00014610","45.6477","-68.6925","123.7","2021-11-18","2.01",",,W","0.31",",,W,2400",,,,
"USW00014610","45.6477","-68.6925","123.7","2021-11-19","7.83",",,W","0.19",",,W,2400",,,,
"USW00014610","45.6477","-68.6925","123.7","2021-11-20","4.92",",,W","0.00",",,W,2400",,,,
"USW00014610","45.6477","-68.6925","123.7","2021-11-21","1.57",",,W","0.07",",,W,2400",,,,
"USW00014610","45.6477","-68.6925","123.7","2021-11-22","7.16",",,W","0.68",",,W,2400",,,,
"USW00014610","45.6477","-68.6925","123.7","2021-11-23","11.63",",,W","0.00",",,W,2400",,,,
"USW00014610","45.6477","-68.6925","123.7","2021-11-24","10.29",",,W","0.00",",,W,2400",,,,
"USW00014610","45.6477","-68.6925","123.7","2021-11-25","5.59",",,W","0.00",",,D,2400",,,,
"USW00014610","45.6477","-68.6925","123.7","2021-11-26","0.22",",,W","0.27",",,D,2400",,,,
"USW00014610","45.6477","-68.6925","123.7","2021-11-27","12.08",",,W","0.00","T,,D,2400",,,,
"USW00014610","45.6477","-68.6925","123.7","2021-11-28","8.05",",,W","0.00",",,D,2400",,,,
"US1MELN0027","43.840527","-69.502774","20.4","2021-08-01",,,"0.00",",,N","0.0",",,N",,
"US1MELN0027","43.840527","-69.502774","20.4","2021-08-02",,,"0.00",",,N","0.0",",,N",,
"US1MELN0027","43.840527","-69.502774","20.4","2021-08-03",,,"0.00",",,N","0.0",",,N",,
"US1MELN0027","43.840527","-69.502774","20.4","2021-08-04",,,"0.00",",,N","0.0",",,N",,
"US1MELN0027","43.840527","-69.502774","20.4","2021-08-05",,,"0.25",",,N",,,,
"US1MELN0027","43.840527","-69.502774","20.4","2021-08-06",,,"0.72",",,N",,,,
"US1MELN0027","43.840527","-69.502774","20.4","2021-08-07",,,"0.00",",,N","0.0",",,N",,
"US1MELN0027","43.840527","-69.502774","20.4","2021-08-08",,,"0.00",",,N","0.0",",,N",,
"US1MELN0027","43.840527","-69.502774","20.4","2021-08-09",,,"0.00",",,N","0.0",",,N",,
"US1MELN0027","43.840527","-69.502774","20.4","2021-08-10",,,"0.00","T,,N",,,,
"US1MELN0027","43.840527","-69.502774","20.4","2021-08-11",,,"0.00","T,,N",,,,
"US1MELN0027","43.840527","-69.502774","20.4","2021-08-12",,,"0.01",",,N",,,,
"US1MELN0027","43.840527","-69.502774","20.4","2021-08-13",,,"0.00",",,N","0.0",",,N",,
"US1MELN0027","43.840527","-69.502774","20.4","2021-08-14",,,"0.00",",,N","0.0",",,N",,
"US1MELN0027","43.840527","-69.502774","20.4","2021-08-15",,,"0.00",",,N","0.0",",,N",,
"US1MELN0027","43.840527","-69.502774","20.4","2021-08-16",,,"0.00",",,N","0.0",",,N",,
"US1MELN0027","43.840527","-69.502774","20.4","2021-08-17",,,"0.00",",,N","0.0",",,N",,
"US1MELN0027","43.840527","-69.502774","20.4","2021-08-18",,,"0.00","T,,N",,,,
"US1MELN0027","43.840527","-69.502774","20.4","2021-08-19",,,"0.01",",,N",,,,
"US1MELN0027","43.840527","-69.502774","20.4","2021-08-20",,,"0.85",",,N",,,,
"US1MELN0027","43.840527","-69.502774","20.4","2021-08-21",,,"0.03",",,N",,,,
"US1MELN0027","43.840527","-69.502774","20.4","2021-08-22",,,"0.01",",,N",,,,
"US1MELN0027","43.840527","-69.502774","20.4","2021-08-23",,,"0.07",",,N",,,,
"US1MELN0027","43.840527","-69.502774","20.4","2021-08-24",,,"0.03",",,N",,,,
"US1MELN0027","43.840527","-69.502774","20.4","2021-08-25",,,"0.00",",,N","0.0",",,N",,
"US1MELN0027","43.840527","-69.502774","20.4","2021-08-26",,,"0.00",",,N","0.0",",,N",,
"US1MELN0027","43.840527","-69.502774","20.4","2021-08-27",,,"0.00",",,N","0.0",",,N",,
"US1MELN0027","43.840527","-69.502774","20.4","2021-08-28",,,"0.00",",,N","0.0",",,N",,
"US1MELN0027","43.840527","-69.502774","20.4","2021-08-29",,,"0.00",",,N","0.0",",,N",,
"US1MELN0027","43.840527","-69.502774","20.4","2021-08-30",,,"0.12",",,N",,,,
"US1MELN0027","43.840527","-69.502774","20.4","2021-08-31",,,"0.00",",,N","0.0",",,N",,
"US1MELN0027","43.840527","-69.502774","20.4","2021-09-01",,,"0.11",",,N",,,,
"US1MELN0027","43.840527","-69.502774","20.4","2021-09-02",,,"1.83",",,N",,,,
"US1MELN0027","43.840527","-69.502774","20.4","2021-09-03",,,"0.22",",,N",,,,
"US1MELN0027","43.840527","-69.502774","20.4","2021-09-04",,,"0.00",",,N","0.0",",,N",,
"US1MELN0027","43.840527","-69.502774","20.4","2021-09-05",,,"0.05",",,N",,,,
"US1MELN0027","43.840527","-69.502774","20.4","2021-09-06",,,"0.06",",,N",,,,
"US1MELN0027","43.840527","-69.502774","20.4","2021-09-07",,,"0.00",",,N","0.0",",,N",,
"US1MELN0027","43.840527","-69.502774","20.4","2021-09-08",,,"0.00",",,N","0.0",",,N",,
"US1MELN0027","43.840527","-69.502774","20.4","2021-09-10",,,"0.61",",,N",,,,
"US1MELN0027","43.840527","-69.502774","20.4","2021-09-11",,,"0.00",",,N","0.0",",,N",,
"US1MELN0027","43.840527","-69.502774","20.4","2021-09-12",,,"0.00",",,N","0.0",",,N",,
"US1MELN0027","43.840527","-69.502774","20.4","2021-09-13",,,"0.00",",,N","0.0",",,N",,
"US1MELN0027","43.840527","-69.502774","20.4","2021-09-14",,,"0.00",",,N","0.0",",,N",,
"US1MELN0027","43.840527","-69.502774","20.4","2021-09-15",,,"0.02",",,N",,,,
"US1MELN0027","43.840527","-69.502774","20.4","2021-09-16",,,"0.04",",,N",,,,
"US1MELN0027","43.840527","-69.502774","20.4","2021-09-17",,,"0.00",",,N","0.0",",,N",,
"US1MELN0027","43.840527","-69.502774","20.4","2021-09-18",,,"0.00","T,,N",,,,
"US1MELN0027","43.840527","-69.502774","20.4","2021-09-19",,,"0.05",",,N",,,,
"US1MELN0027","43.840527","-69.502774","20.4","2021-09-20",,,"0.00","T,,N",,,,
"US1MELN0027","43.840527","-69.502774","20.4","2021-09-21",,,"0.00","T,,N",,,,
"US1MELN0027","43.840527","-69.502774","20.4","2021-09-22",,,"0.04",",,N",,,,
"US1MELN0027","43.840527","-69.502774","20.4","2021-09-23",,,"0.01",",,N",,,,
"US1MELN0027","43.840527","-69.502774","20.4","2021-09-24",,,"0.01",",,N",,,,
"US1MELN0027","43.840527","-69.502774","20.4","2021-09-25",,,"1.68",",,N",,,,
"US1MELN0027","43.840527","-69.502774","20.4","2021-09-26",,,"0.29",",,N",,,,
"US1MELN0027","43.840527","-69.502774","20.4","2021-09-27",,,"0.89",",,N",,,,
"US1MELN0027","43.840527","-69.502774","20.4","2021-09-28",,,"0.00","T,,N",,,,
"US1MELN0027","43.840527","-69.502774","20.4","2021-09-29",,,"0.00","T,,N","0.0",",,N",,
"US1MELN0027","43.840527","-69.502774","20.4","2021-09-30",,,"0.00","T,,N",,,,
"US1MELN0027","43.840527","-69.502774","20.4","2021-10-01",,,"0.08",",,N",,,,
"US1MELN0027","43.840527","-69.502774","20.4","2021-10-02",,,"0.00",",,N","0.0",",,N",,
"US1MELN0027","43.840527","-69.502774","20.4","2021-10-03",,,"0.00","T,,N",,,,
"US1MELN0027","43.840527","-69.502774","20.4","2021-10-04",,,"0.12",",,N",,,,
"US1MELN0027","43.840527","-69.502774","20.4","2021-10-05",,,"0.00",",,N","0.0",",,N",,
"US1MELN0027","43.840527","-69.502774","20.4","2021-10-06",,,"0.00",",,N","0.0",",,N",,
"US1MELN0027","43.840527","-69.502774","20.4","2021-10-07",,,"0.00",",,N","0.0",",,N",,
"US1MELN0027","43.840527","-69.502774","20.4","2021-10-08",,,"0.00",",,N","0.0",",,N",,
"US1MELN0027","43.840527","-69.502774","20.4","2021-10-09",,,"0.00",",,N","0.0",",,N",,
"US1MELN0027","43.840527","-69.502774","20.4","2021-10-10",,,"0.00",",,N","0.0",",,N",,
"US1MELN0027","43.840527","-69.502774","20.4","2021-10-11",,,"0.00",",,N","0.0",",,N",,
"US1MELN0027","43.840527","-69.502774","20.4","2021-10-12",,,"0.00","T,,N",,,,
"US1MELN0027","43.840527","-69.502774","20.4","2021-10-13",,,"0.00",",,N","0.0",",,N",,
"US1MELN0027","43.840527","-69.502774","20.4","2021-10-14",,,"0.00",",,N","0.0",",,N",,
"US1MELN0027","43.840527","-69.502774","20.4","2021-10-15",,,"0.00",",,N","0.0",",,N",,
"US1MELN0027","43.840527","-69.502774","20.4","2021-10-16",,,"0.10",",,N",,,,
"US1MELN0027","43.840527","-69.502774","20.4","2021-10-17",,,"1.35",",,N",,,,
"US1MELN0027","43.840527","-69.502774","20.4","2021-10-18",,,"0.03",",,N",,,,
"US1MELN0027","43.840527","-69.502774","20.4","2021-10-19",,,"0.00",",,N","0.0",",,N",,
"US1MELN0027","43.840527","-69.502774","20.4","2021-10-20",,,"0.00",",,N","0.0",",,N",,
"US1MELN0027","43.840527","-69.502774","20.4","2021-10-21",,,"0.00",",,N","0.0",",,N",,
"US1MELN0027","43.840527","-69.502774","20.4","2021-10-22",,,"0.02",",,N",,,,
"US1MELN0027","43.840527","-69.502774","20.4","2021-10-23",,,"0.06",",,N",,,,
"US1MELN0027","43.840527","-69.502774","20.4","2021-10-24",,,"0.01",",,N",,,,
"US1MELN0027","43.840527","-69.502774","20.4","2021-10-25",,,"0.00",",,N","0.0",",,N",,
"US1MELN0027","43.840527","-69.502774","20.4","2021-10-26",,,"0.08",",,N",,,,
"US1MELN0027","43.840527","-69.502774","20.4","2021-10-27",,,"0.55",",,N",,,,
"US1MELN0027","43.840527","-69.502774","20.4","2021-10-28",,,"0.21",",,N",,,,
"US1MELN0027","43.840527","-69.502774","20.4","2021-10-29",,,"0.01",",,N",,,,
"US1MELN0027","43.840527","-69.502774","20.4","2021-10-30",,,"0.00",",,N","0.0",",,N",,
"US1MELN0027","43.840527","-69.502774","20.4","2021-10-31",,,"0.88",",,N",,,,
"US1MELN0027","43.840527","-69.502774","20.4","2021-11-01",,,"0.03",",,N",,,,
"US1MELN0027","43.840527","-69.502774","20.4","2021-11-02",,,"0.00","T,,N",,,,
"US1MELN0027","43.840527","-69.502774","20.4","2021-11-03",,,"0.00",",,N","0.0",",,N",,
"US1MELN0027","43.840527","-69.502774","20.4","2021-11-04",,,"0.00",",,N","0.0",",,N",,
"US1MELN0027","43.840527","-69.502774","20.4","2021-11-05",,,"0.00",",,N","0.0",",,N",,
"US1MELN0027","43.840527","-69.502774","20.4","2021-11-06",,,"0.00",",,N","0.0",",,N",,
"US1MELN0027","43.840527","-69.502774","20.4","2021-11-07",,,"0.00",",,N","0.0",",,N",,
"US1MELN0027","43.840527","-69.502774","20.4","2021-11-08",,,"0.00",",,N","0.0",",,N",,
"US1MELN0027","43.840527","-69.502774","20.4","2021-11-09",,,"0.00",",,N","0.0",",,N",,
"US1MELN0027","43.840527","-69.502774","20.4","2021-11-10",,,"0.00","T,,N",,,,
"US1MELN0027","43.840527","-69.502774","20.4","2021-11-11",,,"0.14",",,N",,,,
"US1MELN0027","43.840527","-69.502774","20.4","2021-11-12",,,"0.16",",,N",,,,
"US1MELN0027","43.840527","-69.502774","20.4","2021-11-13",,,"0.53",",,N",,,,
"US1MELN0027","43.840527","-69.502774","20.4","2021-11-14",,,"0.39",",,N",,,,
"US1MELN0027","43.840527","-69.502774","20.4","2021-11-15",,,"0.28",",,N",,,,
"US1MEPN0042","45.24416","-68.554868","63.4","2021-08-26",,,"0.00",",,N","0.0",",,N",,
"US1MEPN0042","45.24416","-68.554868","63.4","2021-08-27",,,"0.00",",,N","0.0",",,N",,
"US1MEPN0042","45.24416","-68.554868","63.4","2021-08-28",,,"0.00",",,N","0.0",",,N",,
"US1MEPN0042","45.24416","-68.554868","63.4","2021-08-29",,,"0.00","T,,N","0.0",",,N",,
"US1MEPN0042","45.24416","-68.554868","63.4","2021-08-30",,,"0.00",",,N","0.0",",,N",,
"US1MEPN0042","45.24416","-68.554868","63.4","2021-08-31",,,"0.01",",,N","0.0",",,N",,
"US1MEPN0042","45.24416","-68.554868","63.4","2021-09-01",,,"0.00",",,N","0.0",",,N",,
"US1MEPN0042","45.24416","-68.554868","63.4","2021-09-02",,,"0.37",",,N","0.0",",,N",,
"US1MEPN0042","45.24416","-68.554868","63.4","2021-09-03",,,"0.53",",,N","0.0",",,N",,
"US1MEPN0042","45.24416","-68.554868","63.4","2021-09-04",,,"0.03",",,N","0.0",",,N",,
"US1MEPN0042","45.24416","-68.554868","63.4","2021-09-05",,,"0.00",",,N","0.0",",,N",,
"US1MEPN0042","45.24416","-68.554868","63.4","2021-09-06",,,"0.05",",,N","0.0",",,N",,
"US1MEPN0042","45.24416","-68.554868","63.4","2021-09-07",,,"0.43",",,N","0.0",",,N",,
"US1MEPN0042","45.24416","-68.554868","63.4","2021-09-08",,,"0.00",",,N","0.0",",,N",,
"US1MEPN0042","45.24416","-68.554868","63.4","2021-09-09",,,"0.00",",,N","0.0",",,N",,
"US1MEPN0042","45.24416","-68.554868","63.4","2021-09-10",,,"2.29",",,N","0.0",",,N",,
"US1MEPN0042","45.24416","-68.554868","63.4","2021-09-11",,,"0.32",",,N",,,,
"US1MEPN0042","45.24416","-68.554868","63.4","2021-09-12",,,"0.00",",,N","0.0",",,N",,
"US1MEPN0042","45.24416","-68.554868","63.4","2021-09-13",,,"0.00",",,N","0.0",",,N",,
"US1MEKB0052","44.642","-69.4963","44.8","2021-08-01",,,"0.00",",,N","0.0",",,N",,
"US1MEKB0052","44.642","-69.4963","44.8","2021-08-02",,,"0.15",",,N",,,,
"US1MEKB0052","44.642","-69.4963","44.8","2021-08-03",,,"0.00",",,N","0.0",",,N",,
"US1MEKB0052","44.642","-69.4963","44.8","2021-08-04",,,"0.00",",,N","0.0",",,N",,
"US1MEKB0052","44.642","-69.4963","44.8","2021-08-05",,,"0.29",",,N",,,,
"US1MEKB0052","44.642","-69.4963","44.8","2021-08-06",,,"0.00",",,N","0.0",",,N",,
"US1MEKB0052","44.642","-69.4963","44.8","2021-08-07",,,"0.00",",,N","0.0",",,N",,
"US1MEKB0052","44.642","-69.4963","44.8","2021-08-08",,,"0.00",",,N","0.0",",,N",,
"US1MEKB0052","44.642","-69.4963","44.8","2021-08-09",,,"0.00",",,N","0.0",",,N",,
"US1MEKB0052","44.642","-69.4963","44.8","2021-08-10",,,"0.00",",,N","0.0",",,N",,
"US1MEKB0052","44.642","-69.4963","44.8","2021-08-11",,,"0.00",",,N","0.0",",,N",,
"US1MEKB0052","44.642","-69.4963","44.8","2021-08-12",,,"0.00",",,N","0.0",",,N",,
"US1MEKB0052","44.642","-69.4963","44.8","2021-08-13",,,"0.00",",,N","0.0",",,N",,
"US1MEKB0052","44.642","-69.4963","44.8","2021-08-14",,,"0.92",",,N",,,,
"US1MEKB0052","44.642","-69.4963","44.8","2021-08-15",,,"0.00",",,N","0.0",",,N",,
"US1MEKB0052","44.642","-69.4963","44.8","2021-08-16",,,"0.00",",,N","0.0",",,N",,
"US1MEKB0052","44.642","-69.4963","44.8","2021-08-17",,,"0.00",",,N","0.0",",,N",,
"US1MEKB0052","44.642","-69.4963","44.8","2021-08-18",,,"0.41",",,N",,,,
"US1MEKB0052","44.642","-69.4963","44.8","2021-08-19",,,"0.39",",,N",,,,
"US1MEKB0052","44.642","-69.4963","44.8","2021-08-20",,,"0.00",",,N","0.0",",,N",,
"US1MEKB0052","44.642","-69.4963","44.8","2021-08-21",,,"0.00",",,N","0.0",",,N",,
"US1MEKB0052","44.642","-69.4963","44.8","2021-08-22",,,"0.20",",,N",,,,
"US1MEKB0052","44.642","-69.4963","44.8","2021-08-23",,,"0.02",",,N",,,,
"US1MEKB0052","44.642","-69.4963","44.8","2021-08-24",,,"0.00",",,N","0.0",",,N",,
"US1MEKB0052","44.642","-69.4963","44.8","2021-08-25",,,"0.00",",,N","0.0",",,N",,
"US1MEKB0052","44.642","-69.4963","44.8","2021-08-26",,,"0.00",",,N","0.0",",,N",,
"US1MEKB0052","44.642","-69.4963","44.8","2021-08-27",,,"0.00",",,N","0.0",",,N",,
"US1MEKB0052","44.642","-69.4963","44.8","2021-08-28",,,"0.29",",,N",,,,
"US1MEKB0052","44.642","-69.4963","44.8","2021-08-29",,,"0.05",",,N",,,,
"US1MEKB0052","44.642","-69.4963","44.8","2021-08-30",,,"0.15",",,N",,,,
"US1MEKB0052","44.642","-69.4963","44.8","2021-08-31",,,"0.00",",,N","0.0",",,N",,
"US1MEKB0052","44.642","-69.4963","44.8","2021-09-01",,,"0.00",",,N","0.0",",,N",,
"US1MEKB0052","44.642","-69.4963","44.8","2021-09-02",,,"1.07",",,N",,,,
"US1MEKB0052","44.642","-69.4963","44.8","2021-09-03",,,"0.10",",,N",,,,
"US1MEKB0052","44.642","-69.4963","44.8","2021-09-04",,,"0.00","T,,N",,,,
"US1MEKB0052","44.642","-69.4963","44.8","2021-09-05",,,"0.08",",,N",,,,
"US1MEKB0052","44.642","-69.4963","44.8","2021-09-06",,,"0.49",",,N",,,,
"US1MEKB0052","44.642","-69.4963","44.8","2021-09-07",,,"0.00",",,N","0.0",",,N",,
"US1MEKB0052","44.642","-69.4963","44.8","2021-09-08",,,"0.00",",,N","0.0",",,N",,
"US1MEKB0052","44.642","-69.4963","44.8","2021-09-09",,,"1.19",",,N",,,,
"US1MEKB0052","44.642","-69.4963","44.8","2021-09-10",,,"1.15",",,N",,,,
"US1MEKB0052","44.642","-69.4963","44.8","2021-09-11",,,"0.00",",,N","0.0",",,N",,
"US1MEKB0052","44.642","-69.4963","44.8","2021-09-12",,,"0.00",",,N","0.0",",,N",,
"US1MEKB0052","44.642","-69.4963","44.8","2021-09-13",,,"0.01",",,N",,,,
"US1MEKB0052","44.642","-69.4963","44.8","2021-09-14",,,"0.00",",,N","0.0",",,N",,
"US1MEKB0052","44.642","-69.4963","44.8","2021-09-15",,,"0.97",",,N",,,,
"US1MEKB0052","44.642","-69.4963","44.8","2021-09-16",,,"0.03",",,N",,,,
"US1MEKB0052","44.642","-69.4963","44.8","2021-09-17",,,"0.00",",,N","0.0",",,N",,
"US1MEKB0052","44.642","-69.4963","44.8","2021-09-18",,,"0.30",",,N",,,,
"US1MEKB0052","44.642","-69.4963","44.8","2021-09-19",,,"0.00",",,N","0.0",",,N",,
"US1MEKB0052","44.642","-69.4963","44.8","2021-09-20",,,"0.00",",,N","0.0",",,N",,
"US1MEKB0052","44.642","-69.4963","44.8","2021-09-21",,,"0.00","T,,N",,,,
"US1MEKB0052","44.642","-69.4963","44.8","2021-09-22",,,"0.00",",,N","0.0",",,N",,
"US1MEKB0052","44.642","-69.4963","44.8","2021-09-23",,,"0.00",",,N","0.0",",,N",,
"US1MEKB0052","44.642","-69.4963","44.8","2021-09-24",,,"0.36",",,N",,,,
"US1MEKB0052","44.642","-69.4963","44.8","2021-09-25",,,"0.84",",,N",,,,
"US1MEKB0052","44.642","-69.4963","44.8","2021-09-26",,,"3.45",",,N",,,,
"US1MEKB0052","44.642","-69.4963","44.8","2021-09-27",,,"0.00",",,N","0.0",",,N",,
"US1MEKB0052","44.642","-69.4963","44.8","2021-09-28",,,"0.00",",,N","0.0",",,N",,
"US1MEKB0052","44.642","-69.4963","44.8","2021-09-29",,,"0.05",",,N",,,,
"US1MEKB0052","44.642","-69.4963","44.8","2021-09-30",,,"0.53",",,N",,,,
"US1MEKB0052","44.642","-69.4963","44.8","2021-11-02",,,"0.00","T,,N",,,,
"US1MEKB0052","44.642","-69.4963","44.8","2021-11-16",,,"0.00","T,,N","0.0","T,,N",,
"US1MEKB0052","44.642","-69.4963","44.8","2021-11-26",,,"0.37",",,N","0.0","T,,N",,
"US1MEKB0052","44.642","-69.4963","44.8","2021-11-27",,,"0.11",",,N","0.4",",,N",,
"US1MEKB0051","44.5404055","-69.6403044","39.9","2021-08-02",,,,,,,,
"US1MEKB0051","44.5404055","-69.6403044","39.9","2021-08-03",,,"0.08",",,N",,,,
"US1MEKB0051","44.5404055","-69.6403044","39.9","2021-08-06",,,"0.23",",,N",,,,
"US1MEKB0051","44.5404055","-69.6403044","39.9","2021-08-15",,,"1.14",",,N",,,,
"US1MEKB0051","44.5404055","-69.6403044","39.9","2021-08-18",,,"0.04",",,N",,,,
"US1MEKB0051","44.5404055","-69.6403044","39.9","2021-08-19",,,"0.37",",,N",,,,
"US1MEKB0051","44.5404055","-69.6403044","39.9","2021-08-23",,,"0.24",",,N",,,,
"US1MEKB0051","44.5404055","-69.6403044","39.9","2021-08-24",,,"0.03",",,N",,,,
"US1MEKB0051","44.5404055","-69.6403044","39.9","2021-08-29",,,"0.25",",,N",,,,
"US1MEKB0051","44.5404055","-69.6403044","39.9","2021-08-30",,,"0.04",",,N",,,,
"US1MEKB0051","44.5404055","-69.6403044","39.9","2021-09-01",,,"0.00",",,N","0.0",",,N",,
"US1MEKB0051","44.5404055","-69.6403044","39.9","2021-09-02",,,"0.80",",,N",,,,
"US1MEKB0051","44.5404055","-69.6403044","39.9","2021-09-03",,,"0.08",",,N",,,,
"US1MEKB0051","44.5404055","-69.6403044","39.9","2021-09-04",,,"0.41",",,N",,,,
"US1MEKB0051","44.5404055","-69.6403044","39.9","2021-09-05",,,"0.00",",,N","0.0",",,N",,
"US1MEKB0051","44.5404055","-69.6403044","39.9","2021-09-06",,,"0.05",",,N",,,,
"US1MEKB0051","44.5404055","-69.6403044","39.9","2021-09-07",,,"0.27",",,N",,,,
"US1MEKB0051","44.5404055","-69.6403044","39.9","2021-09-08",,,"0.00",",,N","0.0",",,N",,
"US1MEKB0051","44.5404055","-69.6403044","39.9","2021-09-09",,,"0.41",",,N",,,,
"US1MEKB0051","44.5404055","-69.6403044","39.9","2021-09-10",,,"1.08",",,N",,,,
"US1MEKB0051","44.5404055","-69.6403044","39.9","2021-09-11",,,"0.11",",,N",,,,
"US1MEKB0051","44.5404055","-69.6403044","39.9","2021-09-12",,,"0.00",",,N","0.0",",,N",,
"US1MEKB0051","44.5404055","-69.6403044","39.9","2021-09-13",,,"0.01",",,N",,,,
"US1MEKB0051","44.5404055","-69.6403044","39.9","2021-09-14",,,"0.00",",,N","0.0",",,N",,
"US1MEKB0051","44.5404055","-69.6403044","39.9","2021-09-15",,,"0.00",",,N","0.0",",,N",,
"US1MEKB0051","44.5404055","-69.6403044","39.9","2021-09-16",,,"0.67",",,N",,,,
"US1MEKB0051","44.5404055","-69.6403044","39.9","2021-09-17",,,"0.00",",,N","0.0",",,N",,
"US1MEKB0051","44.5404055","-69.6403044","39.9","2021-09-18",,,"0.00",",,N","0.0",",,N",,
"US1MEKB0051","44.5404055","-69.6403044","39.9","2021-09-19",,,"0.31",",,N",,,,
"US1MEKB0051","44.5404055","-69.6403044","39.9","2021-09-20",,,"0.00",",,N","0.0",",,N",,
"US1MEKB0051","44.5404055","-69.6403044","39.9","2021-09-21",,,"0.00",",,N","0.0",",,N",,
"US1MEKB0051","44.5404055","-69.6403044","39.9","2021-09-22",,,"0.00",",,N","0.0",",,N",,
"US1MEKB0051","44.5404055","-69.6403044","39.9","2021-09-23",,,"0.00",",,N","0.0",",,N",,
"US1MEKB0051","44.5404055","-69.6403044","39.9","2021-09-24",,,"0.01",",,N",,,,
"US1MEKB0051","44.5404055","-69.6403044","39.9","2021-09-25",,,"0.49",",,N",,,,
"US1MEKB0051","44.5404055","-69.6403044","39.9","2021-09-26",,,"1.66",",,N",,,,
"US1MEKB0051","44.5404055","-69.6403044","39.9","2021-09-27",,,"0.31",",,N",,,,
"US1MEKB0051","44.5404055","-69.6403044","39.9","2021-09-28",,,"0.00",",,N","0.0",",,N",,
"US1MEKB0051","44.5404055","-69.6403044","39.9","2021-09-29",,,"0.00",",,N","0.0",",,N",,
"US1MEKB0051","44.5404055","-69.6403044","39.9","2021-09-30",,,"0.32",",,N",,,,
"US1MEKB0051","44.5404055","-69.6403044","39.9","2021-10-01",,,"0.07",",,N",,,,
"US1MEKB0051","44.5404055","-69.6403044","39.9","2021-10-02",,,"0.00",",,N","0.0",",,N",,
"US1MEKB0051","44.5404055","-69.6403044","39.9","2021-10-03",,,"0.01",",,N",,,,
"US1MEKB0051","44.5404055","-69.6403044","39.9","2021-10-04",,,"0.04",",,N",,,,
"US1MEKB0051","44.5404055","-69.6403044","39.9","2021-10-05",,,"0.00",",,N","0.0",",,N",,
"US1MEKB0051","44.5404055","-69.6403044","39.9","2021-10-06",,,"0.00",",,N","0.0",",,N",,
"US1MEKB0051","44.5404055","-69.6403044","39.9","2021-10-07",,,"0.00",",,N","0.0",",,N",,
"US1MEKB0051","44.5404055","-69.6403044","39.9","2021-10-08",,,"0.00",",,N","0.0",",,N",,
"US1MEKB0051","44.5404055","-69.6403044","39.9","2021-10-09",,,"0.00",",,N","0.0",",,N",,
"US1MEKB0051","44.5404055","-69.6403044","39.9","2021-10-10",,,"0.00",",,N","0.0",",,N",,
"US1MEKB0051","44.5404055","-69.6403044","39.9","2021-10-11",,,"0.00",",,N","0.0",",,N",,
"US1MEKB0051","44.5404055","-69.6403044","39.9","2021-10-12",,,"0.00",",,N","0.0",",,N",,
"US1MEKB0051","44.5404055","-69.6403044","39.9","2021-10-13",,,"0.00",",,N","0.0",",,N",,
"US1MEKB0051","44.5404055","-69.6403044","39.9","2021-10-14",,,"0.00",",,N","0.0",",,N",,
"US1MEKB0051","44.5404055","-69.6403044","39.9","2021-10-15",,,"0.00",",,N","0.0",",,N",,
"US1MEKB0051","44.5404055","-69.6403044","39.9","2021-10-16",,,"0.30",",,N",,,,
"US1MEKB0051","44.5404055","-69.6403044","39.9","2021-10-17",,,"0.47",",,N",,,,
"US1MEKB0051","44.5404055","-69.6403044","39.9","2021-10-18",,,"0.02",",,N",,,,
"US1MEKB0051","44.5404055","-69.6403044","39.9","2021-10-19",,,"0.00",",,N","0.0",",,N",,
"US1MEKB0051","44.5404055","-69.6403044","39.9","2021-10-20",,,"0.01",",,N",,,,
"US1MEKB0051","44.5404055","-69.6403044","39.9","2021-10-21",,,"0.03",",,N",,,,
"US1MEKB0051","44.5404055","-69.6403044","39.9","2021-10-22",,,"0.10",",,N",,,,
"US1MEKB0051","44.5404055","-69.6403044","39.9","2021-10-23",,,"0.02",",,N",,,,
"US1MEKB0051","44.5404055","-69.6403044","39.9","2021-10-24",,,"0.00",",,N","0.0",",,N",,
"US1MEKB0051","44.5404055","-69.6403044","39.9","2021-10-25",,,"0.00",",,N","0.0",",,N",,
"US1MEKB0051","44.5404055","-69.6403044","39.9","2021-10-26",,,"0.17",",,N",,,,
"US1MEKB0051","44.5404055","-69.6403044","39.9","2021-10-27",,,"0.11",",,N",,,,
"US1MEKB0051","44.5404055","-69.6403044","39.9","2021-10-28",,,"0.06",",,N",,,,
"US1MEKB0051","44.5404055","-69.6403044","39.9","2021-10-29",,,"0.00",",,N","0.0",",,N",,
"US1MEKB0051","44.5404055","-69.6403044","39.9","2021-10-30",,,"0.01",",,N",,,,
"US1MEKB0051","44.5404055","-69.6403044","39.9","2021-10-31",,,"2.42",",,N",,,,
"US1MEKB0051","44.5404055","-69.6403044","39.9","2021-11-01",,,"0.03",",,N",,,,
"US1MEKB0051","44.5404055","-69.6403044","39.9","2021-11-03",,,"0.03",",,N",,,,
"US1MEKB0051","44.5404055","-69.6403044","39.9","2021-11-10",,,"0.03",",,N",,,,
"US1MEKB0051","44.5404055","-69.6403044","39.9","2021-11-11",,,"0.07",",,N",,,,
"US1MEKB0051","44.5404055","-69.6403044","39.9","2021-11-13",,,"1.12",",,N",,,,
"US1MEKB0051","44.5404055","-69.6403044","39.9","2021-11-14",,,"0.20",",,N",,,,
"US1MEKB0051","44.5404055","-69.6403044","39.9","2021-11-15",,,"0.20",",,N",,,,
"US1MEKB0051","44.5404055","-69.6403044","39.9","2021-11-18",,,"0.14",",,N",,,,
"US1MEKB0051","44.5404055","-69.6403044","39.9","2021-11-19",,,"0.19",",,N",,,,
"US1MEKB0051","44.5404055","-69.6403044","39.9","2021-11-22",,,"0.18",",,N",,,,
"US1MEKB0051","44.5404055","-69.6403044","39.9","2021-11-23",,,"0.03",",,N",,,,
"US1MEKB0051","44.5404055","-69.6403044","39.9","2021-11-26",,,"0.01",",,N",,,,
"US1MEKB0051","44.5404055","-69.6403044","39.9","2021-11-27",,,"0.49",",,N",,,,
"US1MEKB0051","44.5404055","-69.6403044","39.9","2021-11-28",,,"0.00",",,N","0.0",",,N",,
"US1MEYK0068","43.27435","-70.86503","68.9","2021-08-01",,,"0.00",",,N","0.0",",,N",,
"US1MEYK0068","43.27435","-70.86503","68.9","2021-08-02",,,"0.02",",,N",,,,
"US1MEYK0068","43.27435","-70.86503","68.9","2021-08-03",,,"0.00",",,N","0.0",",,N",,
"US1MEYK0068","43.27435","-70.86503","68.9","2021-08-10",,,,,,,,
"US1MEYK0068","43.27435","-70.86503","68.9","2021-08-11",,,"0.00",",,N","0.0",",,N",,
"US1MEYK0068","43.27435","-70.86503","68.9","2021-08-12",,,"0.00",",,N","0.0",",,N",,
"US1MEYK0068","43.27435","-70.86503","68.9","2021-08-13",,,"0.00",",,N","0.0",",,N",,
"US1MEYK0068","43.27435","-70.86503","68.9","2021-08-14",,,"0.00",",,N","0.0",",,N",,
"US1MEYK0068","43.27435","-70.86503","68.9","2021-08-15",,,"0.03",",,N",,,,
"US1MEYK0068","43.27435","-70.86503","68.9","2021-08-16",,,"0.00",",,N","0.0",",,N",,
"US1MEYK0068","43.27435","-70.86503","68.9","2021-08-17",,,"0.00",",,N","0.0",",,N",,
"US1MEYK0068","43.27435","-70.86503","68.9","2021-08-18",,,"0.00",",,N","0.0",",,N",,
"US1MEYK0068","43.27435","-70.86503","68.9","2021-08-19",,,"0.00","T,,N",,,,
"US1MEYK0068","43.27435","-70.86503","68.9","2021-08-20",,,"1.46",",,N",,,,
"US1MEYK0068","43.27435","-70.86503","68.9","2021-08-21",,,"0.00","T,,N",,,,
"US1MEYK0068","43.27435","-70.86503","68.9","2021-08-22",,,"0.00","T,,N",,,,
"US1MEYK0068","43.27435","-70.86503","68.9","2021-08-23",,,"0.89",",,N",,,,
"US1MEYK0068","43.27435","-70.86503","68.9","2021-08-24",,,"1.99",",,N",,,,
"US1MEYK0068","43.27435","-70.86503","68.9","2021-08-25",,,"0.00",",,N","0.0",",,N",,
"US1MEYK0068","43.27435","-70.86503","68.9","2021-08-26",,,"0.00",",,N","0.0",",,N",,
"US1MEYK0068","43.27435","-70.86503","68.9","2021-08-27",,,"0.00",",,N","0.0",",,N",,
"US1MEYK0068","43.27435","-70.86503","68.9","2021-08-28",,,"0.00",",,N","0.0",",,N",,
"US1MEYK0068","43.27435","-70.86503","68.9","2021-08-29",,,"0.01",",,N",,,,
"US1MEYK0068","43.27435","-70.86503","68.9","2021-08-30",,,"0.00","T,,N",,,,
"US1MEYK0068","43.27435","-70.86503","68.9","2021-08-31",,,"0.00",",,N","0.0",",,N",,
"US1MEYK0068","43.27435","-70.86503","68.9","2021-09-01",,,"0.00",",,N","0.0",",,N",,
"US1MEYK0068","43.27435","-70.86503","68.9","2021-09-02",,,"2.40",",,N",,,,
"US1MEYK0068","43.27435","-70.86503","68.9","2021-09-03",,,"0.01",",,N",,,,
"US1MEYK0068","43.27435","-70.86503","68.9","2021-09-04",,,"0.10",",,N","0.0",",,N",,
"US1MEYK0068","43.27435","-70.86503","68.9","2021-09-05",,,"0.00",",,N","0.0",",,N",,
"US1MEYK0068","43.27435","-70.86503","68.9","2021-09-06",,,"0.14",",,N",,,,
"US1MEYK0068","43.27435","-70.86503","68.9","2021-09-07",,,"0.01",",,N",,,,
"US1MEYK0068","43.27435","-70.86503","68.9","2021-09-08",,,"0.00",",,N","0.0",",,N",,
"US1MEYK0068","43.27435","-70.86503","68.9","2021-09-09",,,"0.14",",,N",,,,
"US1MEYK0068","43.27435","-70.86503","68.9","2021-09-10",,,"1.86",",,N",,,,
"US1MEYK0068","43.27435","-70.86503","68.9","2021-09-11",,,"0.00",",,N","0.0",",,N",,
"US1MEYK0068","43.27435","-70.86503","68.9","2021-09-12",,,"0.00",",,N","0.0",",,N",,
"US1MEYK0068","43.27435","-70.86503","68.9","2021-09-13",,,"0.30",",,N",,,,
"US1MEYK0068","43.27435","-70.86503","68.9","2021-09-14",,,"0.00",",,N","0.0",",,N",,
"US1MEYK0068","43.27435","-70.86503","68.9","2021-09-15",,,"0.00",",,N","0.0",",,N",,
"US1MEYK0068","43.27435","-70.86503","68.9","2021-09-16",,,"0.20",",,N",,,,
"US1MEYK0068","43.27435","-70.86503","68.9","2021-09-17",,,"0.00",",,N","0.0",",,N",,
"US1MEYK0068","43.27435","-70.86503","68.9","2021-09-18",,,"0.01",",,N",,,,
"US1MEYK0068","43.27435","-70.86503","68.9","2021-09-19",,,"0.02",",,N",,,,
"US1MEYK0068","43.27435","-70.86503","68.9","2021-09-20",,,"0.00",",,N","0.0",",,N",,
"US1MEYK0068","43.27435","-70.86503","68.9","2021-09-21",,,"0.00",",,N","0.0",",,N",,
"US1MEYK0068","43.27435","-70.86503","68.9","2021-09-22",,,"0.00",",,N","0.0",",,N",,
"US1MEYK0068","43.27435","-70.86503","68.9","2021-09-23",,,"0.00",",,N","0.0",",,N",,
"US1MEYK0068","43.27435","-70.86503","68.9","2021-09-24",,,"0.02",",,N",,,,
"US1MEYK0068","43.27435","-70.86503","68.9","2021-09-25",,,"0.06",",,N",,,,
"US1MEYK0068","43.27435","-70.86503","68.9","2021-09-26",,,"0.10",",,N",,,,
"US1MEYK0068","43.27435","-70.86503","68.9","2021-09-27",,,"0.01",",,N",,,,
"US1MEYK0068","43.27435","-70.86503","68.9","2021-09-28",,,"0.00","T,,N",,,,
"US1MEYK0068","43.27435","-70.86503","68.9","2021-09-29",,,"0.00","T,,N",,,,
"US1MEYK0068","43.27435","-70.86503","68.9","2021-09-30",,,"0.00","T,,N",,,,
"US1MEYK0068","43.27435","-70.86503","68.9","2021-10-01",,,"0.04",",,N",,,,
"US1MEYK0068","43.27435","-70.86503","68.9","2021-10-02",,,"0.00","T,,N",,,,
"US1MEYK0068","43.27435","-70.86503","68.9","2021-10-03",,,"0.00","T,,N",,,,
"US1MEYK0068","43.27435","-70.86503","68.9","2021-10-04",,,"0.03",",,N",,,,
"US1MEYK0068","43.27435","-70.86503","68.9","2021-10-05",,,"0.27",",,N",,,,
"US1MEYK0068","43.27435","-70.86503","68.9","2021-10-06",,,"0.00",",,N","0.0",",,N",,
"US1MEYK0068","43.27435","-70.86503","68.9","2021-10-07",,,"0.00",",,N","0.0",",,N",,
"US1MEYK0068","43.27435","-70.86503","68.9","2021-10-08",,,"0.00",",,N","0.0",",,N",,
"US1MEYK0068","43.27435","-70.86503","68.9","2021-10-09",,,"0.00",",,N","0.0",",,N",,
"US1MEYK0068","43.27435","-70.86503","68.9","2021-10-10",,,"0.00","T,,N",,,,
"US1MEYK0068","43.27435","-70.86503","68.9","2021-10-11",,,"0.00",",,N","0.0",",,N",,
"US1MEYK0068","43.27435","-70.86503","68.9","2021-10-12",,,"0.00",",,N","0.0",",,N",,
"US1MEYK0068","43.27435","-70.86503","68.9","2021-10-13",,,"0.00",",,N","0.0",",,N",,
"US1MEYK0068","43.27435","-70.86503","68.9","2021-10-14",,,"0.00",",,N","0.0",",,N",,
"US1MEYK0068","43.27435","-70.86503","68.9","2021-10-15",,,"0.00",",,N","0.0",",,N",,
"US1MEYK0068","43.27435","-70.86503","68.9","2021-10-16",,,"0.04",",,N",,,,
"US1MEYK0068","43.27435","-70.86503","68.9","2021-10-17",,,"0.28",",,N",,,,
"US1MEYK0068","43.27435","-70.86503","68.9","2021-10-18",,,"0.00",",,N","0.0",",,N",,
"US1MEYK0068","43.27435","-70.86503","68.9","2021-10-19",,,"0.00",",,N","0.0",",,N",,
"US1MEYK0068","43.27435","-70.86503","68.9","2021-10-20",,,"0.00",",,N","0.0",",,N",,
"US1MEYK0068","43.27435","-70.86503","68.9","2021-10-21",,,"0.00",",,N","0.0",",,N",,
"US1MEYK0068","43.27435","-70.86503","68.9","2021-10-22",,,"0.03",",,N",,,,
"US1MEYK0068","43.27435","-70.86503","68.9","2021-10-23",,,"0.00",",,N","0.0",",,N",,
"US1MEYK0068","43.27435","-70.86503","68.9","2021-10-24",,,"0.00",",,N","0.0",",,N",,
"US1MEYK0068","43.27435","-70.86503","68.9","2021-10-25",,,"0.04",",,N",,,,
"US1MEYK0068","43.27435","-70.86503","68.9","2021-10-26",,,"0.38",",,N",,,,
"US1MEYK0068","43.27435","-70.86503","68.9","2021-10-27",,,"1.15",",,N",,,,
"US1MEYK0068","43.27435","-70.86503","68.9","2021-10-28",,,"0.45",",,N",,,,
"US1MEYK0068","43.27435","-70.86503","68.9","2021-10-29",,,"0.00",",,N","0.0",",,N",,
"US1MEYK0068","43.27435","-70.86503","68.9","2021-10-30",,,"0.11",",,N",,,,
"US1MEYK0068","43.27435","-70.86503","68.9","2021-10-31",,,"4.37",",,N",,,,
"US1MEYK0068","43.27435","-70.86503","68.9","2021-11-01",,,"0.02",",,N",,,,
"US1MEYK0068","43.27435","-70.86503","68.9","2021-11-02",,,"0.00",",,N","0.0",",,N",,
"US1MEYK0068","43.27435","-70.86503","68.9","2021-11-03",,,"0.00","T,,N",,,,
"US1MEYK0068","43.27435","-70.86503","68.9","2021-11-04",,,"0.00","T,,N",,,,
"US1MEYK0068","43.27435","-70.86503","68.9","2021-11-05",,,"0.00",",,N","0.0",",,N",,
"US1MEYK0068","43.27435","-70.86503","68.9","2021-11-06",,,"0.00",",,N","0.0",",,N",,
"US1MEYK0068","43.27435","-70.86503","68.9","2021-11-07",,,"0.00",",,N","0.0",",,N",,
"US1MEYK0068","43.27435","-70.86503","68.9","2021-11-08",,,"0.00",",,N","0.0",",,N",,
"US1MEYK0068","43.27435","-70.86503","68.9","2021-11-09",,,"0.00",",,N","0.0",",,N",,
"US1MEYK0068","43.27435","-70.86503","68.9","2021-11-10",,,"0.00","T,,N",,,,
"US1MEYK0068","43.27435","-70.86503","68.9","2021-11-11",,,"0.09",",,N",,,,
"US1MEYK0068","43.27435","-70.86503","68.9","2021-11-12",,,"0.00","T,,N",,,,
"US1MEYK0068","43.27435","-70.86503","68.9","2021-11-13",,,"1.77",",,N",,,,
"US1MEYK0068","43.27435","-70.86503","68.9","2021-11-14",,,"0.35",",,N",,,,
"US1MEYK0068","43.27435","-70.86503","68.9","2021-11-15",,,"0.12",",,N",,,,
"US1MEYK0068","43.27435","-70.86503","68.9","2021-11-16",,,"0.00","T,,N",,,,
"US1MEYK0068","43.27435","-70.86503","68.9","2021-11-17",,,"0.00",",,N","0.0",",,N",,
"US1MEYK0068","43.27435","-70.86503","68.9","2021-11-18",,,"0.00",",,N","0.0",",,N",,
"US1MEYK0068","43.27435","-70.86503","68.9","2021-11-19",,,"0.16",",,N",,,,
"US1MEYK0068","43.27435","-70.86503","68.9","2021-11-20",,,"0.01",",,N",,,,
"US1MEYK0068","43.27435","-70.86503","68.9","2021-11-21",,,"0.00",",,N","0.0",",,N",,
"US1MEYK0068","43.27435","-70.86503","68.9","2021-11-22",,,"0.21",",,N",,,,
"US1MEYK0068","43.27435","-70.86503","68.9","2021-11-23",,,"0.06",",,N",,,,
"US1MEYK0068","43.27435","-70.86503","68.9","2021-11-24",,,"0.00",",,N","0.0",",,N",,
"US1MEYK0068","43.27435","-70.86503","68.9","2021-11-25",,,"0.00",",,N","0.0",",,N",,
"US1MEYK0068","43.27435","-70.86503","68.9","2021-11-26",,,"0.00","T,,N",,,,
"US1MEYK0068","43.27435","-70.86503","68.9","2021-11-27",,,"0.23",",,N",,,,
"US1MEYK0068","43.27435","-70.86503","68.9","2021-11-28",,,"0.00","T,,N",,,,
"USW00003949","31.4","-93.28333","111.3","2021-08-01","1.79",",,W","0.00",",,W",,,,
"USW00003949","31.4","-93.28333","111.3","2021-08-02","1.12",",,W","1.88",",,W",,,,
"USW00003949","31.4","-93.28333","111.3","2021-08-03","2.01",",,W","0.00",",,W",,,,
"USW00003949","31.4","-93.28333","111.3","2021-08-04","2.68",",,W","0.00",",,W",,,,
"USW00003949","31.4","-93.28333","111.3","2021-08-05","1.57",",,W","0.00",",,W",,,,
"USW00003949","31.4","-93.28333","111.3","2021-08-06","0.67",",,W","0.00",",,W",,,,
"USW00003949","31.4","-93.28333","111.3","2021-08-07","1.12",",,W","0.04",",,W",,,,
"USW00003949","31.4","-93.28333","111.3","2021-08-08","3.58",",,W","0.00",",,W",,,,
"USW00003949","31.4","-93.28333","111.3","2021-08-09","2.01",",,W","0.00",",,W",,,,
"USW00003949","31.4","-93.28333","111.3","2021-08-10","2.46",",,W","0.00",",,W",,,,
"USW00003949","31.4","-93.28333","111.3","2021-08-11","2.01",",,W","0.00",",,W",,,,
"USW00003949","31.4","-93.28333","111.3","2021-08-12","1.12",",,W","0.03",",,W",,,,
"USW00003949","31.4","-93.28333","111.3","2021-08-13","0.67",",,W","0.00","T,,W",,,,
"USW00003949","31.4","-93.28333","111.3","2021-08-14","1.34",",,W","0.07",",,W",,,,
"USW00003949","31.4","-93.28333","111.3","2021-08-15","1.79",",,W","0.00",",,W",,,,
"USW00003949","31.4","-93.28333","111.3","2021-08-16","1.79",",,W","0.00","T,,W",,,,
"USW00003949","31.4","-93.28333","111.3","2021-08-17","1.79",",,W",,,,,,
"USW00003949","31.4","-93.28333","111.3","2021-08-18","1.34",",,W","0.43",",,W",,,,
"USW00003949","31.4","-93.28333","111.3","2021-08-19","0.45",",,W","0.43",",,W",,,,
"USW00003949","31.4","-93.28333","111.3","2021-08-20","1.79",",,W","0.00",",,W",,,,
"USW00003949","31.4","-93.28333","111.3","2021-08-21","1.57",",,W","0.00",",,W",,,,
"USW00003949","31.4","-93.28333","111.3","2021-08-22","1.12",",,W","0.00",",,W",,,,
"USW00003949","31.4","-93.28333","111.3","2021-08-23","1.12",",,W","0.24",",,W",,,,
"USW00003949","31.4","-93.28333","111.3","2021-08-24","1.12",",,W","0.68",",,W",,,,
"USW00003949","31.4","-93.28333","111.3","2021-08-25","1.12",",,W","0.00",",,W",,,,
"USW00003949","31.4","-93.28333","111.3","2021-08-26","2.01",",,W","0.00",",,W",,,,
"USW00003949","31.4","-93.28333","111.3","2021-08-27","2.91",",,W","0.00",",,W",,,,
"USW00003949","31.4","-93.28333","111.3","2021-08-28","2.91",",,W","0.60",",,W",,,,
"USW00003949","31.4","-93.28333","111.3","2021-08-29","5.37",",,W","0.21",",,W",,,,
"USW00003949","31.4","-93.28333","111.3","2021-08-30","2.91",",,W","0.06",",,W",,,,
"USW00003949","31.4","-93.28333","111.3","2021-08-31","0.67",",,W","0.00",",,W",,,,
"USW00003949","31.4","-93.28333","111.3","2021-09-01","2.01",",,W","0.00",",,W",,,,
"USW00003949","31.4","-93.28333","111.3","2021-09-02","1.12",",,W","0.22",",,W",,,,
"USW00003949","31.4","-93.28333","111.3","2021-09-03","0.89",",,W","0.10",",,W",,,,
"USW00003949","31.4","-93.28333","111.3","2021-09-04","1.12",",,W","0.00",",,W",,,,
"USW00003949","31.4","-93.28333","111.3","2021-09-05","2.24",",,W","0.03",",,W",,,,
"USW00003949","31.4","-93.28333","111.3","2021-09-06","2.46",",,W","0.04",",,W",,,,
"USW00003949","31.4","-93.28333","111.3","2021-09-07","1.79",",,W","0.00",",,W",,,,
"USW00003949","31.4","-93.28333","111.3","2021-09-08","1.12",",,W","0.00",",,W",,,,
"USW00003949","31.4","-93.28333","111.3","2021-09-09","2.91",",,W","0.00",",,W",,,,
"USW00003949","31.4","-93.28333","111.3","2021-09-10","2.01",",,W","0.00",",,W",,,,
"USW00003949","31.4","-93.28333","111.3","2021-09-11","1.34",",,W","0.00",",,W",,,,
"USW00003949","31.4","-93.28333","111.3","2021-09-12","2.24",",,W","0.00",",,W",,,,
"USW00003949","31.4","-93.28333","111.3","2021-09-13","2.01",",,W","0.01",",,W",,,,
"USW00003949","31.4","-93.28333","111.3","2021-09-14","5.59",",,W","1.94",",,W",,,,
"USW00003949","31.4","-93.28333","111.3","2021-09-15","7.61",",,W","0.10",",,W",,,,
"USW00003949","31.4","-93.28333","111.3","2021-09-16","4.70",",,W","0.12",",,W",,,,
"USW00003949","31.4","-93.28333","111.3","2021-09-17","1.12",",,W","0.41",",,W",,,,
"USW00003949","31.4","-93.28333","111.3","2021-09-18","1.12",",,W","0.00","T,,W",,,,
"USW00003949","31.4","-93.28333","111.3","2021-09-19","1.12",",,W","0.83",",,W",,,,
"USW00003949","31.4","-93.28333","111.3","2021-09-20","1.12",",,W","0.00",",,W",,,,
"USW00003949","31.4","-93.28333","111.3","2021-09-21","3.36",",,W","0.24",",,W",,,,
"USW00003949","31.4","-93.28333","111.3","2021-09-22","5.59",",,W","0.00",",,W",,,,
"USW00003949","31.4","-93.28333","111.3","2021-09-23","1.12",",,W","0.00",",,W",,,,
"USW00003949","31.4","-93.28333","111.3","2021-09-24","0.67",",,W","0.00",",,W",,,,
"USW00003949","31.4","-93.28333","111.3","2021-09-25","1.12",",,W","0.00",",,W",,,,
"USW00003949","31.4","-93.28333","111.3","2021-09-26","0.89",",,W","0.00",",,W",,,,
"USW00003949","31.4","-93.28333","111.3","2021-09-27","1.34",",,W","0.00",",,W",,,,
"USW00003949","31.4","-93.28333","111.3","2021-09-28","2.24",",,W","0.68",",,W",,,,
"USW00003949","31.4","-93.28333","111.3","2021-09-29","1.34",",,W","0.00","T,,W",,,,
"USW00003949","31.4","-93.28333","111.3","2021-09-30","1.57",",,W","0.14",",,W",,,,
"USW00003949","31.4","-93.28333","111.3","2021-10-01","1.34",",,W","0.16",",,W",,,,
"USW00003949","31.4","-93.28333","111.3","2021-10-02","1.34",",,W","0.14",",,W",,,,
"USW00003949","31.4","-93.28333","111.3","2021-10-03","0.67",",,W","0.00","T,,W",,,,
"USW00003949","31.4","-93.28333","111.3","2021-10-04","1.34",",,W","0.00",",,W",,,,
"USW00003949","31.4","-93.28333","111.3","2021-10-05","2.46",",,W","0.00",",,W",,,,
"USW00003949","31.4","-93.28333","111.3","2021-10-06","1.12",",,W","0.00",",,W",,,,
"USW00003949","31.4","-93.28333","111.3","2021-10-07","0.89",",,W","0.00",",,W",,,,
"USW00003949","31.4","-93.28333","111.3","2021-10-08","0.45",",,W","0.00",",,W",,,,
"USW00003949","31.4","-93.28333","111.3","2021-10-09","1.79",",,W","0.00",",,W",,,,
"USW00003949","31.4","-93.28333","111.3","2021-10-10","3.80",",,W","0.00",",,W",,,,
"USW00003949","31.4","-93.28333","111.3","2021-10-11","2.68",",,W","0.01",",,W",,,,
"USW00003949","31.4","-93.28333","111.3","2021-10-12","2.01",",,W","0.04",",,W",,,,
"USW00003949","31.4","-93.28333","111.3","2021-10-13","4.25",",,W","0.00",",,W",,,,
"USW00003949","31.4","-93.28333","111.3","2021-10-14","1.34",",,W","0.00",",,W",,,,
"USW00003949","31.4","-93.28333","111.3","2021-10-15","3.58",",,W","0.04",",,W",,,,
"USW00003949","31.4","-93.28333","111.3","2021-10-16","5.59",",,W","0.00",",,W",,,,
"USW00003949","31.4","-93.28333","111.3","2021-10-17","1.57",",,W","0.00",",,W",,,,
"USW00003949","31.4","-93.28333","111.3","2021-10-18","0.89",",,W","0.00",",,W",,,,
"USW00003949","31.4","-93.28333","111.3","2021-10-19","1.12",",,W","0.00",",,W",,,,
"USW00003949","31.4","-93.28333","111.3","2021-10-20","0.67",",,W","0.00",",,W",,,,
"USW00003949","31.4","-93.28333","111.3","2021-10-21","0.22",",,W","0.00",",,W",,,,
"USW00003949","31.4","-93.28333","111.3","2021-10-22","2.01",",,W","0.00",",,W",,,,
"USW00003949","31.4","-93.28333","111.3","2021-10-23","2.01",",,W","0.00",",,W",,,,
"USW00003949","31.4","-93.28333","111.3","2021-10-24","3.80",",,W","0.13",",,W",,,,
"USW00003949","31.4","-93.28333","111.3","2021-10-25","1.34",",,W","0.00",",,W",,,,
"USW00003949","31.4","-93.28333","111.3","2021-10-26","1.57",",,W","0.00",",,W",,,,
"USW00003949","31.4","-93.28333","111.3","2021-10-27","3.36",",,W","0.65",",,W",,,,
"USW00003949","31.4","-93.28333","111.3","2021-10-28","6.26",",,W","0.00",",,W",,,,
"USW00003949","31.4","-93.28333","111.3","2021-10-29","4.47",",,W","0.00",",,W",,,,
"USW00003949","31.4","-93.28333","111.3","2021-10-30","1.34",",,W","0.00",",,W",,,,
"USW00003949","31.4","-93.28333","111.3","2021-10-31","0.67",",,W","0.00",",,W",,,,
"USW00003949","31.4","-93.28333","111.3","2021-11-01","0.89",",,W","0.00",",,W",,,,
"USW00003949","31.4","-93.28333","111.3","2021-11-02","2.68",",,W","0.00",",,W",,,,
"USW00003949","31.4","-93.28333","111.3","2021-11-03","4.47",",,W","0.43",",,W",,,,
"USW00003949","31.4","-93.28333","111.3","2021-11-04","3.80",",,W","0.00",",,W",,,,
"USW00003949","31.4","-93.28333","111.3","2021-11-05","1.79",",,W","0.00",",,W",,,,
"USW00003949","31.4","-93.28333","111.3","2021-11-06","1.57",",,W","0.00",",,W",,,,
"USW00003949","31.4","-93.28333","111.3","2021-11-07","0.67",",,W","0.00",",,W",,,,
"USW00003949","31.4","-93.28333","111.3","2021-11-08","1.12",",,W","0.00",",,W",,,,
"USW00003949","31.4","-93.28333","111.3","2021-11-09","0.89",",,W","0.00",",,W",,,,
"USW00003949","31.4","-93.28333","111.3","2021-11-10","2.91",",,W","0.00",",,W",,,,
"USW00003949","31.4","-93.28333","111.3","2021-11-11","1.79",",,W","0.80",",,W",,,,
"USW00003949","31.4","-93.28333","111.3","2021-11-12","1.79",",,W","0.00",",,W",,,,
"USW00003949","31.4","-93.28333","111.3","2021-11-13","1.79",",,W","0.00",",,W",,,,
"USW00003949","31.4","-93.28333","111.3","2021-11-14","2.01",",,W","0.00",",,W",,,,
"USW00003949","31.4","-93.28333","111.3","2021-11-15","2.24",",,W","0.00",",,W",,,,
"USW00003949","31.4","-93.28333","111.3","2021-11-16","4.47",",,W","0.00",",,W",,,,
"USW00003949","31.4","-93.28333","111.3","2021-11-17","3.58",",,W",,,,,,
"USW00003949","31.4","-93.28333","111.3","2021-11-18","4.92",",,W","0.04",",,W",,,,
"USW00003949","31.4","-93.28333","111.3","2021-11-19","3.58",",,W","0.00",",,W",,,,
"USW00003949","31.4","-93.28333","111.3","2021-11-20","0.67",",,W","0.00",",,W",,,,
"USW00003949","31.4","-93.28333","111.3","2021-11-21","2.46",",,W","0.11",",,W",,,,
"USW00003949","31.4","-93.28333","111.3","2021-11-22","4.70",",,W","0.00",",,W",,,,
"USW00003949","31.4","-93.28333","111.3","2021-11-23","1.34",",,W","0.00",",,W",,,,
"USW00003949","31.4","-93.28333","111.3","2021-11-24","4.25",",,W","0.00",",,W",,,,
"USW00003949","31.4","-93.28333","111.3","2021-11-25","4.25",",,W","0.17",",,W",,,,
"USW00003949","31.4","-93.28333","111.3","2021-11-26","4.03",",,W","0.00",",,W",,,,
"USW00003949","31.4","-93.28333","111.3","2021-11-27","0.67",",,W","0.06",",,W",,,,
"USW00003949","31.4","-93.28333","111.3","2021-11-28","0.67",",,W","0.08",",,W",,,,
"US1MEKB0053","44.4162","-69.9519","166.1","2021-08-01",,,"0.00",",,N","0.0",",,N",,
"US1MEKB0053","44.4162","-69.9519","166.1","2021-08-02",,,"0.27",",,N","0.0",",,N",,
"US1MEKB0053","44.4162","-69.9519","166.1","2021-08-03",,,"0.08",",,N","0.0",",,N",,
"US1MEKB0053","44.4162","-69.9519","166.1","2021-08-04",,,"0.00",",,N","0.0",",,N",,
"US1MEKB0053","44.4162","-69.9519","166.1","2021-08-05",,,"0.00",",,N","0.0",",,N",,
"US1MEKB0053","44.4162","-69.9519","166.1","2021-08-06",,,"0.21",",,N","0.0",",,N",,
"US1MEKB0053","44.4162","-69.9519","166.1","2021-08-07",,,"0.00",",,N","0.0",",,N",,
"US1MEKB0053","44.4162","-69.9519","166.1","2021-08-08",,,"0.00",",,N","0.0",",,N",,
"US1MEKB0053","44.4162","-69.9519","166.1","2021-08-09",,,"0.00",",,N","0.0",",,N",,
"US1MEKB0053","44.4162","-69.9519","166.1","2021-08-10",,,"0.00","T,,N","0.0",",,N",,
"US1MEKB0053","44.4162","-69.9519","166.1","2021-08-11",,,"0.00",",,N","0.0",",,N",,
"US1MEKB0053","44.4162","-69.9519","166.1","2021-08-12",,,"0.01",",,N","0.0",",,N",,
"US1MEKB0053","44.4162","-69.9519","166.1","2021-08-13",,,"0.00",",,N","0.0",",,N",,
"US1MEKB0053","44.4162","-69.9519","166.1","2021-08-14",,,"0.00",",,N","0.0",",,N",,
"US1MEKB0053","44.4162","-69.9519","166.1","2021-08-15",,,"0.22",",,N","0.0",",,N",,
"US1MEKB0053","44.4162","-69.9519","166.1","2021-08-16",,,"0.00",",,N","0.0",",,N",,
"US1MEKB0053","44.4162","-69.9519","166.1","2021-08-17",,,"0.00",",,N","0.0",",,N",,
"US1MEKB0053","44.4162","-69.9519","166.1","2021-08-18",,,"0.05",",,N","0.0",",,N",,
"US1MEKB0053","44.4162","-69.9519","166.1","2021-08-19",,,"0.45",",,N","0.0",",,N",,
"US1MEKB0053","44.4162","-69.9519","166.1","2021-08-20",,,"0.76",",,N","0.0",",,N",,
"US1MEKB0053","44.4162","-69.9519","166.1","2021-08-21",,,"0.00",",,N","0.0",",,N",,
"US1MEKB0053","44.4162","-69.9519","166.1","2021-08-22",,,"0.00","T,,N","0.0",",,N",,
"US1MEKB0053","44.4162","-69.9519","166.1","2021-08-23",,,"0.28",",,N","0.0",",,N",,
"US1MEKB0053","44.4162","-69.9519","166.1","2021-08-24",,,"0.07",",,N","0.0",",,N",,
"US1MEKB0053","44.4162","-69.9519","166.1","2021-08-25",,,"0.00",",,N","0.0",",,N",,
"US1MEKB0053","44.4162","-69.9519","166.1","2021-08-26",,,"0.00",",,N","0.0",",,N",,
"US1MEKB0053","44.4162","-69.9519","166.1","2021-08-27",,,"0.00",",,N","0.0",",,N",,
"US1MEKB0053","44.4162","-69.9519","166.1","2021-08-28",,,"0.00",",,N","0.0",",,N",,
"US1MEKB0053","44.4162","-69.9519","166.1","2021-08-29",,,"0.21",",,N","0.0",",,N",,
"US1MEKB0053","44.4162","-69.9519","166.1","2021-08-30",,,"0.01",",,N","0.0",",,N",,
"US1MEKB0053","44.4162","-69.9519","166.1","2021-08-31",,,"0.08",",,N","0.0",",,N",,
"US1MEKB0053","44.4162","-69.9519","166.1","2021-09-01",,,"0.00",",,N","0.0",",,N",,
"US1MEKB0053","44.4162","-69.9519","166.1","2021-09-02",,,"0.92",",,N","0.0",",,N",,
"US1MEKB0053","44.4162","-69.9519","166.1","2021-09-03",,,"0.05",",,N","0.0",",,N",,
"US1MEKB0053","44.4162","-69.9519","166.1","2021-09-05",,,"0.02",",,N","0.0",",,N",,
"US1MEKB0053","44.4162","-69.9519","166.1","2021-09-06",,,"0.04",",,N","0.0",",,N",,
"US1MEKB0053","44.4162","-69.9519","166.1","2021-09-07",,,"0.23",",,N","0.0",",,N",,
"US1MEKB0053","44.4162","-69.9519","166.1","2021-09-08",,,"0.00",",,N","0.0",",,N",,
"US1MEKB0053","44.4162","-69.9519","166.1","2021-09-09",,,"0.07",",,N",,,,
"US1MEKB0053","44.4162","-69.9519","166.1","2021-09-10",,,"1.21",",,N","0.0",",,N",,
"US1MEKB0053","44.4162","-69.9519","166.1","2021-09-11",,,"0.00",",,N","0.0",",,N",,
"US1MEKB0053","44.4162","-69.9519","166.1","2021-09-12",,,"0.00",",,N","0.0",",,N",,
"US1MEKB0053","44.4162","-69.9519","166.1","2021-09-13",,,"0.00",",,N","0.0",",,N",,
"US1MEKB0053","44.4162","-69.9519","166.1","2021-09-14",,,"0.00",",,N","0.0",",,N",,
"US1MEKB0053","44.4162","-69.9519","166.1","2021-09-15",,,"0.00",",,N","0.0",",,N",,
"US1MEKB0053","44.4162","-69.9519","166.1","2021-09-16",,,"0.53",",,N","0.0",",,N",,
"US1MEKB0053","44.4162","-69.9519","166.1","2021-09-17",,,"0.00",",,N","0.0",",,N",,
"US1MEKB0053","44.4162","-69.9519","166.1","2021-09-18",,,"0.00",",,N","0.0",",,N",,
"US1MEKB0053","44.4162","-69.9519","166.1","2021-09-19",,,"0.05",",,N","0.0",",,N",,
"US1MEKB0053","44.4162","-69.9519","166.1","2021-09-20",,,"0.00",",,N","0.0",",,N",,
"US1MEKB0053","44.4162","-69.9519","166.1","2021-09-21",,,"0.00",",,N","0.0",",,N",,
"US1MEKB0053","44.4162","-69.9519","166.1","2021-09-22",,,"0.04",",,N","0.0",",,N",,
"US1MEKB0053","44.4162","-69.9519","166.1","2021-09-23",,,"0.00",",,N","0.0",",,N",,
"US1MEKB0053","44.4162","-69.9519","166.1","2021-09-24",,,"0.01",",,N","0.0",",,N",,
"US1MEKB0053","44.4162","-69.9519","166.1","2021-09-25",,,"0.65",",,N","0.0",",,N",,
"US1MEKB0053","44.4162","-69.9519","166.1","2021-09-26",,,"0.90",",,N","0.0",",,N",,
"US1MEKB0053","44.4162","-69.9519","166.1","2021-09-27",,,"0.32",",,N","0.0",",,N",,
"US1MEKB0053","44.4162","-69.9519","166.1","2021-09-28",,,"0.00",",,N","0.0",",,N",,
"US1MEKB0053","44.4162","-69.9519","166.1","2021-09-29",,,"0.00",",,N","0.0",",,N",,
"US1MEKB0053","44.4162","-69.9519","166.1","2021-09-30",,,"0.22",",,N","0.0",",,N",,
"US1MEKB0053","44.4162","-69.9519","166.1","2021-10-01",,,"0.22",",,N","0.0",",,N",,
"US1MEKB0053","44.4162","-69.9519","166.1","2021-10-02",,,"0.00",",,N","0.0",",,N",,
"US1MEKB0053","44.4162","-69.9519","166.1","2021-10-03",,,"0.02",",,N","0.0",",,N",,
"US1MEKB0053","44.4162","-69.9519","166.1","2021-10-04",,,"0.11",",,N","0.0",",,N",,
"US1MEKB0053","44.4162","-69.9519","166.1","2021-10-05",,,"0.00",",,N","0.0",",,N",,
"US1MEKB0053","44.4162","-69.9519","166.1","2021-10-06",,,"0.00",",,N","0.0",",,N",,
"US1MEKB0053","44.4162","-69.9519","166.1","2021-10-07",,,"0.00",",,N","0.0",",,N",,
"US1MEKB0053","44.4162","-69.9519","166.1","2021-10-08",,,"0.00",",,N","0.0",",,N",,
"US1MEKB0053","44.4162","-69.9519","166.1","2021-10-09",,,"0.00",",,N","0.0",",,N",,
"US1MEKB0053","44.4162","-69.9519","166.1","2021-10-10",,,"0.00",",,N","0.0",",,N",,
"US1MEKB0053","44.4162","-69.9519","166.1","2021-10-11",,,"0.00",",,N","0.0",",,N",,
"US1MEKB0053","44.4162","-69.9519","166.1","2021-10-12",,,"0.00",",,N","0.0",",,N",,
"US1MEKB0053","44.4162","-69.9519","166.1","2021-10-13",,,"0.00",",,N","0.0",",,N",,
"US1MEKB0053","44.4162","-69.9519","166.1","2021-10-14",,,"0.00",",,N","0.0",",,N",,
"US1MEKB0053","44.4162","-69.9519","166.1","2021-10-16",,,"0.30",",,N","0.0",",,N",,
"US1MEKB0053","44.4162","-69.9519","166.1","2021-10-17",,,"0.72",",,N","0.0",",,N",,
"US1MEKB0053","44.4162","-69.9519","166.1","2021-10-18",,,"0.00",",,N","0.0",",,N",,
"US1MEKB0053","44.4162","-69.9519","166.1","2021-10-19",,,"0.00",",,N","0.0",",,N",,
"US1MEKB0053","44.4162","-69.9519","166.1","2021-10-20",,,"0.01",",,N","0.0",",,N",,
"US1MEKB0053","44.4162","-69.9519","166.1","2021-10-21",,,"0.02",",,N","0.0",",,N",,
"US1MEKB0053","44.4162","-69.9519","166.1","2021-10-22",,,"0.14",",,N","0.0",",,N",,
"US1MEKB0053","44.4162","-69.9519","166.1","2021-10-23",,,"0.00",",,N","0.0",",,N",,
"US1MEKB0053","44.4162","-69.9519","166.1","2021-10-24",,,"0.00",",,N","0.0",",,N",,
"US1MEKB0053","44.4162","-69.9519","166.1","2021-10-25",,,"0.00",",,N","0.0",",,N",,
"US1MEKB0053","44.4162","-69.9519","166.1","2021-10-26",,,"0.24",",,N","0.0",",,N",,
"US1MEKB0053","44.4162","-69.9519","166.1","2021-10-27",,,"0.38",",,N","0.0",",,N",,
"US1MEKB0053","44.4162","-69.9519","166.1","2021-10-28",,,"0.07",",,N","0.0",",,N",,
"US1MEKB0053","44.4162","-69.9519","166.1","2021-10-29",,,"0.00",",,N","0.0",",,N",,
"US1MEKB0053","44.4162","-69.9519","166.1","2021-10-30",,,"0.00",",,N","0.0",",,N",,
"US1MEKB0053","44.4162","-69.9519","166.1","2021-10-31",,,"2.25",",,N","0.0",",,N",,
"US1MEKB0053","44.4162","-69.9519","166.1","2021-11-01",,,"0.20",",,N","0.0",",,N",,
"US1MEKB0053","44.4162","-69.9519","166.1","2021-11-03",,,"0.00",",,N","0.0",",,N",,
"US1MEKB0053","44.4162","-69.9519","166.1","2021-11-04",,,"0.00",",,N","0.0",",,N",,
"US1MEKB0053","44.4162","-69.9519","166.1","2021-11-05",,,"0.00",",,N","0.0",",,N",,
"US1MEKB0053","44.4162","-69.9519","166.1","2021-11-06",,,"0.00",",,N","0.0",",,N",,
"US1MEKB0053","44.4162","-69.9519","166.1","2021-11-07",,,"0.00",",,N","0.0",",,N",,
"US1MEKB0053","44.4162","-69.9519","166.1","2021-11-08",,,"0.00",",,N","0.0",",,N",,
"US1MEKB0053","44.4162","-69.9519","166.1","2021-11-09",,,"0.00",",,N","0.0",",,N",,
"US1MEKB0053","44.4162","-69.9519","166.1","2021-11-10",,,"0.03",",,N","0.0",",,N",,
"US1MEKB0053","44.4162","-69.9519","166.1","2021-11-11",,,"0.00",",,N","0.0",",,N",,
"US1MEKB0053","44.4162","-69.9519","166.1","2021-11-12",,,"0.00",",,N","0.0",",,N",,
"US1MEKB0053","44.4162","-69.9519","166.1","2021-11-13",,,"1.71",",,N","0.0",",,N",,
"US1MEKB0053","44.4162","-69.9519","166.1","2021-11-14",,,"0.32",",,N","0.0",",,N",,
"US1MEKB0053","44.4162","-69.9519","166.1","2021-11-15",,,"0.19",",,N","0.0",",,N",,
"US1MEKB0053","44.4162","-69.9519","166.1","2021-11-16",,,"0.00",",,N","0.0",",,N",,
"US1MEKB0053","44.4162","-69.9519","166.1","2021-11-17",,,"0.00",",,N","0.0",",,N",,
"US1MEKB0053","44.4162","-69.9519","166.1","2021-11-18",,,"0.00",",,N","0.0",",,N",,
"US1MEKB0053","44.4162","-69.9519","166.1","2021-11-19",,,"0.27",",,N",,,,
"US1MEKB0053","44.4162","-69.9519","166.1","2021-11-20",,,"0.00","T,,N","0.0",",,N",,
"US1MEKB0053","44.4162","-69.9519","166.1","2021-11-21",,,"0.00",",,N","0.0",",,N",,
"US1MEKB0053","44.4162","-69.9519","166.1","2021-11-22",,,"0.15",",,N","0.0",",,N",,
"US1MEKB0053","44.4162","-69.9519","166.1","2021-11-23",,,"0.11",",,N","0.0",",,N",,
"US1MEKB0053","44.4162","-69.9519","166.1","2021-11-24",,,"0.00",",,N","0.0",",,N",,
"US1MEKB0053","44.4162","-69.9519","166.1","2021-11-25",,,"0.00",",,N","0.0",",,N",,
"US1MEKB0053","44.4162","-69.9519","166.1","2021-11-26",,,"0.00",",,N","0.0",",,N",,
"US1MEKB0053","44.4162","-69.9519","166.1","2021-11-27",,,"0.44",",,N","0.9",",,N",,
"US1MEKB0053","44.4162","-69.9519","166.1","2021-11-28",,,"0.00",",,N","0.0",",,N",,
"US1MEYK0067","43.783085","-70.695395","95.4","2021-08-01",,,"0.00",",,N","0.0",",,N",,
"US1MEYK0067","43.783085","-70.695395","95.4","2021-08-02",,,"0.57",",,N","0.0",",,N",,
"US1MEYK0067","43.783085","-70.695395","95.4","2021-08-03",,,"0.00",",,N","0.0",",,N",,
"US1MEYK0067","43.783085","-70.695395","95.4","2021-08-04",,,"0.00",",,N","0.0",",,N",,
"US1MEYK0067","43.783085","-70.695395","95.4","2021-08-05",,,"0.00","T,,N","0.0",",,N",,
"US1MEYK0067","43.783085","-70.695395","95.4","2021-08-06",,,"0.39",",,N","0.0",",,N",,
"US1MEYK0067","43.783085","-70.695395","95.4","2021-08-07",,,"0.00",",,N","0.0",",,N",,
"US1MEYK0067","43.783085","-70.695395","95.4","2021-08-08",,,"0.00",",,N","0.0",",,N",,
"US1MEYK0067","43.783085","-70.695395","95.4","2021-08-09",,,"0.00","T,,N","0.0",",,N",,
"US1MEYK0067","43.783085","-70.695395","95.4","2021-08-10",,,"0.01",",,N","0.0",",,N",,
"US1MEYK0067","43.783085","-70.695395","95.4","2021-08-11",,,"0.00",",,N","0.0",",,N",,
"US1MEYK0067","43.783085","-70.695395","95.4","2021-08-12",,,"0.00","T,,N","0.0",",,N",,
"US1MEYK0067","43.783085","-70.695395","95.4","2021-08-13",,,"0.00",",,N","0.0",",,N",,
"US1MEYK0067","43.783085","-70.695395","95.4","2021-08-14",,,"0.00",",,N","0.0",",,N",,
"US1MEYK0067","43.783085","-70.695395","95.4","2021-08-15",,,"0.00",",,N","0.0",",,N",,
"US1MEYK0067","43.783085","-70.695395","95.4","2021-08-16",,,"0.00",",,N","0.0",",,N",,
"US1MEYK0067","43.783085","-70.695395","95.4","2021-08-17",,,"0.00",",,N","0.0",",,N",,
"US1MEYK0067","43.783085","-70.695395","95.4","2021-08-18",,,"0.00","T,,N","0.0",",,N",,
"US1MEYK0067","43.783085","-70.695395","95.4","2021-08-19",,,"0.02",",,N","0.0",",,N",,
"US1MEYK0067","43.783085","-70.695395","95.4","2021-08-20",,,"0.57",",,N","0.0",",,N",,
"US1MEYK0067","43.783085","-70.695395","95.4","2021-08-21",,,"0.00",",,N","0.0",",,N",,
"US1MEYK0067","43.783085","-70.695395","95.4","2021-08-22",,,"0.00","T,,N","0.0",",,N",,
"US1MEYK0067","43.783085","-70.695395","95.4","2021-08-23",,,"0.44",",,N","0.0",",,N",,
"US1MEYK0067","43.783085","-70.695395","95.4","2021-08-24",,,"0.01",",,N","0.0",",,N",,
"US1MEYK0067","43.783085","-70.695395","95.4","2021-08-25",,,"0.00",",,N","0.0",",,N",,
"US1MEYK0067","43.783085","-70.695395","95.4","2021-08-26",,,"0.00",",,N","0.0",",,N",,
"US1MEYK0067","43.783085","-70.695395","95.4","2021-08-27",,,"0.00",",,N","0.0",",,N",,
"US1MEYK0067","43.783085","-70.695395","95.4","2021-08-28",,,"0.00","T,,N","0.0",",,N",,
"US1MEYK0067","43.783085","-70.695395","95.4","2021-08-29",,,"0.00","T,,N","0.0",",,N",,
"US1MEYK0067","43.783085","-70.695395","95.4","2021-08-30",,,"0.00",",,N","0.0",",,N",,
"US1MEYK0067","43.783085","-70.695395","95.4","2021-08-31",,,"0.08",",,N","0.0",",,N",,
"US1MEYK0067","43.783085","-70.695395","95.4","2021-09-01",,,"0.00",",,N","0.0",",,N",,
"US1MEYK0067","43.783085","-70.695395","95.4","2021-09-02",,,"1.54",",,N","0.0",",,N",,
"US1MEYK0067","43.783085","-70.695395","95.4","2021-09-03",,,"0.02",",,N","0.0",",,N",,
"US1MEYK0067","43.783085","-70.695395","95.4","2021-09-04",,,"0.05",",,N","0.0",",,N",,
"US1MEYK0067","43.783085","-70.695395","95.4","2021-09-05",,,"0.00",",,N","0.0",",,N",,
"US1MEYK0067","43.783085","-70.695395","95.4","2021-09-06",,,"0.17",",,N","0.0",",,N",,
"US1MEYK0067","43.783085","-70.695395","95.4","2021-09-07",,,"0.01",",,N","0.0",",,N",,
"US1MEYK0067","43.783085","-70.695395","95.4","2021-09-08",,,"0.00",",,N","0.0",",,N",,
"US1MEYK0067","43.783085","-70.695395","95.4","2021-09-09",,,"0.31",",,N","0.0",",,N",,
"US1MEYK0067","43.783085","-70.695395","95.4","2021-09-10",,,"1.18",",,N","0.0",",,N",,
"US1MEYK0067","43.783085","-70.695395","95.4","2021-09-11",,,"0.00","T,,N","0.0",",,N",,
"US1MEYK0067","43.783085","-70.695395","95.4","2021-09-12",,,"0.00",",,N","0.0",",,N",,
"US1MEYK0067","43.783085","-70.695395","95.4","2021-09-13",,,"0.01",",,N","0.0",",,N",,
"US1MEYK0067","43.783085","-70.695395","95.4","2021-09-14",,,"0.00",",,N","0.0",",,N",,
"US1MEYK0067","43.783085","-70.695395","95.4","2021-09-15",,,"0.00","T,,N","0.0",",,N",,
"US1MEYK0067","43.783085","-70.695395","95.4","2021-09-16",,,"0.27",",,N","0.0",",,N",,
"US1MEYK0067","43.783085","-70.695395","95.4","2021-09-17",,,"0.00",",,N","0.0",",,N",,
"US1MEYK0067","43.783085","-70.695395","95.4","2021-09-18",,,"0.00","T,,N","0.0",",,N",,
"US1MEYK0067","43.783085","-70.695395","95.4","2021-09-19",,,"0.64",",,N","0.0",",,N",,
"US1MEYK0067","43.783085","-70.695395","95.4","2021-09-20",,,"0.00",",,N","0.0",",,N",,
"US1MEYK0067","43.783085","-70.695395","95.4","2021-09-21",,,"0.00",",,N","0.0",",,N",,
"US1MEYK0067","43.783085","-70.695395","95.4","2021-09-22",,,"0.01",",,N","0.0",",,N",,
"US1MEYK0067","43.783085","-70.695395","95.4","2021-09-23",,,"0.00","T,,N","0.0",",,N",,
"US1MEYK0067","43.783085","-70.695395","95.4","2021-09-24",,,"0.00","T,,N","0.0",",,N",,
"US1MEYK0067","43.783085","-70.695395","95.4","2021-09-25",,,"0.30",",,N","0.0",",,N",,
"US1MEYK0067","43.783085","-70.695395","95.4","2021-09-26",,,"0.08",",,N",,,,
"US1MEYK0067","43.783085","-70.695395","95.4","2021-09-27",,,"0.05",",,N","0.0",",,N",,
"US1MEYK0067","43.783085","-70.695395","95.4","2021-09-28",,,"0.01",",,N","0.0",",,N",,
"US1MEYK0067","43.783085","-70.695395","95.4","2021-09-29",,,"0.00","T,,N","0.0",",,N",,
"US1MEYK0067","43.783085","-70.695395","95.4","2021-09-30",,,"0.00","T,,N","0.0",",,N",,
"US1MEYK0067","43.783085","-70.695395","95.4","2021-10-01",,,"0.01",",,N","0.0",",,N",,
"US1MEYK0067","43.783085","-70.695395","95.4","2021-10-02",,,"0.00","T,,N","0.0",",,N",,
"US1MEYK0067","43.783085","-70.695395","95.4","2021-10-03",,,"0.03",",,N","0.0",",,N",,
"US1MEYK0067","43.783085","-70.695395","95.4","2021-10-04",,,"0.04",",,N","0.0",",,N",,
"US1MEYK0067","43.783085","-70.695395","95.4","2021-10-05",,,"0.07",",,N","0.0",",,N",,
"US1MEYK0067","43.783085","-70.695395","95.4","2021-10-06",,,"0.00",",,N","0.0",",,N",,
"US1MEYK0067","43.783085","-70.695395","95.4","2021-10-07",,,"0.01",",,N","0.0",",,N",,
"US1MEYK0067","43.783085","-70.695395","95.4","2021-10-08",,,"0.00",",,N","0.0",",,N",,
"US1MEYK0067","43.783085","-70.695395","95.4","2021-10-09",,,"0.00",",,N","0.0",",,N",,
"US1MEYK0067","43.783085","-70.695395","95.4","2021-10-10",,,"0.00","T,,N","0.0",",,N",,
"US1MEYK0067","43.783085","-70.695395","95.4","2021-10-11",,,"0.00",",,N","0.0",",,N",,
"US1MEYK0067","43.783085","-70.695395","95.4","2021-10-12",,,"0.00",",,N","0.0",",,N",,
"US1MEYK0067","43.783085","-70.695395","95.4","2021-10-13",,,"0.00",",,N","0.0",",,N",,
"US1MEYK0067","43.783085","-70.695395","95.4","2021-10-14",,,"0.00",",,N","0.0",",,N",,
"US1MEYK0067","43.783085","-70.695395","95.4","2021-10-15",,,"0.00",",,N","0.0",",,N",,
"US1MEYK0067","43.783085","-70.695395","95.4","2021-10-16",,,"0.97",",,N","0.0",",,N",,
"US1MEYK0067","43.783085","-70.695395","95.4","2021-10-17",,,"0.30",",,N","0.0",",,N",,
"US1MEYK0067","43.783085","-70.695395","95.4","2021-10-18",,,"0.00",",,N","0.0",",,N",,
"US1MEYK0067","43.783085","-70.695395","95.4","2021-10-19",,,"0.09",",,N","0.0","T,,N",,
"US1MEYK0067","43.783085","-70.695395","95.4","2021-10-20",,,"0.00",",,N","0.0",",,N",,
"US1MEYK0067","43.783085","-70.695395","95.4","2021-10-21",,,"0.00",",,N","0.0",",,N",,
"US1MEYK0067","43.783085","-70.695395","95.4","2021-10-22",,,"0.04",",,N","0.0",",,N",,
"US1MEYK0067","43.783085","-70.695395","95.4","2021-10-23",,,"0.00",",,N","0.0",",,N",,
"US1MEYK0067","43.783085","-70.695395","95.4","2021-10-24",,,"0.00",",,N","0.0",",,N",,
"US1MEYK0067","43.783085","-70.695395","95.4","2021-10-25",,,"0.01",",,N","0.0",",,N",,
"US1MEYK0067","43.783085","-70.695395","95.4","2021-10-26",,,"0.43",",,N","0.0",",,N",,
"US1MEYK0067","43.783085","-70.695395","95.4","2021-10-27",,,"0.77",",,N","0.0",",,N",,
"US1MEYK0067","43.783085","-70.695395","95.4","2021-10-28",,,"0.13",",,N","0.0",",,N",,
"US1MEYK0067","43.783085","-70.695395","95.4","2021-10-29",,,"0.00",",,N","0.0",",,N",,
"US1MEYK0067","43.783085","-70.695395","95.4","2021-10-30",,,"0.07",",,N","0.0",",,N",,
"US1MEYK0067","43.783085","-70.695395","95.4","2021-10-31",,,"3.35",",,N","0.0",",,N",,
"US1MEYK0067","43.783085","-70.695395","95.4","2021-11-01",,,"0.14",",,N","0.0",",,N",,
"US1MEYK0067","43.783085","-70.695395","95.4","2021-11-02",,,"0.00",",,N","0.0",",,N",,
"US1MEYK0067","43.783085","-70.695395","95.4","2021-11-03",,,"0.00",",,N","0.0",",,N",,
"US1MEYK0067","43.783085","-70.695395","95.4","2021-11-04",,,"0.01",",,N","0.0","T,,N",,
"US1MEYK0067","43.783085","-70.695395","95.4","2021-11-05",,,"0.00",",,N","0.0",",,N",,
"US1MEYK0067","43.783085","-70.695395","95.4","2021-11-06",,,"0.00",",,N","0.0",",,N",,
"US1MEYK0067","43.783085","-70.695395","95.4","2021-11-07",,,"0.00",",,N","0.0",",,N",,
"US1MEYK0067","43.783085","-70.695395","95.4","2021-11-08",,,"0.00",",,N","0.0",",,N",,
"US1MEYK0067","43.783085","-70.695395","95.4","2021-11-09",,,"0.00",",,N","0.0",",,N",,
"US1MEYK0067","43.783085","-70.695395","95.4","2021-11-10",,,"0.02",",,N","0.0",",,N",,
"US1MEYK0067","43.783085","-70.695395","95.4","2021-11-11",,,"0.06",",,N","0.0",",,N",,
"US1MEYK0067","43.783085","-70.695395","95.4","2021-11-12",,,"0.00","T,,N","0.0",",,N",,
"US1MEYK0067","43.783085","-70.695395","95.4","2021-11-13",,,"1.59",",,N","0.0",",,N",,
"US1MEYK0067","43.783085","-70.695395","95.4","2021-11-14",,,"0.58",",,N","0.0",",,N",,
"US1MEYK0067","43.783085","-70.695395","95.4","2021-11-15",,,"0.14",",,N","0.0",",,N",,
"US1MEYK0067","43.783085","-70.695395","95.4","2021-11-16",,,"0.00",",,N","0.0",",,N",,
"US1MEYK0067","43.783085","-70.695395","95.4","2021-11-17",,,"0.00","T,,N","0.0","T,,N",,
"US1MEYK0067","43.783085","-70.695395","95.4","2021-11-18",,,"0.01",",,N","0.0",",,N",,
"US1MEYK0067","43.783085","-70.695395","95.4","2021-11-19",,,"0.15",",,N","0.0",",,N",,
"US1MEYK0067","43.783085","-70.695395","95.4","2021-11-20",,,"0.00","T,,N","0.0","T,,N",,
"US1MEYK0067","43.783085","-70.695395","95.4","2021-11-21",,,"0.00",",,N","0.0",",,N",,
"US1MEYK0067","43.783085","-70.695395","95.4","2021-11-22",,,"0.11",",,N","0.0",",,N",,
"US1MEYK0067","43.783085","-70.695395","95.4","2021-11-23",,,"0.09",",,N","0.0",",,N",,
"US1MEYK0067","43.783085","-70.695395","95.4","2021-11-24",,,"0.00",",,N","0.0",",,N",,
"US1MEYK0067","43.783085","-70.695395","95.4","2021-11-25",,,"0.00",",,N","0.0",",,N",,
"US1MEYK0067","43.783085","-70.695395","95.4","2021-11-26",,,"0.00","T,,N","0.0",",,N",,
"US1MEYK0067","43.783085","-70.695395","95.4","2021-11-27",,,"0.34",",,N","0.3",",,N",,
"US1MEYK0067","43.783085","-70.695395","95.4","2021-11-28",,,"0.00",",,N","0.0",",,N",,
"US1MEPN0047","44.94108","-68.64154","37.2","2021-08-01",,,"0.00",",,N","0.0",",,N",,
"US1MEPN0047","44.94108","-68.64154","37.2","2021-08-02",,,"0.01",",,N",,,,
"US1MEPN0047","44.94108","-68.64154","37.2","2021-08-03",,,"0.06",",,N",,,,
"US1MEPN0047","44.94108","-68.64154","37.2","2021-08-04",,,"0.00",",,N","0.0",",,N",,
"US1MEPN0047","44.94108","-68.64154","37.2","2021-08-05",,,"0.07",",,N",,,,
"US1MEPN0047","44.94108","-68.64154","37.2","2021-08-06",,,"0.44",",,N",,,,
"US1MEPN0047","44.94108","-68.64154","37.2","2021-08-08",,,"0.07",",,N",,,,
"US1MEPN0047","44.94108","-68.64154","37.2","2021-08-09",,,"0.00",",,N","0.0",",,N",,
"US1MEPN0047","44.94108","-68.64154","37.2","2021-08-10",,,"0.00",",,N","0.0",",,N",,
"US1MEPN0047","44.94108","-68.64154","37.2","2021-08-11",,,"0.00",",,N","0.0",",,N",,
"US1MEPN0047","44.94108","-68.64154","37.2","2021-08-12",,,"0.00",",,N","0.0",",,N",,
"US1MEPN0047","44.94108","-68.64154","37.2","2021-08-13",,,"0.00",",,N","0.0",",,N",,
"US1MEPN0047","44.94108","-68.64154","37.2","2021-08-14",,,"0.00",",,N","0.0",",,N",,
"US1MEPN0047","44.94108","-68.64154","37.2","2021-08-15",,,"0.03",",,N",,,,
"US1MEPN0047","44.94108","-68.64154","37.2","2021-08-16",,,"0.00",",,N","0.0",",,N",,
"US1MEPN0047","44.94108","-68.64154","37.2","2021-08-17",,,"0.00",",,N","0.0",",,N",,
"US1MEPN0047","44.94108","-68.64154","37.2","2021-08-18",,,"0.00",",,N","0.0",",,N",,
"US1MEPN0047","44.94108","-68.64154","37.2","2021-08-19",,,"0.12",",,N",,,,
"US1MEPN0047","44.94108","-68.64154","37.2","2021-08-20",,,"0.38",",,N",,,,
"US1MEPN0047","44.94108","-68.64154","37.2","2021-08-21",,,"0.00",",,N","0.0",",,N",,
"US1MEPN0047","44.94108","-68.64154","37.2","2021-08-22",,,"0.07",",,N",,,,
"US1MEPN0047","44.94108","-68.64154","37.2","2021-08-23",,,"0.11",",,N",,,,
"US1MEPN0047","44.94108","-68.64154","37.2","2021-08-24",,,"1.67",",,N",,,,
"US1MEPN0047","44.94108","-68.64154","37.2","2021-08-25",,,"0.01",",,N",,,,
"US1MEPN0047","44.94108","-68.64154","37.2","2021-08-26",,,"0.00",",,N","0.0",",,N",,
"US1MEPN0047","44.94108","-68.64154","37.2","2021-08-27",,,"0.00",",,N","0.0",",,N",,
"US1MEPN0047","44.94108","-68.64154","37.2","2021-08-28",,,"0.00",",,N","0.0",",,N",,
"US1MEPN0047","44.94108","-68.64154","37.2","2021-08-29",,,"0.00",",,N","0.0",",,N",,
"US1MEPN0047","44.94108","-68.64154","37.2","2021-08-31",,,"0.04",",,N",,,,
"US1MEPN0047","44.94108","-68.64154","37.2","2021-09-01",,,"0.00",",,N","0.0",",,N",,
"US1MEPN0047","44.94108","-68.64154","37.2","2021-09-02",,,"0.46",",,N",,,,
"US1MEPN0047","44.94108","-68.64154","37.2","2021-09-03",,,"0.31",",,N","0.0",",,N",,
"US1MEPN0047","44.94108","-68.64154","37.2","2021-09-04",,,"0.37",",,N",,,,
"US1MEPN0047","44.94108","-68.64154","37.2","2021-09-05",,,"0.00",",,N","0.0",",,N",,
"US1MEPN0047","44.94108","-68.64154","37.2","2021-09-06",,,"0.06",",,N",,,,
"US1MEPN0047","44.94108","-68.64154","37.2","2021-09-07",,,"0.21",",,N",,,,
"US1MEPN0047","44.94108","-68.64154","37.2","2021-09-08",,,"0.00",",,N","0.0",",,N",,
"US1MEPN0047","44.94108","-68.64154","37.2","2021-09-09",,,"0.00",",,N","0.0",",,N",,
"US1MEPN0047","44.94108","-68.64154","37.2","2021-09-10",,,"3.12",",,N",,,,
"US1MEPN0047","44.94108","-68.64154","37.2","2021-09-11",,,"0.47",",,N",,,,
"US1MEPN0047","44.94108","-68.64154","37.2","2021-09-12",,,"0.01",",,N",,,,
"US1MEPN0047","44.94108","-68.64154","37.2","2021-09-13",,,"0.00",",,N","0.0",",,N",,
"US1MEPN0047","44.94108","-68.64154","37.2","2021-09-14",,,"0.00",",,N","0.0",",,N",,
"US1MEPN0047","44.94108","-68.64154","37.2","2021-09-15",,,"0.00",",,N","0.0",",,N",,
"US1MEPN0047","44.94108","-68.64154","37.2","2021-09-16",,,"0.40",",,N",,,,
"US1MEPN0047","44.94108","-68.64154","37.2","2021-09-17",,,"0.00",",,N","0.0",",,N",,
"US1MEPN0047","44.94108","-68.64154","37.2","2021-09-18",,,"0.00","T,,N",,,,
"US1MEPN0047","44.94108","-68.64154","37.2","2021-09-19",,,"0.00",",,N","0.0",",,N",,
"US1MEPN0047","44.94108","-68.64154","37.2","2021-09-20",,,"0.00",",,N","0.0",",,N",,
"US1MEPN0047","44.94108","-68.64154","37.2","2021-09-22",,,,,,,,
"US1MEPN0047","44.94108","-68.64154","37.2","2021-09-23",,,"0.00",",,N","0.0",",,N",,
"US1MEPN0047","44.94108","-68.64154","37.2","2021-09-24",,,"0.00","T,,N",,,,
"US1MEPN0047","44.94108","-68.64154","37.2","2021-09-25",,,"2.49",",,N",,,,
"US1MEPN0047","44.94108","-68.64154","37.2","2021-09-26",,,"0.57",",,N",,,,
"US1MEPN0047","44.94108","-68.64154","37.2","2021-09-27",,,"1.14",",,N",,,,
"US1MEPN0047","44.94108","-68.64154","37.2","2021-09-28",,,"0.00",",,N","0.0",",,N",,
"US1MEPN0047","44.94108","-68.64154","37.2","2021-09-29",,,"0.00",",,N","0.0",",,N",,
"US1MEPN0047","44.94108","-68.64154","37.2","2021-09-30",,,"0.00","T,,N",,,,
"US1MEPN0047","44.94108","-68.64154","37.2","2021-10-01",,,"0.16",",,N",,,,
"US1MEPN0047","44.94108","-68.64154","37.2","2021-10-02",,,"0.02",",,N",,,,
"US1MEPN0047","44.94108","-68.64154","37.2","2021-10-03",,,"0.01",",,N",,,,
"US1MEPN0047","44.94108","-68.64154","37.2","2021-10-04",,,"0.00",",,N","0.0",",,N",,
"US1MEPN0047","44.94108","-68.64154","37.2","2021-10-05",,,"0.00",",,N","0.0",",,N",,
"US1MEPN0047","44.94108","-68.64154","37.2","2021-10-06",,,"0.00",",,N","0.0",",,N",,
"US1MEPN0047","44.94108","-68.64154","37.2","2021-10-07",,,"0.00",",,N","0.0",",,N",,
"US1MEPN0047","44.94108","-68.64154","37.2","2021-10-08",,,"0.00",",,N","0.0",",,N",,
"US1MEPN0047","44.94108","-68.64154","37.2","2021-10-09",,,"0.00",",,N","0.0",",,N",,
"US1MEPN0047","44.94108","-68.64154","37.2","2021-10-10",,,"0.00",",,N","0.0",",,N",,
"US1MEPN0047","44.94108","-68.64154","37.2","2021-10-11",,,"0.00",",,N","0.0",",,N",,
"US1MEPN0047","44.94108","-68.64154","37.2","2021-10-12",,,"0.00",",,N","0.0",",,N",,
"US1MEPN0047","44.94108","-68.64154","37.2","2021-10-13",,,"0.00",",,N","0.0",",,N",,
"US1MEPN0047","44.94108","-68.64154","37.2","2021-10-14",,,"0.00",",,N","0.0",",,N",,
"US1MEPN0047","44.94108","-68.64154","37.2","2021-10-15",,,"0.00",",,N","0.0",",,N",,
"US1MEPN0047","44.94108","-68.64154","37.2","2021-10-16",,,"0.12",",,N",,,,
"US1MEPN0047","44.94108","-68.64154","37.2","2021-10-17",,,"1.36",",,N",,,,
"US1MEPN0047","44.94108","-68.64154","37.2","2021-10-18",,,"0.16",",,N",,,,
"US1MEPN0047","44.94108","-68.64154","37.2","2021-10-19",,,"0.00",",,N","0.0",",,N",,
"US1MEPN0047","44.94108","-68.64154","37.2","2021-10-20",,,"0.01",",,N",,,,
"US1MEPN0047","44.94108","-68.64154","37.2","2021-10-21",,,"0.00",",,N","0.0",",,N",,
"US1MEPN0047","44.94108","-68.64154","37.2","2021-10-22",,,"0.02",",,N",,,,
"US1MEPN0047","44.94108","-68.64154","37.2","2021-10-23",,,"0.03",",,N",,,,
"US1MEPN0047","44.94108","-68.64154","37.2","2021-10-24",,,"0.00",",,N","0.0",",,N",,
"US1MEPN0047","44.94108","-68.64154","37.2","2021-10-25",,,"0.00",",,N","0.0",",,N",,
"US1MEPN0047","44.94108","-68.64154","37.2","2021-10-26",,,"0.06",",,N",,,,
"US1MEPN0047","44.94108","-68.64154","37.2","2021-10-27",,,"0.06",",,N",,,,
"US1MEPN0047","44.94108","-68.64154","37.2","2021-10-28",,,"0.01",",,N",,,,
"US1MEPN0047","44.94108","-68.64154","37.2","2021-10-29",,,"0.00",",,N","0.0",",,N",,
"US1MEPN0047","44.94108","-68.64154","37.2","2021-10-30",,,"0.00",",,N","0.0",",,N",,
"US1MEPN0047","44.94108","-68.64154","37.2","2021-10-31",,,"1.52",",,N",,,,
"US1MEPN0047","44.94108","-68.64154","37.2","2021-11-01",,,"0.59",",,N",,,,
"US1MEPN0047","44.94108","-68.64154","37.2","2021-11-02",,,"0.00",",,N","0.0",",,N",,
"US1MEPN0047","44.94108","-68.64154","37.2","2021-11-03",,,"0.01",",,N",,,,
"US1MEPN0047","44.94108","-68.64154","37.2","2021-11-04",,,"0.00",",,N","0.0",",,N",,
"US1MEPN0047","44.94108","-68.64154","37.2","2021-11-05",,,"0.00",",,N","0.0",",,N",,
"US1MEPN0047","44.94108","-68.64154","37.2","2021-11-06",,,"0.00",",,N","0.0",",,N",,
"US1MEPN0047","44.94108","-68.64154","37.2","2021-11-07",,,"0.00",",,N","0.0",",,N",,
"US1MEPN0047","44.94108","-68.64154","37.2","2021-11-08",,,"0.00",",,N","0.0",",,N",,
"US1MEPN0047","44.94108","-68.64154","37.2","2021-11-09",,,"0.00",",,N","0.0",",,N",,
"US1MEPN0047","44.94108","-68.64154","37.2","2021-11-10",,,"0.02",",,N",,,,
"US1MEPN0047","44.94108","-68.64154","37.2","2021-11-11",,,"0.15",",,N",,,,
"US1MEPN0047","44.94108","-68.64154","37.2","2021-11-13",,,"0.86",",,N",,,,
"US1MEPN0047","44.94108","-68.64154","37.2","2021-11-14",,,"0.11",",,N",,,,
"US1MEPN0047","44.94108","-68.64154","37.2","2021-11-15",,,"0.06",",,N",,,,
"US1MEPN0047","44.94108","-68.64154","37.2","2021-11-16",,,"0.08",",,N",,,,
"US1MEPN0047","44.94108","-68.64154","37.2","2021-11-17",,,"0.00",",,N","0.0",",,N",,
"US1MEPN0047","44.94108","-68.64154","37.2","2021-11-18",,,"0.20",",,N",,,,
"US1MEPN0047","44.94108","-68.64154","37.2","2021-11-19",,,"0.35",",,N",,,,
"US1MEPN0047","44.94108","-68.64154","37.2","2021-11-20",,,"0.00",",,N","0.0",",,N",,
"US1MEPN0047","44.94108","-68.64154","37.2","2021-11-21",,,"0.00",",,N","0.0",",,N",,
"US1MEPN0047","44.94108","-68.64154","37.2","2021-11-22",,,"0.46",",,N",,,,
"US1MEPN0047","44.94108","-68.64154","37.2","2021-11-23",,,"0.56",",,N",,,,
"US1MEPN0047","44.94108","-68.64154","37.2","2021-11-24",,,"0.00",",,N","0.0",",,N",,
"US1MEPN0047","44.94108","-68.64154","37.2","2021-11-25",,,"0.00",",,N","0.0",",,N",,
"US1MEPN0047","44.94108","-68.64154","37.2","2021-11-26",,,"0.00",",,N","0.0",",,N",,
"US1MEPN0047","44.94108","-68.64154","37.2","2021-11-27",,,"0.65",",,N","2.1",",,N",,
"US1MEPN0047","44.94108","-68.64154","37.2","2021-11-28",,,"0.02",",,N","0.4",",,N",,
"USC00160617","30.7925","-92.4952","32.0","2021-08-01",,,"0.00",",,7,1300",,,,
"USC00160617","30.7925","-92.4952","32.0","2021-08-02",,,"0.01",",,7,1300",,,,
"USC00160617","30.7925","-92.4952","32.0","2021-08-03",,,"0.00",",,7,1300",,,,
"USC00160617","30.7925","-92.4952","32.0","2021-08-04",,,"0.00",",,7,1300",,,,
"USC00160617","30.7925","-92.4952","32.0","2021-08-05",,,"0.00",",,7,1300",,,,
"USC00160617","30.7925","-92.4952","32.0","2021-08-06",,,"0.00",",,7,1300",,,,
"USC00160617","30.7925","-92.4952","32.0","2021-08-07",,,"0.00",",,7,1300",,,,
"USC00160617","30.7925","-92.4952","32.0","2021-08-08",,,"0.00",",,7,1300",,,,
"USC00160617","30.7925","-92.4952","32.0","2021-08-09",,,"0.00",",,7,1300",,,,
"USC00160617","30.7925","-92.4952","32.0","2021-08-10",,,"0.24",",,7,1300",,,,
"USC00160617","30.7925","-92.4952","32.0","2021-08-11",,,"0.00",",,7,1300",,,,
"USC00160617","30.7925","-92.4952","32.0","2021-08-12",,,"0.27",",,7,1300",,,,
"USC00160617","30.7925","-92.4952","32.0","2021-08-13",,,"0.02",",,7,1300",,,,
"USC00160617","30.7925","-92.4952","32.0","2021-08-14",,,"0.00",",,7,1300",,,,
"USC00160617","30.7925","-92.4952","32.0","2021-08-15",,,"0.80",",,7,1300",,,,
"USC00160617","30.7925","-92.4952","32.0","2021-08-16",,,"0.56",",,7,1300",,,,
"USC00160617","30.7925","-92.4952","32.0","2021-08-17",,,"0.00",",,7,1300",,,,
"USC00160617","30.7925","-92.4952","32.0","2021-08-18",,,"0.00",",,7,1300",,,,
"USC00160617","30.7925","-92.4952","32.0","2021-08-19",,,"0.06",",,7,1300",,,,
"USC00160617","30.7925","-92.4952","32.0","2021-08-20",,,"0.02",",,7,1300",,,,
"USC00160617","30.7925","-92.4952","32.0","2021-08-21",,,"0.00",",,7,1300",,,,
"USC00160617","30.7925","-92.4952","32.0","2021-08-22",,,"0.00",",,7,1300",,,,
"USC00160617","30.7925","-92.4952","32.0","2021-08-23",,,"0.00",",,7,1300",,,,
"USC00160617","30.7925","-92.4952","32.0","2021-08-24",,,"0.00",",,7,1300",,,,
"USC00160617","30.7925","-92.4952","32.0","2021-08-25",,,"0.07",",,7,1300",,,,
"USC00160617","30.7925","-92.4952","32.0","2021-08-26",,,"0.00",",,7,1300",,,,
"USC00160617","30.7925","-92.4952","32.0","2021-08-27",,,"0.88",",,7,1300",,,,
"USC00160617","30.7925","-92.4952","32.0","2021-08-28",,,"0.00",",,7,1300",,,,
"USC00160617","30.7925","-92.4952","32.0","2021-08-29",,,"0.00",",,7,1300",,,,
"USC00160617","30.7925","-92.4952","32.0","2021-08-30",,,"0.00",",,7,1300",,,,
"USC00160617","30.7925","-92.4952","32.0","2021-08-31",,,"1.00",",,7,1300",,,,
"USC00160617","30.7925","-92.4952","32.0","2021-09-01",,,"0.03",",,7,1300",,,,
"USC00160617","30.7925","-92.4952","32.0","2021-09-03",,,"1.61",",,7,1300",,,,
"USC00160617","30.7925","-92.4952","32.0","2021-09-06",,,"1.15",",,7,1300",,,,
"USC00160617","30.7925","-92.4952","32.0","2021-09-13",,,"0.02",",,7,1300",,,,
"USC00160617","30.7925","-92.4952","32.0","2021-09-14",,,"4.00",",,7,1300",,,,
"USC00160617","30.7925","-92.4952","32.0","2021-09-15",,,"4.00",",,7,1300",,,,
"USC00160617","30.7925","-92.4952","32.0","2021-09-17",,,"0.75",",,7,1300",,,,
"USC00160617","30.7925","-92.4952","32.0","2021-09-19",,,"0.19",",,7,1300",,,,
"USC00160617","30.7925","-92.4952","32.0","2021-09-20",,,"0.10",",,7,1300",,,,
"USC00160617","30.7925","-92.4952","32.0","2021-09-21",,,"0.08",",,7,1300",,,,
"USC00160617","30.7925","-92.4952","32.0","2021-09-22",,,"0.05",",,7,1300",,,,
"USC00160617","30.7925","-92.4952","32.0","2021-09-28",,,"0.70",",,7,1300",,,,
"USC00160617","30.7925","-92.4952","32.0","2021-09-29",,,"0.08",",,7,1300",,,,
"USC00160617","30.7925","-92.4952","32.0","2021-09-30",,,"6.16",",,7,1300",,,,
"USC00160617","30.7925","-92.4952","32.0","2021-10-03",,,"0.22",",,7,1300",,,,
"USC00160617","30.7925","-92.4952","32.0","2021-10-04",,,"0.03",",,7,1300",,,,
"USC00160617","30.7925","-92.4952","32.0","2021-10-12",,,"0.10",",,7,1300",,,,
"USC00160617","30.7925","-92.4952","32.0","2021-10-27",,,"0.03",",,7,1300",,,,
"USC00160617","30.7925","-92.4952","32.0","2021-10-28",,,"1.56",",,7,1300",,,,
"US1MEPN0048","45.211497","-68.474963","102.1","2021-08-04",,,,,,,,
"US1MEPN0048","45.211497","-68.474963","102.1","2021-08-07",,,,,,,,
"US1MEPN0048","45.211497","-68.474963","102.1","2021-08-08",,,"0.80",",,N",,,,
"US1MEPN0048","45.211497","-68.474963","102.1","2021-08-14",,,,,,,,
"US1MEPN0048","45.211497","-68.474963","102.1","2021-08-19",,,"0.31",",,N",,,,
"US1MEPN0048","45.211497","-68.474963","102.1","2021-08-24",,,"1.07",",,N",,,,
"US1MEPN0048","45.211497","-68.474963","102.1","2021-09-04",,,,,,,,
"US1MEPN0048","45.211497","-68.474963","102.1","2021-09-06",,,"0.14",",,N",,,,
"US1MEPN0048","45.211497","-68.474963","102.1","2021-09-07",,,"0.60",",,N",,,,
"US1MEPN0048","45.211497","-68.474963","102.1","2021-09-11",,,,,,,,
"US1MEPN0048","45.211497","-68.474963","102.1","2021-09-18",,,,,,,,
"US1MEPN0048","45.211497","-68.474963","102.1","2021-09-27",,,,,,,,
"US1MEYK0065","43.298012","-70.839569","91.7","2021-08-01",,,"0.00",",,N","0.0",",,N",,
"US1MEYK0065","43.298012","-70.839569","91.7","2021-08-02",,,"0.03",",,N","0.0",",,N",,
"US1MEYK0065","43.298012","-70.839569","91.7","2021-08-03",,,"0.00",",,N","0.0",",,N",,
"US1MEYK0065","43.298012","-70.839569","91.7","2021-08-04",,,"0.00",",,N","0.0",",,N",,
"US1MEYK0065","43.298012","-70.839569","91.7","2021-08-05",,,"0.11",",,N","0.0",",,N",,
"US1MEYK0065","43.298012","-70.839569","91.7","2021-08-06",,,"0.65",",,N","0.0",",,N",,
"US1MEYK0065","43.298012","-70.839569","91.7","2021-08-07",,,"0.00",",,N","0.0",",,N",,
"US1MEYK0065","43.298012","-70.839569","91.7","2021-08-08",,,"0.00",",,N","0.0",",,N",,
"US1MEYK0065","43.298012","-70.839569","91.7","2021-08-09",,,"0.00",",,N","0.0",",,N",,
"US1MEYK0065","43.298012","-70.839569","91.7","2021-08-10",,,"0.00",",,N","0.0",",,N",,
"US1MEYK0065","43.298012","-70.839569","91.7","2021-08-11",,,"0.02",",,N","0.0",",,N",,
"US1MEYK0065","43.298012","-70.839569","91.7","2021-08-16",,,,,,,,
"US1MEYK0065","43.298012","-70.839569","91.7","2021-08-17",,,"0.00",",,N","0.0",",,N",,
"US1MEYK0065","43.298012","-70.839569","91.7","2021-08-18",,,"0.00","T,,N","0.0",",,N",,
"US1MEYK0065","43.298012","-70.839569","91.7","2021-08-19",,,"0.00","T,,N","0.0",",,N",,
"US1MEYK0065","43.298012","-70.839569","91.7","2021-08-20",,,"1.26",",,N","0.0",",,N",,
"US1MEYK0065","43.298012","-70.839569","91.7","2021-08-21",,,"0.02",",,N","0.0",",,N",,
"US1MEYK0065","43.298012","-70.839569","91.7","2021-08-22",,,"0.00","T,,N","0.0",",,N",,
"US1MEYK0065","43.298012","-70.839569","91.7","2021-08-23",,,"0.84",",,N","0.0",",,N",,
"US1MEYK0065","43.298012","-70.839569","91.7","2021-08-24",,,"3.01",",,N","0.0",",,N",,
"US1MEYK0065","43.298012","-70.839569","91.7","2021-08-25",,,"0.00",",,N","0.0",",,N",,
"US1MEYK0065","43.298012","-70.839569","91.7","2021-08-26",,,"0.00",",,N","0.0",",,N",,
"US1MEYK0065","43.298012","-70.839569","91.7","2021-08-28",,,,,,,,
"US1MEYK0065","43.298012","-70.839569","91.7","2021-08-29",,,"0.05",",,N","0.0",",,N",,
"US1MEYK0065","43.298012","-70.839569","91.7","2021-08-30",,,"0.00","T,,N","0.0",",,N",,
"US1MEYK0065","43.298012","-70.839569","91.7","2021-08-31",,,"0.00","T,,N","0.0",",,N",,
"US1MEYK0065","43.298012","-70.839569","91.7","2021-09-01",,,"0.00",",,N","0.0",",,N",,
"US1MEYK0065","43.298012","-70.839569","91.7","2021-09-02",,,"2.30",",,N","0.0",",,N",,
"US1MEYK0065","43.298012","-70.839569","91.7","2021-09-03",,,"0.00","T,,N","0.0",",,N",,
"US1MEYK0065","43.298012","-70.839569","91.7","2021-09-04",,,"0.03",",,N","0.0",",,N",,
"US1MEYK0065","43.298012","-70.839569","91.7","2021-09-06",,,,,,,,
"US1MEYK0065","43.298012","-70.839569","91.7","2021-09-07",,,"0.04",",,N","0.0",",,N",,
"US1MEYK0065","43.298012","-70.839569","91.7","2021-09-08",,,"0.00",",,N","0.0",",,N",,
"US1MEYK0065","43.298012","-70.839569","91.7","2021-09-09",,,"0.16",",,N","0.0",",,N",,
"US1MEYK0065","43.298012","-70.839569","91.7","2021-09-10",,,"1.75",",,N","0.0",",,N",,
"US1MEYK0065","43.298012","-70.839569","91.7","2021-09-11",,,"0.00",",,N","0.0",",,N",,
"US1MEYK0065","43.298012","-70.839569","91.7","2021-09-12",,,"0.00",",,N","0.0",",,N",,
"US1MEYK0065","43.298012","-70.839569","91.7","2021-09-13",,,"0.22",",,N","0.0",",,N",,
"US1MEYK0065","43.298012","-70.839569","91.7","2021-09-14",,,"0.00",",,N","0.0",",,N",,
"US1MEYK0065","43.298012","-70.839569","91.7","2021-09-15",,,"0.00",",,N","0.0",",,N",,
"US1MEYK0065","43.298012","-70.839569","91.7","2021-09-16",,,"0.31",",,N","0.0",",,N",,
"US1MEYK0065","43.298012","-70.839569","91.7","2021-09-17",,,"0.00",",,N","0.0",",,N",,
"US1MEYK0065","43.298012","-70.839569","91.7","2021-09-18",,,"0.02",",,N","0.0",",,N",,
"US1MEYK0065","43.298012","-70.839569","91.7","2021-09-19",,,"0.00",",,N","0.0",",,N",,
"US1MEYK0065","43.298012","-70.839569","91.7","2021-09-20",,,"0.00",",,N","0.0",",,N",,
"US1MEYK0065","43.298012","-70.839569","91.7","2021-09-21",,,"0.00",",,N","0.0",",,N",,
"US1MEYK0065","43.298012","-70.839569","91.7","2021-09-22",,,"0.02",",,N","0.0",",,N",,
"US1MEYK0065","43.298012","-70.839569","91.7","2021-09-23",,,"0.00",",,N","0.0",",,N",,
"US1MEYK0065","43.298012","-70.839569","91.7","2021-09-24",,,"0.00",",,N","0.0",",,N",,
"US1MEYK0065","43.298012","-70.839569","91.7","2021-09-25",,,"0.09",",,N","0.0",",,N",,
"US1MEYK0065","43.298012","-70.839569","91.7","2021-09-26",,,"0.11",",,N","0.0",",,N",,
"US1MEYK0065","43.298012","-70.839569","91.7","2021-09-27",,,"0.00",",,N","0.0",",,N",,
"US1MEYK0065","43.298012","-70.839569","91.7","2021-09-28",,,"0.03",",,N","0.0",",,N",,
"US1MEYK0065","43.298012","-70.839569","91.7","2021-09-29",,,"0.00",",,N","0.0",",,N",,
"US1MEYK0065","43.298012","-70.839569","91.7","2021-09-30",,,"0.00",",,N","0.0",",,N",,
"US1MEYK0065","43.298012","-70.839569","91.7","2021-10-01",,,"0.07",",,N","0.0",",,N",,
"US1MEYK0065","43.298012","-70.839569","91.7","2021-10-02",,,"0.00","T,,N","0.0",",,N",,
"US1MEYK0065","43.298012","-70.839569","91.7","2021-10-03",,,"0.02",",,N","0.0",",,N",,
"US1MEYK0065","43.298012","-70.839569","91.7","2021-10-04",,,"0.04",",,N","0.0",",,N",,
"US1MEYK0065","43.298012","-70.839569","91.7","2021-10-05",,,"0.25",",,N","0.0",",,N",,
"US1MEYK0065","43.298012","-70.839569","91.7","2021-10-06",,,"0.00",",,N","0.0",",,N",,
"US1MEYK0065","43.298012","-70.839569","91.7","2021-10-07",,,"0.00",",,N","0.0",",,N",,
"US1MEYK0065","43.298012","-70.839569","91.7","2021-10-08",,,"0.00",",,N","0.0",",,N",,
"US1MEYK0065","43.298012","-70.839569","91.7","2021-10-09",,,"0.00",",,N","0.0",",,N",,
"US1MEYK0065","43.298012","-70.839569","91.7","2021-10-10",,,"0.00",",,N","0.0",",,N",,
"US1MEYK0065","43.298012","-70.839569","91.7","2021-10-11",,,"0.00",",,N","0.0",",,N",,
"US1MEYK0065","43.298012","-70.839569","91.7","2021-10-12",,,"0.00",",,N","0.0",",,N",,
"US1MEYK0065","43.298012","-70.839569","91.7","2021-10-13",,,"0.00",",,N","0.0",",,N",,
"US1MEYK0065","43.298012","-70.839569","91.7","2021-10-14",,,"0.00",",,N","0.0",",,N",,
"US1MEYK0065","43.298012","-70.839569","91.7","2021-10-15",,,"0.00",",,N","0.0",",,N",,
"US1MEYK0065","43.298012","-70.839569","91.7","2021-10-16",,,"0.03",",,N","0.0",",,N",,
"US1MEYK0065","43.298012","-70.839569","91.7","2021-10-17",,,"0.32",",,N","0.0",",,N",,
"US1MEYK0065","43.298012","-70.839569","91.7","2021-10-18",,,"0.00",",,N","0.0",",,N",,
"US1MEYK0065","43.298012","-70.839569","91.7","2021-10-19",,,"0.00",",,N","0.0",",,N",,
"US1MEYK0065","43.298012","-70.839569","91.7","2021-10-20",,,"0.00",",,N","0.0",",,N",,
"US1MEYK0065","43.298012","-70.839569","91.7","2021-10-21",,,"0.00",",,N","0.0",",,N",,
"US1MEYK0065","43.298012","-70.839569","91.7","2021-10-22",,,"0.06",",,N","0.0",",,N",,
"US1MEYK0065","43.298012","-70.839569","91.7","2021-10-23",,,"0.00",",,N","0.0",",,N",,
"US1MEYK0065","43.298012","-70.839569","91.7","2021-10-24",,,"0.00",",,N","0.0",",,N",,
"US1MEYK0065","43.298012","-70.839569","91.7","2021-10-25",,,"0.05",",,N","0.0",",,N",,
"US1MEYK0065","43.298012","-70.839569","91.7","2021-10-26",,,"0.28",",,N","0.0",",,N",,
"US1MEYK0065","43.298012","-70.839569","91.7","2021-10-27",,,"0.99",",,N","0.0",",,N",,
"US1MEYK0065","43.298012","-70.839569","91.7","2021-10-28",,,"0.45",",,N","0.0",",,N",,
"US1MEYK0065","43.298012","-70.839569","91.7","2021-10-29",,,"0.00",",,N","0.0",",,N",,
"US1MEYK0065","43.298012","-70.839569","91.7","2021-10-31",,,,,,,,
"US1MEYK0065","43.298012","-70.839569","91.7","2021-11-01",,,"0.00",",,N","0.0",",,N",,
"US1MEYK0065","43.298012","-70.839569","91.7","2021-11-02",,,"0.00",",,N","0.0",",,N",,
"US1MEYK0065","43.298012","-70.839569","91.7","2021-11-03",,,"0.00","T,,N","0.0",",,N",,
"US1MEYK0065","43.298012","-70.839569","91.7","2021-11-04",,,"0.00","T,,N","0.0",",,N",,
"US1MEYK0065","43.298012","-70.839569","91.7","2021-11-05",,,"0.00",",,N","0.0",",,N",,
"US1MEYK0065","43.298012","-70.839569","91.7","2021-11-06",,,"0.00",",,N","0.0",",,N",,
"US1MEYK0065","43.298012","-70.839569","91.7","2021-11-07",,,"0.00",",,N","0.0",",,N",,
"US1MEYK0065","43.298012","-70.839569","91.7","2021-11-08",,,"0.00",",,N","0.0",",,N",,
"US1MEYK0065","43.298012","-70.839569","91.7","2021-11-09",,,"0.00",",,N","0.0",",,N",,
"US1MEYK0065","43.298012","-70.839569","91.7","2021-11-10",,,"0.00","T,,N","0.0",",,N",,
"US1MEYK0065","43.298012","-70.839569","91.7","2021-11-11",,,"0.12",",,N","0.0",",,N",,
"US1MEYK0065","43.298012","-70.839569","91.7","2021-11-12",,,"0.00","T,,N","0.0",",,N",,
"US1MEYK0065","43.298012","-70.839569","91.7","2021-11-13",,,"1.77",",,N","0.0",",,N",,
"US1MEYK0065","43.298012","-70.839569","91.7","2021-11-14",,,"0.27",",,N","0.0",",,N",,
"US1MEYK0065","43.298012","-70.839569","91.7","2021-11-15",,,"0.10",",,N","0.0",",,N",,
"US1MEYK0065","43.298012","-70.839569","91.7","2021-11-16",,,"0.00",",,N","0.0",",,N",,
"US1MEYK0065","43.298012","-70.839569","91.7","2021-11-17",,,"0.00",",,N","0.0",",,N",,
"US1MEYK0065","43.298012","-70.839569","91.7","2021-11-18",,,"0.00",",,N","0.0",",,N",,
"US1MEYK0065","43.298012","-70.839569","91.7","2021-11-19",,,"0.17",",,N","0.0",",,N",,
"US1MEYK0065","43.298012","-70.839569","91.7","2021-11-20",,,"0.00","T,,N","0.0",",,N",,
"US1MEYK0065","43.298012","-70.839569","91.7","2021-11-21",,,"0.00",",,N","0.0",",,N",,
"US1MEYK0065","43.298012","-70.839569","91.7","2021-11-22",,,"0.25",",,N","0.0",",,N",,
"US1MEYK0065","43.298012","-70.839569","91.7","2021-11-23",,,"0.00",",,N","0.0",",,N",,
"US1MEYK0065","43.298012","-70.839569","91.7","2021-11-24",,,"0.00",",,N","0.0",",,N",,
"US1MEYK0065","43.298012","-70.839569","91.7","2021-11-25",,,"0.00",",,N","0.0",",,N",,
"US1MEYK0065","43.298012","-70.839569","91.7","2021-11-26",,,"0.00",",,N","0.0",",,N",,
"US1MEYK0065","43.298012","-70.839569","91.7","2021-11-27",,,"0.24",",,N","0.0","T,,N",,
"US1MEYK0065","43.298012","-70.839569","91.7","2021-11-28",,,"0.00",",,N","0.0",",,N",,
"US1MEYK0063","43.22303","-70.69262","60.4","2021-08-01",,,"0.00",",,N","0.0",",,N",,
"US1MEYK0063","43.22303","-70.69262","60.4","2021-08-02",,,"0.00","T,,N",,,,
"US1MEYK0063","43.22303","-70.69262","60.4","2021-08-03",,,"0.00",",,N","0.0",",,N",,
"US1MEYK0063","43.22303","-70.69262","60.4","2021-08-04",,,"0.00",",,N","0.0",",,N",,
"US1MEYK0063","43.22303","-70.69262","60.4","2021-08-05",,,"0.32",",,N",,,,
"US1MEYK0063","43.22303","-70.69262","60.4","2021-08-06",,,"0.36",",,N",,,,
"US1MEYK0063","43.22303","-70.69262","60.4","2021-08-07",,,"0.00",",,N","0.0",",,N",,
"US1MEYK0063","43.22303","-70.69262","60.4","2021-08-08",,,"0.00",",,N","0.0",",,N",,
"US1MEYK0063","43.22303","-70.69262","60.4","2021-08-09",,,"0.00",",,N","0.0",",,N",,
"US1MEYK0063","43.22303","-70.69262","60.4","2021-08-10",,,"0.01",",,N",,,,
"US1MEYK0063","43.22303","-70.69262","60.4","2021-08-11",,,"0.00","T,,N",,,,
"US1MEYK0063","43.22303","-70.69262","60.4","2021-08-12",,,"0.00",",,N","0.0",",,N",,
"US1MEYK0063","43.22303","-70.69262","60.4","2021-08-13",,,"0.00",",,N","0.0",",,N",,
"US1MEYK0063","43.22303","-70.69262","60.4","2021-08-14",,,"0.00",",,N","0.0",",,N",,
"US1MEYK0063","43.22303","-70.69262","60.4","2021-08-15",,,"0.00",",,N","0.0",",,N",,
"US1MEYK0063","43.22303","-70.69262","60.4","2021-08-16",,,"0.00",",,N","0.0",",,N",,
"US1MEYK0063","43.22303","-70.69262","60.4","2021-08-17",,,"0.00",",,N","0.0",",,N",,
"US1MEYK0063","43.22303","-70.69262","60.4","2021-08-18",,,"0.00",",,N","0.0",",,N",,
"US1MEYK0063","43.22303","-70.69262","60.4","2021-08-19",,,"0.00",",,N","0.0",",,N",,
"US1MEYK0063","43.22303","-70.69262","60.4","2021-08-20",,,"1.64",",,N",,,,
"US1MEYK0063","43.22303","-70.69262","60.4","2021-08-21",,,"0.00",",,N","0.0",",,N",,
"US1MEYK0063","43.22303","-70.69262","60.4","2021-08-22",,,"0.04",",,N",,,,
"US1MEYK0063","43.22303","-70.69262","60.4","2021-08-23",,,"1.04",",,N",,,,
"US1MEYK0063","43.22303","-70.69262","60.4","2021-08-24",,,"1.05",",,N",,,,
"US1MEYK0063","43.22303","-70.69262","60.4","2021-08-25",,,"0.00",",,N","0.0",",,N",,
"US1MEYK0063","43.22303","-70.69262","60.4","2021-08-26",,,"0.00",",,N","0.0",",,N",,
"US1MEYK0063","43.22303","-70.69262","60.4","2021-08-27",,,"0.00",",,N","0.0",",,N",,
"US1MEYK0063","43.22303","-70.69262","60.4","2021-08-28",,,"0.00",",,N","0.0",",,N",,
"US1MEYK0063","43.22303","-70.69262","60.4","2021-08-29",,,"0.00",",,N","0.0",",,N",,
"US1MEYK0063","43.22303","-70.69262","60.4","2021-08-30",,,"0.00",",,N","0.0",",,N",,
"US1MEYK0063","43.22303","-70.69262","60.4","2021-08-31",,,"0.00",",,N","0.0",",,N",,
"US1MEYK0063","43.22303","-70.69262","60.4","2021-09-01",,,"0.00",",,N","0.0",",,N",,
"US1MEYK0063","43.22303","-70.69262","60.4","2021-09-02",,,"2.39",",,N",,,,
"US1MEYK0063","43.22303","-70.69262","60.4","2021-09-03",,,"0.00",",,N","0.0",",,N",,
"US1MEYK0063","43.22303","-70.69262","60.4","2021-09-04",,,"0.21",",,N",,,,
"US1MEYK0063","43.22303","-70.69262","60.4","2021-09-05",,,"0.00",",,N","0.0",",,N",,
"US1MEYK0063","43.22303","-70.69262","60.4","2021-09-06",,,"0.16",",,N",,,,
"US1MEYK0063","43.22303","-70.69262","60.4","2021-09-07",,,"0.01",",,N",,,,
"US1MEYK0063","43.22303","-70.69262","60.4","2021-09-08",,,"0.00",",,N","0.0",",,N",,
"US1MEYK0063","43.22303","-70.69262","60.4","2021-09-09",,,"0.22",",,N",,,,
"US1MEYK0063","43.22303","-70.69262","60.4","2021-09-10",,,"0.79",",,N",,,,
"US1MEYK0063","43.22303","-70.69262","60.4","2021-09-13",,,"0.24",",,N",,,,
"US1MEYK0063","43.22303","-70.69262","60.4","2021-09-16",,,"0.28",",,N",,,,
"US1MEYK0063","43.22303","-70.69262","60.4","2021-09-18",,,"0.01",",,N","0.0",",,N",,
"US1MEYK0063","43.22303","-70.69262","60.4","2021-09-19",,,"0.00",",,N","0.0",",,N",,
"US1MEYK0063","43.22303","-70.69262","60.4","2021-09-20",,,"0.00",",,N","0.0",",,N",,
"US1MEYK0063","43.22303","-70.69262","60.4","2021-09-21",,,"0.00",",,N","0.0",",,N",,
"US1MEYK0063","43.22303","-70.69262","60.4","2021-09-22",,,"0.00","T,,N",,,,
"US1MEYK0063","43.22303","-70.69262","60.4","2021-09-23",,,"0.00","T,,N",,,,
"US1MEYK0063","43.22303","-70.69262","60.4","2021-09-24",,,"0.00",",,N","0.0",",,N",,
"US1MEYK0063","43.22303","-70.69262","60.4","2021-09-25",,,"0.27",",,N",,,,
"US1MEYK0063","43.22303","-70.69262","60.4","2021-09-26",,,"0.32",",,N",,,,
"US1MEYK0063","43.22303","-70.69262","60.4","2021-09-27",,,"0.00","T,L,N",,,,
"US1MEYK0063","43.22303","-70.69262","60.4","2021-09-28",,,"0.08",",L,N",,,,
"US1MEYK0063","43.22303","-70.69262","60.4","2021-09-29",,,"0.02",",,N",,,,
"US1MEYK0063","43.22303","-70.69262","60.4","2021-09-30",,,"0.00",",,N","0.0",",,N",,
"US1MEYK0063","43.22303","-70.69262","60.4","2021-10-01",,,"0.05",",,N",,,,
"US1MEYK0063","43.22303","-70.69262","60.4","2021-10-02",,,"0.00","T,,N",,,,
"US1MEYK0063","43.22303","-70.69262","60.4","2021-10-04",,,,,,,,
"US1MEYK0063","43.22303","-70.69262","60.4","2021-10-05",,,"0.45",",,N",,,,
"US1MEYK0063","43.22303","-70.69262","60.4","2021-10-06",,,"0.00",",,N","0.0",",,N",,
"US1MEYK0063","43.22303","-70.69262","60.4","2021-10-07",,,"0.00",",,N","0.0",",,N",,
"US1MEYK0063","43.22303","-70.69262","60.4","2021-10-08",,,"0.00",",,N","0.0",",,N",,
"US1MEYK0063","43.22303","-70.69262","60.4","2021-10-09",,,"0.00",",,N","0.0",",,N",,
"US1MEYK0063","43.22303","-70.69262","60.4","2021-10-10",,,"0.00",",,N","0.0",",,N",,
"US1MEYK0063","43.22303","-70.69262","60.4","2021-10-11",,,"0.00",",,N","0.0",",,N",,
"US1MEYK0063","43.22303","-70.69262","60.4","2021-10-12",,,"0.01",",,N",,,,
"US1MEYK0063","43.22303","-70.69262","60.4","2021-10-13",,,"0.00","T,,N",,,,
"US1MEYK0063","43.22303","-70.69262","60.4","2021-10-14",,,"0.00",",,N","0.0",",,N",,
"US1MEYK0063","43.22303","-70.69262","60.4","2021-10-15",,,"0.00",",,N","0.0",",,N",,
"US1MEYK0063","43.22303","-70.69262","60.4","2021-10-18",,,,,,,,
"US1MEYK0063","43.22303","-70.69262","60.4","2021-10-19",,,"0.00",",,N","0.0",",,N",,
"US1MEYK0063","43.22303","-70.69262","60.4","2021-10-20",,,"0.00",",,N","0.0",",,N",,
"US1MEYK0063","43.22303","-70.69262","60.4","2021-10-24",,,"0.00",",,N","0.0",",,N",,
"US1MEYK0063","43.22303","-70.69262","60.4","2021-10-25",,,"0.04",",,N",,,,
"US1MEYK0063","43.22303","-70.69262","60.4","2021-10-26",,,"0.50",",,N",,,,
"US1MEYK0063","43.22303","-70.69262","60.4","2021-10-27",,,"1.80",",,N",,,,
"US1MEYK0063","43.22303","-70.69262","60.4","2021-10-28",,,"0.40",",,N",,,,
"US1MEYK0063","43.22303","-70.69262","60.4","2021-10-30",,,"0.14",",,N",,,,
"US1MEYK0063","43.22303","-70.69262","60.4","2021-10-31",,,"3.41",",,N",,,,
"US1MEYK0063","43.22303","-70.69262","60.4","2021-11-01",,,"0.01",",,N",,,,
"US1MEYK0063","43.22303","-70.69262","60.4","2021-11-08",,,"0.00",",L,N","0.0",",,N",,
"US1MEYK0063","43.22303","-70.69262","60.4","2021-11-11",,,,,,,,
"US1MEYK0063","43.22303","-70.69262","60.4","2021-11-12",,,"0.05",",,N",,,,
"US1MEYK0063","43.22303","-70.69262","60.4","2021-11-14",,,,,,,,
"US1MEYK0063","43.22303","-70.69262","60.4","2021-11-15",,,"0.13",",,N",,,,
"US1MEYK0063","43.22303","-70.69262","60.4","2021-11-16",,,"0.02",",,N",,,,
"US1MEYK0063","43.22303","-70.69262","60.4","2021-11-17",,,"0.00",",,N","0.0",",,N",,
"US1MEYK0063","43.22303","-70.69262","60.4","2021-11-18",,,"0.00",",,N","0.0",",,N",,
"US1MEYK0063","43.22303","-70.69262","60.4","2021-11-19",,,"0.17",",,N",,,,
"US1MEYK0063","43.22303","-70.69262","60.4","2021-11-20",,,"0.01",",,N",,,,
"US1MEYK0063","43.22303","-70.69262","60.4","2021-11-21",,,"0.00",",,N","0.0",",,N",,
"US1MEYK0063","43.22303","-70.69262","60.4","2021-11-22",,,"0.36",",,N",,,,
"USC00170409","43.9316","-69.8564","7.6","2021-08-01",,,"0.00",",,7,0700","0.0",",,7,0700",,
"USC00170409","43.9316","-69.8564","7.6","2021-08-02",,,"0.01",",,7,0700","0.0",",,7,0700",,
"USC00170409","43.9316","-69.8564","7.6","2021-08-03",,,"0.00","T,,7,0700","0.0",",,7,0700",,
"USC00170409","43.9316","-69.8564","7.6","2021-08-04",,,"0.00",",,7,0700","0.0",",,7,0700",,
"USC00170409","43.9316","-69.8564","7.6","2021-08-05",,,"0.39",",,7,0700","0.0",",,7,0700",,
"USC00170409","43.9316","-69.8564","7.6","2021-08-06",,,"0.20",",,7,0700","0.0",",,7,0700",,
"USC00170409","43.9316","-69.8564","7.6","2021-08-07",,,"0.00",",,7,0700","0.0",",,7,0700",,
"USC00170409","43.9316","-69.8564","7.6","2021-08-08",,,"0.00",",,7,0700","0.0",",,7,0700",,
"USC00170409","43.9316","-69.8564","7.6","2021-08-09",,,"0.00",",,7,0700","0.0",",,7,0700",,
"USC00170409","43.9316","-69.8564","7.6","2021-08-10",,,"0.00",",,7,0700","0.0",",,7,0700",,
"USC00170409","43.9316","-69.8564","7.6","2021-08-11",,,"0.00",",,7,0700","0.0",",,7,0700",,
"USC00170409","43.9316","-69.8564","7.6","2021-08-12",,,"0.00",",,7,0700","0.0",",,7,0700",,
"USC00170409","43.9316","-69.8564","7.6","2021-08-13",,,"0.00",",,7,0700","0.0",",,7,0700",,
"USC00170409","43.9316","-69.8564","7.6","2021-08-14",,,"0.00",",,7,0700","0.0",",,7,0700",,
"USC00170409","43.9316","-69.8564","7.6","2021-08-15",,,"0.00",",,7,0700","0.0",",,7,0700",,
"USC00170409","43.9316","-69.8564","7.6","2021-08-16",,,"0.00",",,7,0700","0.0",",,7,0700",,
"USC00170409","43.9316","-69.8564","7.6","2021-08-17",,,"0.00",",,7,0700","0.0",",,7,0700",,
"USC00170409","43.9316","-69.8564","7.6","2021-08-18",,,"0.00","T,,7,0700","0.0",",,7,0700",,
"USC00170409","43.9316","-69.8564","7.6","2021-08-19",,,"0.00","T,,7,0700","0.0",",,7,0700",,
"USC00170409","43.9316","-69.8564","7.6","2021-08-20",,,"0.93",",,7,0700","0.0",",,7,0700",,
"USC00170409","43.9316","-69.8564","7.6","2021-08-21",,,"0.00",",,7,0700","0.0",",,7,0700",,
"USC00170409","43.9316","-69.8564","7.6","2021-08-22",,,"0.01",",,7,0700","0.0",",,7,0700",,
"USC00170409","43.9316","-69.8564","7.6","2021-08-23",,,"0.41",",,7,0700","0.0",",,7,0700",,
"USC00170409","43.9316","-69.8564","7.6","2021-08-24",,,"0.04",",,7,0700","0.0",",,7,0700",,
"USC00170409","43.9316","-69.8564","7.6","2021-08-25",,,"0.00",",,7,0700","0.0",",,7,0700",,
"USC00170409","43.9316","-69.8564","7.6","2021-08-26",,,"0.00",",,7,0700","0.0",",,7,0700",,
"USC00170409","43.9316","-69.8564","7.6","2021-08-27",,,"0.00",",,7,0700","0.0",",,7,0700",,
"USC00170409","43.9316","-69.8564","7.6","2021-08-28",,,"0.00",",,7,0700","0.0",",,7,0700",,
"USC00170409","43.9316","-69.8564","7.6","2021-08-29",,,"0.02",",,7,0700","0.0",",,7,0700",,
"USC00170409","43.9316","-69.8564","7.6","2021-08-30",,,"0.00",",,7,0700","0.0",",,7,0700",,
"USC00170409","43.9316","-69.8564","7.6","2021-08-31",,,"0.00","T,,7,0700","0.0",",,7,0700",,
"USC00170409","43.9316","-69.8564","7.6","2021-09-01",,,"0.00",",,7,0700","0.0",",,7,0700",,
"USC00170409","43.9316","-69.8564","7.6","2021-09-02",,,"1.41",",,7,0700","0.0",",,7,0700",,
"USC00170409","43.9316","-69.8564","7.6","2021-09-03",,,"0.04",",,7,0700","0.0",",,7,0700",,
"USC00170409","43.9316","-69.8564","7.6","2021-09-04",,,"0.01",",,7,0700","0.0",",,7,0700",,
"USC00170409","43.9316","-69.8564","7.6","2021-09-05",,,"0.00",",,7,0700","0.0",",,7,0700",,
"USC00170409","43.9316","-69.8564","7.6","2021-09-06",,,"0.02",",,7,0700","0.0",",,7,0700",,
"USC00170409","43.9316","-69.8564","7.6","2021-09-07",,,"0.35",",,7,0700","0.0",",,7,0700",,
"USC00170409","43.9316","-69.8564","7.6","2021-09-08",,,"0.00",",,7,0700","0.0",",,7,0700",,
"USC00170409","43.9316","-69.8564","7.6","2021-09-09",,,"0.01",",,7,0700","0.0",",,7,0700",,
"USC00170409","43.9316","-69.8564","7.6","2021-09-10",,,"0.90",",,7,0700","0.0",",,7,0700",,
"USC00170409","43.9316","-69.8564","7.6","2021-09-11",,,"0.00",",,7,0700","0.0",",,7,0700",,
"USC00170409","43.9316","-69.8564","7.6","2021-09-12",,,"0.00",",,7,0700","0.0",",,7,0700",,
"USC00170409","43.9316","-69.8564","7.6","2021-09-13",,,"0.00","T,,7,0700","0.0",",,7,0700",,
"USC00170409","43.9316","-69.8564","7.6","2021-09-14",,,"0.00",",,7,0700","0.0",",,7,0700",,
"USC00170409","43.9316","-69.8564","7.6","2021-09-15",,,"0.03",",,7,0700","0.0",",,7,0700",,
"USC00170409","43.9316","-69.8564","7.6","2021-09-16",,,"0.22",",,7,0700","0.0",",,7,0700",,
"USC00170409","43.9316","-69.8564","7.6","2021-09-17",,,"0.00",",,7,0700","0.0",",,7,0700",,
"USC00170409","43.9316","-69.8564","7.6","2021-09-18",,,"0.00",",,7,0700","0.0",",,7,0700",,
"USC00170409","43.9316","-69.8564","7.6","2021-09-19",,,"0.07",",,7,0700","0.0",",,7,0700",,
"USC00170409","43.9316","-69.8564","7.6","2021-09-20",,,"0.00",",,7,0700","0.0",",,7,0700",,
"USC00170409","43.9316","-69.8564","7.6","2021-09-21",,,"0.00",",,7,0700","0.0",",,7,0700",,
"USC00170409","43.9316","-69.8564","7.6","2021-09-22",,,"0.00",",,7,0700","0.0",",,7,0700",,
"USC00170409","43.9316","-69.8564","7.6","2021-09-23",,,"0.00",",,7,0700","0.0",",,7,0700",,
"USC00170409","43.9316","-69.8564","7.6","2021-09-24",,,"0.02",",,7,0700","0.0",",,7,0700",,
"USC00170409","43.9316","-69.8564","7.6","2021-09-25",,,"0.04",",,7,0700","0.0",",,7,0700",,
"USC00170409","43.9316","-69.8564","7.6","2021-09-26",,,"5.07",",,7,0700","0.0",",,7,0700",,
"USC00170409","43.9316","-69.8564","7.6","2021-09-27",,,"0.47",",,7,0700","0.0",",,7,0700",,
"USC00170409","43.9316","-69.8564","7.6","2021-09-28",,,"0.01",",,7,0700","0.0",",,7,0700",,
"USC00170409","43.9316","-69.8564","7.6","2021-09-29",,,"0.00",",,7,0700","0.0",",,7,0700",,
"USC00170409","43.9316","-69.8564","7.6","2021-09-30",,,"0.00","T,,7,0700","0.0",",,7,0700",,
"USC00170409","43.9316","-69.8564","7.6","2021-10-01",,,"0.12",",,7,0700","0.0",",,7,0700",,
"USC00170409","43.9316","-69.8564","7.6","2021-10-02",,,"0.00",",,7,0700","0.0",",,7,0700",,
"USC00170409","43.9316","-69.8564","7.6","2021-10-03",,,"0.01",",,7,0700","0.0",",,7,0700",,
"USC00170409","43.9316","-69.8564","7.6","2021-10-04",,,"0.18",",,7,0700","0.0",",,7,0700",,
"USC00170409","43.9316","-69.8564","7.6","2021-10-05",,,"0.00",",,7,0700","0.0",",,7,0700",,
"USC00170409","43.9316","-69.8564","7.6","2021-10-06",,,"0.00",",,7,0700","0.0",",,7,0700",,
"USC00170409","43.9316","-69.8564","7.6","2021-10-07",,,"0.00",",,7,0700","0.0",",,7,0700",,
"USC00170409","43.9316","-69.8564","7.6","2021-10-08",,,"0.00",",,7,0700","0.0",",,7,0700",,
"USC00170409","43.9316","-69.8564","7.6","2021-10-09",,,"0.00",",,7,0700","0.0",",,7,0700",,
"USC00170409","43.9316","-69.8564","7.6","2021-10-10",,,"0.00",",,7,0700","0.0",",,7,0700",,
"USC00170409","43.9316","-69.8564","7.6","2021-10-11",,,"0.00",",,7,0700","0.0",",,7,0700",,
"USC00170409","43.9316","-69.8564","7.6","2021-10-12",,,"0.00",",,7,0700","0.0",",,7,0700",,
"USC00170409","43.9316","-69.8564","7.6","2021-10-13",,,"0.00",",,7,0700","0.0",",,7,0700",,
"USC00170409","43.9316","-69.8564","7.6","2021-10-14",,,"0.00",",,7,0700","0.0",",,7,0700",,
"USC00170409","43.9316","-69.8564","7.6","2021-10-15",,,"0.00",",,7,0700","0.0",",,7,0700",,
"USC00170409","43.9316","-69.8564","7.6","2021-10-16",,,"0.89",",,7,0700","0.0",",,7,0700",,
"USC00170409","43.9316","-69.8564","7.6","2021-10-17",,,"0.43",",,7,0700","0.0",",,7,0700",,
"USC00170409","43.9316","-69.8564","7.6","2021-10-18",,,"0.03",",,7,0700","0.0",",,7,0700",,
"USC00170409","43.9316","-69.8564","7.6","2021-10-19",,,"0.00","T,,7,0700","0.0",",,7,0700",,
"USC00170409","43.9316","-69.8564","7.6","2021-10-20",,,"0.00",",,7,0700","0.0",",,7,0700",,
"USC00170409","43.9316","-69.8564","7.6","2021-10-21",,,"0.00",",,7,0700","0.0",",,7,0700",,
"USC00170409","43.9316","-69.8564","7.6","2021-10-22",,,"0.03",",,7,0700","0.0",",,7,0700",,
"USC00170409","43.9316","-69.8564","7.6","2021-10-23",,,"0.00",",,7,0700","0.0",",,7,0700",,
"USC00170409","43.9316","-69.8564","7.6","2021-10-24",,,"0.00",",,7,0700","0.0",",,7,0700",,
"USC00170409","43.9316","-69.8564","7.6","2021-10-25",,,"0.00","T,,7,0700","0.0",",,7,0700",,
"USC00170409","43.9316","-69.8564","7.6","2021-10-26",,,"0.31",",,7,0700","0.0",",,7,0700",,
"USC00170409","43.9316","-69.8564","7.6","2021-10-27",,,"0.42",",,7,0700","0.0",",,7,0700",,
"USC00170409","43.9316","-69.8564","7.6","2021-10-28",,,"0.09",",,7,0700","0.0",",,7,0700",,
"USC00170409","43.9316","-69.8564","7.6","2021-10-29",,,"0.00",",,7,0700","0.0",",,7,0700",,
"USC00170409","43.9316","-69.8564","7.6","2021-10-30",,,"0.01",",,7,0700","0.0",",,7,0700",,
"USC00170409","43.9316","-69.8564","7.6","2021-10-31",,,"3.43",",,7,0700","0.0",",,7,0700",,
"USC00170409","43.9316","-69.8564","7.6","2021-11-02",,,"0.00",",,N,0700","0.0",",,N,0700",,
"USC00170409","43.9316","-69.8564","7.6","2021-11-03",,,"0.00",",,N,0700","0.0",",,N,0700",,
"USC00170409","43.9316","-69.8564","7.6","2021-11-04",,,"0.00","T,,N,0700","0.0",",,N,0700",,
"USC00170409","43.9316","-69.8564","7.6","2021-11-05",,,"0.00",",,N,0700","0.0",",,N,0700",,
"USC00170409","43.9316","-69.8564","7.6","2021-11-06",,,"0.00",",,N,0700","0.0",",,N,0700",,
"USC00170409","43.9316","-69.8564","7.6","2021-11-07",,,"0.00",",,N,0700","0.0",",,N,0700",,
"USC00170409","43.9316","-69.8564","7.6","2021-11-08",,,"0.00",",,N,0700","0.0",",,N,0700",,
"USC00170409","43.9316","-69.8564","7.6","2021-11-09",,,"0.00",",,N,0700","0.0",",,N,0700",,
"USC00170409","43.9316","-69.8564","7.6","2021-11-10",,,"0.08",",,N,0700","0.0",",,N,0700",,
"USC00170409","43.9316","-69.8564","7.6","2021-11-11",,,"0.18",",,N,0700","0.0",",,N,0700",,
"USC00170409","43.9316","-69.8564","7.6","2021-11-12",,,"0.00",",,N,0700","0.0",",,N,0700",,
"USC00170409","43.9316","-69.8564","7.6","2021-11-13",,,"1.05",",,N,0700","0.0",",,N,0700",,
"USC00170409","43.9316","-69.8564","7.6","2021-11-14",,,"0.25",",,N,0700","0.0",",,N,0700",,
"USC00170409","43.9316","-69.8564","7.6","2021-11-15",,,"0.29",",,N,0700","0.0",",,N,0700",,
"USC00170409","43.9316","-69.8564","7.6","2021-11-16",,,"0.01",",,N,0700","0.0",",,N,0700",,
"USC00170409","43.9316","-69.8564","7.6","2021-11-17",,,"0.00",",,N,0700","0.0",",,N,0700",,
"USC00170409","43.9316","-69.8564","7.6","2021-11-18",,,"0.09",",,N,0700","0.0",",,N,0700",,
"USC00170409","43.9316","-69.8564","7.6","2021-11-19",,,"0.32",",,N,0700","0.0",",,N,0700",,
"USC00170409","43.9316","-69.8564","7.6","2021-11-20",,,"0.00",",,N,0700","0.0",",,N,0700",,
"USC00170409","43.9316","-69.8564","7.6","2021-11-21",,,"0.00",",,N,0700","0.0",",,N,0700",,
"USC00170409","43.9316","-69.8564","7.6","2021-11-22",,,"0.66",",,N,0700","0.0",",,N,0700",,
"USC00170409","43.9316","-69.8564","7.6","2021-11-23",,,"0.22",",,N,0700","0.0",",,N,0700",,
"USC00170409","43.9316","-69.8564","7.6","2021-11-24",,,"0.00",",,N,0700","0.0",",,N,0700",,
"USC00170409","43.9316","-69.8564","7.6","2021-11-25",,,"0.00",",,N,0700","0.0",",,N,0700",,
"USC00170409","43.9316","-69.8564","7.6","2021-11-26",,,"0.00",",,N,0700","0.0",",,N,0700",,
"USC00170409","43.9316","-69.8564","7.6","2021-11-27",,,"0.52",",,N,0700","1.0",",,N,0700",,
"USC00170409","43.9316","-69.8564","7.6","2021-11-28",,,"0.00",",,N,0700","0.0",",,N,0700",,
"USC00168448","32.4513","-93.8416","83.5","2021-08-01",,,"0.71",",,7,2400","0.0",",,7,2400",,
"USC00168448","32.4513","-93.8416","83.5","2021-08-02",,,"0.32",",,7,2400","0.0",",,7,2400",,
"USC00168448","32.4513","-93.8416","83.5","2021-08-03",,,"0.01",",,7,2400","0.0",",,7,2400",,
"USC00168448","32.4513","-93.8416","83.5","2021-08-04",,,"0.00",",,7,2400","0.0",",,7,2400",,
"USC00168448","32.4513","-93.8416","83.5","2021-08-05",,,"0.00",",,7,2400","0.0",",,7,2400",,
"USC00168448","32.4513","-93.8416","83.5","2021-08-06",,,"0.00",",,7,2400","0.0",",,7,2400",,
"USC00168448","32.4513","-93.8416","83.5","2021-08-07",,,"0.00",",,7,2400","0.0",",,7,2400",,
"USC00168448","32.4513","-93.8416","83.5","2021-08-08",,,"0.00",",,7,2400","0.0",",,7,2400",,
"USC00168448","32.4513","-93.8416","83.5","2021-08-09",,,"0.00",",,7,2400","0.0",",,7,2400",,
"USC00168448","32.4513","-93.8416","83.5","2021-08-10",,,"0.00",",,7,2400","0.0",",,7,2400",,
"USC00168448","32.4513","-93.8416","83.5","2021-08-11",,,"0.00",",,7,2400","0.0",",,7,2400",,
"USC00168448","32.4513","-93.8416","83.5","2021-08-12",,,"0.00",",,7,2400","0.0",",,7,2400",,
"USC00168448","32.4513","-93.8416","83.5","2021-08-13",,,"0.00",",,7,2400","0.0",",,7,2400",,
"USC00168448","32.4513","-93.8416","83.5","2021-08-14",,,"0.00",",,7,2400","0.0",",,7,2400",,
"USC00168448","32.4513","-93.8416","83.5","2021-08-15",,,"1.18",",,7,2400","0.0",",,7,2400",,
"USC00168448","32.4513","-93.8416","83.5","2021-08-16",,,"0.00",",,7,2400","0.0",",,7,2400",,
"USC00168448","32.4513","-93.8416","83.5","2021-08-17",,,"0.05",",,7,2400","0.0",",,7,2400",,
"USC00168448","32.4513","-93.8416","83.5","2021-08-18",,,"0.52",",,7,2400","0.0",",,7,2400",,
"USC00168448","32.4513","-93.8416","83.5","2021-08-19",,,"0.02",",,7,2400","0.0",",,7,2400",,
"USC00168448","32.4513","-93.8416","83.5","2021-08-20",,,"0.00",",,7,2400","0.0",",,7,2400",,
"USC00168448","32.4513","-93.8416","83.5","2021-08-21",,,"0.00",",,7,2400","0.0",",,7,2400",,
"USC00168448","32.4513","-93.8416","83.5","2021-08-22",,,"0.00",",,7,2400","0.0",",,7,2400",,
"USC00168448","32.4513","-93.8416","83.5","2021-08-23",,,"0.00",",,7,2400","0.0",",,7,2400",,
"USC00168448","32.4513","-93.8416","83.5","2021-08-24",,,"0.00",",,7,2400","0.0",",,7,2400",,
"USC00168448","32.4513","-93.8416","83.5","2021-08-25",,,"0.09",",,7,2400","0.0",",,7,2400",,
"USC00168448","32.4513","-93.8416","83.5","2021-08-26",,,"0.00",",,7,2400","0.0",",,7,2400",,
"USC00168448","32.4513","-93.8416","83.5","2021-08-27",,,"0.00",",,7,2400","0.0",",,7,2400",,
"USC00168448","32.4513","-93.8416","83.5","2021-08-28",,,"0.21",",,7,2400","0.0",",,7,2400",,
"USC00168448","32.4513","-93.8416","83.5","2021-08-29",,,"0.03",",,7,2400","0.0",",,7,2400",,
"USC00168448","32.4513","-93.8416","83.5","2021-08-30",,,"0.00","T,,7,2400","0.0",",,7,2400",,
"USC00168448","32.4513","-93.8416","83.5","2021-08-31",,,"0.00",",,7,2400","0.0",",,7,2400",,
"USC00168448","32.4513","-93.8416","83.5","2021-09-01",,,"0.00",",,7,2400","0.0",",,7,2400",,
"USC00168448","32.4513","-93.8416","83.5","2021-09-02",,,"0.03",",,7,2400","0.0",",,7,2400",,
"USC00168448","32.4513","-93.8416","83.5","2021-09-03",,,"0.02",",,7,2400","0.0",",,7,2400",,
"USC00168448","32.4513","-93.8416","83.5","2021-09-04",,,"0.00",",,7,2400","0.0",",,7,2400",,
"USC00168448","32.4513","-93.8416","83.5","2021-09-05",,,"0.06",",,7,2400","0.0",",,7,2400",,
"USC00168448","32.4513","-93.8416","83.5","2021-09-06",,,"0.00",",,7,2400","0.0",",,7,2400",,
"USC00168448","32.4513","-93.8416","83.5","2021-09-07",,,"0.00",",,7,2400","0.0",",,7,2400",,
"USC00168448","32.4513","-93.8416","83.5","2021-09-08",,,"0.00",",,7,2400","0.0",",,7,2400",,
"USC00168448","32.4513","-93.8416","83.5","2021-09-09",,,"0.00",",,7,2400","0.0",",,7,2400",,
"USC00168448","32.4513","-93.8416","83.5","2021-09-10",,,"0.00",",,7,2400","0.0",",,7,2400",,
"USC00168448","32.4513","-93.8416","83.5","2021-09-11",,,"0.00",",,7,2400","0.0",",,7,2400",,
"USC00168448","32.4513","-93.8416","83.5","2021-09-12",,,"0.00",",,7,2400","0.0",",,7,2400",,
"USC00168448","32.4513","-93.8416","83.5","2021-09-13",,,"0.01",",,7,2400","0.0",",,7,2400",,
"USC00168448","32.4513","-93.8416","83.5","2021-09-14",,,"0.03",",,7,2400","0.0",",,7,2400",,
"USC00168448","32.4513","-93.8416","83.5","2021-09-15",,,"0.00",",,7,2400","0.0",",,7,2400",,
"USC00168448","32.4513","-93.8416","83.5","2021-09-16",,,"0.00",",,7,2400","0.0",",,7,2400",,
"USC00168448","32.4513","-93.8416","83.5","2021-09-17",,,"0.12",",,7,2400","0.0",",,7,2400",,
"USC00168448","32.4513","-93.8416","83.5","2021-09-18",,,"0.32",",,7,2400","0.0",",,7,2400",,
"USC00168448","32.4513","-93.8416","83.5","2021-09-19",,,"0.09",",,7,2400","0.0",",,7,2400",,
"USC00168448","32.4513","-93.8416","83.5","2021-09-20",,,"0.00",",,7,2400","0.0",",,7,2400",,
"USC00168448","32.4513","-93.8416","83.5","2021-09-21",,,"0.04",",,7,2400","0.0",",,7,2400",,
"USC00168448","32.4513","-93.8416","83.5","2021-09-22",,,"0.00",",,7,2400","0.0",",,7,2400",,
"USC00168448","32.4513","-93.8416","83.5","2021-09-23",,,"0.00",",,7,2400","0.0",",,7,2400",,
"USC00168448","32.4513","-93.8416","83.5","2021-09-24",,,"0.00",",,7,2400","0.0",",,7,2400",,
"USC00168448","32.4513","-93.8416","83.5","2021-09-25",,,"0.00",",,7,2400","0.0",",,7,2400",,
"USC00168448","32.4513","-93.8416","83.5","2021-09-26",,,"0.00",",,7,2400","0.0",",,7,2400",,
"USC00168448","32.4513","-93.8416","83.5","2021-09-27",,,"0.00",",,7,2400","0.0",",,7,2400",,
"USC00168448","32.4513","-93.8416","83.5","2021-09-28",,,"0.21",",,7,2400","0.0",",,7,2400",,
"USC00168448","32.4513","-93.8416","83.5","2021-09-29",,,"0.01",",,7,2400","0.0",",,7,2400",,
"USC00168448","32.4513","-93.8416","83.5","2021-09-30",,,"0.00","T,,7,2400","0.0",",,7,2400",,
"USC00168448","32.4513","-93.8416","83.5","2021-10-01",,,"0.83",",,7,2400","0.0",",,7,2400",,
"USC00168448","32.4513","-93.8416","83.5","2021-10-02",,,"0.38",",,7,2400","0.0",",,7,2400",,
"USC00168448","32.4513","-93.8416","83.5","2021-10-03",,,"0.03",",,7,2400","0.0",",,7,2400",,
"USC00168448","32.4513","-93.8416","83.5","2021-10-04",,,"0.00",",,7,2400","0.0",",,7,2400",,
"USC00168448","32.4513","-93.8416","83.5","2021-10-05",,,"0.00",",,7,2400","0.0",",,7,2400",,
"USC00168448","32.4513","-93.8416","83.5","2021-10-06",,,"0.00",",,7,2400","0.0",",,7,2400",,
"USC00168448","32.4513","-93.8416","83.5","2021-10-07",,,"0.00",",,7,2400","0.0",",,7,2400",,
"USC00168448","32.4513","-93.8416","83.5","2021-10-08",,,"0.00",",,7,2400","0.0",",,7,2400",,
"USC00168448","32.4513","-93.8416","83.5","2021-10-09",,,"0.00",",,7,2400","0.0",",,7,2400",,
"USC00168448","32.4513","-93.8416","83.5","2021-10-10",,,"0.00",",,7,2400","0.0",",,7,2400",,
"USC00168448","32.4513","-93.8416","83.5","2021-10-11",,,"0.01",",,7,2400","0.0",",,7,2400",,
"USC00168448","32.4513","-93.8416","83.5","2021-10-12",,,"0.02",",,7,2400","0.0",",,7,2400",,
"USC00168448","32.4513","-93.8416","83.5","2021-10-13",,,"0.00",",,7,2400","0.0",",,7,2400",,
"USC00168448","32.4513","-93.8416","83.5","2021-10-14",,,"0.05",",,7,2400","0.0",",,7,2400",,
"USC00168448","32.4513","-93.8416","83.5","2021-10-15",,,"0.00","T,,7,2400","0.0",",,7,2400",,
"USC00168448","32.4513","-93.8416","83.5","2021-10-16",,,"0.00",",,7,2400","0.0",",,7,2400",,
"USC00168448","32.4513","-93.8416","83.5","2021-10-17",,,"0.00",",,7,2400","0.0",",,7,2400",,
"USC00168448","32.4513","-93.8416","83.5","2021-10-18",,,"0.00",",,7,2400","0.0",",,7,2400",,
"USC00168448","32.4513","-93.8416","83.5","2021-10-19",,,"0.00",",,7,2400","0.0",",,7,2400",,
"USC00168448","32.4513","-93.8416","83.5","2021-10-20",,,"0.00",",,7,2400","0.0",",,7,2400",,
"USC00168448","32.4513","-93.8416","83.5","2021-10-21",,,"0.00",",,7,2400","0.0",",,7,2400",,
"USC00168448","32.4513","-93.8416","83.5","2021-10-22",,,"0.00",",,7,2400","0.0",",,7,2400",,
"USC00168448","32.4513","-93.8416","83.5","2021-10-23",,,"0.00",",,7,2400","0.0",",,7,2400",,
"USC00168448","32.4513","-93.8416","83.5","2021-10-24",,,"0.00",",,7,2400","0.0",",,7,2400",,
"USC00168448","32.4513","-93.8416","83.5","2021-10-25",,,"0.00",",,7,2400","0.0",",,7,2400",,
"USC00168448","32.4513","-93.8416","83.5","2021-10-26",,,"0.00",",,7,2400","0.0",",,7,2400",,
"USC00168448","32.4513","-93.8416","83.5","2021-10-27",,,"0.99",",,7,2400","0.0",",,7,2400",,
"USC00168448","32.4513","-93.8416","83.5","2021-10-28",,,"0.00",",,7,2400","0.0",",,7,2400",,
"USC00168448","32.4513","-93.8416","83.5","2021-10-29",,,"0.00",",,7,2400","0.0",",,7,2400",,
"USC00168448","32.4513","-93.8416","83.5","2021-10-30",,,"0.00",",,7,2400","0.0",",,7,2400",,
"USC00168448","32.4513","-93.8416","83.5","2021-10-31",,,"0.00",",,7,2400","0.0",",,7,2400",,
"USC00168448","32.4513","-93.8416","83.5","2021-11-01",,,"0.00",",,H,2400","0.0",",,H,2400",,
"USC00168448","32.4513","-93.8416","83.5","2021-11-02",,,"0.00",",,H,2400","0.0",",,H,2400",,
"USC00168448","32.4513","-93.8416","83.5","2021-11-03",,,"0.15",",,H,2400","0.0",",,H,2400",,
"USC00168448","32.4513","-93.8416","83.5","2021-11-04",,,"0.00",",,H,2400","0.0",",,H,2400",,
"USC00168448","32.4513","-93.8416","83.5","2021-11-05",,,"0.00",",,H,2400","0.0",",,H,2400",,
"USC00168448","32.4513","-93.8416","83.5","2021-11-06",,,"0.00",",,H,2400","0.0",",,H,2400",,
"USC00168448","32.4513","-93.8416","83.5","2021-11-07",,,"0.00",",,H,2400","0.0",",,H,2400",,
"USC00168448","32.4513","-93.8416","83.5","2021-11-08",,,"0.00",",,H,2400","0.0",",,H,2400",,
"USC00168448","32.4513","-93.8416","83.5","2021-11-09",,,"0.00",",,H,2400","0.0",",,H,2400",,
"USC00168448","32.4513","-93.8416","83.5","2021-11-10",,,"0.00",",,H,2400","0.0",",,H,2400",,
"USC00168448","32.4513","-93.8416","83.5","2021-11-11",,,"0.54",",,H,2400","0.0",",,H,2400",,
"USC00168448","32.4513","-93.8416","83.5","2021-11-12",,,"0.00",",,H,2400","0.0",",,H,2400",,
"USC00168448","32.4513","-93.8416","83.5","2021-11-13",,,"0.00",",,H,2400","0.0",",,H,2400",,
"USC00168448","32.4513","-93.8416","83.5","2021-11-14",,,"0.00",",,H,2400","0.0",",,H,2400",,
"USC00168448","32.4513","-93.8416","83.5","2021-11-15",,,"0.00",",,H,2400","0.0",",,H,2400",,
"USC00168448","32.4513","-93.8416","83.5","2021-11-16",,,"0.00",",,H,2400","0.0",",,H,2400",,
"USC00168448","32.4513","-93.8416","83.5","2021-11-17",,,"0.00",",,H,2400","0.0",",,H,2400",,
"USC00168448","32.4513","-93.8416","83.5","2021-11-18",,,"0.00",",,H,2400","0.0",",,H,2400",,
"USC00168448","32.4513","-93.8416","83.5","2021-11-19",,,"0.00",",,H,2400","0.0",",,H,2400",,
"USC00168448","32.4513","-93.8416","83.5","2021-11-20",,,"0.00",",,H,2400","0.0",",,H,2400",,
"USC00168448","32.4513","-93.8416","83.5","2021-11-21",,,"0.50",",,H,2400","0.0",",,H,2400",,
"USC00168448","32.4513","-93.8416","83.5","2021-11-22",,,"0.00",",,H,2400","0.0",",,H,2400",,
"USC00168448","32.4513","-93.8416","83.5","2021-11-23",,,"0.00",",,H,2400","0.0",",,H,2400",,
"USC00168448","32.4513","-93.8416","83.5","2021-11-24",,,"0.00",",,H,2400","0.0",",,H,2400",,
"USC00168448","32.4513","-93.8416","83.5","2021-11-25",,,"0.82",",,H,2400","0.0",",,H,2400",,
"USC00168448","32.4513","-93.8416","83.5","2021-11-26",,,"0.00",",,H,2400","0.0",",,H,2400",,
"USC00168448","32.4513","-93.8416","83.5","2021-11-27",,,"0.06",",,H,2400","0.0",",,H,2400",,
"USC00168448","32.4513","-93.8416","83.5","2021-11-28",,,"0.06",",,H,2400","0.0",",,H,2400",,
"US1MEFR0004","44.665824","-70.027181","119.5","2021-08-01",,,"0.00",",,N","0.0",",,N",,
"US1MEFR0004","44.665824","-70.027181","119.5","2021-08-02",,,"0.19",",,N",,,,
"US1MEFR0004","44.665824","-70.027181","119.5","2021-08-03",,,"0.08",",,N",,,,
"US1MEFR0004","44.665824","-70.027181","119.5","2021-08-04",,,"0.00",",,N","0.0",",,N",,
"US1MEFR0004","44.665824","-70.027181","119.5","2021-08-05",,,"0.00",",,N","0.0",",,N",,
"US1MEFR0004","44.665824","-70.027181","119.5","2021-08-06",,,"0.09",",,N",,,,
"US1MEFR0004","44.665824","-70.027181","119.5","2021-08-07",,,"0.00",",,N","0.0",",,N",,
"US1MEFR0004","44.665824","-70.027181","119.5","2021-08-08",,,"0.00","T,,N",,,,
"US1MEFR0004","44.665824","-70.027181","119.5","2021-08-09",,,"0.00",",,N","0.0",",,N",,
"US1MEFR0004","44.665824","-70.027181","119.5","2021-08-10",,,"0.00",",,N","0.0",",,N",,
"US1MEFR0004","44.665824","-70.027181","119.5","2021-08-11",,,"0.00",",,N","0.0",",,N",,
"US1MEFR0004","44.665824","-70.027181","119.5","2021-08-12",,,"0.00",",,N","0.0",",,N",,
"US1MEFR0004","44.665824","-70.027181","119.5","2021-08-13",,,"0.00",",,N","0.0",",,N",,
"US1MEFR0004","44.665824","-70.027181","119.5","2021-08-14",,,"0.00",",,N","0.0",",,N",,
"US1MEFR0004","44.665824","-70.027181","119.5","2021-08-15",,,"0.71",",,N",,,,
"US1MEFR0004","44.665824","-70.027181","119.5","2021-08-16",,,"0.00",",,N","0.0",",,N",,
"US1MEFR0004","44.665824","-70.027181","119.5","2021-08-17",,,"0.00",",,N","0.0",",,N",,
"US1MEFR0004","44.665824","-70.027181","119.5","2021-08-18",,,"0.00","T,,N",,,,
"US1MEFR0004","44.665824","-70.027181","119.5","2021-08-19",,,"0.19",",,N",,,,
"US1MEFR0004","44.665824","-70.027181","119.5","2021-08-20",,,"0.34",",,N",,,,
"US1MEFR0004","44.665824","-70.027181","119.5","2021-08-21",,,"0.00",",,N","0.0",",,N",,
"US1MEFR0004","44.665824","-70.027181","119.5","2021-08-22",,,"0.01",",,N",,,,
"US1MEFR0004","44.665824","-70.027181","119.5","2021-08-23",,,"0.36",",,N",,,,
"US1MEFR0004","44.665824","-70.027181","119.5","2021-08-24",,,"0.08",",,N",,,,
"US1MEFR0004","44.665824","-70.027181","119.5","2021-08-25",,,"0.00",",,N","0.0",",,N",,
"US1MEFR0004","44.665824","-70.027181","119.5","2021-08-26",,,"0.00",",,N","0.0",",,N",,
"US1MEFR0004","44.665824","-70.027181","119.5","2021-08-27",,,"0.00",",,N","0.0",",,N",,
"US1MEFR0004","44.665824","-70.027181","119.5","2021-08-28",,,"0.00",",,N","0.0",",,N",,
"US1MEFR0004","44.665824","-70.027181","119.5","2021-08-29",,,"0.19",",,N",,,,
"US1MEFR0004","44.665824","-70.027181","119.5","2021-08-30",,,"0.03",",,N",,,,
"US1MEFR0004","44.665824","-70.027181","119.5","2021-08-31",,,"0.80",",,N",,,,
"US1MEFR0004","44.665824","-70.027181","119.5","2021-09-01",,,"0.00",",,N","0.0",",,N",,
"US1MEFR0004","44.665824","-70.027181","119.5","2021-09-02",,,"0.74",",,N",,,,
"US1MEFR0004","44.665824","-70.027181","119.5","2021-09-03",,,"0.03",",,N",,,,
"US1MEFR0004","44.665824","-70.027181","119.5","2021-09-04",,,"0.04",",,N",,,,
"US1MEFR0004","44.665824","-70.027181","119.5","2021-09-05",,,"0.00",",,N","0.0",",,N",,
"US1MEFR0004","44.665824","-70.027181","119.5","2021-09-06",,,"0.19",",,N",,,,
"US1MEFR0004","44.665824","-70.027181","119.5","2021-09-07",,,"0.67",",,N",,,,
"US1MEFR0004","44.665824","-70.027181","119.5","2021-09-08",,,"0.00",",,N","0.0",",,N",,
"US1MEFR0004","44.665824","-70.027181","119.5","2021-09-09",,,"0.25",",,N",,,,
"US1MEFR0004","44.665824","-70.027181","119.5","2021-09-10",,,"1.25",",,N",,,,
"US1MEFR0004","44.665824","-70.027181","119.5","2021-09-11",,,"0.00",",,N","0.0",",,N",,
"US1MEFR0004","44.665824","-70.027181","119.5","2021-09-12",,,"0.00",",,N","0.0",",,N",,
"US1MEFR0004","44.665824","-70.027181","119.5","2021-09-13",,,"0.00","T,,N",,,,
"US1MEFR0004","44.665824","-70.027181","119.5","2021-09-14",,,"0.00",",,N","0.0",",,N",,
"US1MEFR0004","44.665824","-70.027181","119.5","2021-09-15",,,"0.00",",,N","0.0",",,N",,
"US1MEFR0004","44.665824","-70.027181","119.5","2021-09-16",,,"0.97",",,N",,,,
"US1MEFR0004","44.665824","-70.027181","119.5","2021-09-17",,,"0.00",",,N","0.0",",,N",,
"US1MEFR0004","44.665824","-70.027181","119.5","2021-09-18",,,"0.00",",,N","0.0",",,N",,
"US1MEFR0004","44.665824","-70.027181","119.5","2021-09-19",,,"0.00",",,N","0.0",",,N",,
"US1MEFR0004","44.665824","-70.027181","119.5","2021-09-20",,,"0.00",",,N","0.0",",,N",,
"US1MEFR0004","44.665824","-70.027181","119.5","2021-09-21",,,"0.00",",,N","0.0",",,N",,
"US1MEFR0004","44.665824","-70.027181","119.5","2021-09-22",,,"0.00",",,N","0.0",",,N",,
"US1MEFR0004","44.665824","-70.027181","119.5","2021-09-23",,,"0.00","T,,N",,,,
"US1MEFR0004","44.665824","-70.027181","119.5","2021-09-24",,,"0.00",",,N","0.0",",,N",,
"US1MEFR0004","44.665824","-70.027181","119.5","2021-09-25",,,"0.42",",,N",,,,
"US1MEFR0004","44.665824","-70.027181","119.5","2021-09-26",,,"0.24",",,N",,,,
"US1MEFR0004","44.665824","-70.027181","119.5","2021-09-27",,,"0.15",",,N",,,,
"US1MEFR0004","44.665824","-70.027181","119.5","2021-09-28",,,"0.00",",,N","0.0",",,N",,
"US1MEFR0004","44.665824","-70.027181","119.5","2021-09-29",,,"0.00",",,N","0.0",",,N",,
"US1MEFR0004","44.665824","-70.027181","119.5","2021-09-30",,,"0.17",",,N",,,,
"US1MEFR0004","44.665824","-70.027181","119.5","2021-10-01",,,"0.01",",,N",,,,
"US1MEFR0004","44.665824","-70.027181","119.5","2021-10-02",,,"0.00",",,N","0.0",",,N",,
"US1MEFR0004","44.665824","-70.027181","119.5","2021-10-03",,,"0.02",",,N",,,,
"US1MEFR0004","44.665824","-70.027181","119.5","2021-10-04",,,"0.00",",,N","0.0",",,N",,
"US1MEFR0004","44.665824","-70.027181","119.5","2021-10-05",,,"0.00",",,N","0.0",",,N",,
"US1MEFR0004","44.665824","-70.027181","119.5","2021-10-06",,,"0.00",",,N","0.0",",,N",,
"US1MEFR0004","44.665824","-70.027181","119.5","2021-10-07",,,"0.00",",,N","0.0",",,N",,
"US1MEFR0004","44.665824","-70.027181","119.5","2021-10-08",,,"0.00",",,N","0.0",",,N",,
"US1MEFR0004","44.665824","-70.027181","119.5","2021-10-09",,,"0.00",",,N","0.0",",,N",,
"US1MEFR0004","44.665824","-70.027181","119.5","2021-10-10",,,"0.00",",,N","0.0",",,N",,
"US1MEFR0004","44.665824","-70.027181","119.5","2021-10-11",,,"0.00",",,N","0.0",",,N",,
"US1MEFR0004","44.665824","-70.027181","119.5","2021-10-12",,,"0.00",",,N","0.0",",,N",,
"US1MEFR0004","44.665824","-70.027181","119.5","2021-10-13",,,"0.00",",,N","0.0",",,N",,
"US1MEFR0004","44.665824","-70.027181","119.5","2021-10-14",,,"0.00",",,N","0.0",",,N",,
"US1MEFR0004","44.665824","-70.027181","119.5","2021-10-15",,,"0.00",",,N","0.0",",,N",,
"US1MEFR0004","44.665824","-70.027181","119.5","2021-10-16",,,"0.21",",,N",,,,
"US1MEFR0004","44.665824","-70.027181","119.5","2021-10-17",,,"0.70",",,N",,,,
"US1MEFR0004","44.665824","-70.027181","119.5","2021-10-18",,,"0.00",",,N","0.0",",,N",,
"US1MEFR0004","44.665824","-70.027181","119.5","2021-10-19",,,"0.00",",,N","0.0",",,N",,
"US1MEFR0004","44.665824","-70.027181","119.5","2021-10-20",,,"0.00",",,N","0.0",",,N",,
"US1MEFR0004","44.665824","-70.027181","119.5","2021-10-21",,,"0.00",",,N","0.0",",,N",,
"US1MEFR0004","44.665824","-70.027181","119.5","2021-10-22",,,"0.11",",,N",,,,
"US1MEFR0004","44.665824","-70.027181","119.5","2021-10-23",,,"0.09",",,N",,,,
"US1MEFR0004","44.665824","-70.027181","119.5","2021-10-24",,,"0.00",",,N","0.0",",,N",,
"US1MEFR0004","44.665824","-70.027181","119.5","2021-10-25",,,"0.00",",,N","0.0",",,N",,
"US1MEFR0004","44.665824","-70.027181","119.5","2021-10-26",,,"0.13",",,N",,,,
"US1MEFR0004","44.665824","-70.027181","119.5","2021-10-27",,,"0.44",",,N",,,,
"US1MEFR0004","44.665824","-70.027181","119.5","2021-10-28",,,"0.00",",,N","0.0",",,N",,
"US1MEFR0004","44.665824","-70.027181","119.5","2021-10-29",,,"0.00",",,N","0.0",",,N",,
"US1MEFR0004","44.665824","-70.027181","119.5","2021-10-30",,,"0.00","T,,N",,,,
"US1MEFR0004","44.665824","-70.027181","119.5","2021-10-31",,,"2.09",",,N",,,,
"US1MEFR0004","44.665824","-70.027181","119.5","2021-11-01",,,"0.23",",,N",,,,
"US1MEFR0004","44.665824","-70.027181","119.5","2021-11-02",,,"0.00",",,N","0.0",",,N",,
"US1MEFR0004","44.665824","-70.027181","119.5","2021-11-03",,,"0.00","T,,N","0.0",",,N",,
"US1MEFR0004","44.665824","-70.027181","119.5","2021-11-04",,,"0.00",",,N","0.0",",,N",,
"US1MEFR0004","44.665824","-70.027181","119.5","2021-11-05",,,"0.00","T,,N","0.0","T,,N",,
"US1MEFR0004","44.665824","-70.027181","119.5","2021-11-06",,,"0.00",",,N","0.0",",,N",,
"US1MEFR0004","44.665824","-70.027181","119.5","2021-11-07",,,"0.00",",,N","0.0",",,N",,
"US1MEFR0004","44.665824","-70.027181","119.5","2021-11-08",,,"0.00",",,N","0.0",",,N",,
"US1MEFR0004","44.665824","-70.027181","119.5","2021-11-09",,,"0.00",",,N","0.0",",,N",,
"US1MEFR0004","44.665824","-70.027181","119.5","2021-11-10",,,"0.04",",,N","0.0",",,N",,
"US1MEFR0004","44.665824","-70.027181","119.5","2021-11-11",,,"0.02",",,N","0.0",",,N",,
"US1MEFR0004","44.665824","-70.027181","119.5","2021-11-12",,,"0.00",",,N","0.0",",,N",,
"US1MEFR0004","44.665824","-70.027181","119.5","2021-11-13",,,"1.63",",,N",,,,
"US1MEFR0004","44.665824","-70.027181","119.5","2021-11-14",,,"0.12",",,N","0.0",",,N",,
"US1MEFR0004","44.665824","-70.027181","119.5","2021-11-15",,,"0.18",",,N","0.0","T,,N",,
"US1MEFR0004","44.665824","-70.027181","119.5","2021-11-16",,,"0.01",",,N","0.0",",,N",,
"US1MEFR0004","44.665824","-70.027181","119.5","2021-11-17",,,"0.00",",,N","0.0",",,N",,
"US1MEFR0004","44.665824","-70.027181","119.5","2021-11-18",,,"0.18",",,N","0.0",",,N",,
"US1MEFR0004","44.665824","-70.027181","119.5","2021-11-19",,,"0.17",",,N","0.0",",,N",,
"US1MEFR0004","44.665824","-70.027181","119.5","2021-11-20",,,"0.00","T,,N","0.0","T,,N",,
"US1MEFR0004","44.665824","-70.027181","119.5","2021-11-21",,,"0.00",",,N","0.0",",,N",,
"US1MEFR0004","44.665824","-70.027181","119.5","2021-11-22",,,"0.22",",,N","0.0",",,N",,
"US1MEFR0004","44.665824","-70.027181","119.5","2021-11-23",,,"0.13",",,N","0.0",",,N",,
"US1MEFR0004","44.665824","-70.027181","119.5","2021-11-24",,,"0.00",",,N","0.0",",,N",,
"US1MEFR0004","44.665824","-70.027181","119.5","2021-11-25",,,"0.00",",,N","0.0",",,N",,
"US1MEFR0004","44.665824","-70.027181","119.5","2021-11-26",,,"0.00",",,N","0.0",",,N",,
"US1MEFR0004","44.665824","-70.027181","119.5","2021-11-27",,,"0.19",",,N","0.2",",,N",,
"US1MEFR0004","44.665824","-70.027181","119.5","2021-11-28",,,"0.03",",,N","0.0","T,,N",,
"US1LANT0003","31.7869","-93.1708","45.7","2021-08-02",,,"0.27",",,N",,,,
"US1LANT0003","31.7869","-93.1708","45.7","2021-08-03",,,"0.74",",,N",,,,
"US1LANT0003","31.7869","-93.1708","45.7","2021-08-04",,,"0.21",",,N",,,,
"US1LANT0003","31.7869","-93.1708","45.7","2021-08-13",,,"0.41",",,N",,,,
"US1LANT0003","31.7869","-93.1708","45.7","2021-08-16",,,,,,,,
"US1LANT0003","31.7869","-93.1708","45.7","2021-08-17",,,"0.20",",,N",,,,
"US1LANT0003","31.7869","-93.1708","45.7","2021-08-18",,,"0.12",",,N",,,,
"US1LANT0003","31.7869","-93.1708","45.7","2021-08-19",,,"0.24",",,N",,,,
"US1LANT0003","31.7869","-93.1708","45.7","2021-08-20",,,"0.83",",,N",,,,
"US1LANT0003","31.7869","-93.1708","45.7","2021-08-30",,,"0.18",",,N",,,,
"US1LANT0003","31.7869","-93.1708","45.7","2021-08-31",,,"0.05",",,N",,,,
"US1LANT0003","31.7869","-93.1708","45.7","2021-09-01",,,"0.03",",,N",,,,
"US1LANT0003","31.7869","-93.1708","45.7","2021-09-03",,,"0.04",",,N",,,,
"US1LANT0003","31.7869","-93.1708","45.7","2021-09-06",,,"1.13",",,N",,,,
"US1LANT0003","31.7869","-93.1708","45.7","2021-09-21",,,,,,,,
"US1LANT0003","31.7869","-93.1708","45.7","2021-09-28",,,"0.88",",,N",,,,
"US1LANT0003","31.7869","-93.1708","45.7","2021-09-29",,,"0.04",",,N",,,,
"US1LANT0003","31.7869","-93.1708","45.7","2021-09-30",,,"0.30",",,N",,,,
"US1LANT0003","31.7869","-93.1708","45.7","2021-10-02",,,"0.09",",,N",,,,
"US1LANT0003","31.7869","-93.1708","45.7","2021-10-04",,,"0.03",",,N",,,,
"US1LANT0003","31.7869","-93.1708","45.7","2021-10-11",,,"0.05",",,N",,,,
"US1LANT0003","31.7869","-93.1708","45.7","2021-10-28",,,"1.68",",,N",,,,
"US1LANT0003","31.7869","-93.1708","45.7","2021-11-04",,,"0.48",",,N",,,,
"USC00168444","32.3795","-93.8019","57.3","2021-08-01",,,"0.00",",,7,0700","0.0",",,7",,
"USC00168444","32.3795","-93.8019","57.3","2021-08-02",,,"0.15",",,7,0700","0.0",",,7",,
"USC00168444","32.3795","-93.8019","57.3","2021-08-03",,,"0.02",",,7,0700","0.0",",,7",,
"USC00168444","32.3795","-93.8019","57.3","2021-08-04",,,"0.00",",,7,0700","0.0",",,7",,
"USC00168444","32.3795","-93.8019","57.3","2021-08-05",,,"0.00",",,7,0700","0.0",",,7",,
"USC00168444","32.3795","-93.8019","57.3","2021-08-06",,,"0.00",",,7,0700","0.0",",,7",,
"USC00168444","32.3795","-93.8019","57.3","2021-08-07",,,"0.00",",,7,0700","0.0",",,7",,
"USC00168444","32.3795","-93.8019","57.3","2021-08-08",,,"0.00",",,7,0700","0.0",",,7",,
"USC00168444","32.3795","-93.8019","57.3","2021-08-09",,,"0.00",",,7,0700","0.0",",,7",,
"USC00168444","32.3795","-93.8019","57.3","2021-08-10",,,"0.00",",,7,0700","0.0",",,7",,
"USC00168444","32.3795","-93.8019","57.3","2021-08-11",,,"0.00",",,7,0700","0.0",",,7",,
"USC00168444","32.3795","-93.8019","57.3","2021-08-12",,,"0.00",",,7,0700","0.0",",,7",,
"USC00168444","32.3795","-93.8019","57.3","2021-08-13",,,"0.00",",,7,0700","0.0",",,7",,
"USC00168444","32.3795","-93.8019","57.3","2021-08-14",,,"0.00",",,7,0700","0.0",",,7",,
"USC00168444","32.3795","-93.8019","57.3","2021-08-15",,,"0.03",",,7,0700","0.0",",,7",,
"USC00168444","32.3795","-93.8019","57.3","2021-08-16",,,"0.26",",,7,0700","0.0",",,7",,
"USC00168444","32.3795","-93.8019","57.3","2021-08-17",,,"0.11",",,7,0700","0.0",",,7",,
"USC00168444","32.3795","-93.8019","57.3","2021-08-18",,,"0.42",",,7,0700","0.0",",,7",,
"USC00168444","32.3795","-93.8019","57.3","2021-08-19",,,"1.04",",,7,0700","0.0",",,7",,
"USC00168444","32.3795","-93.8019","57.3","2021-08-20",,,"0.13",",,7,0700","0.0",",,7",,
"USC00168444","32.3795","-93.8019","57.3","2021-08-21",,,"0.00",",,7,0700","0.0",",,7",,
"USC00168444","32.3795","-93.8019","57.3","2021-08-22",,,"0.00",",,7,0700","0.0",",,7",,
"USC00168444","32.3795","-93.8019","57.3","2021-08-23",,,"0.00",",,7,0700","0.0",",,7",,
"USC00168444","32.3795","-93.8019","57.3","2021-08-24",,,"0.00",",,7,0700","0.0",",,7",,
"USC00168444","32.3795","-93.8019","57.3","2021-08-25",,,"0.00",",,7,0700","0.0",",,7",,
"USC00168444","32.3795","-93.8019","57.3","2021-08-26",,,"0.00",",,7,0700","0.0",",,7",,
"USC00168444","32.3795","-93.8019","57.3","2021-08-27",,,"0.00",",,7,0700","0.0",",,7",,
"USC00168444","32.3795","-93.8019","57.3","2021-08-28",,,"0.00",",,7,0700","0.0",",,7",,
"USC00168444","32.3795","-93.8019","57.3","2021-08-29",,,"0.22",",,7,0700","0.0",",,7",,
"USC00168444","32.3795","-93.8019","57.3","2021-08-30",,,"0.31",",,7,0700","0.0",",,7",,
"USC00168444","32.3795","-93.8019","57.3","2021-08-31",,,"0.00","T,,7,0700","0.0",",,7",,
"USC00168444","32.3795","-93.8019","57.3","2021-09-01",,,"0.00","T,,7,0700","0.0",",,7",,
"USC00168444","32.3795","-93.8019","57.3","2021-09-02",,,"0.00",",,7,0700","0.0",",,7",,
"USC00168444","32.3795","-93.8019","57.3","2021-09-03",,,"0.00","T,,7,0700","0.0",",,7",,
"USC00168444","32.3795","-93.8019","57.3","2021-09-04",,,"0.00",",,7,0700","0.0",",,7",,
"USC00168444","32.3795","-93.8019","57.3","2021-09-05",,,"0.00",",,7,0700","0.0",",,7",,
"USC00168444","32.3795","-93.8019","57.3","2021-09-06",,,"0.00","T,,7,0700","0.0",",,7",,
"USC00168444","32.3795","-93.8019","57.3","2021-09-07",,,"0.00",",,7,0700","0.0",",,7",,
"USC00168444","32.3795","-93.8019","57.3","2021-09-08",,,"0.00",",,7,0700","0.0",",,7",,
"USC00168444","32.3795","-93.8019","57.3","2021-09-09",,,"0.00",",,7,0700","0.0",",,7",,
"USC00168444","32.3795","-93.8019","57.3","2021-09-10",,,"0.00",",,7,0700","0.0",",,7",,
"USC00168444","32.3795","-93.8019","57.3","2021-09-11",,,"0.00",",,7,0700","0.0",",,7",,
"USC00168444","32.3795","-93.8019","57.3","2021-09-12",,,"0.00",",,7,0700","0.0",",,7",,
"USC00168444","32.3795","-93.8019","57.3","2021-09-13",,,"0.00","T,,7,0700","0.0",",,7",,
"USC00168444","32.3795","-93.8019","57.3","2021-09-14",,,"0.07",",,7,0700","0.0",",,7",,
"USC00168444","32.3795","-93.8019","57.3","2021-09-15",,,"0.04",",,7,0700","0.0",",,7",,
"USC00168444","32.3795","-93.8019","57.3","2021-09-16",,,"0.00",",,7,0700","0.0",",,7",,
"USC00168444","32.3795","-93.8019","57.3","2021-09-17",,,"0.00",",,7,0700","0.0",",,7",,
"USC00168444","32.3795","-93.8019","57.3","2021-09-18",,,"0.05",",,7,0700","0.0",",,7",,
"USC00168444","32.3795","-93.8019","57.3","2021-09-19",,,"0.87",",,7,0700","0.0",",,7",,
"USC00168444","32.3795","-93.8019","57.3","2021-09-20",,,"0.00",",,7,0700","0.0",",,7",,
"USC00168444","32.3795","-93.8019","57.3","2021-09-21",,,"0.00",",,7,0700","0.0",",,7",,
"USC00168444","32.3795","-93.8019","57.3","2021-09-22",,,"0.10",",,7,0700","0.0",",,7",,
"USC00168444","32.3795","-93.8019","57.3","2021-09-23",,,"0.00",",,7,0700","0.0",",,7",,
"USC00168444","32.3795","-93.8019","57.3","2021-09-24",,,"0.00",",,7,0700","0.0",",,7",,
"USC00168444","32.3795","-93.8019","57.3","2021-09-25",,,"0.00",",,7,0700","0.0",",,7",,
"USC00168444","32.3795","-93.8019","57.3","2021-09-26",,,"0.00",",,7,0700","0.0",",,7",,
"USC00168444","32.3795","-93.8019","57.3","2021-09-27",,,"0.00",",,7,0700","0.0",",,7",,
"USC00168444","32.3795","-93.8019","57.3","2021-09-28",,,"0.00",",,7,0700","0.0",",,7",,
"USC00168444","32.3795","-93.8019","57.3","2021-09-29",,,"0.00","T,,7,0700","0.0",",,7",,
"USC00168444","32.3795","-93.8019","57.3","2021-09-30",,,"0.00","T,,7,0700","0.0",",,7",,
"USC00168444","32.3795","-93.8019","57.3","2021-10-01",,,"0.05",",,7,0700","0.0",",,7",,
"USC00168444","32.3795","-93.8019","57.3","2021-10-02",,,"0.47",",,7,0700","0.0",",,7",,
"USC00168444","32.3795","-93.8019","57.3","2021-10-03",,,"0.08",",,7,0700","0.0",",,7",,
"USC00168444","32.3795","-93.8019","57.3","2021-10-04",,,"0.18",",,7,0700","0.0",",,7",,
"USC00168444","32.3795","-93.8019","57.3","2021-10-05",,,"0.00",",,7,0700","0.0",",,7",,
"USC00168444","32.3795","-93.8019","57.3","2021-10-06",,,"0.00",",,7,0700","0.0",",,7",,
"USC00168444","32.3795","-93.8019","57.3","2021-10-07",,,"0.00",",,7,0700","0.0",",,7",,
"USC00168444","32.3795","-93.8019","57.3","2021-10-08",,,"0.00",",,7,0700","0.0",",,7",,
"USC00168444","32.3795","-93.8019","57.3","2021-10-09",,,"0.00",",,7,0700","0.0",",,7",,
"USC00168444","32.3795","-93.8019","57.3","2021-10-10",,,"0.00",",,7,0700","0.0",",,7",,
"USC00168444","32.3795","-93.8019","57.3","2021-10-11",,,"0.05",",,7,0700","0.0",",,7",,
"USC00168444","32.3795","-93.8019","57.3","2021-10-12",,,"0.00",",,7,0700","0.0",",,7",,
"USC00168444","32.3795","-93.8019","57.3","2021-10-13",,,"0.30",",,7,0700","0.0",",,7",,
"USC00168444","32.3795","-93.8019","57.3","2021-10-14",,,"0.00",",,7,0700","0.0",",,7",,
"USC00168444","32.3795","-93.8019","57.3","2021-10-15",,,"0.00","T,,7,0700","0.0",",,7",,
"USC00168444","32.3795","-93.8019","57.3","2021-10-16",,,"0.00",",,7,0700","0.0",",,7",,
"USC00168444","32.3795","-93.8019","57.3","2021-10-17",,,"0.00",",,7,0700","0.0",",,7",,
"USC00168444","32.3795","-93.8019","57.3","2021-10-18",,,"0.00",",,7,0700","0.0",",,7",,
"USC00168444","32.3795","-93.8019","57.3","2021-10-19",,,"0.00",",,7,0700","0.0",",,7",,
"USC00168444","32.3795","-93.8019","57.3","2021-10-20",,,"0.00",",,7,0700","0.0",",,7",,
"USC00168444","32.3795","-93.8019","57.3","2021-10-21",,,"0.00",",,7,0700","0.0",",,7",,
"USC00168444","32.3795","-93.8019","57.3","2021-10-22",,,"0.00",",,7,0700","0.0",",,7",,
"USC00168444","32.3795","-93.8019","57.3","2021-10-23",,,"0.00",",,7,0700","0.0",",,7",,
"USC00168444","32.3795","-93.8019","57.3","2021-10-24",,,"0.00",",,7,0700","0.0",",,7",,
"USC00168444","32.3795","-93.8019","57.3","2021-10-25",,,"0.00",",,7,0700","0.0",",,7",,
"USC00168444","32.3795","-93.8019","57.3","2021-10-26",,,"0.00",",,7,0700","0.0",",,7",,
"USC00168444","32.3795","-93.8019","57.3","2021-10-27",,,"0.00","T,,7,0700","0.0",",,7",,
"USC00168444","32.3795","-93.8019","57.3","2021-10-28",,,"1.40",",,7,0700","0.0",",,7",,
"USC00168444","32.3795","-93.8019","57.3","2021-10-29",,,"0.00",",,7,0700","0.0",",,7",,
"USC00168444","32.3795","-93.8019","57.3","2021-10-30",,,"0.00",",,7,0700","0.0",",,7",,
"USC00168444","32.3795","-93.8019","57.3","2021-10-31",,,"0.00",",,7,0700","0.0",",,7",,
"USC00168444","32.3795","-93.8019","57.3","2021-11-01",,,"0.00",",,H,0700","0.0",",,H",,
"USC00168444","32.3795","-93.8019","57.3","2021-11-02",,,"0.00",",,H,0700","0.0",",,H",,
"USC00168444","32.3795","-93.8019","57.3","2021-11-03",,,"0.00",",,H,0700","0.0",",,H",,
"USC00168444","32.3795","-93.8019","57.3","2021-11-04",,,"0.22",",,H,0700","0.0",",,H",,
"USC00168444","32.3795","-93.8019","57.3","2021-11-05",,,"0.00",",,H,0700","0.0",",,H",,
"USC00168444","32.3795","-93.8019","57.3","2021-11-06",,,"0.00",",,H,0700","0.0",",,H",,
"USC00168444","32.3795","-93.8019","57.3","2021-11-07",,,"0.00",",,H,0700","0.0",",,H",,
"USC00168444","32.3795","-93.8019","57.3","2021-11-08",,,"0.00",",,H,0700","0.0",",,H",,
"USC00168444","32.3795","-93.8019","57.3","2021-11-09",,,"0.00",",,H,0700","0.0",",,H",,
"USC00168444","32.3795","-93.8019","57.3","2021-11-10",,,"0.00",",,H,0700","0.0",",,H",,
"USC00168444","32.3795","-93.8019","57.3","2021-11-11",,,"0.72",",,H,0700","0.0",",,H",,
"USC00168444","32.3795","-93.8019","57.3","2021-11-12",,,"0.00",",,H,0700","0.0",",,H",,
"USC00168444","32.3795","-93.8019","57.3","2021-11-13",,,"0.00",",,H,0700","0.0",",,H",,
"USC00168444","32.3795","-93.8019","57.3","2021-11-14",,,"0.00",",,H,0700","0.0",",,H",,
"USC00168444","32.3795","-93.8019","57.3","2021-11-15",,,"0.00",",,H,0700","0.0",",,H",,
"USC00168444","32.3795","-93.8019","57.3","2021-11-16",,,"0.00",",,H,0700","0.0",",,H",,
"USC00168444","32.3795","-93.8019","57.3","2021-11-17",,,"0.00",",,H,0700","0.0",",,H",,
"USC00168444","32.3795","-93.8019","57.3","2021-11-18",,,"0.00",",,H,0700","0.0",",,H",,
"USC00168444","32.3795","-93.8019","57.3","2021-11-19",,,"0.00",",,H,0700","0.0",",,H",,
"USC00168444","32.3795","-93.8019","57.3","2021-11-20",,,"0.00",",,H,0700","0.0",",,H",,
"USC00168444","32.3795","-93.8019","57.3","2021-11-21",,,"0.00",",,H,0700","0.0",",,H",,
"USC00168444","32.3795","-93.8019","57.3","2021-11-22",,,"0.23",",,H,0700","0.0",",,H",,
"USC00168444","32.3795","-93.8019","57.3","2021-11-23",,,"0.00",",,H,0700","0.0",",,H",,
"USC00168444","32.3795","-93.8019","57.3","2021-11-24",,,"0.00",",,H,0700","0.0",",,H",,
"USC00168444","32.3795","-93.8019","57.3","2021-11-25",,,"0.70",",,H,0700","0.0",",,H",,
"USC00168444","32.3795","-93.8019","57.3","2021-11-26",,,"0.15",",,H,0700","0.0",",,H",,
"USC00168444","32.3795","-93.8019","57.3","2021-11-27",,,"0.00",",,H,0700","0.0",",,H",,
"USC00168444","32.3795","-93.8019","57.3","2021-11-28",,,"0.14",",,H,0700","0.0",",,H",,
"USC00165296","29.7856","-92.2046","12.2","2021-09-01",,,"0.00",",,7,0800","0.0",",,7",,
"USC00165296","29.7856","-92.2046","12.2","2021-09-02",,,"0.27",",,7,0800","0.0",",,7",,
"USC00165296","29.7856","-92.2046","12.2","2021-09-03",,,"0.07",",,7,0800","0.0",",,7",,
"USC00165296","29.7856","-92.2046","12.2","2021-09-04",,,"0.00",",,7,0800","0.0",",,7",,
"USC00165296","29.7856","-92.2046","12.2","2021-09-05",,,"0.00",",,7,0800","0.0",",,7",,
"USC00165296","29.7856","-92.2046","12.2","2021-09-06",,,"0.00",",,7,0800","0.0",",,7",,
"USC00165296","29.7856","-92.2046","12.2","2021-09-07",,,"0.85",",,7,0800","0.0",",,7",,
"USC00165296","29.7856","-92.2046","12.2","2021-09-08",,,"0.00",",,7,0800",,,,
"USC00165296","29.7856","-92.2046","12.2","2021-09-09",,,"0.00",",,7,0800","0.0",",,7",,
"USC00165296","29.7856","-92.2046","12.2","2021-09-10",,,"0.00",",,7,0800","0.0",",,7",,
"USC00165296","29.7856","-92.2046","12.2","2021-09-11",,,"0.00",",,7,0800","0.0",",,7",,
"USC00165296","29.7856","-92.2046","12.2","2021-09-12",,,"0.00",",,7,0800","0.0",",,7",,
"USC00165296","29.7856","-92.2046","12.2","2021-09-13",,,"0.00",",,7,0800","0.0",",,7",,
"USC00165296","29.7856","-92.2046","12.2","2021-09-14",,,"1.60",",,7,0800","0.0",",,7",,
"USC00165296","29.7856","-92.2046","12.2","2021-09-15",,,"1.42",",,7,0800","0.0",",,7",,
"USC00165296","29.7856","-92.2046","12.2","2021-09-16",,,"0.05",",,7,0800","0.0",",,7",,
"USC00165296","29.7856","-92.2046","12.2","2021-09-17",,,"0.07",",,7,0800","0.0",",,7",,
"USC00165296","29.7856","-92.2046","12.2","2021-09-18",,,"0.00",",,7,0800","0.0",",,7",,
"USC00165296","29.7856","-92.2046","12.2","2021-09-19",,,"0.00",",,7,0800","0.0",",,7",,
"USC00165296","29.7856","-92.2046","12.2","2021-09-20",,,"0.10",",,7,0800","0.0",",,7",,
"USC00165296","29.7856","-92.2046","12.2","2021-09-21",,,"0.85",",,7,0800","0.0",",,7",,
"USC00165296","29.7856","-92.2046","12.2","2021-09-22",,,"0.91",",,7,0800",,,,
"USC00165296","29.7856","-92.2046","12.2","2021-09-23",,,"0.00",",,7,0800",,,,
"USC00165296","29.7856","-92.2046","12.2","2021-09-24",,,"0.00",",,7,0800",,,,
"USC00165296","29.7856","-92.2046","12.2","2021-09-25",,,"0.00",",,7,0800",,,,
"USC00165296","29.7856","-92.2046","12.2","2021-09-26",,,"0.00",",,7,0800",,,,
"USC00165296","29.7856","-92.2046","12.2","2021-09-27",,,"0.00",",,7,0800",,,,
"USC00165296","29.7856","-92.2046","12.2","2021-09-28",,,"0.00",",,7,0800",,,,
"USC00165296","29.7856","-92.2046","12.2","2021-09-29",,,"1.77",",,7,0800","0.0",",,7",,
"USC00165296","29.7856","-92.2046","12.2","2021-09-30",,,"0.50",",,7,0800","0.0",",,7",,
"USC00165296","29.7856","-92.2046","12.2","2021-10-01",,,"0.84",",,7,0800","0.0",",,7",,
"USC00165296","29.7856","-92.2046","12.2","2021-10-02",,,"0.00",",,7,0800","0.0",",,7",,
"USC00165296","29.7856","-92.2046","12.2","2021-10-03",,,"0.00",",,7,0800","0.0",",,7",,
"USC00165296","29.7856","-92.2046","12.2","2021-10-04",,,"0.00",",,7,0800","0.0",",,7",,
"USC00165296","29.7856","-92.2046","12.2","2021-10-05",,,"0.00",",,7,0800","0.0",",,7",,
"USC00165296","29.7856","-92.2046","12.2","2021-10-06",,,"0.00",",,7,0800","0.0",",,7",,
"USC00165296","29.7856","-92.2046","12.2","2021-10-07",,,"0.00",",,7,0800","0.0",",,7",,
"USC00165296","29.7856","-92.2046","12.2","2021-10-08",,,"0.00",",,7,0800",,,,
"USC00165296","29.7856","-92.2046","12.2","2021-10-09",,,"0.00",",,7,0800","0.0",",,7",,
"USC00165296","29.7856","-92.2046","12.2","2021-10-10",,,"0.00",",,7,0800",,,,
"USC00165296","29.7856","-92.2046","12.2","2021-10-11",,,"0.00",",,7,0800","0.0",",,7",,
"USC00165296","29.7856","-92.2046","12.2","2021-10-12",,,"0.00",",,7,0800","0.0",",,7",,
"USC00165296","29.7856","-92.2046","12.2","2021-10-13",,,"0.00",",,7,0800","0.0",",,7",,
"USC00165296","29.7856","-92.2046","12.2","2021-10-14",,,"0.00",",,7,0800","0.0",",,7",,
"USC00165296","29.7856","-92.2046","12.2","2021-10-15",,,"0.04",",,7,0800","0.0",",,7",,
"USC00165296","29.7856","-92.2046","12.2","2021-10-16",,,"0.00",",,7,0800","0.0",",,7",,
"USC00165296","29.7856","-92.2046","12.2","2021-10-17",,,"0.00",",,7,0800","0.0",",,7",,
"USC00165296","29.7856","-92.2046","12.2","2021-10-18",,,"0.00",",,7,0800","0.0",",,7",,
"USC00165296","29.7856","-92.2046","12.2","2021-10-19",,,"0.00",",,7,0800","0.0",",,7",,
"USC00165296","29.7856","-92.2046","12.2","2021-10-20",,,"0.00",",,7,0800",,,,
"USC00165296","29.7856","-92.2046","12.2","2021-10-21",,,"0.00",",,7,0800",,,,
"USC00165296","29.7856","-92.2046","12.2","2021-10-22",,,"0.00",",,7,0800",,,,
"USC00165296","29.7856","-92.2046","12.2","2021-10-23",,,"0.00",",,7,0800",,,,
"USC00165296","29.7856","-92.2046","12.2","2021-10-24",,,"0.40",",,7,0800",,,,
"USC00165296","29.7856","-92.2046","12.2","2021-10-25",,,"0.60",",,7,0800",,,,
"USC00165296","29.7856","-92.2046","12.2","2021-10-26",,,"0.00",",,7,0800",,,,
"USC00165296","29.7856","-92.2046","12.2","2021-10-27",,,"0.00",",,7,0800","0.0",",,7",,
"USC00165296","29.7856","-92.2046","12.2","2021-10-28",,,"0.67",",,7,0800","0.0",",,7",,
"USC00165296","29.7856","-92.2046","12.2","2021-10-29",,,"0.00",",,7,0800","0.0",",,7",,
"USC00165296","29.7856","-92.2046","12.2","2021-10-30",,,"0.00",",,7,0800","0.0",",,7",,
"USC00165296","29.7856","-92.2046","12.2","2021-10-31",,,"0.00",",,7,0800","0.0",",,7",,
"USC00165296","29.7856","-92.2046","12.2","2021-11-01",,,"0.00",",,H,0800","0.0",",,H",,
"USC00165296","29.7856","-92.2046","12.2","2021-11-02",,,"0.00",",,H,0800","0.0",",,H",,
"USC00165296","29.7856","-92.2046","12.2","2021-11-03",,,"0.00",",,H,0800","0.0",",,H",,
"USC00165296","29.7856","-92.2046","12.2","2021-11-04",,,"0.00",",,H,0800",,,,
"USC00165296","29.7856","-92.2046","12.2","2021-11-05",,,"0.00",",,H,0800",,,,
"USC00165296","29.7856","-92.2046","12.2","2021-11-06",,,"0.00",",,H,0800",,,,
"USC00165296","29.7856","-92.2046","12.2","2021-11-07",,,"0.00",",,H,0800",,,,
"USC00165296","29.7856","-92.2046","12.2","2021-11-08",,,"0.00",",,H,0800",,,,
"USC00165296","29.7856","-92.2046","12.2","2021-11-09",,,"0.00",",,H,0800",,,,
"USC00165296","29.7856","-92.2046","12.2","2021-11-10",,,"0.00",",,H,0800","0.0",",,H",,
"USC00165296","29.7856","-92.2046","12.2","2021-11-11",,,"0.00",",,H,0800","0.0",",,H",,
"USC00165296","29.7856","-92.2046","12.2","2021-11-12",,,"0.14",",,H,0800","0.0",",,H",,
"USC00165296","29.7856","-92.2046","12.2","2021-11-13",,,"0.00",",,H,0800","0.0",",,H",,
"USC00165296","29.7856","-92.2046","12.2","2021-11-14",,,"0.00",",,H,0800","0.0",",,H",,
"USC00165296","29.7856","-92.2046","12.2","2021-11-15",,,"0.00",",,H,0800","0.0",",,H",,
"USC00165296","29.7856","-92.2046","12.2","2021-11-16",,,"0.00",",,H,0800","0.0",",,H",,
"USC00165296","29.7856","-92.2046","12.2","2021-11-17",,,"0.00",",,H,0800",,,,
"USC00165296","29.7856","-92.2046","12.2","2021-11-18",,,"0.00",",,H,0800",,,,
"USC00165296","29.7856","-92.2046","12.2","2021-11-19",,,"0.00",",,H,0800",,,,
"USC00165296","29.7856","-92.2046","12.2","2021-11-20",,,"0.00",",,H,0800",,,,
"USC00165296","29.7856","-92.2046","12.2","2021-11-21",,,"0.00",",,H,0800",,,,
"USC00165296","29.7856","-92.2046","12.2","2021-11-22",,,"0.15",",,H,0800",,,,
"USC00165296","29.7856","-92.2046","12.2","2021-11-23",,,"0.00",",,H,0800",,,,
"USC00165296","29.7856","-92.2046","12.2","2021-11-24",,,"0.00",",,H,0800","0.0",",,H",,
"USC00165296","29.7856","-92.2046","12.2","2021-11-25",,,"0.00",",,H,0800","0.0",",,H",,
"USC00165296","29.7856","-92.2046","12.2","2021-11-26",,,"0.00",",,H,0800","0.0",",,H",,
"USC00165296","29.7856","-92.2046","12.2","2021-11-27",,,"0.00",",,H,0800","0.0",",,H",,
"USC00165296","29.7856","-92.2046","12.2","2021-11-28",,,"0.60",",,H,0800","0.0",",,H",,
"US1MEFR0002","44.68329","-70.264179","373.1","2021-08-01",,,"0.00",",,N","0.0",",,N",,
"US1MEFR0002","44.68329","-70.264179","373.1","2021-08-02",,,"0.28",",,N",,,,
"US1MEFR0002","44.68329","-70.264179","373.1","2021-08-03",,,"0.09",",,N",,,,
"US1MEFR0002","44.68329","-70.264179","373.1","2021-08-04",,,"0.00",",,N","0.0",",,N",,
"US1MEFR0002","44.68329","-70.264179","373.1","2021-08-05",,,"0.00",",,N","0.0",",,N",,
"US1MEFR0002","44.68329","-70.264179","373.1","2021-08-06",,,"0.12",",,N",,,,
"US1MEFR0002","44.68329","-70.264179","373.1","2021-08-07",,,"0.00",",,N","0.0",",,N",,
"US1MEFR0002","44.68329","-70.264179","373.1","2021-08-08",,,"0.01",",,N",,,,
"US1MEFR0002","44.68329","-70.264179","373.1","2021-08-09",,,"0.18",",,N",,,,
"US1MEFR0002","44.68329","-70.264179","373.1","2021-08-10",,,"0.00","T,,N",,,,
"US1MEFR0002","44.68329","-70.264179","373.1","2021-08-11",,,"0.00",",,N","0.0",",,N",,
"US1MEFR0002","44.68329","-70.264179","373.1","2021-08-12",,,"0.05",",,N",,,,
"US1MEFR0002","44.68329","-70.264179","373.1","2021-08-13",,,"0.01",",,N",,,,
"US1MEFR0002","44.68329","-70.264179","373.1","2021-08-14",,,"0.00",",,N","0.0",",,N",,
"US1MEFR0002","44.68329","-70.264179","373.1","2021-08-15",,,"0.53",",,N",,,,
"US1MEFR0002","44.68329","-70.264179","373.1","2021-08-16",,,"0.00",",,N","0.0",",,N",,
"US1MEFR0002","44.68329","-70.264179","373.1","2021-08-17",,,"0.00",",,N","0.0",",,N",,
"US1MEFR0002","44.68329","-70.264179","373.1","2021-08-18",,,"0.01",",,N",,,,
"US1MEFR0002","44.68329","-70.264179","373.1","2021-08-19",,,"0.01",",,N",,,,
"US1MEFR0002","44.68329","-70.264179","373.1","2021-08-20",,,"0.13",",,N",,,,
"US1MEFR0002","44.68329","-70.264179","373.1","2021-08-21",,,"0.00","T,,N",,,,
"US1MEFR0002","44.68329","-70.264179","373.1","2021-08-22",,,"0.00",",,N","0.0",",,N",,
"US1MEFR0002","44.68329","-70.264179","373.1","2021-08-23",,,"0.74",",,N",,,,
"US1MEFR0002","44.68329","-70.264179","373.1","2021-08-24",,,"0.15",",,N",,,,
"US1MEFR0002","44.68329","-70.264179","373.1","2021-08-25",,,"0.00",",,N","0.0",",,N",,
"US1MEFR0002","44.68329","-70.264179","373.1","2021-08-27",,,"0.00",",,N","0.0",",,N",,
"US1MEFR0002","44.68329","-70.264179","373.1","2021-08-28",,,"0.00",",,N","0.0",",,N",,
"US1MEFR0002","44.68329","-70.264179","373.1","2021-08-29",,,"0.22",",,N",,,,
"US1MEFR0002","44.68329","-70.264179","373.1","2021-08-30",,,"0.05",",,N",,,,
"US1MEFR0002","44.68329","-70.264179","373.1","2021-08-31",,,"0.50",",,N",,,,
"US1MEFR0002","44.68329","-70.264179","373.1","2021-09-01",,,"0.00",",,N","0.0",",,N",,
"US1MEFR0002","44.68329","-70.264179","373.1","2021-09-02",,,"0.55",",,N",,,,
"US1MEFR0002","44.68329","-70.264179","373.1","2021-09-03",,,"0.08",",,N",,,,
"US1MEFR0002","44.68329","-70.264179","373.1","2021-09-04",,,"0.01",",,N",,,,
"US1MEFR0002","44.68329","-70.264179","373.1","2021-09-05",,,"0.00",",,N","0.0",",,N",,
"US1MEFR0002","44.68329","-70.264179","373.1","2021-09-06",,,"0.42",",,N",,,,
"US1MEFR0002","44.68329","-70.264179","373.1","2021-09-07",,,"0.49",",,N",,,,
"US1MEFR0002","44.68329","-70.264179","373.1","2021-09-08",,,"0.00",",,N","0.0",",,N",,
"US1MEFR0002","44.68329","-70.264179","373.1","2021-09-09",,,"0.37",",,N",,,,
"US1MEFR0002","44.68329","-70.264179","373.1","2021-09-10",,,"1.62",",,N",,,,
"US1MEFR0002","44.68329","-70.264179","373.1","2021-09-11",,,"0.02",",,N",,,,
"US1MEFR0002","44.68329","-70.264179","373.1","2021-09-12",,,"0.00",",,N","0.0",",,N",,
"US1MEFR0002","44.68329","-70.264179","373.1","2021-09-13",,,"0.00",",,N","0.0",",,N",,
"US1MEFR0002","44.68329","-70.264179","373.1","2021-09-14",,,"0.00",",,N","0.0",",,N",,
"US1MEFR0002","44.68329","-70.264179","373.1","2021-09-15",,,"0.00",",,N","0.0",",,N",,
"US1MEFR0002","44.68329","-70.264179","373.1","2021-09-16",,,"0.90",",,N",,,,
"US1MEFR0002","44.68329","-70.264179","373.1","2021-09-17",,,"0.02",",,N",,,,
"US1MEFR0002","44.68329","-70.264179","373.1","2021-09-18",,,"0.00",",,N","0.0",",,N",,
"US1MEFR0002","44.68329","-70.264179","373.1","2021-09-19",,,"0.00",",,N","0.0",",,N",,
"US1MEFR0002","44.68329","-70.264179","373.1","2021-09-20",,,"0.00",",,N","0.0",",,N",,
"US1MEFR0002","44.68329","-70.264179","373.1","2021-09-21",,,"0.00",",,N","0.0",",,N",,
"US1MEFR0002","44.68329","-70.264179","373.1","2021-09-22",,,"0.00",",,N","0.0",",,N",,
"US1MEFR0002","44.68329","-70.264179","373.1","2021-09-23",,,"0.27",",,N",,,,
"US1MEFR0002","44.68329","-70.264179","373.1","2021-09-24",,,"0.03",",,N",,,,
"US1MEFR0002","44.68329","-70.264179","373.1","2021-09-25",,,"1.69",",,N",,,,
"US1MEFR0002","44.68329","-70.264179","373.1","2021-09-26",,,"0.02",",,N",,,,
"US1MEFR0002","44.68329","-70.264179","373.1","2021-09-27",,,"0.05",",,N",,,,
"US1MEFR0002","44.68329","-70.264179","373.1","2021-09-28",,,"0.01",",,N",,,,
"US1MEFR0002","44.68329","-70.264179","373.1","2021-09-29",,,"0.00",",,N","0.0",",,N",,
"US1MEFR0002","44.68329","-70.264179","373.1","2021-09-30",,,"0.08",",,N",,,,
"US1MEFR0002","44.68329","-70.264179","373.1","2021-10-01",,,"0.03",",,N",,,,
"US1MEFR0002","44.68329","-70.264179","373.1","2021-10-02",,,"0.01",",,N",,,,
"US1MEFR0002","44.68329","-70.264179","373.1","2021-10-03",,,"0.03",",,N",,,,
"US1MEFR0002","44.68329","-70.264179","373.1","2021-10-04",,,"0.05",",,N",,,,
"US1MEFR0002","44.68329","-70.264179","373.1","2021-10-05",,,"0.01",",,N",,,,
"US1MEFR0002","44.68329","-70.264179","373.1","2021-10-06",,,"0.01",",,N",,,,
"US1MEFR0002","44.68329","-70.264179","373.1","2021-10-07",,,"0.00",",,N","0.0",",,N",,
"US1MEFR0002","44.68329","-70.264179","373.1","2021-10-08",,,"0.00",",,N","0.0",",,N",,
"US1MEFR0002","44.68329","-70.264179","373.1","2021-10-09",,,"0.01",",,N",,,,
"US1MEFR0002","44.68329","-70.264179","373.1","2021-10-10",,,"0.00",",,N","0.0",",,N",,
"US1MEFR0002","44.68329","-70.264179","373.1","2021-10-11",,,"0.00",",,N","0.0",",,N",,
"US1MEFR0002","44.68329","-70.264179","373.1","2021-10-12",,,"0.00",",,N","0.0",",,N",,
"US1MEFR0002","44.68329","-70.264179","373.1","2021-10-13",,,"0.00",",,N","0.0",",,N",,
"US1MEFR0002","44.68329","-70.264179","373.1","2021-10-14",,,"0.00",",,N","0.0",",,N",,
"US1MEFR0002","44.68329","-70.264179","373.1","2021-10-15",,,"0.01",",,N",,,,
"US1MEFR0002","44.68329","-70.264179","373.1","2021-10-16",,,"0.07",",,N",,,,
"US1MEFR0002","44.68329","-70.264179","373.1","2021-10-17",,,"1.17",",,N",,,,
"US1MEFR0002","44.68329","-70.264179","373.1","2021-10-18",,,"0.01",",,N",,,,
"US1MEFR0002","44.68329","-70.264179","373.1","2021-10-19",,,"0.00","T,,N",,,,
"US1MEFR0002","44.68329","-70.264179","373.1","2021-10-20",,,"0.02",",,N",,,,
"US1MEFR0002","44.68329","-70.264179","373.1","2021-10-21",,,"0.05",",,N",,,,
"US1MEFR0002","44.68329","-70.264179","373.1","2021-10-23",,,,,,,,
"US1MEFR0002","44.68329","-70.264179","373.1","2021-10-24",,,"0.00",",,N","0.0",",,N",,
"US1MEFR0002","44.68329","-70.264179","373.1","2021-10-25",,,"0.01",",,N",,,,
"US1MEFR0002","44.68329","-70.264179","373.1","2021-10-26",,,"0.25",",,N",,,,
"US1MEFR0002","44.68329","-70.264179","373.1","2021-10-27",,,"0.32",",,N",,,,
"US1MEFR0002","44.68329","-70.264179","373.1","2021-10-28",,,"0.03",",,N",,,,
"US1MEFR0002","44.68329","-70.264179","373.1","2021-10-29",,,"0.00",",,N","0.0",",,N",,
"US1MEFR0002","44.68329","-70.264179","373.1","2021-10-30",,,"0.01",",,N","0.0",",,N",,
"US1MEFR0002","44.68329","-70.264179","373.1","2021-10-31",,,"2.11",",,N",,,,
"US1MEFR0002","44.68329","-70.264179","373.1","2021-11-01",,,"1.04",",,N",,,,
"US1MEFR0002","44.68329","-70.264179","373.1","2021-11-03",,,"0.00","T,,N",,,,
"US1MEFR0002","44.68329","-70.264179","373.1","2021-11-04",,,"0.00","T,,N","0.0","T,,N",,
"US1MEFR0002","44.68329","-70.264179","373.1","2021-11-05",,,"0.00","T,,N","0.0","T,,N",,
"US1MEFR0002","44.68329","-70.264179","373.1","2021-11-06",,,"0.00",",,N","0.0",",,N",,
"US1MEFR0002","44.68329","-70.264179","373.1","2021-11-07",,,"0.00",",,N","0.0",",,N",,
"US1MEFR0002","44.68329","-70.264179","373.1","2021-11-08",,,"0.00",",,N","0.0",",,N",,
"US1MEFR0002","44.68329","-70.264179","373.1","2021-11-09",,,"0.00",",,N","0.0",",,N",,
"US1MEFR0002","44.68329","-70.264179","373.1","2021-11-10",,,"0.01",",,N",,,,
"US1MEFR0002","44.68329","-70.264179","373.1","2021-11-11",,,"0.06",",,N",,,,
"US1MEFR0002","44.68329","-70.264179","373.1","2021-11-12",,,"0.00",",,N","0.0",",,N",,
"US1MEFR0002","44.68329","-70.264179","373.1","2021-11-13",,,"1.74",",,N",,,,
"US1MEFR0002","44.68329","-70.264179","373.1","2021-11-14",,,"0.03",",,N",,,,
"US1MEFR0002","44.68329","-70.264179","373.1","2021-11-15",,,"0.21",",,N","1.5",",,N",,
"US1MEFR0002","44.68329","-70.264179","373.1","2021-11-16",,,"0.01",",,N","0.0","T,,N",,
"US1MEFR0002","44.68329","-70.264179","373.1","2021-11-17",,,"0.00","T,,N","0.0","T,,N",,
"US1MEFR0002","44.68329","-70.264179","373.1","2021-11-18",,,"0.21",",,N","0.0",",,N",,
"US1MEFR0002","44.68329","-70.264179","373.1","2021-11-19",,,"0.11",",,N","0.0",",,N",,
"US1MEFR0002","44.68329","-70.264179","373.1","2021-11-20",,,"0.03",",,N","0.5",",,N",,
"US1MEFR0002","44.68329","-70.264179","373.1","2021-11-21",,,"0.00",",,N","0.0",",,N",,
"US1MEFR0002","44.68329","-70.264179","373.1","2021-11-22",,,"0.13",",,N","0.0","T,,N",,
"US1MEFR0002","44.68329","-70.264179","373.1","2021-11-23",,,"0.06",",,N",,,,
"US1MEFR0002","44.68329","-70.264179","373.1","2021-11-24",,,"0.00",",,N","0.0",",,N",,
"US1MEFR0002","44.68329","-70.264179","373.1","2021-11-25",,,"0.00",",,N","0.0",",,N",,
"US1MEFR0002","44.68329","-70.264179","373.1","2021-11-26",,,"0.00",",,N","0.0",",,N",,
"US1MEFR0002","44.68329","-70.264179","373.1","2021-11-27",,,"0.19",",,N","0.9",",,N",,
"US1MEFR0002","44.68329","-70.264179","373.1","2021-11-28",,,"0.00","T,,N","0.0","T,,N",,
"US1LAJF0014","30.01422","-90.13431","0.0","2021-08-01",,,"0.00",",,N","0.0",",,N",,
"US1LAJF0014","30.01422","-90.13431","0.0","2021-08-02",,,"0.70",",,N",,,,
"US1LAJF0014","30.01422","-90.13431","0.0","2021-08-03",,,"1.38",",,N",,,,
"US1LAJF0014","30.01422","-90.13431","0.0","2021-08-04",,,"0.92",",,N",,,,
"US1LAJF0014","30.01422","-90.13431","0.0","2021-08-05",,,"0.00",",,N","0.0",",,N",,
"US1LAJF0014","30.01422","-90.13431","0.0","2021-08-06",,,"0.00",",,N","0.0",",,N",,
"US1LAJF0014","30.01422","-90.13431","0.0","2021-08-07",,,"0.00",",,N","0.0",",,N",,
"US1LAJF0014","30.01422","-90.13431","0.0","2021-08-08",,,"0.00",",,N","0.0",",,N",,
"US1LAJF0014","30.01422","-90.13431","0.0","2021-08-09",,,"0.06",",,N",,,,
"US1LAJF0014","30.01422","-90.13431","0.0","2021-08-10",,,"0.02",",,N",,,,
"US1LAJF0014","30.01422","-90.13431","0.0","2021-08-11",,,"1.17",",,N",,,,
"US1LAJF0014","30.01422","-90.13431","0.0","2021-08-12",,,"0.06",",,N",,,,
"US1LAJF0014","30.01422","-90.13431","0.0","2021-08-13",,,"0.03",",,N",,,,
"US1LAJF0014","30.01422","-90.13431","0.0","2021-08-14",,,"0.16",",,N",,,,
"US1LAJF0014","30.01422","-90.13431","0.0","2021-08-15",,,"0.00",",,N","0.0",",,N",,
"US1LAJF0014","30.01422","-90.13431","0.0","2021-08-16",,,"0.00",",,N","0.0",",,N",,
"US1LAJF0014","30.01422","-90.13431","0.0","2021-08-17",,,"0.00",",,N","0.0",",,N",,
"US1LAJF0014","30.01422","-90.13431","0.0","2021-08-18",,,"0.51",",,N",,,,
"US1LAJF0014","30.01422","-90.13431","0.0","2021-08-19",,,"0.23",",,N",,,,
"US1LAJF0014","30.01422","-90.13431","0.0","2021-08-20",,,"0.36",",,N",,,,
"US1LAJF0014","30.01422","-90.13431","0.0","2021-08-21",,,"0.00",",,N","0.0",",,N",,
"US1LAJF0014","30.01422","-90.13431","0.0","2021-08-22",,,"0.00",",,N","0.0",",,N",,
"US1LAJF0014","30.01422","-90.13431","0.0","2021-08-23",,,"0.00",",,N","0.0",",,N",,
"US1LAJF0014","30.01422","-90.13431","0.0","2021-08-24",,,"0.15",",,N",,,,
"US1LAJF0014","30.01422","-90.13431","0.0","2021-08-25",,,"0.00",",,N","0.0",",,N",,
"US1LAJF0014","30.01422","-90.13431","0.0","2021-08-26",,,"0.03",",,N",,,,
"US1LAJF0014","30.01422","-90.13431","0.0","2021-08-28",,,,,,,,
"US1LAJF0014","30.01422","-90.13431","0.0","2021-08-29",,,"0.66",",,N",,,,
"US1LAJF0014","30.01422","-90.13431","0.0","2021-08-30",,,"5.33",",,N",,,,
"US1LAJF0014","30.01422","-90.13431","0.0","2021-08-31",,,"0.03",",,N",,,,
"US1LAJF0014","30.01422","-90.13431","0.0","2021-09-01",,,"0.00",",,N","0.0",",,N",,
"US1LAJF0014","30.01422","-90.13431","0.0","2021-09-02",,,"0.00",",,N","0.0",",,N",,
"US1LAJF0014","30.01422","-90.13431","0.0","2021-09-03",,,"0.03",",,N",,,,
"US1LAJF0014","30.01422","-90.13431","0.0","2021-09-04",,,"0.00",",,N","0.0",",,N",,
"US1LAJF0014","30.01422","-90.13431","0.0","2021-09-05",,,"0.00",",,N","0.0",",,N",,
"US1LAJF0014","30.01422","-90.13431","0.0","2021-09-06",,,"0.00",",,N","0.0",",,N",,
"US1LAJF0014","30.01422","-90.13431","0.0","2021-09-07",,,"0.02",",,N",,,,
"US1LAJF0014","30.01422","-90.13431","0.0","2021-09-08",,,"0.02",",,N",,,,
"US1LAJF0014","30.01422","-90.13431","0.0","2021-09-09",,,"0.00",",,N","0.0",",,N",,
"US1LAJF0014","30.01422","-90.13431","0.0","2021-09-10",,,"0.00",",,N","0.0",",,N",,
"US1LAJF0014","30.01422","-90.13431","0.0","2021-09-11",,,"0.00",",,N","0.0",",,N",,
"US1LAJF0014","30.01422","-90.13431","0.0","2021-09-12",,,"0.00",",,N","0.0",",,N",,
"US1LAJF0014","30.01422","-90.13431","0.0","2021-09-13",,,"0.13",",,N",,,,
"US1LAJF0014","30.01422","-90.13431","0.0","2021-09-14",,,"0.11",",,N",,,,
"US1LAJF0014","30.01422","-90.13431","0.0","2021-09-15",,,"3.49",",,N",,,,
"US1LAJF0014","30.01422","-90.13431","0.0","2021-09-16",,,"0.53",",,N",,,,
"US1LAJF0014","30.01422","-90.13431","0.0","2021-09-17",,,"0.03",",,N",,,,
"US1LAJF0014","30.01422","-90.13431","0.0","2021-09-18",,,"0.07",",,N",,,,
"US1LAJF0014","30.01422","-90.13431","0.0","2021-09-19",,,"0.17",",,N",,,,
"US1LAJF0014","30.01422","-90.13431","0.0","2021-09-20",,,"0.08",",,N",,,,
"US1LAJF0014","30.01422","-90.13431","0.0","2021-09-21",,,"0.44",",,N",,,,
"US1LAJF0014","30.01422","-90.13431","0.0","2021-09-22",,,"0.02",",,N",,,,
"US1LAJF0014","30.01422","-90.13431","0.0","2021-09-23",,,"0.00",",,N","0.0",",,N",,
"US1LAJF0014","30.01422","-90.13431","0.0","2021-09-24",,,"0.00",",,N","0.0",",,N",,
"US1LAJF0014","30.01422","-90.13431","0.0","2021-09-25",,,"0.00",",,N","0.0",",,N",,
"US1LAJF0014","30.01422","-90.13431","0.0","2021-09-26",,,"0.00",",,N","0.0",",,N",,
"US1LAJF0014","30.01422","-90.13431","0.0","2021-09-27",,,"0.00",",,N","0.0",",,N",,
"US1LAJF0014","30.01422","-90.13431","0.0","2021-09-28",,,"0.00",",,N","0.0",",,N",,
"US1LAJF0014","30.01422","-90.13431","0.0","2021-09-29",,,"0.81",",,N",,,,
"US1LAJF0014","30.01422","-90.13431","0.0","2021-09-30",,,"0.99",",,N",,,,
"US1LAJF0014","30.01422","-90.13431","0.0","2021-10-01",,,"0.00",",,N","0.0",",,N",,
"US1LAJF0014","30.01422","-90.13431","0.0","2021-10-02",,,"0.00",",,N","0.0",",,N",,
"US1LAJF0014","30.01422","-90.13431","0.0","2021-10-03",,,"0.08",",,N",,,,
"US1LAJF0014","30.01422","-90.13431","0.0","2021-10-04",,,"0.94",",,N",,,,
"US1LAJF0014","30.01422","-90.13431","0.0","2021-10-05",,,"0.05",",,N",,,,
"US1LAJF0014","30.01422","-90.13431","0.0","2021-10-06",,,"0.00",",,N","0.0",",,N",,
"US1LAJF0014","30.01422","-90.13431","0.0","2021-10-07",,,"0.00",",,N","0.0",",,N",,
"US1LAJF0014","30.01422","-90.13431","0.0","2021-10-08",,,"0.00",",,N","0.0",",,N",,
"US1LAJF0014","30.01422","-90.13431","0.0","2021-10-09",,,"0.00",",,N","0.0",",,N",,
"US1LAJF0014","30.01422","-90.13431","0.0","2021-10-10",,,"0.00",",,N","0.0",",,N",,
"US1LAJF0014","30.01422","-90.13431","0.0","2021-10-11",,,"0.00",",,N","0.0",",,N",,
"US1LAJF0014","30.01422","-90.13431","0.0","2021-10-12",,,"0.00",",,N","0.0",",,N",,
"US1LAJF0014","30.01422","-90.13431","0.0","2021-10-13",,,"0.00",",,N","0.0",",,N",,
"US1LAJF0014","30.01422","-90.13431","0.0","2021-10-14",,,"0.00",",,N","0.0",",,N",,
"US1LAJF0014","30.01422","-90.13431","0.0","2021-10-15",,,"0.00",",,N","0.0",",,N",,
"US1LAJF0014","30.01422","-90.13431","0.0","2021-10-16",,,"0.00",",,N","0.0",",,N",,
"US1LAJF0014","30.01422","-90.13431","0.0","2021-10-17",,,"0.00",",,N","0.0",",,N",,
"US1LAJF0014","30.01422","-90.13431","0.0","2021-10-18",,,"0.00",",,N","0.0",",,N",,
"US1LAJF0014","30.01422","-90.13431","0.0","2021-10-19",,,"0.00",",,N","0.0",",,N",,
"US1LAJF0014","30.01422","-90.13431","0.0","2021-10-20",,,"0.00",",,N","0.0",",,N",,
"US1LAJF0014","30.01422","-90.13431","0.0","2021-10-21",,,"0.00",",,N","0.0",",,N",,
"US1LAJF0014","30.01422","-90.13431","0.0","2021-10-22",,,"0.00",",,N","0.0",",,N",,
"US1LAJF0014","30.01422","-90.13431","0.0","2021-10-23",,,"0.00",",,N","0.0",",,N",,
"US1LAJF0014","30.01422","-90.13431","0.0","2021-10-24",,,"0.00",",,N","0.0",",,N",,
"US1LAJF0014","30.01422","-90.13431","0.0","2021-10-25",,,"0.00",",,N","0.0",",,N",,
"US1LAJF0014","30.01422","-90.13431","0.0","2021-10-26",,,"0.00",",,N","0.0",",,N",,
"US1LAJF0014","30.01422","-90.13431","0.0","2021-10-27",,,"0.00",",,N","0.0",",,N",,
"US1LAJF0014","30.01422","-90.13431","0.0","2021-10-28",,,"1.42",",,N",,,,
"US1LAJF0014","30.01422","-90.13431","0.0","2021-10-29",,,"0.00",",,N","0.0",",,N",,
"US1LAJF0014","30.01422","-90.13431","0.0","2021-10-30",,,"0.00",",,N","0.0",",,N",,
"US1LAJF0014","30.01422","-90.13431","0.0","2021-10-31",,,"0.00",",,N","0.0",",,N",,
"US1LAJF0014","30.01422","-90.13431","0.0","2021-11-01",,,"0.00",",,N","0.0",",,N",,
"US1LAJF0014","30.01422","-90.13431","0.0","2021-11-02",,,"0.00",",,N","0.0",",,N",,
"US1LAJF0014","30.01422","-90.13431","0.0","2021-11-03",,,"0.00",",,N","0.0",",,N",,
"US1LAJF0014","30.01422","-90.13431","0.0","2021-11-04",,,"0.00",",,N","0.0",",,N",,
"US1LAJF0014","30.01422","-90.13431","0.0","2021-11-05",,,"0.00",",,N","0.0",",,N",,
"US1LAJF0014","30.01422","-90.13431","0.0","2021-11-06",,,"0.00",",,N","0.0",",,N",,
"US1LAJF0014","30.01422","-90.13431","0.0","2021-11-07",,,"0.00",",,N","0.0",",,N",,
"US1LAJF0014","30.01422","-90.13431","0.0","2021-11-08",,,"0.00",",,N","0.0",",,N",,
"US1LAJF0014","30.01422","-90.13431","0.0","2021-11-09",,,"0.00",",,N","0.0",",,N",,
"US1LAJF0014","30.01422","-90.13431","0.0","2021-11-10",,,"0.00",",,N","0.0",",,N",,
"US1LAJF0014","30.01422","-90.13431","0.0","2021-11-11",,,"0.00",",,N","0.0",",,N",,
"US1LAJF0014","30.01422","-90.13431","0.0","2021-11-12",,,"0.00",",,N","0.0",",,N",,
"US1LAJF0014","30.01422","-90.13431","0.0","2021-11-13",,,"0.00",",,N","0.0",",,N",,
"US1LAJF0014","30.01422","-90.13431","0.0","2021-11-14",,,"0.00",",,N","0.0",",,N",,
"US1LAJF0014","30.01422","-90.13431","0.0","2021-11-15",,,"0.00",",,N","0.0",",,N",,
"US1LAJF0014","30.01422","-90.13431","0.0","2021-11-16",,,"0.00",",,N","0.0",",,N",,
"US1LAJF0014","30.01422","-90.13431","0.0","2021-11-17",,,"0.00",",,N","0.0",",,N",,
"US1LAJF0014","30.01422","-90.13431","0.0","2021-11-18",,,"0.00",",,N","0.0",",,N",,
"US1LAJF0014","30.01422","-90.13431","0.0","2021-11-19",,,"0.08",",,N",,,,
"US1LAJF0014","30.01422","-90.13431","0.0","2021-11-20",,,"0.00",",,N","0.0",",,N",,
"US1LAJF0014","30.01422","-90.13431","0.0","2021-11-21",,,"0.00",",,N","0.0",",,N",,
"US1LAJF0014","30.01422","-90.13431","0.0","2021-11-22",,,"0.46",",,N",,,,
"US1LAJF0014","30.01422","-90.13431","0.0","2021-11-23",,,"0.00",",,N","0.0",",,N",,
"US1LAJF0014","30.01422","-90.13431","0.0","2021-11-24",,,"0.00",",,N","0.0",",,N",,
"US1LAJF0014","30.01422","-90.13431","0.0","2021-11-25",,,"0.00",",,N","0.0",",,N",,
"US1LAJF0014","30.01422","-90.13431","0.0","2021-11-26",,,"0.04",",,N",,,,
"US1LAJF0014","30.01422","-90.13431","0.0","2021-11-27",,,"0.00",",,N","0.0",",,N",,
"US1LAJF0014","30.01422","-90.13431","0.0","2021-11-28",,,"0.04",",,N",,,,
"USC00168683","32.9922","-93.4418","73.2","2021-08-01",,,"0.00",",,7,0700",,,,
"USC00168683","32.9922","-93.4418","73.2","2021-08-02",,,"1.53",",,7,0700",,,,
"USC00168683","32.9922","-93.4418","73.2","2021-08-03",,,"0.00",",,7,0700",,,,
"USC00168683","32.9922","-93.4418","73.2","2021-08-04",,,"0.00",",,7,0700",,,,
"USC00168683","32.9922","-93.4418","73.2","2021-08-05",,,"0.00",",,7,0700",,,,
"USC00168683","32.9922","-93.4418","73.2","2021-08-06",,,"0.00",",,7,0700",,,,
"USC00168683","32.9922","-93.4418","73.2","2021-08-07",,,"0.00",",,7,0700",,,,
"USC00168683","32.9922","-93.4418","73.2","2021-08-08",,,"0.00",",,7,0700",,,,
"USC00168683","32.9922","-93.4418","73.2","2021-08-09",,,"0.00",",,7,0700",,,,
"USC00168683","32.9922","-93.4418","73.2","2021-08-10",,,"0.00",",,7,0700",,,,
"USC00168683","32.9922","-93.4418","73.2","2021-08-11",,,"0.00",",,7,0700",,,,
"USC00168683","32.9922","-93.4418","73.2","2021-08-12",,,"0.00",",,7,0700",,,,
"USC00168683","32.9922","-93.4418","73.2","2021-08-13",,,"0.00",",,7,0700",,,,
"USC00168683","32.9922","-93.4418","73.2","2021-08-14",,,"0.00",",,7,0700",,,,
"USC00168683","32.9922","-93.4418","73.2","2021-08-15",,,"0.00",",,7,0700",,,,
"USC00168683","32.9922","-93.4418","73.2","2021-08-16",,,"0.00",",,7,0700",,,,
"USC00168683","32.9922","-93.4418","73.2","2021-08-17",,,"0.00",",,7,0700",,,,
"USC00168683","32.9922","-93.4418","73.2","2021-08-18",,,"0.15",",,7,0700",,,,
"USC00168683","32.9922","-93.4418","73.2","2021-08-19",,,"0.90",",,7,0700",,,,
"USC00168683","32.9922","-93.4418","73.2","2021-08-20",,,"0.45",",,7,0700",,,,
"USC00168683","32.9922","-93.4418","73.2","2021-08-21",,,"0.00",",,7,0700",,,,
"USC00168683","32.9922","-93.4418","73.2","2021-08-22",,,"0.00",",,7,0700",,,,
"USC00168683","32.9922","-93.4418","73.2","2021-08-23",,,"0.00",",,7,0700",,,,
"USC00168683","32.9922","-93.4418","73.2","2021-08-24",,,"0.00",",,7,0700",,,,
"USC00168683","32.9922","-93.4418","73.2","2021-08-25",,,"0.00",",,7,0700",,,,
"USC00168683","32.9922","-93.4418","73.2","2021-08-26",,,"0.00",",,7,0700",,,,
"USC00168683","32.9922","-93.4418","73.2","2021-08-27",,,"0.06",",,7,0700",,,,
"USC00168683","32.9922","-93.4418","73.2","2021-08-28",,,"0.00",",,7,0700",,,,
"USC00168683","32.9922","-93.4418","73.2","2021-08-29",,,"0.00",",,7,0700",,,,
"USC00168683","32.9922","-93.4418","73.2","2021-08-30",,,"0.04",",,7,0700",,,,
"USC00168683","32.9922","-93.4418","73.2","2021-08-31",,,"0.00",",,7,0700",,,,
"USC00168683","32.9922","-93.4418","73.2","2021-09-01",,,"0.00",",,7,0700",,,,
"USC00168683","32.9922","-93.4418","73.2","2021-09-02",,,"0.15",",,7,0700",,,,
"USC00168683","32.9922","-93.4418","73.2","2021-09-03",,,"0.00",",,7,0700",,,,
"USC00168683","32.9922","-93.4418","73.2","2021-09-04",,,"0.00",",,7,0700",,,,
"USC00168683","32.9922","-93.4418","73.2","2021-09-05",,,"0.00",",,7,0700",,,,
"USC00168683","32.9922","-93.4418","73.2","2021-09-06",,,"0.00",",,7,0700",,,,
"USC00168683","32.9922","-93.4418","73.2","2021-09-07",,,"0.00",",,7,0700",,,,
"USC00168683","32.9922","-93.4418","73.2","2021-09-08",,,"0.00",",,7,0700",,,,
"USC00168683","32.9922","-93.4418","73.2","2021-09-09",,,"0.00",",,7,0700",,,,
"USC00168683","32.9922","-93.4418","73.2","2021-09-10",,,"0.00",",,7,0700",,,,
"USC00168683","32.9922","-93.4418","73.2","2021-09-11",,,"0.00",",,7,0700",,,,
"USC00168683","32.9922","-93.4418","73.2","2021-09-12",,,"0.00",",,7,0700",,,,
"USC00168683","32.9922","-93.4418","73.2","2021-09-13",,,"0.00",",,7,0700",,,,
"USC00168683","32.9922","-93.4418","73.2","2021-09-14",,,"0.00",",,7,0700",,,,
"USC00168683","32.9922","-93.4418","73.2","2021-09-15",,,"0.00",",,7,0700",,,,
"USC00168683","32.9922","-93.4418","73.2","2021-09-16",,,"0.00",",,7,0700",,,,
"USC00168683","32.9922","-93.4418","73.2","2021-09-17",,,"0.00",",,7,0700",,,,
"USC00168683","32.9922","-93.4418","73.2","2021-09-18",,,"0.00",",,7,0700",,,,
"USC00168683","32.9922","-93.4418","73.2","2021-09-19",,,"0.00",",,7,0700",,,,
"USC00168683","32.9922","-93.4418","73.2","2021-09-20",,,"0.06",",,7,0700",,,,
"USC00168683","32.9922","-93.4418","73.2","2021-09-21",,,"0.00",",,7,0700",,,,
"USC00168683","32.9922","-93.4418","73.2","2021-09-22",,,"0.00",",,7,0700",,,,
"USC00168683","32.9922","-93.4418","73.2","2021-09-23",,,"0.00",",,7,0700",,,,
"USC00168683","32.9922","-93.4418","73.2","2021-09-24",,,"0.00",",,7,0700",,,,
"USC00168683","32.9922","-93.4418","73.2","2021-09-25",,,"0.00",",,7,0700",,,,
"USC00168683","32.9922","-93.4418","73.2","2021-09-26",,,"0.00",",,7,0700",,,,
"USC00168683","32.9922","-93.4418","73.2","2021-09-27",,,"0.00",",,7,0700",,,,
"USC00168683","32.9922","-93.4418","73.2","2021-09-28",,,"0.05",",,7,0700",,,,
"USC00168683","32.9922","-93.4418","73.2","2021-09-29",,,"0.00",",,7,0700",,,,
"USC00168683","32.9922","-93.4418","73.2","2021-09-30",,,"0.10",",,7,0700",,,,
"USC00168683","32.9922","-93.4418","73.2","2021-10-01",,,"0.64",",,7,0700",,,,
"USC00168683","32.9922","-93.4418","73.2","2021-10-02",,,"0.36",",,7,0700",,,,
"USC00168683","32.9922","-93.4418","73.2","2021-10-04",,,,,,,,
"USC00168683","32.9922","-93.4418","73.2","2021-10-05",,,"0.00",",,7,0700",,,,
"USC00168683","32.9922","-93.4418","73.2","2021-10-06",,,"0.00",",,7,0700",,,,
"USC00168683","32.9922","-93.4418","73.2","2021-10-07",,,"0.00",",,7,0700",,,,
"USC00168683","32.9922","-93.4418","73.2","2021-10-08",,,"0.00",",,7,0700",,,,
"USC00168683","32.9922","-93.4418","73.2","2021-10-09",,,"0.00",",,7,0700",,,,
"USC00168683","32.9922","-93.4418","73.2","2021-10-10",,,"0.00",",,7,0700",,,,
"USC00168683","32.9922","-93.4418","73.2","2021-10-11",,,"0.10",",,7,0700",,,,
"USC00168683","32.9922","-93.4418","73.2","2021-10-12",,,"0.00",",,7,0700",,,,
"USC00168683","32.9922","-93.4418","73.2","2021-10-13",,,"0.05",",,7,0700",,,,
"USC00168683","32.9922","-93.4418","73.2","2021-10-14",,,"0.00",",,7,0700",,,,
"USC00168683","32.9922","-93.4418","73.2","2021-10-15",,,"0.05",",,7,0700",,,,
"USC00168683","32.9922","-93.4418","73.2","2021-10-16",,,"0.00",",,7,0700",,,,
"USC00168683","32.9922","-93.4418","73.2","2021-10-17",,,"0.00",",,7,0700",,,,
"USC00168683","32.9922","-93.4418","73.2","2021-10-18",,,"0.00",",,7,0700",,,,
"USC00168683","32.9922","-93.4418","73.2","2021-10-19",,,"0.00",",,7,0700",,,,
"USC00168683","32.9922","-93.4418","73.2","2021-10-20",,,"0.00",",,7,0700",,,,
"USC00168683","32.9922","-93.4418","73.2","2021-10-21",,,"0.00",",,7,0700",,,,
"USC00168683","32.9922","-93.4418","73.2","2021-10-22",,,"0.00",",,7,0700",,,,
"USC00168683","32.9922","-93.4418","73.2","2021-10-23",,,"0.00",",,7,0700",,,,
"USC00168683","32.9922","-93.4418","73.2","2021-10-24",,,"0.00",",,7,0700",,,,
"USC00168683","32.9922","-93.4418","73.2","2021-10-25",,,"0.00",",,7,0700",,,,
"USC00168683","32.9922","-93.4418","73.2","2021-10-26",,,"0.00",",,7,0700",,,,
"USC00168683","32.9922","-93.4418","73.2","2021-10-27",,,"0.00",",,7,0700",,,,
"USC00168683","32.9922","-93.4418","73.2","2021-10-28",,,"0.63",",,7,0700",,,,
"USC00168683","32.9922","-93.4418","73.2","2021-10-29",,,"0.02",",,7,0700",,,,
"USC00168683","32.9922","-93.4418","73.2","2021-10-30",,,"0.00",",,7,0700",,,,
"USC00168683","32.9922","-93.4418","73.2","2021-10-31",,,"0.00",",,7,0700",,,,
"US1MEAN0030","44.092274","-70.262788","76.2","2021-08-02",,,,,,,,
"US1MEAN0030","44.092274","-70.262788","76.2","2021-08-03",,,"0.03",",,N",,,,
"US1MEAN0030","44.092274","-70.262788","76.2","2021-08-04",,,"0.00",",,N","0.0",",,N",,
"US1MEAN0030","44.092274","-70.262788","76.2","2021-08-05",,,"0.00",",,N","0.0",",,N",,
"US1MEAN0030","44.092274","-70.262788","76.2","2021-08-06",,,"0.30",",,N",,,,
"US1MEAN0030","44.092274","-70.262788","76.2","2021-08-07",,,"0.02",",,N",,,,
"US1MEAN0030","44.092274","-70.262788","76.2","2021-08-16",,,,,,,,
"US1MEAN0030","44.092274","-70.262788","76.2","2021-08-17",,,"0.00",",,N","0.0",",,N",,
"US1MEAN0030","44.092274","-70.262788","76.2","2021-08-18",,,"0.03",",,N",,,,
"US1MEAN0030","44.092274","-70.262788","76.2","2021-08-19",,,"0.01",",,N",,,,
"US1MEAN0030","44.092274","-70.262788","76.2","2021-08-20",,,"0.16",",,N",,,,
"US1MEAN0030","44.092274","-70.262788","76.2","2021-08-21",,,"0.00",",,N","0.0",",,N",,
"US1MEAN0030","44.092274","-70.262788","76.2","2021-08-22",,,"0.00",",,N","0.0",",,N",,
"US1MEAN0030","44.092274","-70.262788","76.2","2021-08-23",,,"0.30",",,N",,,,
"US1MEAN0030","44.092274","-70.262788","76.2","2021-08-24",,,"0.10",",,N",,,,
"US1MEAN0030","44.092274","-70.262788","76.2","2021-08-25",,,"0.01",",,N",,,,
"US1MEAN0030","44.092274","-70.262788","76.2","2021-08-26",,,"0.00",",,N","0.0",",,N",,
"US1MEAN0030","44.092274","-70.262788","76.2","2021-08-27",,,"0.00",",,N","0.0",",,N",,
"US1MEAN0030","44.092274","-70.262788","76.2","2021-08-28",,,"0.00",",,N","0.0",",,N",,
"US1MEAN0030","44.092274","-70.262788","76.2","2021-08-29",,,"0.01",",,N",,,,
"US1MEAN0030","44.092274","-70.262788","76.2","2021-08-30",,,"0.00",",,N","0.0",",,N",,
"US1MEAN0030","44.092274","-70.262788","76.2","2021-08-31",,,"0.19",",,N",,,,
"US1MEAN0030","44.092274","-70.262788","76.2","2021-09-01",,,"0.02",",,N",,,,
"US1MEAN0030","44.092274","-70.262788","76.2","2021-09-02",,,"1.15",",,N",,,,
"US1MEAN0030","44.092274","-70.262788","76.2","2021-09-03",,,"0.17",",,N",,,,
"US1MEAN0030","44.092274","-70.262788","76.2","2021-09-07",,,,,,,,
"US1MEAN0030","44.092274","-70.262788","76.2","2021-09-08",,,"0.00",",,N","0.0",",,N",,
"US1MEAN0030","44.092274","-70.262788","76.2","2021-09-09",,,"0.10",",,N",,,,
"US1MEAN0030","44.092274","-70.262788","76.2","2021-09-10",,,"1.10",",,N",,,,
"US1MEAN0030","44.092274","-70.262788","76.2","2021-09-19",,,,,,,,
"US1MEAN0030","44.092274","-70.262788","76.2","2021-09-20",,,"0.00",",,N","0.0",",,N",,
"US1MEAN0030","44.092274","-70.262788","76.2","2021-09-21",,,"0.00",",,N","0.0",",,N",,
"US1MEAN0030","44.092274","-70.262788","76.2","2021-09-22",,,"0.00","T,,N",,,,
"US1MEAN0030","44.092274","-70.262788","76.2","2021-09-23",,,"0.04",",,N",,,,
"US1MEAN0030","44.092274","-70.262788","76.2","2021-09-24",,,"0.02",",,N",,,,
"US1MEAN0030","44.092274","-70.262788","76.2","2021-09-25",,,"0.30",",,N",,,,
"US1MEAN0030","44.092274","-70.262788","76.2","2021-09-27",,,,,,,,
"US1MEAN0030","44.092274","-70.262788","76.2","2021-09-28",,,"0.00",",,N","0.0",",,N",,
"US1MEAN0030","44.092274","-70.262788","76.2","2021-09-29",,,"0.00",",,N","0.0",",,N",,
"US1MEAN0030","44.092274","-70.262788","76.2","2021-09-30",,,"0.00",",,N","0.0",",,N",,
"US1MEAN0030","44.092274","-70.262788","76.2","2021-10-01",,,"0.04",",,N",,,,
"US1MEAN0030","44.092274","-70.262788","76.2","2021-10-04",,,,,,,,
"US1MEAN0030","44.092274","-70.262788","76.2","2021-10-05",,,"0.01",",,N",,,,
"US1MEAN0030","44.092274","-70.262788","76.2","2021-10-06",,,"0.00",",,N","0.0",",,N",,
"US1MEAN0030","44.092274","-70.262788","76.2","2021-10-07",,,"0.00",",,N","0.0",",,N",,
"US1MEAN0030","44.092274","-70.262788","76.2","2021-10-08",,,"0.00",",,N","0.0",",,N",,
"US1MEAN0030","44.092274","-70.262788","76.2","2021-10-09",,,"0.00",",,N","0.0",",,N",,
"US1MEAN0030","44.092274","-70.262788","76.2","2021-10-10",,,"0.00",",,N","0.0",",,N",,
"US1MEAN0030","44.092274","-70.262788","76.2","2021-10-11",,,"0.00",",,N","0.0",",,N",,
"US1MEAN0030","44.092274","-70.262788","76.2","2021-10-12",,,"0.00",",,N","0.0",",,N",,
"US1MEAN0030","44.092274","-70.262788","76.2","2021-10-13",,,"0.00",",,N","0.0",",,N",,
"US1MEAN0030","44.092274","-70.262788","76.2","2021-10-14",,,"0.00",",,N","0.0",",,N",,
"US1MEAN0030","44.092274","-70.262788","76.2","2021-10-15",,,"0.00",",,N","0.0",",,N",,
"US1MEAN0030","44.092274","-70.262788","76.2","2021-10-17",,,,,,,,
"US1MEAN0030","44.092274","-70.262788","76.2","2021-10-18",,,"0.00",",,N","0.0",",,N",,
"US1MEAN0030","44.092274","-70.262788","76.2","2021-10-19",,,"0.00",",,N","0.0",",,N",,
"US1MEAN0030","44.092274","-70.262788","76.2","2021-10-20",,,"0.00",",,N","0.0",",,N",,
"US1MEAN0030","44.092274","-70.262788","76.2","2021-10-21",,,"0.00",",,N","0.0",",,N",,
"US1MEAN0030","44.092274","-70.262788","76.2","2021-10-22",,,"0.05",",,N",,,,
"US1MEAN0030","44.092274","-70.262788","76.2","2021-10-23",,,"0.03",",,N",,,,
"US1MEAN0030","44.092274","-70.262788","76.2","2021-10-24",,,"0.00",",,N","0.0",",,N",,
"US1MEAN0030","44.092274","-70.262788","76.2","2021-10-25",,,"0.00",",,N","0.0",",,N",,
"US1MEAN0030","44.092274","-70.262788","76.2","2021-10-26",,,"0.45",",,N",,,,
"US1MEAN0030","44.092274","-70.262788","76.2","2021-10-28",,,,,,,,
"US1MELN0013","44.114819","-69.366445","64.3","2021-08-01",,,"0.00",",,N","0.0",",,N",,
"US1MELN0013","44.114819","-69.366445","64.3","2021-08-02",,,"0.00",",,N","0.0",",,N",,
"US1MELN0013","44.114819","-69.366445","64.3","2021-08-03",,,"0.04",",,N","0.0",",,N",,
"US1MELN0013","44.114819","-69.366445","64.3","2021-08-04",,,"0.00",",,N","0.0",",,N",,
"US1MELN0013","44.114819","-69.366445","64.3","2021-08-05",,,"0.16",",,N","0.0",",,N",,
"US1MELN0013","44.114819","-69.366445","64.3","2021-08-06",,,"0.45",",,N","0.0",",,N",,
"US1MELN0013","44.114819","-69.366445","64.3","2021-08-07",,,"0.00",",,N","0.0",",,N",,
"US1MELN0013","44.114819","-69.366445","64.3","2021-08-08",,,"0.00",",,N","0.0",",,N",,
"US1MELN0013","44.114819","-69.366445","64.3","2021-08-09",,,"0.00",",,N","0.0",",,N",,
"US1MELN0013","44.114819","-69.366445","64.3","2021-08-13",,,,,,,,
"US1MELN0013","44.114819","-69.366445","64.3","2021-08-14",,,"0.00",",,N","0.0",",,N",,
"US1MELN0013","44.114819","-69.366445","64.3","2021-08-15",,,"0.54",",,N","0.0",",,N",,
"US1MELN0013","44.114819","-69.366445","64.3","2021-08-16",,,"0.00",",,N","0.0",",,N",,
"US1MELN0013","44.114819","-69.366445","64.3","2021-08-17",,,"0.00",",,N","0.0",",,N",,
"US1MELN0013","44.114819","-69.366445","64.3","2021-08-18",,,"0.01",",,N","0.0",",,N",,
"US1MELN0013","44.114819","-69.366445","64.3","2021-08-19",,,"0.00","T,,N","0.0",",,N",,
"US1MELN0013","44.114819","-69.366445","64.3","2021-08-20",,,"0.65",",,N","0.0",",,N",,
"US1MELN0013","44.114819","-69.366445","64.3","2021-08-21",,,"0.00",",,N","0.0",",,N",,
"US1MELN0013","44.114819","-69.366445","64.3","2021-08-22",,,"0.00",",,N","0.0",",,N",,
"US1MELN0013","44.114819","-69.366445","64.3","2021-08-23",,,"0.40",",,N","0.0",",,N",,
"US1MELN0013","44.114819","-69.366445","64.3","2021-08-24",,,"0.01",",,N","0.0",",,N",,
"US1MELN0013","44.114819","-69.366445","64.3","2021-08-25",,,"0.00",",,N","0.0",",,N",,
"US1MELN0013","44.114819","-69.366445","64.3","2021-08-26",,,"0.00",",,N","0.0",",,N",,
"US1MELN0013","44.114819","-69.366445","64.3","2021-08-27",,,"0.00",",,N","0.0",",,N",,
"US1MELN0013","44.114819","-69.366445","64.3","2021-08-28",,,"0.00",",,N","0.0",",,N",,
"US1MELN0013","44.114819","-69.366445","64.3","2021-08-29",,,"0.12",",,N","0.0",",,N",,
"US1MELN0013","44.114819","-69.366445","64.3","2021-08-30",,,"0.00",",,N","0.0",",,N",,
"US1MELN0013","44.114819","-69.366445","64.3","2021-08-31",,,"0.02",",,N","0.0",",,N",,
"US1MELN0013","44.114819","-69.366445","64.3","2021-09-01",,,"0.00",",,N","0.0",",,N",,
"US1MELN0013","44.114819","-69.366445","64.3","2021-09-02",,,"1.41",",,N","0.0",",,N",,
"US1MELN0013","44.114819","-69.366445","64.3","2021-09-03",,,"0.00",",,N","0.0",",,N",,
"US1MELN0013","44.114819","-69.366445","64.3","2021-09-04",,,"0.11",",,N","0.0",",,N",,
"US1MELN0013","44.114819","-69.366445","64.3","2021-09-05",,,"0.00",",,N","0.0",",,N",,
"US1MELN0013","44.114819","-69.366445","64.3","2021-09-06",,,"0.16",",,N","0.0",",,N",,
"US1MELN0013","44.114819","-69.366445","64.3","2021-09-07",,,"0.17",",,N","0.0",",,N",,
"US1MELN0013","44.114819","-69.366445","64.3","2021-09-08",,,"0.00",",,N","0.0",",,N",,
"US1MELN0013","44.114819","-69.366445","64.3","2021-09-09",,,"0.02",",,N","0.0",",,N",,
"US1MELN0013","44.114819","-69.366445","64.3","2021-09-10",,,"1.24",",,N","0.0",",,N",,
"US1MELN0013","44.114819","-69.366445","64.3","2021-09-11",,,"0.11",",,N","0.0",",,N",,
"US1MELN0013","44.114819","-69.366445","64.3","2021-09-12",,,"0.00",",,N","0.0",",,N",,
"US1MELN0013","44.114819","-69.366445","64.3","2021-09-13",,,"0.00",",,N","0.0",",,N",,
"US1MELN0013","44.114819","-69.366445","64.3","2021-09-15",,,"0.00","T,,N","0.0",",,N",,
"US1MELN0013","44.114819","-69.366445","64.3","2021-09-16",,,"0.08",",,N","0.0",",,N",,
"US1MELN0013","44.114819","-69.366445","64.3","2021-09-17",,,"0.00",",,N","0.0",",,N",,
"US1MELN0013","44.114819","-69.366445","64.3","2021-09-18",,,"0.02",",,N","0.0",",,N",,
"US1MELN0013","44.114819","-69.366445","64.3","2021-09-19",,,"0.32",",,N","0.0",",,N",,
"US1MELN0013","44.114819","-69.366445","64.3","2021-09-20",,,"0.00",",,N","0.0",",,N",,
"US1MELN0013","44.114819","-69.366445","64.3","2021-09-21",,,"0.00",",,N","0.0",",,N",,
"US1MELN0013","44.114819","-69.366445","64.3","2021-09-22",,,"0.03",",,N","0.0",",,N",,
"US1MELN0013","44.114819","-69.366445","64.3","2021-09-23",,,"0.00",",,N","0.0",",,N",,
"US1MELN0013","44.114819","-69.366445","64.3","2021-09-24",,,"0.01",",,N","0.0",",,N",,
"US1MELN0013","44.114819","-69.366445","64.3","2021-09-25",,,"0.78",",,N","0.0",",,N",,
"US1MELN0013","44.114819","-69.366445","64.3","2021-09-26",,,"0.62",",,N","0.0",",,N",,
"US1MELN0013","44.114819","-69.366445","64.3","2021-09-27",,,"0.34",",,N","0.0",",,N",,
"US1MELN0013","44.114819","-69.366445","64.3","2021-09-28",,,"0.00",",,N","0.0",",,N",,
"US1MELN0013","44.114819","-69.366445","64.3","2021-09-29",,,"0.00",",,N","0.0",",,N",,
"US1MELN0013","44.114819","-69.366445","64.3","2021-09-30",,,"0.10",",,N","0.0",",,N",,
"US1MELN0013","44.114819","-69.366445","64.3","2021-10-01",,,"0.12",",,N","0.0",",,N",,
"US1MELN0013","44.114819","-69.366445","64.3","2021-10-02",,,"0.00",",,N","0.0",",,N",,
"US1MELN0013","44.114819","-69.366445","64.3","2021-10-03",,,"0.01",",,N","0.0",",,N",,
"US1MELN0013","44.114819","-69.366445","64.3","2021-10-04",,,"0.09",",,N","0.0",",,N",,
"US1MELN0013","44.114819","-69.366445","64.3","2021-10-05",,,"0.00",",,N","0.0",",,N",,
"US1MELN0013","44.114819","-69.366445","64.3","2021-10-06",,,"0.00",",,N","0.0",",,N",,
"US1MELN0013","44.114819","-69.366445","64.3","2021-10-07",,,"0.00",",,N","0.0",",,N",,
"US1MELN0013","44.114819","-69.366445","64.3","2021-10-08",,,"0.00",",,N","0.0",",,N",,
"US1MELN0013","44.114819","-69.366445","64.3","2021-10-09",,,"0.00",",,N","0.0",",,N",,
"US1MELN0013","44.114819","-69.366445","64.3","2021-10-10",,,"0.00",",,N","0.0",",,N",,
"US1MELN0013","44.114819","-69.366445","64.3","2021-10-11",,,"0.00",",,N","0.0",",,N",,
"US1MELN0013","44.114819","-69.366445","64.3","2021-10-12",,,"0.00",",,N","0.0",",,N",,
"US1MELN0013","44.114819","-69.366445","64.3","2021-10-13",,,"0.00",",,N","0.0",",,N",,
"US1MELN0013","44.114819","-69.366445","64.3","2021-10-14",,,"0.00",",,N","0.0",",,N",,
"US1MELN0013","44.114819","-69.366445","64.3","2021-10-15",,,"0.00",",,N","0.0",",,N",,
"US1MELN0013","44.114819","-69.366445","64.3","2021-10-16",,,"0.35",",,N","0.0",",,N",,
"US1MELN0013","44.114819","-69.366445","64.3","2021-10-17",,,"0.92",",,N","0.0",",,N",,
"US1MELN0013","44.114819","-69.366445","64.3","2021-10-19",,,"0.00",",,N","0.0",",,N",,
"US1MELN0013","44.114819","-69.366445","64.3","2021-10-20",,,"0.00",",,N","0.0",",,N",,
"US1MELN0013","44.114819","-69.366445","64.3","2021-10-21",,,"0.00",",,N","0.0",",,N",,
"US1MELN0013","44.114819","-69.366445","64.3","2021-10-22",,,"0.06",",,N","0.0",",,N",,
"US1MELN0013","44.114819","-69.366445","64.3","2021-10-23",,,"0.00",",,N","0.0",",,N",,
"US1MELN0013","44.114819","-69.366445","64.3","2021-10-24",,,"0.00",",,N","0.0",",,N",,
"US1MELN0013","44.114819","-69.366445","64.3","2021-10-25",,,"0.00",",,N","0.0",",,N",,
"US1MELN0013","44.114819","-69.366445","64.3","2021-10-26",,,"0.27",",,N","0.0",",,N",,
"US1MELN0013","44.114819","-69.366445","64.3","2021-10-27",,,"0.65",",,N","0.0",",,N",,
"US1MELN0013","44.114819","-69.366445","64.3","2021-10-28",,,"0.14",",,N","0.0",",,N",,
"US1MELN0013","44.114819","-69.366445","64.3","2021-10-29",,,"0.00",",,N","0.0",",,N",,
"US1MELN0013","44.114819","-69.366445","64.3","2021-10-30",,,"0.02",",,N","0.0",",,N",,
"US1MELN0013","44.114819","-69.366445","64.3","2021-10-31",,,"3.75",",,N","0.0",",,N",,
"US1MELN0013","44.114819","-69.366445","64.3","2021-11-01",,,"0.05",",,N","0.0",",,N",,
"US1MELN0013","44.114819","-69.366445","64.3","2021-11-02",,,"0.00",",,N","0.0",",,N",,
"US1MELN0013","44.114819","-69.366445","64.3","2021-11-03",,,"0.00",",,N","0.0",",,N",,
"US1MELN0013","44.114819","-69.366445","64.3","2021-11-04",,,"0.00",",,N","0.0",",,N",,
"US1MELN0013","44.114819","-69.366445","64.3","2021-11-05",,,"0.00",",,N","0.0",",,N",,
"US1MELN0013","44.114819","-69.366445","64.3","2021-11-06",,,"0.00",",,N","0.0",",,N",,
"US1MELN0013","44.114819","-69.366445","64.3","2021-11-07",,,"0.00",",,N","0.0",",,N",,
"US1MELN0013","44.114819","-69.366445","64.3","2021-11-08",,,"0.00",",,N","0.0",",,N",,
"US1MELN0013","44.114819","-69.366445","64.3","2021-11-09",,,"0.00",",,N","0.0",",,N",,
"US1MELN0013","44.114819","-69.366445","64.3","2021-11-10",,,"0.12",",,N","0.0",",,N",,
"US1MELN0013","44.114819","-69.366445","64.3","2021-11-11",,,"0.15",",,N","0.0",",,N",,
"US1MELN0013","44.114819","-69.366445","64.3","2021-11-12",,,"0.00",",,N","0.0",",,N",,
"US1MELN0013","44.114819","-69.366445","64.3","2021-11-13",,,"1.76",",,N","0.0",",,N",,
"US1MELN0013","44.114819","-69.366445","64.3","2021-11-14",,,"0.32",",,N","0.0",",,N",,
"US1MELN0013","44.114819","-69.366445","64.3","2021-11-15",,,"0.29",",,N","0.0",",,N",,
"US1MELN0013","44.114819","-69.366445","64.3","2021-11-16",,,"0.00",",,N","0.0",",,N",,
"US1MELN0013","44.114819","-69.366445","64.3","2021-11-17",,,"0.00",",,N","0.0",",,N",,
"US1MELN0013","44.114819","-69.366445","64.3","2021-11-18",,,"0.06",",,N","0.0",",,N",,
"US1MELN0013","44.114819","-69.366445","64.3","2021-11-19",,,"0.17",",,N","0.0",",,N",,
"US1MELN0013","44.114819","-69.366445","64.3","2021-11-20",,,"0.00",",,N","0.0",",,N",,
"US1MELN0013","44.114819","-69.366445","64.3","2021-11-21",,,"0.00",",,N","0.0",",,N",,
"US1MELN0013","44.114819","-69.366445","64.3","2021-11-22",,,"1.41",",,N","0.0",",,N",,
"US1MELN0013","44.114819","-69.366445","64.3","2021-11-23",,,"0.35",",,N","0.0",",,N",,
"US1MELN0013","44.114819","-69.366445","64.3","2021-11-24",,,"0.00",",,N","0.0",",,N",,
"US1MELN0013","44.114819","-69.366445","64.3","2021-11-25",,,"0.00",",,N","0.0",",,N",,
"US1MELN0013","44.114819","-69.366445","64.3","2021-11-26",,,"0.00","T,,N","0.0",",,N",,
"US1MELN0013","44.114819","-69.366445","64.3","2021-11-27",,,"0.69",",,N","1.4",",,N",,
"US1MELN0013","44.114819","-69.366445","64.3","2021-11-28",,,"0.00",",,N","0.0",",,N",,
"USC00177039","44.98923","-70.67223","542.5","2021-08-01",,,"0.00",",,7,0700","0.0",",,7,0700",,
"USC00177039","44.98923","-70.67223","542.5","2021-08-02",,,"0.48",",,7,0700","0.0",",,7,0700",,
"USC00177039","44.98923","-70.67223","542.5","2021-08-03",,,"0.10",",,7,0700","0.0",",,7,0700",,
"USC00177039","44.98923","-70.67223","542.5","2021-08-04",,,"0.00",",,7,0700","0.0",",,7,0700",,
"USC00177039","44.98923","-70.67223","542.5","2021-08-05",,,"0.00",",,7,0700","0.0",",,7,0700",,
"USC00177039","44.98923","-70.67223","542.5","2021-08-06",,,"0.00",",,7,0700","0.0",",,7,0700",,
"USC00177039","44.98923","-70.67223","542.5","2021-08-07",,,"0.00",",,7,0700","0.0",",,7,0700",,
"USC00177039","44.98923","-70.67223","542.5","2021-08-08",,,"0.00","T,,7,0700","0.0",",,7,0700",,
"USC00177039","44.98923","-70.67223","542.5","2021-08-09",,,"0.02",",,7,0700","0.0",",,7,0700",,
"USC00177039","44.98923","-70.67223","542.5","2021-08-10",,,"0.00",",,7,0700","0.0",",,7,0700",,
"USC00177039","44.98923","-70.67223","542.5","2021-08-11",,,"0.00",",,7,0700","0.0",",,7,0700",,
"USC00177039","44.98923","-70.67223","542.5","2021-08-12",,,"0.17",",,7,0700","0.0",",,7,0700",,
"USC00177039","44.98923","-70.67223","542.5","2021-08-13",,,"0.48",",,7,0700","0.0",",,7,0700",,
"USC00177039","44.98923","-70.67223","542.5","2021-08-14",,,"0.72",",,7,0700","0.0",",,7,0700",,
"USC00177039","44.98923","-70.67223","542.5","2021-08-15",,,"0.07",",,7,0700","0.0",",,7,0700",,
"USC00177039","44.98923","-70.67223","542.5","2021-08-16",,,"0.00",",,7,0700","0.0",",,7,0700",,
"USC00177039","44.98923","-70.67223","542.5","2021-08-17",,,"0.00",",,7,0700","0.0",",,7,0700",,
"USC00177039","44.98923","-70.67223","542.5","2021-08-18",,,"0.02",",,7,0700","0.0",",,7,0700",,
"USC00177039","44.98923","-70.67223","542.5","2021-08-19",,,"0.01",",,7,0700","0.0",",,7,0700",,
"USC00177039","44.98923","-70.67223","542.5","2021-08-20",,,"0.00",",,7,0700","0.0",",,7,0700",,
"USC00177039","44.98923","-70.67223","542.5","2021-08-21",,,"0.00",",,7,0700","0.0",",,7,0700",,
"USC00177039","44.98923","-70.67223","542.5","2021-08-22",,,"0.00","T,,7,0700","0.0",",,7,0700",,
"USC00177039","44.98923","-70.67223","542.5","2021-08-23",,,"0.05",",,7,0700","0.0",",,7,0700",,
"USC00177039","44.98923","-70.67223","542.5","2021-08-24",,,"0.01",",,7,0700","0.0",",,7,0700",,
"USC00177039","44.98923","-70.67223","542.5","2021-08-25",,,"0.00",",,7,0700","0.0",",,7,0700",,
"USC00177039","44.98923","-70.67223","542.5","2021-08-26",,,"0.00",",,7,0700","0.0",",,7,0700",,
"USC00177039","44.98923","-70.67223","542.5","2021-08-27",,,"0.00",",,7,0700","0.0",",,7,0700",,
"USC00177039","44.98923","-70.67223","542.5","2021-08-28",,,"0.00",",,7,0700","0.0",",,7,0700",,
"USC00177039","44.98923","-70.67223","542.5","2021-08-29",,,"0.20",",,7,0700","0.0",",,7,0700",,
"USC00177039","44.98923","-70.67223","542.5","2021-08-30",,,"0.03",",,7,0700","0.0",",,7,0700",,
"USC00177039","44.98923","-70.67223","542.5","2021-08-31",,,"0.07",",,7,0700","0.0",",,7,0700",,
"USC00177039","44.98923","-70.67223","542.5","2021-09-01",,,"0.00",",,7,0700","0.0",",,7,0700",,
"USC00177039","44.98923","-70.67223","542.5","2021-09-02",,,"0.00","T,,7,0700","0.0",",,7,0700",,
"USC00177039","44.98923","-70.67223","542.5","2021-09-03",,,"0.00",",,7,0700","0.0",",,7,0700",,
"USC00177039","44.98923","-70.67223","542.5","2021-09-04",,,"0.00",",,7,0700","0.0",",,7,0700",,
"USC00177039","44.98923","-70.67223","542.5","2021-09-05",,,"0.00",",,7,0700","0.0",",,7,0700",,
"USC00177039","44.98923","-70.67223","542.5","2021-09-06",,,"0.00",",,7,0700","0.0",",,7,0700",,
"USC00177039","44.98923","-70.67223","542.5","2021-09-07",,,"0.29",",,7,0700","0.0",",,7,0700",,
"USC00177039","44.98923","-70.67223","542.5","2021-09-08",,,"0.00",",,7,0700","0.0",",,7,0700",,
"USC00177039","44.98923","-70.67223","542.5","2021-09-09",,,"0.40",",,7,0700","0.0",",,7,0700",,
"USC00177039","44.98923","-70.67223","542.5","2021-09-10",,,"0.32",",,7,0700","0.0",",,7,0700",,
"USC00177039","44.98923","-70.67223","542.5","2021-09-11",,,"0.00","T,,7,0700","0.0",",,7,0700",,
"USC00177039","44.98923","-70.67223","542.5","2021-09-12",,,"0.00",",,7,0700","0.0",",,7,0700",,
"USC00177039","44.98923","-70.67223","542.5","2021-09-13",,,"0.00",",,7,0700","0.0",",,7,0700",,
"USC00177039","44.98923","-70.67223","542.5","2021-09-14",,,"0.00",",,7,0700","0.0",",,7,0700",,
"USC00177039","44.98923","-70.67223","542.5","2021-09-15",,,"0.00",",,7,0700","0.0",",,7,0700",,
"USC00177039","44.98923","-70.67223","542.5","2021-09-16",,,"0.95",",,7,0700","0.0",",,7,0700",,
"USC00177039","44.98923","-70.67223","542.5","2021-09-17",,,"0.00",",,7,0700","0.0",",,7,0700",,
"USC00177039","44.98923","-70.67223","542.5","2021-09-18",,,"0.00",",,7,0700","0.0",",,7,0700",,
"USC00177039","44.98923","-70.67223","542.5","2021-09-19",,,"0.00",",,7,0700","0.0",",,7,0700",,
"USC00177039","44.98923","-70.67223","542.5","2021-09-20",,,"0.00",",,7,0700","0.0",",,7,0700",,
"USC00177039","44.98923","-70.67223","542.5","2021-09-21",,,"0.00",",,7,0700","0.0",",,7,0700",,
"USC00177039","44.98923","-70.67223","542.5","2021-09-22",,,"0.00",",,7,0700","0.0",",,7,0700",,
"USC00177039","44.98923","-70.67223","542.5","2021-09-23",,,"0.00",",,7,0700","0.0",",,7,0700",,
"USC00177039","44.98923","-70.67223","542.5","2021-09-24",,,"0.02",",,7,0700","0.0",",,7,0700",,
"USC00177039","44.98923","-70.67223","542.5","2021-09-25",,,"0.57",",,7,0700","0.0",",,7,0700",,
"USC00177039","44.98923","-70.67223","542.5","2021-09-26",,,"0.02",",,7,0700","0.0",",,7,0700",,
"USC00177039","44.98923","-70.67223","542.5","2021-09-27",,,"0.00",",,7,0700","0.0",",,7,0700",,
"USC00177039","44.98923","-70.67223","542.5","2021-09-28",,,"0.10",",,7,0700","0.0",",,7,0700",,
"USC00177039","44.98923","-70.67223","542.5","2021-09-29",,,"0.00",",,7,0700","0.0",",,7,0700",,
"USC00177039","44.98923","-70.67223","542.5","2021-09-30",,,"0.12",",,7,0700","0.0",",,7,0700",,
"USC00177039","44.98923","-70.67223","542.5","2021-10-01",,,"0.02",",,H,0700","0.0",",,H,0700",,
"USC00177039","44.98923","-70.67223","542.5","2021-10-02",,,"0.00",",,H,0700","0.0",",,H,0700",,
"USC00177039","44.98923","-70.67223","542.5","2021-10-03",,,"0.08",",,H,0700","0.0",",,H,0700",,
"USC00177039","44.98923","-70.67223","542.5","2021-10-04",,,"0.02",",,H,0700","0.0",",,H,0700",,
"USC00177039","44.98923","-70.67223","542.5","2021-10-05",,,"0.00",",,H,0700","0.0",",,H,0700",,
"USC00177039","44.98923","-70.67223","542.5","2021-10-06",,,"0.00",",,H,0700","0.0",",,H,0700",,
"USC00177039","44.98923","-70.67223","542.5","2021-10-07",,,"0.00",",,H,0700","0.0",",,H,0700",,
"USC00177039","44.98923","-70.67223","542.5","2021-10-08",,,"0.00",",,H,0700","0.0",",,H,0700",,
"USC00177039","44.98923","-70.67223","542.5","2021-10-09",,,"0.00",",,H,0700","0.0",",,H,0700",,
"USC00177039","44.98923","-70.67223","542.5","2021-10-10",,,"0.00",",,H,0700","0.0",",,H,0700",,
"USC00177039","44.98923","-70.67223","542.5","2021-10-11",,,"0.00",",,H,0700","0.0",",,H,0700",,
"USC00177039","44.98923","-70.67223","542.5","2021-10-12",,,"0.00",",,H,0700","0.0",",,H,0700",,
"USC00177039","44.98923","-70.67223","542.5","2021-10-13",,,"0.00",",,H,0700","0.0",",,H,0700",,
"USC00177039","44.98923","-70.67223","542.5","2021-10-14",,,"0.00",",,H,0700","0.0",",,H,0700",,
"USC00177039","44.98923","-70.67223","542.5","2021-10-15",,,"0.00",",,H,0700","0.0",",,H,0700",,
"USC00177039","44.98923","-70.67223","542.5","2021-10-16",,,"0.20",",,H,0700","0.0",",,H,0700",,
"USC00177039","44.98923","-70.67223","542.5","2021-10-17",,,"0.60",",,H,0700","0.0",",,H,0700",,
"USC00177039","44.98923","-70.67223","542.5","2021-10-18",,,"0.00",",,H,0700","0.0",",,H,0700",,
"USC00177039","44.98923","-70.67223","542.5","2021-10-19",,,"0.08",",,H,0700","0.0",",,H,0700",,
"USC00177039","44.98923","-70.67223","542.5","2021-10-20",,,"0.04",",,H,0700","0.0",",,H,0700",,
"USC00177039","44.98923","-70.67223","542.5","2021-10-21",,,"0.00",",,H,0700","0.0",",,H,0700",,
"USC00177039","44.98923","-70.67223","542.5","2021-10-22",,,"0.07",",,H,0700","0.0",",,H,0700",,
"USC00177039","44.98923","-70.67223","542.5","2021-10-23",,,"0.00",",,H,0700","0.0",",,H,0700",,
"USC00177039","44.98923","-70.67223","542.5","2021-10-24",,,"0.00",",,H,0700","0.0",",,H,0700",,
"USC00177039","44.98923","-70.67223","542.5","2021-10-25",,,"0.00",",,H,0700","0.0",",,H,0700",,
"USC00177039","44.98923","-70.67223","542.5","2021-10-26",,,"0.11",",,H,0700","0.0",",,H,0700",,
"USC00177039","44.98923","-70.67223","542.5","2021-10-27",,,"0.05",",,H,0700","0.0",",,H,0700",,
"USC00177039","44.98923","-70.67223","542.5","2021-10-28",,,"0.00",",,H,0700","0.0",",,H,0700",,
"USC00177039","44.98923","-70.67223","542.5","2021-10-29",,,"0.00",",,H,0700","0.0",",,H,0700",,
"USC00177039","44.98923","-70.67223","542.5","2021-10-30",,,"0.00",",,H,0700","0.0",",,H,0700",,
"USC00177039","44.98923","-70.67223","542.5","2021-10-31",,,"0.95",",,H,0700","0.0",",,H,0700",,
"USC00177039","44.98923","-70.67223","542.5","2021-11-01",,,"0.16",",,H,0700","0.0",",,H,0700",,
"USC00177039","44.98923","-70.67223","542.5","2021-11-02",,,"0.00",",,H,0700","0.0",",,H,0700",,
"USC00177039","44.98923","-70.67223","542.5","2021-11-03",,,"0.00",",,H,0700","0.0",",,H,0700",,
"USC00177039","44.98923","-70.67223","542.5","2021-11-04",,,"0.00",",,H,0700","0.0",",,H,0700",,
"USC00177039","44.98923","-70.67223","542.5","2021-11-05",,,"0.00",",,H,0700","0.0",",,H,0700",,
"USC00177039","44.98923","-70.67223","542.5","2021-11-06",,,"0.00",",,H,0700","0.0",",,H,0700",,
"USC00177039","44.98923","-70.67223","542.5","2021-11-07",,,"0.00",",,H,0700","0.0",",,H,0700",,
"USC00177039","44.98923","-70.67223","542.5","2021-11-08",,,"0.00",",,H,0700","0.0",",,H,0700",,
"USC00177039","44.98923","-70.67223","542.5","2021-11-09",,,"0.00",",,H,0700","0.0",",,H,0700",,
"USC00177039","44.98923","-70.67223","542.5","2021-11-10",,,"0.00",",,H,0700","0.0",",,H,0700",,
"USC00177039","44.98923","-70.67223","542.5","2021-11-11",,,"0.00",",,H,0700","0.0",",,H,0700",,
"USC00177039","44.98923","-70.67223","542.5","2021-11-12",,,"0.05",",,H,0700","0.0",",,H,0700",,
"USC00177039","44.98923","-70.67223","542.5","2021-11-13",,,"0.70",",,H,0700","0.0",",,H,0700",,
"USC00177039","44.98923","-70.67223","542.5","2021-11-14",,,"0.00",",,H,0700","0.0",",,H,0700",,
"USC00177039","44.98923","-70.67223","542.5","2021-11-15",,,"0.05",",,H,0700","0.5",",,H,0700",,
"USC00177039","44.98923","-70.67223","542.5","2021-11-16",,,"0.03",",,H,0700","0.2",",,H,0700",,
"USC00177039","44.98923","-70.67223","542.5","2021-11-17",,,"0.01",",,H,0700","0.2",",,H,0700",,
"USC00177039","44.98923","-70.67223","542.5","2021-11-18",,,"0.28",",,H,0700","0.0",",,H,0700",,
"USC00177039","44.98923","-70.67223","542.5","2021-11-19",,,"0.11",",,H,0700","0.0",",,H,0700",,
"USC00177039","44.98923","-70.67223","542.5","2021-11-20",,,"0.03",",,H,0700","0.3",",,H,0700",,
"USC00177039","44.98923","-70.67223","542.5","2021-11-21",,,"0.00",",,H,0700","0.0",",,H,0700",,
"USC00177039","44.98923","-70.67223","542.5","2021-11-23",,,"0.00",",,H,0700","0.0",",,H,0700",,
"USC00177039","44.98923","-70.67223","542.5","2021-11-24",,,"0.00",",,H,0700","0.0",",,H,0700",,
"USC00177039","44.98923","-70.67223","542.5","2021-11-25",,,"0.00",",,H,0700","0.0",",,H,0700",,
"USC00177039","44.98923","-70.67223","542.5","2021-11-26",,,"0.00",",,H,0700","0.0",",,H,0700",,
"USC00177039","44.98923","-70.67223","542.5","2021-11-27",,,"0.40",",,H,0700","3.0",",,H,0700",,
"USC00177039","44.98923","-70.67223","542.5","2021-11-28",,,"0.07",",,H,0700","3.0",",,H,0700",,
"US1LANT0006","31.933048","-93.027671","0.9","2021-08-01",,,"0.00",",,N","0.0",",,N",,
"US1LANT0006","31.933048","-93.027671","0.9","2021-08-02",,,"0.21",",,N",,,,
"US1LANT0006","31.933048","-93.027671","0.9","2021-08-03",,,"0.07",",,N",,,,
"US1LANT0006","31.933048","-93.027671","0.9","2021-08-04",,,"0.00",",,N","0.0",",,N",,
"US1LANT0006","31.933048","-93.027671","0.9","2021-08-05",,,"0.00",",,N","0.0",",,N",,
"US1LANT0006","31.933048","-93.027671","0.9","2021-08-06",,,"0.00",",,N","0.0",",,N",,
"US1LANT0006","31.933048","-93.027671","0.9","2021-08-07",,,"0.00",",,N","0.0",",,N",,
"US1LANT0006","31.933048","-93.027671","0.9","2021-08-08",,,"0.00",",,N","0.0",",,N",,
"US1LANT0006","31.933048","-93.027671","0.9","2021-08-09",,,"0.00",",,N","0.0",",,N",,
"US1LANT0006","31.933048","-93.027671","0.9","2021-08-10",,,"0.00",",,N","0.0",",,N",,
"US1LANT0006","31.933048","-93.027671","0.9","2021-08-11",,,"0.00",",,N","0.0",",,N",,
"US1LANT0006","31.933048","-93.027671","0.9","2021-08-12",,,"0.00",",,N","0.0",",,N",,
"US1LANT0006","31.933048","-93.027671","0.9","2021-08-13",,,"0.00",",,N","0.0",",,N",,
"US1LANT0006","31.933048","-93.027671","0.9","2021-08-14",,,"0.00",",,N","0.0",",,N",,
"US1LANT0006","31.933048","-93.027671","0.9","2021-08-15",,,"1.60",",,N",,,,
"US1LANT0006","31.933048","-93.027671","0.9","2021-08-16",,,"0.00",",,N","0.0",",,N",,
"US1LANT0006","31.933048","-93.027671","0.9","2021-08-18",,,"0.58",",,N",,,,
"US1LANT0006","31.933048","-93.027671","0.9","2021-08-19",,,"1.48",",,N",,,,
"US1LANT0006","31.933048","-93.027671","0.9","2021-08-20",,,"0.65",",,N",,,,
"US1LANT0006","31.933048","-93.027671","0.9","2021-08-21",,,"0.00",",,N","0.0",",,N",,
"US1LANT0006","31.933048","-93.027671","0.9","2021-08-22",,,"0.00",",,N","0.0",",,N",,
"US1LANT0006","31.933048","-93.027671","0.9","2021-08-23",,,"0.00",",,N","0.0",",,N",,
"US1LANT0006","31.933048","-93.027671","0.9","2021-08-24",,,"0.00",",,N","0.0",",,N",,
"US1LANT0006","31.933048","-93.027671","0.9","2021-08-25",,,"0.20",",,N",,,,
"US1LANT0006","31.933048","-93.027671","0.9","2021-08-26",,,"0.00",",,N","0.0",",,N",,
"US1LANT0006","31.933048","-93.027671","0.9","2021-08-27",,,"0.38",",,N",,,,
"US1LANT0006","31.933048","-93.027671","0.9","2021-08-28",,,"0.00",",,N","0.0",",,N",,
"US1LANT0006","31.933048","-93.027671","0.9","2021-08-29",,,"0.08",",,N",,,,
"US1LANT0006","31.933048","-93.027671","0.9","2021-08-30",,,"0.09",",,N",,,,
"US1LANT0006","31.933048","-93.027671","0.9","2021-08-31",,,"0.03",",,N",,,,
"US1LANT0006","31.933048","-93.027671","0.9","2021-09-01",,,"0.00",",,N","0.0",",,N",,
"US1LANT0006","31.933048","-93.027671","0.9","2021-09-02",,,"0.00",",,N","0.0",",,N",,
"US1LANT0006","31.933048","-93.027671","0.9","2021-09-03",,,"0.00",",,N","0.0",",,N",,
"US1LANT0006","31.933048","-93.027671","0.9","2021-09-06",,,"0.30",",,N",,,,
"US1LANT0006","31.933048","-93.027671","0.9","2021-09-07",,,"0.00",",,N","0.0",",,N",,
"US1LANT0006","31.933048","-93.027671","0.9","2021-09-08",,,"0.00",",,N","0.0",",,N",,
"US1LANT0006","31.933048","-93.027671","0.9","2021-09-09",,,"0.00",",,N","0.0",",,N",,
"US1LANT0006","31.933048","-93.027671","0.9","2021-09-10",,,"0.00",",,N","0.0",",,N",,
"US1LANT0006","31.933048","-93.027671","0.9","2021-09-12",,,"0.00",",,N","0.0",",,N",,
"US1LANT0006","31.933048","-93.027671","0.9","2021-09-13",,,"0.00",",,N","0.0",",,N",,
"US1LANT0006","31.933048","-93.027671","0.9","2021-09-14",,,"0.00",",,N","0.0",",,N",,
"US1LANT0006","31.933048","-93.027671","0.9","2021-09-15",,,"0.39",",,N",,,,
"US1LANT0006","31.933048","-93.027671","0.9","2021-09-16",,,"0.05",",,N",,,,
"US1LANT0006","31.933048","-93.027671","0.9","2021-09-17",,,"0.00",",,N","0.0",",,N",,
"US1LANT0006","31.933048","-93.027671","0.9","2021-09-18",,,"0.00",",,N","0.0",",,N",,
"US1LANT0006","31.933048","-93.027671","0.9","2021-09-19",,,"0.69",",,N",,,,
"US1LANT0006","31.933048","-93.027671","0.9","2021-09-20",,,"0.00",",,N","0.0",",,N",,
"US1LANT0006","31.933048","-93.027671","0.9","2021-09-21",,,"0.03",",,N",,,,
"US1LANT0006","31.933048","-93.027671","0.9","2021-09-22",,,"0.00",",,N","0.0",",,N",,
"US1LANT0006","31.933048","-93.027671","0.9","2021-09-23",,,"0.00",",,N","0.0",",,N",,
"US1LANT0006","31.933048","-93.027671","0.9","2021-09-24",,,"0.00",",,N","0.0",",,N",,
"US1LANT0006","31.933048","-93.027671","0.9","2021-09-25",,,"0.00",",,N","0.0",",,N",,
"US1LANT0006","31.933048","-93.027671","0.9","2021-09-26",,,"0.00",",,N","0.0",",,N",,
"US1LANT0006","31.933048","-93.027671","0.9","2021-09-27",,,"0.00",",,N","0.0",",,N",,
"US1LANT0006","31.933048","-93.027671","0.9","2021-09-28",,,"0.00",",,N","0.0",",,N",,
"US1LANT0006","31.933048","-93.027671","0.9","2021-09-29",,,"0.00","T,,N",,,,
"US1LANT0006","31.933048","-93.027671","0.9","2021-09-30",,,"1.25",",,N",,,,
"US1LANT0006","31.933048","-93.027671","0.9","2021-10-01",,,"0.00",",,N","0.0",",,N",,
"US1LANT0006","31.933048","-93.027671","0.9","2021-10-02",,,"0.21",",,N",,,,
"US1LANT0006","31.933048","-93.027671","0.9","2021-10-03",,,"0.06",",,N",,,,
"US1LANT0006","31.933048","-93.027671","0.9","2021-10-04",,,"0.00",",,N","0.0",",,N",,
"US1LANT0006","31.933048","-93.027671","0.9","2021-10-05",,,"0.00",",,N","0.0",",,N",,
"US1LANT0006","31.933048","-93.027671","0.9","2021-10-06",,,"0.00",",,N","0.0",",,N",,
"US1LANT0006","31.933048","-93.027671","0.9","2021-10-07",,,"0.00",",,N","0.0",",,N",,
"US1LANT0006","31.933048","-93.027671","0.9","2021-10-08",,,"0.00",",,N","0.0",",,N",,
"US1LANT0006","31.933048","-93.027671","0.9","2021-10-09",,,"0.00",",,N","0.0",",,N",,
"US1LANT0006","31.933048","-93.027671","0.9","2021-10-10",,,"0.00",",,N","0.0",",,N",,
"US1LANT0006","31.933048","-93.027671","0.9","2021-10-11",,,"0.06",",,N",,,,
"US1LANT0006","31.933048","-93.027671","0.9","2021-10-12",,,"0.00",",,N","0.0",",,N",,
"US1LANT0006","31.933048","-93.027671","0.9","2021-10-13",,,"0.00",",,N","0.0",",,N",,
"US1LANT0006","31.933048","-93.027671","0.9","2021-10-14",,,"0.00",",,N","0.0",",,N",,
"US1LANT0006","31.933048","-93.027671","0.9","2021-10-15",,,"0.00",",,N","0.0",",,N",,
"US1LANT0006","31.933048","-93.027671","0.9","2021-10-16",,,"0.00",",,N","0.0",",,N",,
"US1LANT0006","31.933048","-93.027671","0.9","2021-10-17",,,"0.00",",,N","0.0",",,N",,
"US1LANT0006","31.933048","-93.027671","0.9","2021-10-18",,,"0.00",",,N","0.0",",,N",,
"US1LANT0006","31.933048","-93.027671","0.9","2021-10-19",,,"0.00",",,N","0.0",",,N",,
"US1LANT0006","31.933048","-93.027671","0.9","2021-10-20",,,"0.00",",,N","0.0",",,N",,
"US1LANT0006","31.933048","-93.027671","0.9","2021-10-21",,,"0.00",",,N","0.0",",,N",,
"US1LANT0006","31.933048","-93.027671","0.9","2021-10-22",,,"0.00",",,N","0.0",",,N",,
"US1LANT0006","31.933048","-93.027671","0.9","2021-10-23",,,"0.00",",,N","0.0",",,N",,
"US1LANT0006","31.933048","-93.027671","0.9","2021-10-24",,,"0.00",",,N","0.0",",,N",,
"US1LANT0006","31.933048","-93.027671","0.9","2021-10-25",,,"0.00",",,N","0.0",",,N",,
"US1LANT0006","31.933048","-93.027671","0.9","2021-11-03",,,"0.00",",,N","0.0",",,N",,
"US1LANT0006","31.933048","-93.027671","0.9","2021-11-04",,,"0.46",",,N",,,,
"US1LANT0006","31.933048","-93.027671","0.9","2021-11-05",,,"0.00",",,N","0.0",",,N",,
"US1LANT0006","31.933048","-93.027671","0.9","2021-11-06",,,"0.00",",,N","0.0",",,N",,
"US1LANT0006","31.933048","-93.027671","0.9","2021-11-07",,,"0.00",",,N","0.0",",,N",,
"US1LANT0006","31.933048","-93.027671","0.9","2021-11-08",,,"0.00",",,N","0.0",",,N",,
"US1LANT0006","31.933048","-93.027671","0.9","2021-11-09",,,"0.00",",,N","0.0",",,N",,
"US1LANT0006","31.933048","-93.027671","0.9","2021-11-11",,,"0.74",",,N",,,,
"US1LANT0006","31.933048","-93.027671","0.9","2021-11-12",,,"0.00",",,N","0.0",",,N",,
"US1LANT0006","31.933048","-93.027671","0.9","2021-11-13",,,"0.00",",,N","0.0",",,N",,
"US1LANT0006","31.933048","-93.027671","0.9","2021-11-14",,,"0.00",",,N","0.0",",,N",,
"US1LANT0006","31.933048","-93.027671","0.9","2021-11-15",,,"0.00",",,N","0.0",",,N",,
"US1LANT0006","31.933048","-93.027671","0.9","2021-11-16",,,"0.00",",,N","0.0",",,N",,
"US1LANT0006","31.933048","-93.027671","0.9","2021-11-17",,,"0.00",",,N","0.0",",,N",,
"US1LANT0006","31.933048","-93.027671","0.9","2021-11-18",,,"0.33",",,N",,,,
"US1LANT0006","31.933048","-93.027671","0.9","2021-11-19",,,"0.00",",,N","0.0",",,N",,
"US1LANT0006","31.933048","-93.027671","0.9","2021-11-20",,,"0.00",",,N","0.0",",,N",,
"US1LANT0006","31.933048","-93.027671","0.9","2021-11-21",,,"0.00",",,N","0.0",",,N",,
"US1LANT0006","31.933048","-93.027671","0.9","2021-11-22",,,"0.54",",,N",,,,
"US1LANT0006","31.933048","-93.027671","0.9","2021-11-23",,,"0.00",",,N","0.0",",,N",,
"US1LANT0006","31.933048","-93.027671","0.9","2021-11-24",,,"0.00",",,N","0.0",",,N",,
"US1LANT0006","31.933048","-93.027671","0.9","2021-11-25",,,"0.38",",,N",,,,
"US1LANT0006","31.933048","-93.027671","0.9","2021-11-26",,,"0.04",",,N",,,,
"US1LANT0006","31.933048","-93.027671","0.9","2021-11-27",,,"0.00",",,N","0.0",",,N",,
"US1LANT0005","32.041958","-92.910789","59.7","2021-08-01",,,"0.00",",,N","0.0",",,N",,
"US1LANT0005","32.041958","-92.910789","59.7","2021-08-02",,,"0.17",",,N",,,,
"US1LANT0005","32.041958","-92.910789","59.7","2021-08-03",,,"0.06",",,N",,,,
"US1LANT0005","32.041958","-92.910789","59.7","2021-08-04",,,"0.00",",,N","0.0",",,N",,
"US1LANT0005","32.041958","-92.910789","59.7","2021-08-05",,,"0.00",",,N","0.0",",,N",,
"US1LANT0005","32.041958","-92.910789","59.7","2021-08-06",,,"0.00",",,N","0.0",",,N",,
"US1LANT0005","32.041958","-92.910789","59.7","2021-08-07",,,"0.00",",,N","0.0",",,N",,
"US1LANT0005","32.041958","-92.910789","59.7","2021-08-08",,,"0.00",",,N","0.0",",,N",,
"US1LANT0005","32.041958","-92.910789","59.7","2021-08-09",,,"0.00",",,N","0.0",",,N",,
"US1LANT0005","32.041958","-92.910789","59.7","2021-08-10",,,"0.00",",,N","0.0",",,N",,
"US1LANT0005","32.041958","-92.910789","59.7","2021-08-11",,,"0.00","T,,N",,,,
"US1LANT0005","32.041958","-92.910789","59.7","2021-08-12",,,"0.00",",,N","0.0",",,N",,
"US1LANT0005","32.041958","-92.910789","59.7","2021-08-13",,,"0.00",",,N","0.0",",,N",,
"US1LANT0005","32.041958","-92.910789","59.7","2021-08-14",,,"0.00",",,N","0.0",",,N",,
"US1LANT0005","32.041958","-92.910789","59.7","2021-08-15",,,"0.00","T,,N",,,,
"US1LANT0005","32.041958","-92.910789","59.7","2021-08-16",,,"0.00",",,N","0.0",",,N",,
"US1LANT0005","32.041958","-92.910789","59.7","2021-08-17",,,"0.00",",,N","0.0",",,N",,
"US1LANT0005","32.041958","-92.910789","59.7","2021-08-18",,,"0.76",",,N",,,,
"US1LANT0005","32.041958","-92.910789","59.7","2021-08-19",,,"1.38",",,N",,,,
"US1LANT0005","32.041958","-92.910789","59.7","2021-08-20",,,"0.08",",,N",,,,
"US1LANT0005","32.041958","-92.910789","59.7","2021-08-21",,,"0.00",",,N","0.0",",,N",,
"US1LANT0005","32.041958","-92.910789","59.7","2021-08-22",,,"0.00",",,N","0.0",",,N",,
"US1LANT0005","32.041958","-92.910789","59.7","2021-08-23",,,"0.00",",,N","0.0",",,N",,
"US1LANT0005","32.041958","-92.910789","59.7","2021-08-24",,,"0.00",",,N","0.0",",,N",,
"US1LANT0005","32.041958","-92.910789","59.7","2021-08-25",,,"0.00",",,N","0.0",",,N",,
"US1LANT0005","32.041958","-92.910789","59.7","2021-08-26",,,"0.00",",,N","0.0",",,N",,
"US1LANT0005","32.041958","-92.910789","59.7","2021-08-27",,,"0.13",",,N",,,,
"US1LANT0005","32.041958","-92.910789","59.7","2021-08-28",,,"0.00",",,N","0.0",",,N",,
"US1LANT0005","32.041958","-92.910789","59.7","2021-08-29",,,"0.52",",,N",,,,
"US1LANT0005","32.041958","-92.910789","59.7","2021-08-30",,,"0.02",",,N",,,,
"US1LANT0005","32.041958","-92.910789","59.7","2021-08-31",,,"0.00","T,,N",,,,
"US1LANT0005","32.041958","-92.910789","59.7","2021-09-01",,,"0.00",",,N","0.0",",,N",,
"US1LANT0005","32.041958","-92.910789","59.7","2021-09-02",,,"0.00",",,N","0.0",",,N",,
"US1LANT0005","32.041958","-92.910789","59.7","2021-09-03",,,"0.00",",,N","0.0",",,N",,
"US1LANT0005","32.041958","-92.910789","59.7","2021-09-04",,,"0.00",",,N","0.0",",,N",,
"US1LANT0005","32.041958","-92.910789","59.7","2021-09-05",,,"0.00",",,N","0.0",",,N",,
"US1LANT0005","32.041958","-92.910789","59.7","2021-09-06",,,"0.42",",,N",,,,
"US1LANT0005","32.041958","-92.910789","59.7","2021-09-07",,,"0.00",",,N","0.0",",,N",,
"US1LANT0005","32.041958","-92.910789","59.7","2021-09-08",,,"0.00",",,N","0.0",",,N",,
"US1LANT0005","32.041958","-92.910789","59.7","2021-09-09",,,"0.00",",,N","0.0",",,N",,
"US1LANT0005","32.041958","-92.910789","59.7","2021-09-10",,,"0.00",",,N","0.0",",,N",,
"US1LANT0005","32.041958","-92.910789","59.7","2021-09-11",,,"0.00",",,N","0.0",",,N",,
"US1LANT0005","32.041958","-92.910789","59.7","2021-09-12",,,"0.00",",,N","0.0",",,N",,
"US1LANT0005","32.041958","-92.910789","59.7","2021-09-13",,,"0.00",",,N","0.0",",,N",,
"US1LANT0005","32.041958","-92.910789","59.7","2021-09-14",,,"0.26",",,N",,,,
"US1LANT0005","32.041958","-92.910789","59.7","2021-09-15",,,"0.46",",,N",,,,
"US1LANT0005","32.041958","-92.910789","59.7","2021-09-16",,,"0.01",",,N",,,,
"US1LANT0005","32.041958","-92.910789","59.7","2021-09-17",,,"0.04",",,N",,,,
"US1LANT0005","32.041958","-92.910789","59.7","2021-09-18",,,"0.32",",,N",,,,
"US1LANT0005","32.041958","-92.910789","59.7","2021-09-19",,,"0.39",",,N",,,,
"US1LANT0005","32.041958","-92.910789","59.7","2021-09-20",,,"0.00",",,N","0.0",",,N",,
"US1LANT0005","32.041958","-92.910789","59.7","2021-09-21",,,"0.00",",,N","0.0",",,N",,
"US1LANT0005","32.041958","-92.910789","59.7","2021-09-22",,,"0.01",",,N",,,,
"US1LANT0005","32.041958","-92.910789","59.7","2021-09-23",,,"0.00",",,N","0.0",",,N",,
"US1LANT0005","32.041958","-92.910789","59.7","2021-09-24",,,"0.00",",,N","0.0",",,N",,
"US1LANT0005","32.041958","-92.910789","59.7","2021-09-25",,,"0.00",",,N","0.0",",,N",,
"US1LANT0005","32.041958","-92.910789","59.7","2021-09-26",,,"0.00",",,N","0.0",",,N",,
"US1LANT0005","32.041958","-92.910789","59.7","2021-09-27",,,"0.00",",,N","0.0",",,N",,
"US1LANT0005","32.041958","-92.910789","59.7","2021-09-28",,,"0.00",",,N","0.0",",,N",,
"US1LANT0005","32.041958","-92.910789","59.7","2021-09-29",,,"0.00","T,,N",,,,
"US1LANT0005","32.041958","-92.910789","59.7","2021-09-30",,,"0.03",",,N",,,,
"US1LANT0005","32.041958","-92.910789","59.7","2021-10-01",,,"0.07",",,N",,,,
"US1LANT0005","32.041958","-92.910789","59.7","2021-10-02",,,"0.23",",,N",,,,
"US1LANT0005","32.041958","-92.910789","59.7","2021-10-03",,,"0.06",",,N",,,,
"US1LANT0005","32.041958","-92.910789","59.7","2021-10-04",,,"0.00",",,N","0.0",",,N",,
"US1LANT0005","32.041958","-92.910789","59.7","2021-10-05",,,"0.00",",,N","0.0",",,N",,
"US1LANT0005","32.041958","-92.910789","59.7","2021-10-06",,,"0.00",",,N","0.0",",,N",,
"US1LANT0005","32.041958","-92.910789","59.7","2021-10-07",,,"0.00",",,N","0.0",",,N",,
"US1LANT0005","32.041958","-92.910789","59.7","2021-10-08",,,"0.00",",,N","0.0",",,N",,
"US1LANT0005","32.041958","-92.910789","59.7","2021-10-09",,,"0.00",",,N","0.0",",,N",,
"US1LANT0005","32.041958","-92.910789","59.7","2021-10-10",,,"0.00",",,N","0.0",",,N",,
"US1LANT0005","32.041958","-92.910789","59.7","2021-10-11",,,"0.03",",,N",,,,
"US1LANT0005","32.041958","-92.910789","59.7","2021-10-12",,,"0.00","T,,N",,,,
"US1LANT0005","32.041958","-92.910789","59.7","2021-10-13",,,"0.00",",,N","0.0",",,N",,
"US1LANT0005","32.041958","-92.910789","59.7","2021-10-14",,,"0.00",",,N","0.0",",,N",,
"US1LANT0005","32.041958","-92.910789","59.7","2021-10-15",,,"0.03",",,N",,,,
"US1LANT0005","32.041958","-92.910789","59.7","2021-10-16",,,"0.00",",,N","0.0",",,N",,
"US1LANT0005","32.041958","-92.910789","59.7","2021-10-17",,,"0.00",",,N","0.0",",,N",,
"US1LANT0005","32.041958","-92.910789","59.7","2021-10-18",,,"0.00",",,N","0.0",",,N",,
"US1LANT0005","32.041958","-92.910789","59.7","2021-10-19",,,"0.00",",,N","0.0",",,N",,
"US1LANT0005","32.041958","-92.910789","59.7","2021-10-20",,,"0.00",",,N","0.0",",,N",,
"US1LANT0005","32.041958","-92.910789","59.7","2021-10-21",,,"0.00",",,N","0.0",",,N",,
"US1LANT0005","32.041958","-92.910789","59.7","2021-10-22",,,"0.00",",,N","0.0",",,N",,
"US1LANT0005","32.041958","-92.910789","59.7","2021-10-23",,,"0.00",",,N","0.0",",,N",,
"US1LANT0005","32.041958","-92.910789","59.7","2021-10-24",,,"0.00",",,N","0.0",",,N",,
"US1LANT0005","32.041958","-92.910789","59.7","2021-10-25",,,"0.00",",,N","0.0",",,N",,
"US1LANT0005","32.041958","-92.910789","59.7","2021-10-26",,,"0.00",",,N","0.0",",,N",,
"US1LANT0005","32.041958","-92.910789","59.7","2021-10-27",,,"0.00",",,N","0.0",",,N",,
"US1LANT0005","32.041958","-92.910789","59.7","2021-10-28",,,"0.37",",,N",,,,
"US1LANT0005","32.041958","-92.910789","59.7","2021-10-30",,,"0.00",",,N","0.0",",,N",,
"US1LANT0005","32.041958","-92.910789","59.7","2021-10-31",,,"0.00",",,N","0.0",",,N",,
"US1LANT0005","32.041958","-92.910789","59.7","2021-11-01",,,"0.00",",,N","0.0",",,N",,
"US1LANT0005","32.041958","-92.910789","59.7","2021-11-02",,,"0.00",",,N","0.0",",,N",,
"US1LANT0005","32.041958","-92.910789","59.7","2021-11-03",,,"0.00",",,N","0.0",",,N",,
"US1LANT0005","32.041958","-92.910789","59.7","2021-11-04",,,"0.33",",,N",,,,
"US1LANT0005","32.041958","-92.910789","59.7","2021-11-05",,,"0.00",",,N","0.0",",,N",,
"US1LANT0005","32.041958","-92.910789","59.7","2021-11-06",,,"0.00",",,N","0.0",",,N",,
"US1LANT0005","32.041958","-92.910789","59.7","2021-11-07",,,"0.00",",,N","0.0",",,N",,
"US1LANT0005","32.041958","-92.910789","59.7","2021-11-08",,,"0.00",",,N","0.0",",,N",,
"US1LANT0005","32.041958","-92.910789","59.7","2021-11-10",,,"0.00",",,N","0.0",",,N",,
"US1LANT0005","32.041958","-92.910789","59.7","2021-11-11",,,"0.62",",,N",,,,
"US1LANT0005","32.041958","-92.910789","59.7","2021-11-12",,,"0.00",",,N","0.0",",,N",,
"US1LANT0005","32.041958","-92.910789","59.7","2021-11-13",,,"0.00",",,N","0.0",",,N",,
"US1LANT0005","32.041958","-92.910789","59.7","2021-11-14",,,"0.00",",,N","0.0",",,N",,
"US1LANT0005","32.041958","-92.910789","59.7","2021-11-15",,,"0.00",",,N","0.0",",,N",,
"US1LANT0005","32.041958","-92.910789","59.7","2021-11-16",,,"0.00",",,N","0.0",",,N",,
"US1LANT0005","32.041958","-92.910789","59.7","2021-11-17",,,"0.00","T,,N",,,,
"US1LANT0005","32.041958","-92.910789","59.7","2021-11-18",,,"0.03",",,N",,,,
"US1LANT0005","32.041958","-92.910789","59.7","2021-11-19",,,"0.02",",,N",,,,
"US1LANT0005","32.041958","-92.910789","59.7","2021-11-20",,,"0.00",",,N","0.0",",,N",,
"US1LANT0005","32.041958","-92.910789","59.7","2021-11-21",,,"0.00",",,N","0.0",",,N",,
"US1LANT0005","32.041958","-92.910789","59.7","2021-11-22",,,"0.20",",,N",,,,
"US1LANT0005","32.041958","-92.910789","59.7","2021-11-23",,,"0.00",",,N","0.0",",,N",,
"US1LANT0005","32.041958","-92.910789","59.7","2021-11-24",,,"0.00",",,N","0.0",",,N",,
"US1LANT0005","32.041958","-92.910789","59.7","2021-11-25",,,"0.53",",,N",,,,
"US1LANT0005","32.041958","-92.910789","59.7","2021-11-26",,,"0.02",",,N",,,,
"US1LANT0005","32.041958","-92.910789","59.7","2021-11-27",,,"0.00",",,N","0.0",",,N",,
"US1LANT0005","32.041958","-92.910789","59.7","2021-11-28",,,"0.13",",,N",,,,
"USW00003937","30.12472","-93.22833","2.7","2021-08-01","5.59",",,W","0.00",",,W,2400",,,"85","H,,S"
"USW00003937","30.12472","-93.22833","2.7","2021-08-02","4.47",",,W","0.31",",,W,2400",,,"83","H,,S"
"USW00003937","30.12472","-93.22833","2.7","2021-08-03","3.80",",,W","0.49",",,W,2400",,,"79","H,,S"
"USW00003937","30.12472","-93.22833","2.7","2021-08-04","8.05",",,W","0.00",",,W,2400",,,"82","H,,S"
"USW00003937","30.12472","-93.22833","2.7","2021-08-05","4.92",",,W","0.00",",,W,2400",,,"80","H,,S"
"USW00003937","30.12472","-93.22833","2.7","2021-08-06","3.13",",,W","0.00",",,W,2400",,,"81","H,,S"
"USW00003937","30.12472","-93.22833","2.7","2021-08-07","3.80",",,W","0.01",",,W,2400",,,"81","H,,S"
"USW00003937","30.12472","-93.22833","2.7","2021-08-08","6.71",",,W","0.11",",,W,2400",,,"83","H,,S"
"USW00003937","30.12472","-93.22833","2.7","2021-08-09","6.49",",,W","0.00",",,W,2400",,,"85","H,,S"
"USW00003937","30.12472","-93.22833","2.7","2021-08-10","6.04",",,W","0.00",",,W,2400",,,"85","H,,S"
"USW00003937","30.12472","-93.22833","2.7","2021-08-11","4.92",",,W","0.00","T,,W,2400",,,"84","H,,S"
"USW00003937","30.12472","-93.22833","2.7","2021-08-12","5.14",",,W","0.35",",,W,2400",,,"80","H,,S"
"USW00003937","30.12472","-93.22833","2.7","2021-08-13","4.92",",,W","0.00",",,W,2400",,,"82","H,,S"
"USW00003937","30.12472","-93.22833","2.7","2021-08-14","4.25",",,W","0.10",",,W,2400",,,"84","H,,S"
"USW00003937","30.12472","-93.22833","2.7","2021-08-15","4.03",",,W","0.41",",,W,2400",,,"82","H,,S"
"USW00003937","30.12472","-93.22833","2.7","2021-08-16","2.68",",,W","0.00","T,,W,2400",,,"80","H,,S"
"USW00003937","30.12472","-93.22833","2.7","2021-08-17","4.92",",,W","0.01",",,W,2400",,,"82","H,,S"
"USW00003937","30.12472","-93.22833","2.7","2021-08-18","6.71",",,W","0.03",",,W,2400",,,"84","H,,S"
"USW00003937","30.12472","-93.22833","2.7","2021-08-19","5.82",",,W","0.42",",,W,2400",,,"85","H,,S"
"USW00003937","30.12472","-93.22833","2.7","2021-08-20","5.82",",,W","0.00",",,W,2400",,,"84","H,,S"
"USW00003937","30.12472","-93.22833","2.7","2021-08-21","3.36",",,W","0.00",",,W,2400",,,"83","H,,S"
"USW00003937","30.12472","-93.22833","2.7","2021-08-22","3.80",",,W","0.00",",,W,2400",,,"83","H,,S"
"USW00003937","30.12472","-93.22833","2.7","2021-08-23","3.58",",,W","0.00",",,W,2400",,,"84","H,,S"
"USW00003937","30.12472","-93.22833","2.7","2021-08-24","4.47",",,W","1.90",",,W,2400",,,"85","H,,S"
"USW00003937","30.12472","-93.22833","2.7","2021-08-25","4.03",",,W","0.00",",,W,2400",,,"83","H,,S"
"USW00003937","30.12472","-93.22833","2.7","2021-08-26","8.50",",,W","0.26",",,W,2400",,,"83","H,,S"
"USW00003937","30.12472","-93.22833","2.7","2021-08-27","9.40",",,W","0.00",",,W,2400",,,"82","H,,S"
"USW00003937","30.12472","-93.22833","2.7","2021-08-28","8.72",",,W","0.04",",,W,2400",,,"80","H,,S"
"USW00003937","30.12472","-93.22833","2.7","2021-08-29","12.30",",,W","0.00","T,,W,2400",,,"80","H,,S"
"USW00003937","30.12472","-93.22833","2.7","2021-08-30","9.40",",,W","0.00",",,W,2400",,,"83","H,,S"
"USW00003937","30.12472","-93.22833","2.7","2021-08-31","6.26",",,W","3.02",",,W,2400",,,"84","H,,S"
"USW00003937","30.12472","-93.22833","2.7","2021-09-01","4.70",",,W","0.11",",,W,2400",,,"83","H,,S"
"USW00003937","30.12472","-93.22833","2.7","2021-09-02","3.58",",,W","0.00",",,W,2400",,,"82","H,,S"
"USW00003937","30.12472","-93.22833","2.7","2021-09-03","3.58",",,W","0.00",",,W,2400",,,"82","H,,S"
"USW00003937","30.12472","-93.22833","2.7","2021-09-04","4.25",",,W","0.01",",,W,2400",,,"83","H,,S"
"USW00003937","30.12472","-93.22833","2.7","2021-09-05","4.70",",,W","0.41",",,W,2400",,,"83","H,,S"
"USW00003937","30.12472","-93.22833","2.7","2021-09-06","4.92",",,W","0.25",",,W,2400",,,"81","H,,S"
"USW00003937","30.12472","-93.22833","2.7","2021-09-07","3.36",",,W","0.00",",,W,2400",,,"78","H,,S"
"USW00003937","30.12472","-93.22833","2.7","2021-09-08","3.58",",,W","0.00",",,W,2400",,,"81","H,,S"
"USW00003937","30.12472","-93.22833","2.7","2021-09-09","6.93",",,W","0.00",",,W,2400",,,"80","H,,S"
"USW00003937","30.12472","-93.22833","2.7","2021-09-10","6.93",",,W","0.00",",,W,2400",,,"77","H,,S"
"USW00003937","30.12472","-93.22833","2.7","2021-09-11","5.82",",,W","0.00",",,W,2400",,,"75","H,,S"
"USW00003937","30.12472","-93.22833","2.7","2021-09-12","8.95",",,W","0.08",",,W,2400",,,"75","H,,S"
"USW00003937","30.12472","-93.22833","2.7","2021-09-13","10.74",",,W","0.50",",,W,2400",,,"78","H,,S"
"USW00003937","30.12472","-93.22833","2.7","2021-09-14","13.65",",,W","2.48",",,W,2400",,,"76","H,,S"
"USW00003937","30.12472","-93.22833","2.7","2021-09-15","8.28",",,W","0.28",",,W,2400",,,"76","H,,S"
"USW00003937","30.12472","-93.22833","2.7","2021-09-16","6.93",",,W","0.03",",,W,2400",,,"76","H,,S"
"USW00003937","30.12472","-93.22833","2.7","2021-09-17","3.36",",,W","0.00",",,W,2400",,,"78","H,,S"
"USW00003937","30.12472","-93.22833","2.7","2021-09-18","3.36",",,W","0.00",",,W,2400",,,"81","H,,S"
"USW00003937","30.12472","-93.22833","2.7","2021-09-19","4.70",",,W","0.43",",,W,2400",,,"79","H,,S"
"USW00003937","30.12472","-93.22833","2.7","2021-09-20","4.70",",,W","0.00",",,W,2400",,,"80","H,,S"
"USW00003937","30.12472","-93.22833","2.7","2021-09-21","5.82",",,W","0.05",",,W,2400",,,"83","H,,S"
"USW00003937","30.12472","-93.22833","2.7","2021-09-22","13.87",",,W","0.00",",,W,2400",,,"77","H,,S"
"USW00003937","30.12472","-93.22833","2.7","2021-09-23","4.03",",,W","0.00",",,W,2400",,,"69","H,,S"
"USW00003937","30.12472","-93.22833","2.7","2021-09-24","4.25",",,W","0.00",",,W,2400",,,"69","H,,S"
"USW00003937","30.12472","-93.22833","2.7","2021-09-25","4.03",",,W","0.00",",,W,2400",,,"70","H,,S"
"USW00003937","30.12472","-93.22833","2.7","2021-09-26","4.25",",,W","0.00",",,W,2400",,,"71","H,,S"
"USW00003937","30.12472","-93.22833","2.7","2021-09-27","7.38",",,W","0.00",",,W,2400",,,"77","H,,S"
"USW00003937","30.12472","-93.22833","2.7","2021-09-28","8.72",",,W","3.51",",,W,2400",,,"75","H,,S"
"USW00003937","30.12472","-93.22833","2.7","2021-09-29","6.93",",,W","0.13",",,W,2400",,,"74","H,,S"
"USW00003937","30.12472","-93.22833","2.7","2021-09-30","6.71",",,W","0.29",",,W,2400",,,"75","H,,S"
"USW00003937","30.12472","-93.22833","2.7","2021-10-01","6.26",",,W","0.74",",,W,2400","0.0",",,W","75","H,,S"
"USW00003937","30.12472","-93.22833","2.7","2021-10-02","4.47",",,W","0.01",",,W,2400","0.0",",,W","77","H,,S"
"USW00003937","30.12472","-93.22833","2.7","2021-10-03","2.91",",,W","0.00",",,W,2400","0.0",",,W","78","H,,S"
"USW00003937","30.12472","-93.22833","2.7","2021-10-04","4.92",",,W","0.00",",,W,2400","0.0",",,W","78","H,,S"
"USW00003937","30.12472","-93.22833","2.7","2021-10-05","6.26",",,W","0.00",",,W,2400","0.0",",,W","76","H,,S"
"USW00003937","30.12472","-93.22833","2.7","2021-10-06","3.36",",,W","0.00",",,W,2400","0.0",",,W","74","H,,S"
"USW00003937","30.12472","-93.22833","2.7","2021-10-07","2.24",",,W","0.00",",,W,2400","0.0",",,W","75","H,,S"
"USW00003937","30.12472","-93.22833","2.7","2021-10-08","2.91",",,W","0.00",",,W,2400","0.0",",,W","74","H,,S"
"USW00003937","30.12472","-93.22833","2.7","2021-10-09","3.80",",,W","0.00",",,W,2400","0.0",",,W","74","H,,S"
"USW00003937","30.12472","-93.22833","2.7","2021-10-10","8.50",",,W","0.00",",,W,2400","0.0",",,W","75","H,,S"
"USW00003937","30.12472","-93.22833","2.7","2021-10-11","6.04",",,W","0.04",",,W,2400","0.0",",,W","79","H,,S"
"USW00003937","30.12472","-93.22833","2.7","2021-10-12","7.16",",,W","0.00",",,W,2400","0.0",",,W","81","H,,S"
"USW00003937","30.12472","-93.22833","2.7","2021-10-13","8.50",",,W","0.00",",,W,2400","0.0",",,W","79","H,,S"
"USW00003937","30.12472","-93.22833","2.7","2021-10-14","6.93",",,W","0.00",",,W,2400","0.0",",,W","79","H,,S"
"USW00003937","30.12472","-93.22833","2.7","2021-10-15","6.71",",,W","0.12",",,W,2400","0.0",",,W","79","H,,S"
"USW00003937","30.12472","-93.22833","2.7","2021-10-16","14.99",",,W","0.00",",,W,2400","0.0",",,W","71","H,,S"
"USW00003937","30.12472","-93.22833","2.7","2021-10-17","4.03",",,W","0.00",",,W,2400","0.0",",,W","62","H,,S"
"USW00003937","30.12472","-93.22833","2.7","2021-10-18","4.70",",,W","0.00",",,W,2400","0.0",",,W","63","H,,S"
"USW00003937","30.12472","-93.22833","2.7","2021-10-19","6.26",",,W","0.00",",,W,2400","0.0",",,W","65","H,,S"
"USW00003937","30.12472","-93.22833","2.7","2021-10-20","4.47",",,W","0.00",",,W,2400","0.0",",,W","72","H,,S"
"USW00003937","30.12472","-93.22833","2.7","2021-10-21","2.46",",,W","0.00",",,W,2400","0.0",",,W","76","H,,S"
"USW00003937","30.12472","-93.22833","2.7","2021-10-22","2.46",",,W","0.00",",,W,2400","0.0",",,W","76","H,,S"
"USW00003937","30.12472","-93.22833","2.7","2021-10-23","7.16",",,W","0.00","T,,W,2400","0.0",",,W","76","H,,S"
"USW00003937","30.12472","-93.22833","2.7","2021-10-24","8.50",",,W","0.01",",,W,2400","0.0",",,W","77","H,,S"
"USW00003937","30.12472","-93.22833","2.7","2021-10-25","2.68",",,W","0.00",",,W,2400","0.0",",,W","76","H,,S"
"USW00003937","30.12472","-93.22833","2.7","2021-10-26","6.93",",,W","0.00",",,W,2400","0.0",",,W","75","H,,S"
"USW00003937","30.12472","-93.22833","2.7","2021-10-27","8.95",",,W","1.08",",,W,2400","0.0",",,W","75","H,,S"
"USW00003937","30.12472","-93.22833","2.7","2021-10-28","15.21",",,W","0.00",",,W,2400","0.0",",,W","67","H,,S"
"USW00003937","30.12472","-93.22833","2.7","2021-10-29","11.41",",,W","0.00",",,W,2400","0.0",",,W","63","H,,S"
"USW00003937","30.12472","-93.22833","2.7","2021-10-30","5.59",",,W","0.00",",,W,2400","0.0",",,W","59","H,,S"
"USW00003937","30.12472","-93.22833","2.7","2021-10-31","1.12",",,W","0.00",",,W,2400","0.0",",,W","60","H,,S"
"USW00003937","30.12472","-93.22833","2.7","2021-11-01","2.68",",,W","0.00",",,W,2400","0.0",",,W","62","H,,S"
"USW00003937","30.12472","-93.22833","2.7","2021-11-02","5.14",",,W",,,"0.0",",,W","64","H,,S"
"USW00003937","30.12472","-93.22833","2.7","2021-11-03","8.72",",,W","0.11",",,W,2400","0.0",",,W","61","H,,S"
"USW00003937","30.12472","-93.22833","2.7","2021-11-04","11.63",",,W","0.00",",,W,2400","0.0",",,W","54","H,,S"
"USW00003937","30.12472","-93.22833","2.7","2021-11-05","8.28",",,W","0.00",",,W,2400","0.0",",,W","54","H,,S"
"USW00003937","30.12472","-93.22833","2.7","2021-11-06","5.82",",,W","0.00",",,W,2400","0.0",",,W","52","H,,S"
"USW00003937","30.12472","-93.22833","2.7","2021-11-07","1.79",",,W","0.00",",,W,2400","0.0",",,W","52","H,,S"
"USW00003937","30.12472","-93.22833","2.7","2021-11-08","2.46",",,W","0.00",",,W,2400","0.0",",,W","55","H,,S"
"USW00003937","30.12472","-93.22833","2.7","2021-11-09","2.46",",,W","0.00",",,W,2400","0.0",",,W","57","H,,S"
"USW00003937","30.12472","-93.22833","2.7","2021-11-10","7.61",",,W","0.00",",,W,2400","0.0",",,W","63","H,,S"
"USW00003937","30.12472","-93.22833","2.7","2021-11-11","5.82",",,W","0.29",",,W,2400","0.0",",,W","67","H,,S"
"USW00003937","30.12472","-93.22833","2.7","2021-11-12","5.59",",,W","0.00",",,W,2400","0.0",",,W","58","H,,S"
"USW00003937","30.12472","-93.22833","2.7","2021-11-13","7.83",",,W","0.00",",,W,2400","0.0",",,W","56","H,,S"
"USW00003937","30.12472","-93.22833","2.7","2021-11-14","2.68",",,W","0.00",",,W,2400","0.0",",,W","52","H,,S"
"USW00003937","30.12472","-93.22833","2.7","2021-11-15","4.92",",,W","0.00",",,W,2400","0.0",",,W","61","H,,S"
"USW00003937","30.12472","-93.22833","2.7","2021-11-16","8.05",",,W","0.00",",,W,2400","0.0",",,W","65","H,,S"
"USW00003937","30.12472","-93.22833","2.7","2021-11-17","6.93",",,W","0.00",",,W,2400","0.0",",,W","68","H,,S"
"USW00003937","30.12472","-93.22833","2.7","2021-11-18","11.41",",,W","0.00",",,W,2400","0.0",",,W","62","H,,S"
"USW00003937","30.12472","-93.22833","2.7","2021-11-19","9.40",",,W","0.00",",,W,2400","0.0",",,W","54","H,,S"
"USW00003937","30.12472","-93.22833","2.7","2021-11-20","5.37",",,W","0.00",",,W,2400","0.0",",,W","55","H,,S"
"USW00003937","30.12472","-93.22833","2.7","2021-11-21","6.04",",,W","0.00",",,W,2400","0.0",",,W","65","H,,S"
"USW00003937","30.12472","-93.22833","2.7","2021-11-22","11.41",",,W","0.00",",,W,2400","0.0",",,W","66","H,,S"
"USW00003937","30.12472","-93.22833","2.7","2021-11-23","8.05",",,W","0.00",",,W,2400","0.0",",,W","54","H,,S"
"USW00003937","30.12472","-93.22833","2.7","2021-11-24","11.63",",,W","0.00",",,W,2400","0.0",",,W","58","H,,S"
"USW00003937","30.12472","-93.22833","2.7","2021-11-25","8.95",",,W","0.21",",,W,2400","0.0",",,W","65","H,,S"
"USW00003937","30.12472","-93.22833","2.7","2021-11-26","10.29",",,W","0.00",",,D,2400","0.0",",,D","54","H,,S"
"USW00003937","30.12472","-93.22833","2.7","2021-11-27","2.91",",,W","0.37",",,D,2400",,,"49","H,,S"
"USW00003937","30.12472","-93.22833","2.7","2021-11-28","7.38",",,W","0.29",",,D,2400","0.0",",,D","53","H,,S"
"US1MEHN0008","44.2806611","-68.6162502","29.9","2021-08-02",,,"0.04",",,N",,,,
"US1MEHN0008","44.2806611","-68.6162502","29.9","2021-08-05",,,"0.71",",,N",,,,
"US1MEHN0008","44.2806611","-68.6162502","29.9","2021-08-06",,,"0.85",",,N",,,,
"US1MEHN0008","44.2806611","-68.6162502","29.9","2021-08-11",,,"0.03",",,N",,,,
"US1MEHN0008","44.2806611","-68.6162502","29.9","2021-08-15",,,"0.04",",,N",,,,
"US1MEHN0008","44.2806611","-68.6162502","29.9","2021-08-19",,,"0.07",",,N",,,,
"US1MEHN0008","44.2806611","-68.6162502","29.9","2021-08-20",,,"0.48",",,N",,,,
"US1MEHN0008","44.2806611","-68.6162502","29.9","2021-08-21",,,"0.03",",,N",,,,
"US1MEHN0008","44.2806611","-68.6162502","29.9","2021-08-23",,,"0.35",",,N",,,,
"US1MEHN0008","44.2806611","-68.6162502","29.9","2021-08-24",,,"2.25",",,N",,,,
"US1MEHN0008","44.2806611","-68.6162502","29.9","2021-08-30",,,"0.08",",,N",,,,
"US1MEHN0008","44.2806611","-68.6162502","29.9","2021-08-31",,,"0.01",",,N",,,,
"US1MEHN0008","44.2806611","-68.6162502","29.9","2021-09-02",,,"1.29",",,N",,,,
"US1MEHN0008","44.2806611","-68.6162502","29.9","2021-09-03",,,"0.61",",,N",,,,
"US1MEHN0008","44.2806611","-68.6162502","29.9","2021-09-04",,,"0.14",",,N",,,,
"US1MEHN0008","44.2806611","-68.6162502","29.9","2021-09-06",,,"0.13",",,N",,,,
"US1MEHN0008","44.2806611","-68.6162502","29.9","2021-09-09",,,"0.09",",,N",,,,
"US1MEHN0008","44.2806611","-68.6162502","29.9","2021-09-10",,,"2.03",",,N",,,,
"US1MEHN0008","44.2806611","-68.6162502","29.9","2021-09-11",,,"0.47",",,N",,,,
"US1MEHN0008","44.2806611","-68.6162502","29.9","2021-09-16",,,"0.07",",,N",,,,
"US1MEHN0008","44.2806611","-68.6162502","29.9","2021-09-25",,,"0.64",",,N",,,,
"US1MEHN0008","44.2806611","-68.6162502","29.9","2021-09-26",,,"3.41",",,N",,,,
"US1MEHN0008","44.2806611","-68.6162502","29.9","2021-09-27",,,"0.98",",,N",,,,
"US1MEHN0008","44.2806611","-68.6162502","29.9","2021-09-28",,,"0.02",",,N",,,,
"US1MEHN0008","44.2806611","-68.6162502","29.9","2021-10-01",,,"0.17",",,N",,,,
"US1MEHN0008","44.2806611","-68.6162502","29.9","2021-10-15",,,"1.49",",,N",,,,
"US1MEHN0008","44.2806611","-68.6162502","29.9","2021-10-18",,,"0.18",",,N",,,,
"US1MEHN0008","44.2806611","-68.6162502","29.9","2021-10-20",,,"0.04",",,N",,,,
"US1MEHN0008","44.2806611","-68.6162502","29.9","2021-10-24",,,"0.18",",,N",,,,
"US1MEHN0008","44.2806611","-68.6162502","29.9","2021-10-27",,,,,"0.0",",,N",,
"USC00171975","45.1872","-69.1841","112.8","2021-08-01",,,"0.00",",,7,0700","0.0",",,7,0700",,
"USC00171975","45.1872","-69.1841","112.8","2021-08-02",,,"0.26",",,7,0700","0.0",",,7,0700",,
"USC00171975","45.1872","-69.1841","112.8","2021-08-03",,,"0.08",",,7,0700","0.0",",,7,0700",,
"USC00171975","45.1872","-69.1841","112.8","2021-08-04",,,"0.00",",,7,0700","0.0",",,7,0700",,
"USC00171975","45.1872","-69.1841","112.8","2021-08-05",,,"0.00",",,7,0700","0.0",",,7,0700",,
"USC00171975","45.1872","-69.1841","112.8","2021-08-06",,,"0.20",",,7,0700","0.0",",,7,0700",,
"USC00171975","45.1872","-69.1841","112.8","2021-08-07",,,"0.00",",,7,0700","0.0",",,7,0700",,
"USC00171975","45.1872","-69.1841","112.8","2021-08-08",,,"0.45",",,7,0700","0.0",",,7,0700",,
"USC00171975","45.1872","-69.1841","112.8","2021-08-09",,,"0.00",",,7,0700","0.0",",,7,0700",,
"USC00171975","45.1872","-69.1841","112.8","2021-08-10",,,"0.01",",,7,0700","0.0",",,7,0700",,
"USC00171975","45.1872","-69.1841","112.8","2021-08-11",,,"0.00",",,7,0700","0.0",",,7,0700",,
"USC00171975","45.1872","-69.1841","112.8","2021-08-12",,,"0.02",",,7,0700","0.0",",,7,0700",,
"USC00171975","45.1872","-69.1841","112.8","2021-08-13",,,"0.05",",,7,0700","0.0",",,7,0700",,
"USC00171975","45.1872","-69.1841","112.8","2021-08-14",,,"0.00",",,7,0700","0.0",",,7,0700",,
"USC00171975","45.1872","-69.1841","112.8","2021-08-15",,,"0.41",",,7,0700","0.0",",,7,0700",,
"USC00171975","45.1872","-69.1841","112.8","2021-08-16",,,"0.00",",,7,0700","0.0",",,7,0700",,
"USC00171975","45.1872","-69.1841","112.8","2021-08-17",,,"0.00",",,7,0700","0.0",",,7,0700",,
"USC00171975","45.1872","-69.1841","112.8","2021-08-18",,,"0.02",",,7,0700","0.0",",,7,0700",,
"USC00171975","45.1872","-69.1841","112.8","2021-08-19",,,"0.06",",,7,0700","0.0",",,7,0700",,
"USC00171975","45.1872","-69.1841","112.8","2021-08-20",,,"0.01",",,7,0700","0.0",",,7,0700",,
"USC00171975","45.1872","-69.1841","112.8","2021-08-21",,,"0.00",",,7,0700","0.0",",,7,0700",,
"USC00171975","45.1872","-69.1841","112.8","2021-08-22",,,"0.00",",,7,0700","0.0",",,7,0700",,
"USC00171975","45.1872","-69.1841","112.8","2021-08-23",,,"0.09",",,7,0700","0.0",",,7,0700",,
"USC00171975","45.1872","-69.1841","112.8","2021-08-24",,,"0.11",",,7,0700","0.0",",,7,0700",,
"USC00171975","45.1872","-69.1841","112.8","2021-08-25",,,"0.00",",,7,0700","0.0",",,7,0700",,
"USC00171975","45.1872","-69.1841","112.8","2021-08-26",,,"0.00",",,7,0700","0.0",",,7,0700",,
"USC00171975","45.1872","-69.1841","112.8","2021-08-27",,,"0.00",",,7,0700","0.0",",,7,0700",,
"USC00171975","45.1872","-69.1841","112.8","2021-08-28",,,"0.00",",,7,0700","0.0",",,7,0700",,
"USC00171975","45.1872","-69.1841","112.8","2021-08-29",,,"0.01",",,7,0700","0.0",",,7,0700",,
"USC00171975","45.1872","-69.1841","112.8","2021-08-30",,,"0.01",",,7,0700","0.0",",,7,0700",,
"USC00171975","45.1872","-69.1841","112.8","2021-08-31",,,"0.00",",,7,0700","0.0",",,7,0700",,
"USC00171975","45.1872","-69.1841","112.8","2021-09-01",,,"0.00",",,7,0700",,,,
"USC00171975","45.1872","-69.1841","112.8","2021-09-02",,,"0.40",",,7,0700",,,,
"USC00171975","45.1872","-69.1841","112.8","2021-09-03",,,"0.22",",,7,0700",,,,
"USC00171975","45.1872","-69.1841","112.8","2021-09-06",,,"0.12",",,7,0700",,,,
"USC00171975","45.1872","-69.1841","112.8","2021-09-07",,,"0.55",",,7,0700",,,,
"USC00171975","45.1872","-69.1841","112.8","2021-09-08",,,"0.01",",,7,0700",,,,
"USC00171975","45.1872","-69.1841","112.8","2021-09-09",,,"0.10",",,7,0700",,,,
"USC00171975","45.1872","-69.1841","112.8","2021-09-10",,,"1.65",",,7,0700",,,,
"USC00171975","45.1872","-69.1841","112.8","2021-09-11",,,"0.11",",,7,0700",,,,
"USC00171975","45.1872","-69.1841","112.8","2021-09-12",,,"0.00",",,7,0700",,,,
"USC00171975","45.1872","-69.1841","112.8","2021-09-13",,,"0.00",",,7,0700",,,,
"USC00171975","45.1872","-69.1841","112.8","2021-09-14",,,"0.00",",,7,0700",,,,
"USC00171975","45.1872","-69.1841","112.8","2021-09-15",,,"0.00",",,7,0700",,,,
"USC00171975","45.1872","-69.1841","112.8","2021-09-16",,,"1.08",",,7,0700",,,,
"USC00171975","45.1872","-69.1841","112.8","2021-09-17",,,"0.01",",,7,0700",,,,
"USC00171975","45.1872","-69.1841","112.8","2021-09-18",,,"0.00",",,7,0700",,,,
"USC00171975","45.1872","-69.1841","112.8","2021-09-19",,,"0.19",",,7,0700",,,,
"USC00171975","45.1872","-69.1841","112.8","2021-09-20",,,"0.00",",,7,0700",,,,
"USC00171975","45.1872","-69.1841","112.8","2021-09-21",,,"0.00",",,7,0700",,,,
"USC00171975","45.1872","-69.1841","112.8","2021-09-22",,,"0.01",",,7,0700",,,,
"USC00171975","45.1872","-69.1841","112.8","2021-09-23",,,"0.03",",,7,0700",,,,
"USC00171975","45.1872","-69.1841","112.8","2021-09-24",,,"0.00",",,7,0700",,,,
"USC00171975","45.1872","-69.1841","112.8","2021-09-25",,,"0.86",",,7,0700","0.0",",,7,0700",,
"USC00171975","45.1872","-69.1841","112.8","2021-09-26",,,"2.24",",,7,0700","0.0",",,7,0700",,
"USC00171975","45.1872","-69.1841","112.8","2021-09-27",,,"0.75",",,7,0700",,,,
"USC00171975","45.1872","-69.1841","112.8","2021-09-28",,,"0.08",",,7,0700",,,,
"USC00171975","45.1872","-69.1841","112.8","2021-09-29",,,"0.00",",,7,0700",,,,
"USC00171975","45.1872","-69.1841","112.8","2021-09-30",,,"0.30",",,7,0700",,,,
"USC00171975","45.1872","-69.1841","112.8","2021-10-01",,,"0.05",",,7,0700",,,,
"USC00171975","45.1872","-69.1841","112.8","2021-10-02",,,"0.02",",,7,0700",,,,
"USC00171975","45.1872","-69.1841","112.8","2021-10-03",,,"0.01",",,7,0700",,,,
"USC00171975","45.1872","-69.1841","112.8","2021-10-04",,,"0.00",",,7,0700",,,,
"USC00171975","45.1872","-69.1841","112.8","2021-10-05",,,"0.00",",,7,0700",,,,
"USC00171975","45.1872","-69.1841","112.8","2021-10-06",,,"0.00",",,7,0700",,,,
"USC00171975","45.1872","-69.1841","112.8","2021-10-07",,,"0.00",",,7,0700",,,,
"USC00171975","45.1872","-69.1841","112.8","2021-10-08",,,"0.00",",,7,0700",,,,
"USC00171975","45.1872","-69.1841","112.8","2021-10-09",,,"0.00",",,7,0700",,,,
"USC00171975","45.1872","-69.1841","112.8","2021-10-10",,,"0.00",",,7,0700",,,,
"USC00171975","45.1872","-69.1841","112.8","2021-10-11",,,"0.00",",,7,0700",,,,
"USC00171975","45.1872","-69.1841","112.8","2021-10-12",,,"0.00",",,7,0700",,,,
"USC00171975","45.1872","-69.1841","112.8","2021-10-13",,,"0.00",",,7,0700",,,,
"USC00171975","45.1872","-69.1841","112.8","2021-10-14",,,"0.00",",,7,0700",,,,
"USC00171975","45.1872","-69.1841","112.8","2021-10-15",,,"0.02",",,7,0700",,,,
"USC00171975","45.1872","-69.1841","112.8","2021-10-16",,,"0.09",",,7,0700",,,,
"USC00171975","45.1872","-69.1841","112.8","2021-10-17",,,"0.88",",,7,0700",,,,
"USC00171975","45.1872","-69.1841","112.8","2021-10-18",,,"0.08",",,7,0700",,,,
"USC00171975","45.1872","-69.1841","112.8","2021-10-19",,,"0.00",",,7,0700",,,,
"USC00171975","45.1872","-69.1841","112.8","2021-10-20",,,"0.00",",,7,0700",,,,
"USC00171975","45.1872","-69.1841","112.8","2021-10-21",,,"0.00",",,7,0700",,,,
"USC00171975","45.1872","-69.1841","112.8","2021-10-22",,,"0.05",",,7,0700",,,,
"USC00171975","45.1872","-69.1841","112.8","2021-10-23",,,"0.20",",,7,0700",,,,
"USC00171975","45.1872","-69.1841","112.8","2021-10-25",,,"0.00",",,7,0700",,,,
"USC00171975","45.1872","-69.1841","112.8","2021-10-26",,,"0.05",",,7,0700",,,,
"USC00171975","45.1872","-69.1841","112.8","2021-10-27",,,"0.00",",,7,0700",,,,
"USC00171975","45.1872","-69.1841","112.8","2021-10-28",,,"0.00",",,7,0700",,,,
"USC00171975","45.1872","-69.1841","112.8","2021-10-29",,,"0.00",",,7,0700",,,,
"USC00171975","45.1872","-69.1841","112.8","2021-10-30",,,"0.00",",,7,0700",,,,
"USC00171975","45.1872","-69.1841","112.8","2021-10-31",,,"2.08",",,7,0700",,,,
"USC00171975","45.1872","-69.1841","112.8","2021-11-01",,,"0.62",",,H,0700",,,,
"USC00171975","45.1872","-69.1841","112.8","2021-11-02",,,"0.00",",,H,0700",,,,
"USC00171975","45.1872","-69.1841","112.8","2021-11-03",,,"0.00",",,H,0700",,,,
"USC00171975","45.1872","-69.1841","112.8","2021-11-04",,,"0.00",",,H,0700",,,,
"USC00171975","45.1872","-69.1841","112.8","2021-11-05",,,"0.00",",,H,0700",,,,
"USC00171975","45.1872","-69.1841","112.8","2021-11-06",,,"0.00",",,H,0700",,,,
"USC00171975","45.1872","-69.1841","112.8","2021-11-07",,,"0.00",",,H,0700",,,,
"USC00171975","45.1872","-69.1841","112.8","2021-11-08",,,"0.00",",,H,0700",,,,
"USC00171975","45.1872","-69.1841","112.8","2021-11-09",,,"0.00",",,H,0700",,,,
"USC00171975","45.1872","-69.1841","112.8","2021-11-10",,,"0.00",",,H,0700",,,,
"USC00171975","45.1872","-69.1841","112.8","2021-11-11",,,"0.00",",,H,0700",,,,
"USC00171975","45.1872","-69.1841","112.8","2021-11-12",,,"0.00",",,H,0700",,,,
"USC00171975","45.1872","-69.1841","112.8","2021-11-13",,,"1.05",",,H,0700",,,,
"USC00171975","45.1872","-69.1841","112.8","2021-11-14",,,"0.00",",,H,0700",,,,
"USC00171975","45.1872","-69.1841","112.8","2021-11-15",,,"0.10",",,H,0700",,,,
"USC00171975","45.1872","-69.1841","112.8","2021-11-16",,,"0.04",",,H,0700",,,,
"USC00171975","45.1872","-69.1841","112.8","2021-11-17",,,"0.00",",,H,0700",,,,
"USC00171975","45.1872","-69.1841","112.8","2021-11-18",,,"0.35",",,H,0700",,,,
"USC00171975","45.1872","-69.1841","112.8","2021-11-19",,,"0.23",",,H,0700",,,,
"USC00171975","45.1872","-69.1841","112.8","2021-11-20",,,"0.00",",,H,0700",,,,
"USC00171975","45.1872","-69.1841","112.8","2021-11-21",,,"0.00",",,H,0700",,,,
"USC00171975","45.1872","-69.1841","112.8","2021-11-22",,,"0.40",",,H,0700",,,,
"USC00171975","45.1872","-69.1841","112.8","2021-11-23",,,"0.24",",,H,0700",,,,
"USC00171975","45.1872","-69.1841","112.8","2021-11-24",,,"0.00",",,H,0700",,,,
"USC00171975","45.1872","-69.1841","112.8","2021-11-25",,,"0.00",",,H,0700",,,,
"USC00171975","45.1872","-69.1841","112.8","2021-11-26",,,"0.01",",,H,0700",,,,
"USC00171975","45.1872","-69.1841","112.8","2021-11-27",,,"0.22",",,H,0700","0.1",",,H,0700",,
"USC00171975","45.1872","-69.1841","112.8","2021-11-28",,,"0.00",",,H,0700",,,,
"US1MEHN0007","44.637419","-68.491978","53.9","2021-08-01",,,"0.00",",,N","0.0",",,N",,
"US1MEHN0007","44.637419","-68.491978","53.9","2021-08-02",,,"0.00",",,N","0.0",",,N",,
"US1MEHN0007","44.637419","-68.491978","53.9","2021-08-03",,,"0.12",",,N",,,,
"US1MEHN0007","44.637419","-68.491978","53.9","2021-08-04",,,"0.00",",,N","0.0",",,N",,
"US1MEHN0007","44.637419","-68.491978","53.9","2021-08-05",,,"0.32",",,N",,,,
"US1MEHN0007","44.637419","-68.491978","53.9","2021-08-06",,,"0.42",",,N",,,,
"US1MEHN0007","44.637419","-68.491978","53.9","2021-08-07",,,"0.00",",,N","0.0",",,N",,
"US1MEHN0007","44.637419","-68.491978","53.9","2021-08-08",,,"0.00",",,N","0.0",",,N",,
"US1MEHN0007","44.637419","-68.491978","53.9","2021-08-09",,,"0.00",",,N","0.0",",,N",,
"US1MEHN0007","44.637419","-68.491978","53.9","2021-08-10",,,"0.00",",,N","0.0",",,N",,
"US1MEHN0007","44.637419","-68.491978","53.9","2021-08-11",,,"0.00",",,N","0.0",",,N",,
"US1MEHN0007","44.637419","-68.491978","53.9","2021-08-12",,,"0.00",",,N","0.0",",,N",,
"US1MEHN0007","44.637419","-68.491978","53.9","2021-08-13",,,"0.00",",,N","0.0",",,N",,
"US1MEHN0007","44.637419","-68.491978","53.9","2021-08-14",,,"0.00",",,N","0.0",",,N",,
"US1MEHN0007","44.637419","-68.491978","53.9","2021-08-15",,,"0.97",",,N",,,,
"US1MEHN0007","44.637419","-68.491978","53.9","2021-08-16",,,"0.00",",,N","0.0",",,N",,
"US1MEHN0007","44.637419","-68.491978","53.9","2021-08-17",,,"0.00",",,N","0.0",",,N",,
"US1MEHN0007","44.637419","-68.491978","53.9","2021-08-18",,,"0.00",",,N","0.0",",,N",,
"US1MEHN0007","44.637419","-68.491978","53.9","2021-08-19",,,"0.06",",,N",,,,
"US1MEHN0007","44.637419","-68.491978","53.9","2021-08-20",,,"0.12",",,N",,,,
"US1MEHN0007","44.637419","-68.491978","53.9","2021-08-21",,,"0.00",",,N","0.0",",,N",,
"US1MEHN0007","44.637419","-68.491978","53.9","2021-08-22",,,"0.00",",,N","0.0",",,N",,
"US1MEHN0007","44.637419","-68.491978","53.9","2021-08-23",,,"0.14",",,N",,,,
"US1MEHN0007","44.637419","-68.491978","53.9","2021-08-24",,,"1.80",",,N",,,,
"US1MEHN0007","44.637419","-68.491978","53.9","2021-08-25",,,"0.01",",,N",,,,
"US1MEHN0007","44.637419","-68.491978","53.9","2021-08-26",,,"0.00",",,N","0.0",",,N",,
"US1MEHN0007","44.637419","-68.491978","53.9","2021-08-27",,,"0.00",",,N","0.0",",,N",,
"US1MEHN0007","44.637419","-68.491978","53.9","2021-08-28",,,"0.00",",,N","0.0",",,N",,
"US1MEHN0007","44.637419","-68.491978","53.9","2021-08-29",,,"0.02",",,N",,,,
"US1MEHN0007","44.637419","-68.491978","53.9","2021-08-30",,,"0.00",",,N","0.0",",,N",,
"US1MEHN0007","44.637419","-68.491978","53.9","2021-09-01",,,"0.00",",,N","0.0",",,N",,
"US1MEHN0007","44.637419","-68.491978","53.9","2021-09-02",,,"0.90",",,N",,,,
"US1MEHN0007","44.637419","-68.491978","53.9","2021-09-03",,,"0.21",",,N",,,,
"US1MEHN0007","44.637419","-68.491978","53.9","2021-09-04",,,"0.20",",,N",,,,
"US1MEHN0007","44.637419","-68.491978","53.9","2021-09-05",,,"0.00",",,N","0.0",",,N",,
"US1MEHN0007","44.637419","-68.491978","53.9","2021-09-06",,,"0.06",",,N",,,,
"US1MEHN0007","44.637419","-68.491978","53.9","2021-09-07",,,"0.17",",,N",,,,
"US1MEHN0007","44.637419","-68.491978","53.9","2021-09-08",,,"0.00",",,N","0.0",",,N",,
"US1MEHN0007","44.637419","-68.491978","53.9","2021-09-09",,,"0.04",",,N",,,,
"US1MEHN0007","44.637419","-68.491978","53.9","2021-09-10",,,"2.71",",,N",,,,
"US1MEHN0007","44.637419","-68.491978","53.9","2021-09-11",,,"0.28",",,N",,,,
"US1MEHN0007","44.637419","-68.491978","53.9","2021-09-12",,,"0.00",",,N","0.0",",,N",,
"US1MEHN0007","44.637419","-68.491978","53.9","2021-09-13",,,"0.03",",,N",,,,
"US1MEHN0007","44.637419","-68.491978","53.9","2021-09-14",,,"0.00",",,N","0.0",",,N",,
"US1MEHN0007","44.637419","-68.491978","53.9","2021-09-15",,,"0.00",",,N","0.0",",,N",,
"US1MEHN0007","44.637419","-68.491978","53.9","2021-09-16",,,"0.20",",,N",,,,
"US1MEHN0007","44.637419","-68.491978","53.9","2021-09-17",,,"0.01",",,N",,,,
"US1MEHN0007","44.637419","-68.491978","53.9","2021-09-18",,,"0.02",",,N",,,,
"US1MEHN0007","44.637419","-68.491978","53.9","2021-09-19",,,"0.38",",,N",,,,
"US1MEHN0007","44.637419","-68.491978","53.9","2021-09-20",,,"0.00",",,N","0.0",",,N",,
"US1MEHN0007","44.637419","-68.491978","53.9","2021-09-21",,,"0.00",",,N","0.0",",,N",,
"US1MEHN0007","44.637419","-68.491978","53.9","2021-09-22",,,"0.00",",,N","0.0",",,N",,
"US1MEHN0007","44.637419","-68.491978","53.9","2021-09-23",,,"0.03",",,N",,,,
"US1MEHN0007","44.637419","-68.491978","53.9","2021-09-24",,,"0.00",",,N","0.0",",,N",,
"US1MEHN0007","44.637419","-68.491978","53.9","2021-09-25",,,"1.35",",,N",,,,
"US1MEHN0007","44.637419","-68.491978","53.9","2021-09-26",,,"2.26",",,N",,,,
"US1MEHN0007","44.637419","-68.491978","53.9","2021-09-27",,,"1.13",",,N",,,,
"US1MEHN0007","44.637419","-68.491978","53.9","2021-09-28",,,"0.01",",,N",,,,
"US1MEHN0007","44.637419","-68.491978","53.9","2021-09-29",,,"0.00",",,N","0.0",",,N",,
"US1MEHN0007","44.637419","-68.491978","53.9","2021-09-30",,,"0.00",",,N","0.0",",,N",,
"US1MEHN0007","44.637419","-68.491978","53.9","2021-10-01",,,"0.00",",,N","0.0",",,N",,
"US1MEHN0007","44.637419","-68.491978","53.9","2021-10-02",,,"0.00",",,N","0.0",",,N",,
"US1MEHN0007","44.637419","-68.491978","53.9","2021-10-03",,,"0.00",",,N","0.0",",,N",,
"US1MEHN0007","44.637419","-68.491978","53.9","2021-10-04",,,"0.00",",,N","0.0",",,N",,
"US1MEHN0007","44.637419","-68.491978","53.9","2021-10-05",,,"0.00",",,N","0.0",",,N",,
"US1MEHN0007","44.637419","-68.491978","53.9","2021-10-06",,,"0.00",",,N","0.0",",,N",,
"US1MEHN0007","44.637419","-68.491978","53.9","2021-10-07",,,"0.00",",,N","0.0",",,N",,
"US1MEHN0007","44.637419","-68.491978","53.9","2021-10-08",,,"0.00",",,N","0.0",",,N",,
"US1MEHN0007","44.637419","-68.491978","53.9","2021-10-09",,,"0.00",",,N","0.0",",,N",,
"US1MEHN0007","44.637419","-68.491978","53.9","2021-10-10",,,"0.00",",,N","0.0",",,N",,
"US1MEHN0007","44.637419","-68.491978","53.9","2021-10-11",,,"0.00",",,N","0.0",",,N",,
"US1MEHN0007","44.637419","-68.491978","53.9","2021-10-12",,,"0.00",",,N","0.0",",,N",,
"US1MEHN0007","44.637419","-68.491978","53.9","2021-10-14",,,"0.00",",,N","0.0",",,N",,
"US1MEHN0007","44.637419","-68.491978","53.9","2021-10-15",,,"0.00",",,N","0.0",",,N",,
"US1MEHN0007","44.637419","-68.491978","53.9","2021-10-16",,,"0.23",",,N",,,,
"US1MEHN0007","44.637419","-68.491978","53.9","2021-10-17",,,"1.26",",,N",,,,
"US1MEHN0007","44.637419","-68.491978","53.9","2021-10-18",,,"0.05",",,N",,,,
"US1MEHN0007","44.637419","-68.491978","53.9","2021-10-19",,,"0.00",",,N","0.0",",,N",,
"US1MEHN0007","44.637419","-68.491978","53.9","2021-10-20",,,"0.01",",,N","0.0",",,N",,
"US1MEHN0007","44.637419","-68.491978","53.9","2021-10-21",,,"0.00",",,N","0.0",",,N",,
"US1MEHN0007","44.637419","-68.491978","53.9","2021-10-22",,,"0.02",",,N",,,,
"US1MEHN0007","44.637419","-68.491978","53.9","2021-10-23",,,"0.05",",,N",,,,
"US1MEHN0007","44.637419","-68.491978","53.9","2021-10-24",,,"0.01",",,N",,,,
"US1MEHN0007","44.637419","-68.491978","53.9","2021-10-25",,,"0.00",",,N","0.0",",,N",,
"US1MEHN0007","44.637419","-68.491978","53.9","2021-10-26",,,"0.07",",,N",,,,
"US1MEHN0007","44.637419","-68.491978","53.9","2021-10-27",,,"0.06",",,N",,,,
"US1MEHN0007","44.637419","-68.491978","53.9","2021-10-28",,,"0.07",",,N",,,,
"US1MEHN0007","44.637419","-68.491978","53.9","2021-10-29",,,"0.00",",,N","0.0",",,N",,
"US1MEHN0007","44.637419","-68.491978","53.9","2021-10-30",,,"0.00",",,N","0.0",",,N",,
"US1MEHN0007","44.637419","-68.491978","53.9","2021-10-31",,,"2.39",",,N",,,,
"US1MEHN0007","44.637419","-68.491978","53.9","2021-11-01",,,"0.03",",,N",,,,
"US1MEHN0007","44.637419","-68.491978","53.9","2021-11-02",,,"0.00",",,N","0.0",",,N",,
"US1MEHN0007","44.637419","-68.491978","53.9","2021-11-03",,,"0.00",",,N","0.0",",,N",,
"US1MEHN0007","44.637419","-68.491978","53.9","2021-11-04",,,"0.00",",,N","0.0",",,N",,
"US1MEHN0007","44.637419","-68.491978","53.9","2021-11-05",,,"0.00",",,N","0.0",",,N",,
"US1MEHN0007","44.637419","-68.491978","53.9","2021-11-06",,,"0.00",",,N","0.0",",,N",,
"US1MEHN0007","44.637419","-68.491978","53.9","2021-11-07",,,"0.00",",,N","0.0",",,N",,
"US1MEHN0007","44.637419","-68.491978","53.9","2021-11-08",,,"0.00",",,N","0.0",",,N",,
"US1MEHN0007","44.637419","-68.491978","53.9","2021-11-09",,,"0.00",",,N","0.0",",,N",,
"US1MEHN0007","44.637419","-68.491978","53.9","2021-11-10",,,"0.35",",,N",,,,
"US1MEHN0007","44.637419","-68.491978","53.9","2021-11-11",,,"0.02",",,N",,,,
"US1MEHN0007","44.637419","-68.491978","53.9","2021-11-12",,,"0.00",",,N","0.0",",,N",,
"US1MEHN0007","44.637419","-68.491978","53.9","2021-11-13",,,"1.17",",,N",,,,
"US1MEHN0007","44.637419","-68.491978","53.9","2021-11-14",,,"0.27",",,N",,,,
"US1MEHN0007","44.637419","-68.491978","53.9","2021-11-15",,,"0.24",",,N",,,,
"US1MEHN0007","44.637419","-68.491978","53.9","2021-11-16",,,"0.00",",,N","0.0",",,N",,
"US1MEHN0007","44.637419","-68.491978","53.9","2021-11-17",,,"0.00",",,N","0.0",",,N",,
"US1MEHN0007","44.637419","-68.491978","53.9","2021-11-18",,,"0.18",",,N",,,,
"US1MEHN0007","44.637419","-68.491978","53.9","2021-11-19",,,"0.24",",,N",,,,
"US1MEHN0007","44.637419","-68.491978","53.9","2021-11-20",,,"0.00",",,N","0.0",",,N",,
"US1MEHN0007","44.637419","-68.491978","53.9","2021-11-21",,,"0.00",",,N","0.0",",,N",,
"US1MEHN0007","44.637419","-68.491978","53.9","2021-11-22",,,"1.77",",,N",,,,
"US1MEHN0007","44.637419","-68.491978","53.9","2021-11-23",,,"0.26",",,N",,,,
"US1MEHN0007","44.637419","-68.491978","53.9","2021-11-24",,,"0.00",",,N","0.0",",,N",,
"US1MEHN0007","44.637419","-68.491978","53.9","2021-11-25",,,"0.00",",,N","0.0",",,N",,
"US1MEHN0007","44.637419","-68.491978","53.9","2021-11-26",,,"0.00",",,N","0.0",",,N",,
"US1MEHN0007","44.637419","-68.491978","53.9","2021-11-27",,,"0.55",",,N","1.1",",,N",,
"US1MEHN0007","44.637419","-68.491978","53.9","2021-11-28",,,"0.05",",,N","0.2",",,N",,
"US1MEYK0057","43.630646","-70.714211","138.4","2021-08-01",,,"0.00",",,N","0.0",",,N",,
"US1MEYK0057","43.630646","-70.714211","138.4","2021-08-02",,,"0.11",",,N",,,,
"US1MEYK0057","43.630646","-70.714211","138.4","2021-08-03",,,"0.00",",,N","0.0",",,N",,
"US1MEYK0057","43.630646","-70.714211","138.4","2021-08-04",,,"0.00",",,N","0.0",",,N",,
"US1MEYK0057","43.630646","-70.714211","138.4","2021-08-05",,,"0.08",",,N",,,,
"US1MEYK0057","43.630646","-70.714211","138.4","2021-08-06",,,"0.50",",,N",,,,
"US1MEYK0057","43.630646","-70.714211","138.4","2021-08-07",,,"0.00",",,N","0.0",",,N",,
"US1MEYK0057","43.630646","-70.714211","138.4","2021-08-08",,,"0.00",",,N","0.0",",,N",,
"US1MEYK0057","43.630646","-70.714211","138.4","2021-08-09",,,"0.00",",,N","0.0",",,N",,
"US1MEYK0057","43.630646","-70.714211","138.4","2021-08-10",,,"0.02",",,N",,,,
"US1MEYK0057","43.630646","-70.714211","138.4","2021-08-11",,,"0.00",",,N","0.0",",,N",,
"US1MEYK0057","43.630646","-70.714211","138.4","2021-08-12",,,"0.00",",,N","0.0",",,N",,
"US1MEYK0057","43.630646","-70.714211","138.4","2021-08-13",,,"0.00",",,N","0.0",",,N",,
"US1MEYK0057","43.630646","-70.714211","138.4","2021-08-14",,,"0.00",",,N","0.0",",,N",,
"US1MEYK0057","43.630646","-70.714211","138.4","2021-08-15",,,"0.00",",,N","0.0",",,N",,
"US1MEYK0057","43.630646","-70.714211","138.4","2021-08-16",,,"0.00",",,N","0.0",",,N",,
"US1MEYK0057","43.630646","-70.714211","138.4","2021-08-17",,,"0.00",",,N","0.0",",,N",,
"US1MEYK0057","43.630646","-70.714211","138.4","2021-08-18",,,"0.00",",,N","0.0",",,N",,
"US1MEYK0057","43.630646","-70.714211","138.4","2021-08-19",,,"0.02",",,N",,,,
"US1MEYK0057","43.630646","-70.714211","138.4","2021-08-20",,,"0.75",",,N",,,,
"US1MEYK0057","43.630646","-70.714211","138.4","2021-08-21",,,"0.00",",,N","0.0",",,N",,
"US1MEYK0057","43.630646","-70.714211","138.4","2021-08-22",,,"0.02",",,N",,,,
"US1MEYK0057","43.630646","-70.714211","138.4","2021-08-23",,,"0.48",",,N",,,,
"US1MEYK0057","43.630646","-70.714211","138.4","2021-08-28",,,,,,,,
"US1MEYK0057","43.630646","-70.714211","138.4","2021-08-29",,,"0.00",",,N","0.0",",,N",,
"US1MEYK0057","43.630646","-70.714211","138.4","2021-08-30",,,"0.00",",,N","0.0",",,N",,
"US1MEYK0057","43.630646","-70.714211","138.4","2021-08-31",,,"0.67",",,N",,,,
"US1MEYK0057","43.630646","-70.714211","138.4","2021-09-01",,,"0.00",",,N","0.0",",,N",,
"US1MEYK0057","43.630646","-70.714211","138.4","2021-09-02",,,"1.76",",,N",,,,
"US1MEYK0057","43.630646","-70.714211","138.4","2021-09-03",,,"0.03",",,N",,,,
"US1MEYK0057","43.630646","-70.714211","138.4","2021-09-04",,,"0.04",",,N",,,,
"US1MEYK0057","43.630646","-70.714211","138.4","2021-09-05",,,"0.00",",,N","0.0",",,N",,
"US1MEYK0057","43.630646","-70.714211","138.4","2021-09-06",,,"0.19",",,N",,,,
"US1MEYK0057","43.630646","-70.714211","138.4","2021-09-07",,,"0.02",",,N",,,,
"US1MEYK0057","43.630646","-70.714211","138.4","2021-09-08",,,"0.00",",,N","0.0",",,N",,
"US1MEYK0057","43.630646","-70.714211","138.4","2021-09-09",,,"0.31",",,N",,,,
"US1MEYK0057","43.630646","-70.714211","138.4","2021-09-10",,,"1.38",",,N",,,,
"US1MEYK0057","43.630646","-70.714211","138.4","2021-09-11",,,"0.01",",,N",,,,
"US1MEYK0057","43.630646","-70.714211","138.4","2021-09-12",,,"0.00",",,N","0.0",",,N",,
"US1MEYK0057","43.630646","-70.714211","138.4","2021-09-13",,,"0.02",",,N",,,,
"US1MEYK0057","43.630646","-70.714211","138.4","2021-09-14",,,"0.00",",,N","0.0",",,N",,
"US1MEYK0057","43.630646","-70.714211","138.4","2021-09-15",,,"0.00",",,N","0.0",",,N",,
"US1MEYK0057","43.630646","-70.714211","138.4","2021-09-16",,,"0.30",",,N",,,,
"US1MEYK0057","43.630646","-70.714211","138.4","2021-09-17",,,"0.00",",,N","0.0",",,N",,
"US1MEYK0057","43.630646","-70.714211","138.4","2021-09-18",,,"0.01",",,N",,,,
"US1MEYK0057","43.630646","-70.714211","138.4","2021-09-19",,,"0.18",",,N",,,,
"US1MEYK0057","43.630646","-70.714211","138.4","2021-09-20",,,"0.00",",,N","0.0",",,N",,
"US1MEYK0057","43.630646","-70.714211","138.4","2021-09-21",,,"0.00",",,N","0.0",",,N",,
"US1MEYK0057","43.630646","-70.714211","138.4","2021-09-22",,,"0.02",",,N",,,,
"US1MEYK0057","43.630646","-70.714211","138.4","2021-09-23",,,"0.02",",,N",,,,
"US1MEYK0057","43.630646","-70.714211","138.4","2021-09-24",,,"0.02",",,N",,,,
"US1MEYK0057","43.630646","-70.714211","138.4","2021-09-25",,,"0.17",",,N",,,,
"US1MEYK0057","43.630646","-70.714211","138.4","2021-09-26",,,"0.05",",,N",,,,
"US1MEYK0057","43.630646","-70.714211","138.4","2021-09-27",,,"0.07",",,N",,,,
"US1MEYK0057","43.630646","-70.714211","138.4","2021-10-02",,,,,,,,
"US1MEYK0057","43.630646","-70.714211","138.4","2021-10-03",,,"0.02",",,N",,,,
"US1MEYK0057","43.630646","-70.714211","138.4","2021-10-04",,,"0.03",",,N",,,,
"US1MEYK0057","43.630646","-70.714211","138.4","2021-10-05",,,"0.04",",,N",,,,
"US1MEYK0057","43.630646","-70.714211","138.4","2021-10-06",,,"0.00",",,N","0.0",",,N",,
"US1MEYK0057","43.630646","-70.714211","138.4","2021-10-07",,,"0.00",",,N","0.0",",,N",,
"US1MEYK0057","43.630646","-70.714211","138.4","2021-10-08",,,"0.00",",,N","0.0",",,N",,
"US1MEYK0057","43.630646","-70.714211","138.4","2021-10-09",,,"0.00",",,N","0.0",",,N",,
"US1MEYK0057","43.630646","-70.714211","138.4","2021-10-10",,,"0.00","T,,N",,,,
"US1MEYK0057","43.630646","-70.714211","138.4","2021-10-11",,,"0.00","T,,N",,,,
"US1MEYK0057","43.630646","-70.714211","138.4","2021-10-12",,,"0.00",",,N","0.0",",,N",,
"US1MEYK0057","43.630646","-70.714211","138.4","2021-10-13",,,"0.00",",,N","0.0",",,N",,
"US1MEYK0057","43.630646","-70.714211","138.4","2021-10-14",,,"0.00",",,N","0.0",",,N",,
"US1MEYK0057","43.630646","-70.714211","138.4","2021-10-15",,,"0.00",",,N","0.0",",,N",,
"US1MEYK0057","43.630646","-70.714211","138.4","2021-10-16",,,"0.63",",,N",,,,
"US1MEYK0057","43.630646","-70.714211","138.4","2021-10-17",,,"0.48",",,N",,,,
"US1MEYK0057","43.630646","-70.714211","138.4","2021-10-18",,,"0.00",",,N","0.0",",,N",,
"US1MEYK0057","43.630646","-70.714211","138.4","2021-10-19",,,"0.08",",,N",,,,
"US1MEYK0057","43.630646","-70.714211","138.4","2021-10-20",,,"0.00",",,N","0.0",",,N",,
"US1MEYK0057","43.630646","-70.714211","138.4","2021-10-21",,,"0.00",",,N","0.0",",,N",,
"US1MEYK0057","43.630646","-70.714211","138.4","2021-10-22",,,"0.02",",,N",,,,
"US1MEYK0057","43.630646","-70.714211","138.4","2021-10-23",,,"0.00",",,N","0.0",",,N",,
"US1MEYK0057","43.630646","-70.714211","138.4","2021-10-24",,,"0.00",",,N","0.0",",,N",,
"US1MEYK0057","43.630646","-70.714211","138.4","2021-10-25",,,"0.03",",,N",,,,
"US1MEYK0057","43.630646","-70.714211","138.4","2021-10-26",,,"0.38",",,N",,,,
"US1MEYK0057","43.630646","-70.714211","138.4","2021-10-27",,,"1.12",",,N",,,,
"US1MEYK0057","43.630646","-70.714211","138.4","2021-10-28",,,"0.27",",,N",,,,
"US1MEYK0057","43.630646","-70.714211","138.4","2021-10-29",,,"0.00",",,N","0.0",",,N",,
"US1MEYK0057","43.630646","-70.714211","138.4","2021-10-30",,,"0.08",",,N",,,,
"US1MEYK0057","43.630646","-70.714211","138.4","2021-10-31",,,"4.40",",,N",,,,
"US1MEYK0057","43.630646","-70.714211","138.4","2021-11-01",,,"0.08",",,N",,,,
"US1MEYK0057","43.630646","-70.714211","138.4","2021-11-02",,,"0.00",",,N","0.0",",,N",,
"US1MEYK0057","43.630646","-70.714211","138.4","2021-11-03",,,"0.00",",,N","0.0",",,N",,
"US1MEYK0057","43.630646","-70.714211","138.4","2021-11-04",,,"0.00","T,,N",,,,
"US1MEYK0057","43.630646","-70.714211","138.4","2021-11-05",,,"0.00",",,N","0.0",",,N",,
"US1MEYK0057","43.630646","-70.714211","138.4","2021-11-06",,,"0.00",",,N","0.0",",,N",,
"US1MEYK0057","43.630646","-70.714211","138.4","2021-11-07",,,"0.00",",,N","0.0",",,N",,
"US1MEYK0057","43.630646","-70.714211","138.4","2021-11-08",,,"0.00",",,N","0.0",",,N",,
"US1MEYK0057","43.630646","-70.714211","138.4","2021-11-09",,,"0.00",",,N","0.0",",,N",,
"US1MEYK0057","43.630646","-70.714211","138.4","2021-11-10",,,"0.02",",,N",,,,
"US1MEYK0057","43.630646","-70.714211","138.4","2021-11-11",,,"0.05",",,N",,,,
"US1MEYK0057","43.630646","-70.714211","138.4","2021-11-12",,,"0.01",",,N",,,,
"US1MEYK0057","43.630646","-70.714211","138.4","2021-11-13",,,"1.72",",,N",,,,
"US1MEYK0057","43.630646","-70.714211","138.4","2021-11-14",,,"0.45",",,N",,,,
"US1MEYK0057","43.630646","-70.714211","138.4","2021-11-15",,,"0.14",",,N",,,,
"US1MEYK0057","43.630646","-70.714211","138.4","2021-11-16",,,"0.00","T,,N",,,,
"US1MEYK0057","43.630646","-70.714211","138.4","2021-11-17",,,"0.00",",,N","0.0",",,N",,
"US1MEYK0057","43.630646","-70.714211","138.4","2021-11-18",,,"0.00",",,N","0.0",",,N",,
"US1MEYK0057","43.630646","-70.714211","138.4","2021-11-19",,,"0.18",",,N",,,,
"US1MEYK0057","43.630646","-70.714211","138.4","2021-11-20",,,"0.00","T,,N",,,,
"US1MEYK0057","43.630646","-70.714211","138.4","2021-11-21",,,"0.00",",,N","0.0",",,N",,
"US1MEYK0057","43.630646","-70.714211","138.4","2021-11-22",,,"0.17",",,N",,,,
"US1MEYK0057","43.630646","-70.714211","138.4","2021-11-23",,,"0.03",",,N",,,,
"US1MEYK0057","43.630646","-70.714211","138.4","2021-11-24",,,"0.00",",,N","0.0",",,N",,
"US1MEYK0057","43.630646","-70.714211","138.4","2021-11-25",,,"0.00",",,N","0.0",",,N",,
"US1MEYK0057","43.630646","-70.714211","138.4","2021-11-26",,,"0.00",",,N","0.0",",,N",,
"US1MEYK0057","43.630646","-70.714211","138.4","2021-11-27",,,"0.26",",,N",,,,
"US1MEYK0057","43.630646","-70.714211","138.4","2021-11-28",,,"0.00",",,N","0.0",",,N",,
"USW00094623","43.96361","-69.71167","20.7","2021-08-01","2.46",",,W","0.00",",,W",,,,
"USW00094623","43.96361","-69.71167","20.7","2021-08-02","1.79",",,W","0.00","T,,W",,,,
"USW00094623","43.96361","-69.71167","20.7","2021-08-03","3.58",",,W","0.00",",,W",,,,
"USW00094623","43.96361","-69.71167","20.7","2021-08-04","2.01",",,W","0.00",",,W",,,,
"USW00094623","43.96361","-69.71167","20.7","2021-08-05","2.01",",,W","0.73",",,W",,,,
"USW00094623","43.96361","-69.71167","20.7","2021-08-06","2.01",",,W","0.00",",,W",,,,
"USW00094623","43.96361","-69.71167","20.7","2021-08-07","2.01",",,W","0.00",",,W",,,,
"USW00094623","43.96361","-69.71167","20.7","2021-08-08","2.68",",,W","0.00",",,W",,,,
"USW00094623","43.96361","-69.71167","20.7","2021-08-09","4.70",",,W","0.00",",,W",,,,
"USW00094623","43.96361","-69.71167","20.7","2021-08-10","2.24",",,W","0.00",",,W",,,,
"USW00094623","43.96361","-69.71167","20.7","2021-08-11","2.46",",,W","0.00",",,W",,,,
"USW00094623","43.96361","-69.71167","20.7","2021-08-12","2.01",",,W","0.00",",,W",,,,
"USW00094623","43.96361","-69.71167","20.7","2021-08-13","2.24",",,W","0.00",",,W",,,,
"USW00094623","43.96361","-69.71167","20.7","2021-08-14","2.46",",,W","0.00","T,,W",,,,
"USW00094623","43.96361","-69.71167","20.7","2021-08-15","2.01",",,W","0.00",",,W",,,,
"USW00094623","43.96361","-69.71167","20.7","2021-08-16","2.01",",,W","0.00",",,W",,,,
"USW00094623","43.96361","-69.71167","20.7","2021-08-17","2.24",",,W","0.00",",,W",,,,
"USW00094623","43.96361","-69.71167","20.7","2021-08-18","3.36",",,W","0.00","T,,W",,,,
"USW00094623","43.96361","-69.71167","20.7","2021-08-19","2.01",",,W","0.61",",,W",,,,
"USW00094623","43.96361","-69.71167","20.7","2021-08-20","1.57",",,W","0.03",",,W",,,,
"USW00094623","43.96361","-69.71167","20.7","2021-08-21","3.80",",,W","0.00",",,W",,,,
"USW00094623","43.96361","-69.71167","20.7","2021-08-22","6.04",",,W","0.35",",,W",,,,
"USW00094623","43.96361","-69.71167","20.7","2021-08-23","2.46",",,W","0.10",",,W",,,,
"USW00094623","43.96361","-69.71167","20.7","2021-08-24","2.01",",,W","0.00",",,W",,,,
"USW00094623","43.96361","-69.71167","20.7","2021-08-25","1.12",",,W","0.00",",,W",,,,
"USW00094623","43.96361","-69.71167","20.7","2021-08-26","2.24",",,W","0.00",",,W",,,,
"USW00094623","43.96361","-69.71167","20.7","2021-08-27","1.79",",,W","0.00",",,W",,,,
"USW00094623","43.96361","-69.71167","20.7","2021-08-28","0.67",",,W","0.03",",,W",,,,
"USW00094623","43.96361","-69.71167","20.7","2021-08-29","3.36",",,W","0.04",",,W",,,,
"USW00094623","43.96361","-69.71167","20.7","2021-08-30","4.92",",,W","0.01",",,W",,,,
"USW00094623","43.96361","-69.71167","20.7","2021-08-31","1.79",",,W","0.00",",,W",,,,
"USW00094623","43.96361","-69.71167","20.7","2021-09-01","1.57",",,W","0.20",",,W",,,,
"USW00094623","43.96361","-69.71167","20.7","2021-09-02","3.36",",,W","1.22",",,W",,,,
"USW00094623","43.96361","-69.71167","20.7","2021-09-03","2.24",",,W","0.02",",,W",,,,
"USW00094623","43.96361","-69.71167","20.7","2021-09-04","2.91",",,W","0.00",",,W",,,,
"USW00094623","43.96361","-69.71167","20.7","2021-09-05","3.13",",,W","0.11",",,W",,,,
"USW00094623","43.96361","-69.71167","20.7","2021-09-06","2.24",",,W","0.16",",,W",,,,
"USW00094623","43.96361","-69.71167","20.7","2021-09-07","2.46",",,W","0.00",",,W",,,,
"USW00094623","43.96361","-69.71167","20.7","2021-09-08","6.71",",,W","0.00",",,W",,,,
"USW00094623","43.96361","-69.71167","20.7","2021-09-09","4.70",",,W","0.55",",,W",,,,
"USW00094623","43.96361","-69.71167","20.7","2021-09-10","3.13",",,W","0.39",",,W",,,,
"USW00094623","43.96361","-69.71167","20.7","2021-09-11","3.58",",,W","0.00",",,W",,,,
"USW00094623","43.96361","-69.71167","20.7","2021-09-12","5.82",",,W","0.00",",,W",,,,
"USW00094623","43.96361","-69.71167","20.7","2021-09-13","2.68",",,W","0.00",",,W",,,,
"USW00094623","43.96361","-69.71167","20.7","2021-09-14","2.68",",,W","0.00",",,W",,,,
"USW00094623","43.96361","-69.71167","20.7","2021-09-15","4.92",",,W","0.12",",,W",,,,
"USW00094623","43.96361","-69.71167","20.7","2021-09-16","1.57",",,W","0.01",",,W",,,,
"USW00094623","43.96361","-69.71167","20.7","2021-09-17","1.57",",,W","0.00",",,W",,,,
"USW00094623","43.96361","-69.71167","20.7","2021-09-18","2.01",",,W","0.29",",,W",,,,
"USW00094623","43.96361","-69.71167","20.7","2021-09-19","2.01",",,W","0.00",",,W",,,,
"USW00094623","43.96361","-69.71167","20.7","2021-09-20","2.01",",,W","0.00",",,W",,,,
"USW00094623","43.96361","-69.71167","20.7","2021-09-21","2.24",",,W","0.00",",,W",,,,
"USW00094623","43.96361","-69.71167","20.7","2021-09-22","4.03",",,W","0.00","T,,W",,,,
"USW00094623","43.96361","-69.71167","20.7","2021-09-23","3.58",",,W","0.02",",,W",,,,
"USW00094623","43.96361","-69.71167","20.7","2021-09-24","7.38",",,W","0.34",",,W",,,,
"USW00094623","43.96361","-69.71167","20.7","2021-09-25","1.34",",,W","1.29",",,W",,,,
"USW00094623","43.96361","-69.71167","20.7","2021-09-26","1.79",",,W","2.08",",,W",,,,
"USW00094623","43.96361","-69.71167","20.7","2021-09-27","4.03",",,W","0.00","T,,W",,,,
"USW00094623","43.96361","-69.71167","20.7","2021-09-28","0.89",",,W","0.00","T,,W",,,,
"USW00094623","43.96361","-69.71167","20.7","2021-09-29","2.46",",,W","0.00",",,W",,,,
"USW00094623","43.96361","-69.71167","20.7","2021-09-30","1.79",",,W","0.21",",,W",,,,
"USW00094623","43.96361","-69.71167","20.7","2021-10-01","1.12",",,W","0.00",",,W",,,,
"USW00094623","43.96361","-69.71167","20.7","2021-10-02","0.22",",,W","0.01",",,W",,,,
"USW00094623","43.96361","-69.71167","20.7","2021-10-03","0.67",",,W","0.21",",,W",,,,
"USW00094623","43.96361","-69.71167","20.7","2021-10-04","2.01",",,W","0.00",",,W",,,,
"USW00094623","43.96361","-69.71167","20.7","2021-10-05","1.12",",,W","0.00",",,W",,,,
"USW00094623","43.96361","-69.71167","20.7","2021-10-06","0.89",",,W","0.00",",,W",,,,
"USW00094623","43.96361","-69.71167","20.7","2021-10-07","1.12",",,W","0.00",",,W",,,,
"USW00094623","43.96361","-69.71167","20.7","2021-10-08","2.68",",,W","0.00",",,W",,,,
"USW00094623","43.96361","-69.71167","20.7","2021-10-09","2.24",",,W","0.00",",,W",,,,
"USW00094623","43.96361","-69.71167","20.7","2021-10-10","1.34",",,W","0.00",",,W",,,,
"USW00094623","43.96361","-69.71167","20.7","2021-10-11","1.12",",,W","0.00",",,W",,,,
"USW00094623","43.96361","-69.71167","20.7","2021-10-12","1.57",",,W","0.00",",,W",,,,
"USW00094623","43.96361","-69.71167","20.7","2021-10-13","1.57",",,W","0.00",",,W",,,,
"USW00094623","43.96361","-69.71167","20.7","2021-10-14","1.12",",,W","0.00",",,W",,,,
"USW00094623","43.96361","-69.71167","20.7","2021-10-15","2.24",",,W","0.01",",,W",,,,
"USW00094623","43.96361","-69.71167","20.7","2021-10-16","7.61",",,W","0.92",",,W",,,,
"USW00094623","43.96361","-69.71167","20.7","2021-10-17","3.13",",,W","0.14",",,W",,,,
"USW00094623","43.96361","-69.71167","20.7","2021-10-18","3.58",",,W","0.00","T,,W",,,,
"USW00094623","43.96361","-69.71167","20.7","2021-10-19","4.25",",,W","0.00",",,W",,,,
"USW00094623","43.96361","-69.71167","20.7","2021-10-20","1.12",",,W","0.00","T,,W",,,,
"USW00094623","43.96361","-69.71167","20.7","2021-10-21","0.67",",,W","0.02",",,W",,,,
"USW00094623","43.96361","-69.71167","20.7","2021-10-22","3.13",",,W","0.14",",,W",,,,
"USW00094623","43.96361","-69.71167","20.7","2021-10-23","1.79",",,W","0.00",",,W",,,,
"USW00094623","43.96361","-69.71167","20.7","2021-10-24","2.68",",,W","0.00",",,W",,,,
"USW00094623","43.96361","-69.71167","20.7","2021-10-25","2.46",",,W","0.23",",,W",,,,
"USW00094623","43.96361","-69.71167","20.7","2021-10-26","5.82",",,W","0.44",",,W",,,,
"USW00094623","43.96361","-69.71167","20.7","2021-10-27","8.72",",,W","0.15",",,W",,,,
"USW00094623","43.96361","-69.71167","20.7","2021-10-28","3.36",",,W","0.00",",,W",,,,
"USW00094623","43.96361","-69.71167","20.7","2021-10-29","2.01",",,W","0.00",",,W",,,,
"USW00094623","43.96361","-69.71167","20.7","2021-10-30","6.93",",,W","1.01",",,W",,,,
"USW00094623","43.96361","-69.71167","20.7","2021-10-31","8.05",",,W","2.18",",,W",,,,
"USW00094623","43.96361","-69.71167","20.7","2021-11-01","2.91",",,W","0.00","T,,W",,,,
"USW00094623","43.96361","-69.71167","20.7","2021-11-02","1.79",",,W","0.00",",,W",,,,
"USW00094623","43.96361","-69.71167","20.7","2021-11-03","0.67",",,W","0.00",",,W",,,,
"USW00094623","43.96361","-69.71167","20.7","2021-11-04","1.34",",,W","0.00",",,W",,,,
"USW00094623","43.96361","-69.71167","20.7","2021-11-05","1.34",",,W","0.00",",,W",,,,
"USW00094623","43.96361","-69.71167","20.7","2021-11-06","1.34",",,W","0.00",",,W",,,,
"USW00094623","43.96361","-69.71167","20.7","2021-11-07","0.67",",,W","0.00",",,W",,,,
"USW00094623","43.96361","-69.71167","20.7","2021-11-08","0.67",",,W","0.00",",,W",,,,
"USW00094623","43.96361","-69.71167","20.7","2021-11-09","0.45",",,W","0.00",",,W",,,,
"USW00094623","43.96361","-69.71167","20.7","2021-11-10","1.34",",,W","0.27",",,W",,,,
"USW00094623","43.96361","-69.71167","20.7","2021-11-11","0.67",",,W","0.00",",,W",,,,
"USW00094623","43.96361","-69.71167","20.7","2021-11-12","8.50",",,W","1.26",",,W",,,,
"USW00094623","43.96361","-69.71167","20.7","2021-11-13","2.46",",,W","0.18",",,W",,,,
"USW00094623","43.96361","-69.71167","20.7","2021-11-14","3.58",",,W","0.00",",,W",,,,
"USW00094623","43.96361","-69.71167","20.7","2021-11-15","3.36",",,W","0.29",",,W",,,,
"USW00094623","43.96361","-69.71167","20.7","2021-11-16","5.14",",,W","0.00",",,W",,,,
"USW00094623","43.96361","-69.71167","20.7","2021-11-17","3.13",",,W","0.00","T,,W",,,,
"USW00094623","43.96361","-69.71167","20.7","2021-11-18","5.14",",,W","0.12",",,W",,,,
"USW00094623","43.96361","-69.71167","20.7","2021-11-19","4.03",",,W","0.30",",,W",,,,
"USW00094623","43.96361","-69.71167","20.7","2021-11-20","1.57",",,W","0.00",",,W",,,,
"USW00094623","43.96361","-69.71167","20.7","2021-11-21","3.80",",,W","0.92",",,W",,,,
"USW00094623","43.96361","-69.71167","20.7","2021-11-22","5.59",",,W","0.57",",,W",,,,
"USW00094623","43.96361","-69.71167","20.7","2021-11-23","4.92",",,W","0.00",",,W",,,,
"USW00094623","43.96361","-69.71167","20.7","2021-11-24","4.25",",,W","0.00",",,W",,,,
"USW00094623","43.96361","-69.71167","20.7","2021-11-25","0.89",",,W","0.00",",,W",,,,
"USW00094623","43.96361","-69.71167","20.7","2021-11-26","0.67",",,W","0.40",",,W",,,,
"USW00094623","43.96361","-69.71167","20.7","2021-11-27","5.37",",,W","0.16",",,W",,,,
"USW00094623","43.96361","-69.71167","20.7","2021-11-28","1.57",",,W","0.00",",,W",,,,
"US1MEHN0004","44.718103","-68.388139","32.9","2021-08-01",,,"0.00",",,N",,,,
"US1MEHN0004","44.718103","-68.388139","32.9","2021-08-02",,,"0.00",",,N","0.0",",,N",,
"US1MEHN0004","44.718103","-68.388139","32.9","2021-08-03",,,"0.18",",,N","0.0",",,N",,
"US1MEHN0004","44.718103","-68.388139","32.9","2021-08-04",,,"0.00","T,,N","0.0",",,N",,
"US1MEHN0004","44.718103","-68.388139","32.9","2021-08-05",,,"0.32",",,N","0.0",",,N",,
"US1MEHN0004","44.718103","-68.388139","32.9","2021-08-06",,,"0.47",",,N",,,,
"US1MEHN0004","44.718103","-68.388139","32.9","2021-08-07",,,"0.00",",,N","0.0",",,N",,
"US1MEHN0004","44.718103","-68.388139","32.9","2021-08-08",,,"0.00",",,N","0.0",",,N",,
"US1MEHN0004","44.718103","-68.388139","32.9","2021-08-09",,,"0.00",",,N","0.0",",,N",,
"US1MEHN0004","44.718103","-68.388139","32.9","2021-08-10",,,"0.00",",,N","0.0",",,N",,
"US1MEHN0004","44.718103","-68.388139","32.9","2021-08-11",,,"0.00",",,N","0.0",",,N",,
"US1MEHN0004","44.718103","-68.388139","32.9","2021-08-12",,,"0.00",",,N","0.0",",,N",,
"US1MEHN0004","44.718103","-68.388139","32.9","2021-08-13",,,"0.00",",,N","0.0",",,N",,
"US1MEHN0004","44.718103","-68.388139","32.9","2021-08-14",,,"0.00",",,N","0.0",",,N",,
"US1MEHN0004","44.718103","-68.388139","32.9","2021-08-15",,,"0.51",",,N","0.0",",,N",,
"US1MEHN0004","44.718103","-68.388139","32.9","2021-08-16",,,"0.00",",,N","0.0",",,N",,
"US1MEHN0004","44.718103","-68.388139","32.9","2021-08-17",,,"0.00",",,N","0.0",",,N",,
"US1MEHN0004","44.718103","-68.388139","32.9","2021-08-18",,,"0.00","T,,N","0.0",",,N",,
"US1MEHN0004","44.718103","-68.388139","32.9","2021-08-19",,,"0.05",",,N","0.0",",,N",,
"US1MEHN0004","44.718103","-68.388139","32.9","2021-08-20",,,"0.17",",,N","0.0",",,N",,
"US1MEHN0004","44.718103","-68.388139","32.9","2021-08-21",,,"0.00",",,N","0.0",",,N",,
"US1MEHN0004","44.718103","-68.388139","32.9","2021-08-22",,,"0.00","T,,N","0.0",",,N",,
"US1MEHN0004","44.718103","-68.388139","32.9","2021-08-23",,,"0.15",",,N","0.0",",,N",,
"US1MEHN0004","44.718103","-68.388139","32.9","2021-08-24",,,"0.59",",,N","0.0",",,N",,
"US1MEHN0004","44.718103","-68.388139","32.9","2021-08-25",,,"0.01",",,N","0.0",",,N",,
"US1MEHN0004","44.718103","-68.388139","32.9","2021-08-26",,,"0.00",",,N","0.0",",,N",,
"US1MEHN0004","44.718103","-68.388139","32.9","2021-08-27",,,"0.00",",,N","0.0",",,N",,
"US1MEHN0004","44.718103","-68.388139","32.9","2021-08-28",,,"0.00",",,N","0.0",",,N",,
"US1MEHN0004","44.718103","-68.388139","32.9","2021-08-29",,,"0.00","T,,N","0.0",",,N",,
"US1MEHN0004","44.718103","-68.388139","32.9","2021-08-30",,,"0.00",",,N","0.0",",,N",,
"US1MEHN0004","44.718103","-68.388139","32.9","2021-08-31",,,"0.04",",,N","0.0",",,N",,
"US1MEHN0004","44.718103","-68.388139","32.9","2021-09-01",,,"0.00",",,N","0.0",",,N",,
"US1MEHN0004","44.718103","-68.388139","32.9","2021-09-02",,,"1.00",",,N","0.0",",,N",,
"US1MEHN0004","44.718103","-68.388139","32.9","2021-09-03",,,"0.23",",,N","0.0",",,N",,
"US1MEHN0004","44.718103","-68.388139","32.9","2021-09-04",,,"0.18",",,N","0.0",",,N",,
"US1MEHN0004","44.718103","-68.388139","32.9","2021-09-05",,,"0.00",",,N","0.0",",,N",,
"US1MEHN0004","44.718103","-68.388139","32.9","2021-09-06",,,"0.08",",,N","0.0",",,N",,
"US1MEHN0004","44.718103","-68.388139","32.9","2021-09-07",,,"0.10",",,N","0.0",",,N",,
"US1MEHN0004","44.718103","-68.388139","32.9","2021-09-08",,,"0.00",",,N","0.0",",,N",,
"US1MEHN0004","44.718103","-68.388139","32.9","2021-09-09",,,"0.04",",,N","0.0",",,N",,
"US1MEHN0004","44.718103","-68.388139","32.9","2021-09-10",,,"2.90",",,N","0.0",",,N",,
"US1MEHN0004","44.718103","-68.388139","32.9","2021-09-11",,,"0.29",",,N","0.0",",,N",,
"US1MEHN0004","44.718103","-68.388139","32.9","2021-09-12",,,"0.00",",,N","0.0",",,N",,
"US1MEHN0004","44.718103","-68.388139","32.9","2021-09-13",,,"0.02",",,N","0.0",",,N",,
"US1MEHN0004","44.718103","-68.388139","32.9","2021-09-14",,,"0.00",",,N","0.0",",,N",,
"US1MEHN0004","44.718103","-68.388139","32.9","2021-09-15",,,"0.00",",,N","0.0",",,N",,
"US1MEHN0004","44.718103","-68.388139","32.9","2021-09-16",,,"0.16",",,N","0.0",",,N",,
"US1MEHN0004","44.718103","-68.388139","32.9","2021-09-17",,,"0.00","T,,N","0.0",",,N",,
"US1MEHN0004","44.718103","-68.388139","32.9","2021-09-18",,,"0.02",",,N",,,,
"US1MEHN0004","44.718103","-68.388139","32.9","2021-09-19",,,"0.00","T,,N","0.0",",,N",,
"US1MEHN0004","44.718103","-68.388139","32.9","2021-09-20",,,"0.00",",,N","0.0",",,N",,
"US1MEHN0004","44.718103","-68.388139","32.9","2021-09-21",,,"0.00",",,N",,,,
"US1MEHN0004","44.718103","-68.388139","32.9","2021-09-22",,,"0.00","T,,N","0.0",",,N",,
"US1MEHN0004","44.718103","-68.388139","32.9","2021-09-23",,,"0.00",",,N","0.0",",,N",,
"US1MEHN0004","44.718103","-68.388139","32.9","2021-09-24",,,"0.03",",,N","0.0",",,N",,
"US1MEHN0004","44.718103","-68.388139","32.9","2021-09-25",,,"0.82",",,N","0.0",",,N",,
"US1MEHN0004","44.718103","-68.388139","32.9","2021-09-26",,,"0.92",",,N","0.0",",,N",,
"US1MEHN0004","44.718103","-68.388139","32.9","2021-09-27",,,"0.52",",,N","0.0",",,N",,
"US1MEHN0004","44.718103","-68.388139","32.9","2021-09-28",,,"0.02",",,N","0.0",",,N",,
"US1MEHN0004","44.718103","-68.388139","32.9","2021-09-29",,,"0.00",",,N","0.0",",,N",,
"US1MEHN0004","44.718103","-68.388139","32.9","2021-09-30",,,"0.00",",,N","0.0",",,N",,
"US1MEHN0004","44.718103","-68.388139","32.9","2021-10-01",,,"0.00",",,N","0.0",",,N",,
"US1MEHN0004","44.718103","-68.388139","32.9","2021-10-02",,,"0.00",",,N","0.0",",,N",,
"US1MEHN0004","44.718103","-68.388139","32.9","2021-10-03",,,"0.00",",,N","0.0",",,N",,
"US1MEHN0004","44.718103","-68.388139","32.9","2021-10-04",,,"0.00",",,N","0.0",",,N",,
"US1MEHN0004","44.718103","-68.388139","32.9","2021-10-05",,,"0.00",",,N","0.0",",,N",,
"US1MEHN0004","44.718103","-68.388139","32.9","2021-10-06",,,"0.00",",,N","0.0",",,N",,
"US1MEHN0004","44.718103","-68.388139","32.9","2021-10-07",,,"0.00",",,N","0.0",",,N",,
"US1MEHN0004","44.718103","-68.388139","32.9","2021-10-08",,,"0.00",",,N","0.0",",,N",,
"US1MEHN0004","44.718103","-68.388139","32.9","2021-10-09",,,"0.00",",,N","0.0",",,N",,
"US1MEHN0004","44.718103","-68.388139","32.9","2021-10-10",,,"0.00",",,N","0.0",",,N",,
"US1MEHN0004","44.718103","-68.388139","32.9","2021-10-11",,,"0.00",",,N","0.0",",,N",,
"US1MEHN0004","44.718103","-68.388139","32.9","2021-10-12",,,"0.00",",,N","0.0",",,N",,
"US1MEHN0004","44.718103","-68.388139","32.9","2021-10-13",,,"0.00",",,N","0.0",",,N",,
"US1MEHN0004","44.718103","-68.388139","32.9","2021-10-14",,,"0.00",",,N","0.0",",,N",,
"US1MEHN0004","44.718103","-68.388139","32.9","2021-10-15",,,"0.00",",,N","0.0",",,N",,
"US1MEHN0004","44.718103","-68.388139","32.9","2021-10-16",,,"0.18",",,N","0.0",",,N",,
"US1MEHN0004","44.718103","-68.388139","32.9","2021-10-17",,,"1.20",",,N","0.0",",,N",,
"US1MEHN0004","44.718103","-68.388139","32.9","2021-10-18",,,"0.07",",,N","0.0",",,N",,
"US1MEHN0004","44.718103","-68.388139","32.9","2021-10-19",,,"0.00",",,N","0.0",",,N",,
"US1MEHN0004","44.718103","-68.388139","32.9","2021-10-20",,,"0.00","T,,N","0.0",",,N",,
"US1MEHN0004","44.718103","-68.388139","32.9","2021-10-21",,,"0.00",",,N","0.0",",,N",,
"US1MEHN0004","44.718103","-68.388139","32.9","2021-10-22",,,"0.00","T,,N","0.0",",,N",,
"US1MEHN0004","44.718103","-68.388139","32.9","2021-10-23",,,"0.03",",,N","0.0",",,N",,
"US1MEHN0004","44.718103","-68.388139","32.9","2021-10-24",,,"0.00",",,N","0.0",",,N",,
"US1MEHN0004","44.718103","-68.388139","32.9","2021-10-25",,,"0.00",",,N","0.0",",,N",,
"US1MEHN0004","44.718103","-68.388139","32.9","2021-10-26",,,"0.04",",,N","0.0",",,N",,
"US1MEHN0004","44.718103","-68.388139","32.9","2021-10-27",,,"0.08",",,N","0.0",",,N",,
"US1MEHN0004","44.718103","-68.388139","32.9","2021-10-28",,,"0.06",",,N","0.0",",,N",,
"US1MEHN0004","44.718103","-68.388139","32.9","2021-10-29",,,"0.00",",,N","0.0",",,N",,
"US1MEHN0004","44.718103","-68.388139","32.9","2021-10-30",,,"0.00",",,N","0.0",",,N",,
"US1MEHN0004","44.718103","-68.388139","32.9","2021-10-31",,,"2.65",",,N","0.0",",,N",,
"US1MEHN0004","44.718103","-68.388139","32.9","2021-11-01",,,"0.19",",,N","0.0",",,N",,
"US1MEHN0004","44.718103","-68.388139","32.9","2021-11-02",,,"0.00",",,N","0.0",",,N",,
"US1MEHN0004","44.718103","-68.388139","32.9","2021-11-03",,,"0.00","T,,N","0.0",",,N",,
"US1MEHN0004","44.718103","-68.388139","32.9","2021-11-04",,,"0.00",",,N","0.0",",,N",,
"US1MEHN0004","44.718103","-68.388139","32.9","2021-11-05",,,"0.00",",,N","0.0",",,N",,
"US1MEHN0004","44.718103","-68.388139","32.9","2021-11-06",,,"0.00",",,N","0.0",",,N",,
"US1MEHN0004","44.718103","-68.388139","32.9","2021-11-07",,,"0.00",",,N","0.0",",,N",,
"US1MEHN0004","44.718103","-68.388139","32.9","2021-11-08",,,"0.00",",,N","0.0",",,N",,
"US1MEHN0004","44.718103","-68.388139","32.9","2021-11-09",,,"0.00",",,N","0.0",",,N",,
"US1MEHN0004","44.718103","-68.388139","32.9","2021-11-10",,,"0.06",",,N","0.0",",,N",,
"US1MEHN0004","44.718103","-68.388139","32.9","2021-11-11",,,"0.22",",,N","0.0",",,N",,
"US1MEHN0004","44.718103","-68.388139","32.9","2021-11-12",,,"0.00",",,N","0.0",",,N",,
"US1MEHN0004","44.718103","-68.388139","32.9","2021-11-13",,,"1.21",",,N","0.0",",,N",,
"US1MEHN0004","44.718103","-68.388139","32.9","2021-11-14",,,"0.30",",,N","0.0",",,N",,
"US1MEHN0004","44.718103","-68.388139","32.9","2021-11-15",,,"0.22",",,N","0.0",",,N",,
"US1MEHN0004","44.718103","-68.388139","32.9","2021-11-16",,,"0.02",",,N","0.0",",,N",,
"US1MEHN0004","44.718103","-68.388139","32.9","2021-11-17",,,"0.00","T,,N","0.0","T,,N",,
"US1MEHN0004","44.718103","-68.388139","32.9","2021-11-18",,,"0.17",",,N","0.0",",,N",,
"US1MEHN0004","44.718103","-68.388139","32.9","2021-11-19",,,"0.27",",,N","0.0",",,N",,
"US1MEHN0004","44.718103","-68.388139","32.9","2021-11-20",,,"0.00","T,,N","0.0",",,N",,
"US1MEHN0004","44.718103","-68.388139","32.9","2021-11-21",,,"0.00",",,N","0.0",",,N",,
"US1MEHN0004","44.718103","-68.388139","32.9","2021-11-22",,,"1.27",",,N","0.0",",,N",,
"US1MEHN0004","44.718103","-68.388139","32.9","2021-11-23",,,"0.78",",,N","0.0",",,N",,
"US1MEHN0004","44.718103","-68.388139","32.9","2021-11-24",,,"0.00",",,N","0.0",",,N",,
"US1MEHN0004","44.718103","-68.388139","32.9","2021-11-25",,,"0.00",",,N","0.0",",,N",,
"US1MEHN0004","44.718103","-68.388139","32.9","2021-11-26",,,"0.00","T,,N","0.0",",,N",,
"US1MEHN0004","44.718103","-68.388139","32.9","2021-11-27",,,"0.52",",,N","1.5",",,N",,
"US1MEHN0004","44.718103","-68.388139","32.9","2021-11-28",,,"0.01",",,N","0.1",",,N",,
"USC00177037","44.96751","-70.6422","466.3","2021-08-01",,,"0.00",",,7,0700","0.0",",,7,0700",,
"USC00177037","44.96751","-70.6422","466.3","2021-08-02",,,"0.61",",,7,0700","0.0",",,7,0700",,
"USC00177037","44.96751","-70.6422","466.3","2021-08-03",,,"0.03",",,7,0700","0.0",",,7,0700",,
"USC00177037","44.96751","-70.6422","466.3","2021-08-04",,,"0.00",",,7,0700","0.0",",,7,0700",,
"USC00177037","44.96751","-70.6422","466.3","2021-08-05",,,"0.00",",,7,0700","0.0",",,7,0700",,
"USC00177037","44.96751","-70.6422","466.3","2021-08-06",,,"0.00",",,7,0700","0.0",",,7,0700",,
"USC00177037","44.96751","-70.6422","466.3","2021-08-07",,,"0.00",",,7,0700","0.0",",,7,0700",,
"USC00177037","44.96751","-70.6422","466.3","2021-08-08",,,"0.00","T,,7,0700","0.0",",,7,0700",,
"USC00177037","44.96751","-70.6422","466.3","2021-08-09",,,"0.00",",,7,0700","0.0",",,7,0700",,
"USC00177037","44.96751","-70.6422","466.3","2021-08-10",,,"0.00",",,7,0700","0.0",",,7,0700",,
"USC00177037","44.96751","-70.6422","466.3","2021-08-11",,,"0.00",",,7,0700","0.0",",,7,0700",,
"USC00177037","44.96751","-70.6422","466.3","2021-08-12",,,"0.15",",,7,0700","0.0",",,7,0700",,
"USC00177037","44.96751","-70.6422","466.3","2021-08-13",,,"0.36",",,7,0700","0.0",",,7,0700",,
"USC00177037","44.96751","-70.6422","466.3","2021-08-14",,,"0.16",",,7,0700","0.0",",,7,0700",,
"USC00177037","44.96751","-70.6422","466.3","2021-08-15",,,"0.08",",,7,0700","0.0",",,7,0700",,
"USC00177037","44.96751","-70.6422","466.3","2021-08-16",,,"0.00",",,7,0700","0.0",",,7,0700",,
"USC00177037","44.96751","-70.6422","466.3","2021-08-17",,,"0.00",",,7,0700","0.0",",,7,0700",,
"USC00177037","44.96751","-70.6422","466.3","2021-08-18",,,"0.00","T,,7,0700","0.0",",,7,0700",,
"USC00177037","44.96751","-70.6422","466.3","2021-08-19",,,"0.00","T,,7,0700","0.0",",,7,0700",,
"USC00177037","44.96751","-70.6422","466.3","2021-08-20",,,"0.00","T,,7,0700","0.0",",,7,0700",,
"USC00177037","44.96751","-70.6422","466.3","2021-08-21",,,"0.00",",,7,0700","0.0",",,7,0700",,
"USC00177037","44.96751","-70.6422","466.3","2021-08-22",,,"0.00","T,,7,0700","0.0",",,7,0700",,
"USC00177037","44.96751","-70.6422","466.3","2021-08-23",,,"0.06",",,7,0700","0.0",",,7,0700",,
"USC00177037","44.96751","-70.6422","466.3","2021-08-24",,,"0.00","T,,7,0700","0.0",",,7,0700",,
"USC00177037","44.96751","-70.6422","466.3","2021-08-25",,,"0.00",",,7,0700","0.0",",,7,0700",,
"USC00177037","44.96751","-70.6422","466.3","2021-08-26",,,"0.00",",,7,0700","0.0",",,7,0700",,
"USC00177037","44.96751","-70.6422","466.3","2021-08-27",,,"0.00",",,7,0700","0.0",",,7,0700",,
"USC00177037","44.96751","-70.6422","466.3","2021-08-28",,,"0.00",",,7,0700","0.0",",,7,0700",,
"USC00177037","44.96751","-70.6422","466.3","2021-08-29",,,"0.16",",,7,0700","0.0",",,7,0700",,
"USC00177037","44.96751","-70.6422","466.3","2021-08-30",,,"0.00","T,,7,0700","0.0",",,7,0700",,
"USC00177037","44.96751","-70.6422","466.3","2021-08-31",,,"0.17",",,7,0700","0.0",",,7,0700",,
"USC00177037","44.96751","-70.6422","466.3","2021-09-01",,,"0.00",",,7,0700","0.0",",,7,0700",,
"USC00177037","44.96751","-70.6422","466.3","2021-09-02",,,"0.02",",,7,0700","0.0",",,7,0700",,
"USC00177037","44.96751","-70.6422","466.3","2021-09-03",,,"0.00",",,7,0700","0.0",",,7,0700",,
"USC00177037","44.96751","-70.6422","466.3","2021-09-04",,,"0.00",",,7,0700","0.0",",,7,0700",,
"USC00177037","44.96751","-70.6422","466.3","2021-09-05",,,"0.00",",,7,0700","0.0",",,7,0700",,
"USC00177037","44.96751","-70.6422","466.3","2021-09-06",,,"0.00",",,7,0700","0.0",",,7,0700",,
"USC00177037","44.96751","-70.6422","466.3","2021-09-07",,,"0.30",",,7,0700","0.0",",,7,0700",,
"USC00177037","44.96751","-70.6422","466.3","2021-09-08",,,"0.00",",,7,0700","0.0",",,7,0700",,
"USC00177037","44.96751","-70.6422","466.3","2021-09-09",,,"0.39",",,7,0700","0.0",",,7,0700",,
"USC00177037","44.96751","-70.6422","466.3","2021-09-10",,,"0.43",",,7,0700","0.0",",,7,0700",,
"USC00177037","44.96751","-70.6422","466.3","2021-09-11",,,"0.00",",,7,0700","0.0",",,7,0700",,
"USC00177037","44.96751","-70.6422","466.3","2021-09-12",,,"0.00",",,7,0700","0.0",",,7,0700",,
"USC00177037","44.96751","-70.6422","466.3","2021-09-13",,,"0.00","T,,7,0700","0.0",",,7,0700",,
"USC00177037","44.96751","-70.6422","466.3","2021-09-14",,,"0.00",",,7,0700","0.0",",,7,0700",,
"USC00177037","44.96751","-70.6422","466.3","2021-09-15",,,"0.00",",,7,0700","0.0",",,7,0700",,
"USC00177037","44.96751","-70.6422","466.3","2021-09-16",,,"1.16",",,7,0700","0.0",",,7,0700",,
"USC00177037","44.96751","-70.6422","466.3","2021-09-17",,,"0.00","T,,7,0700","0.0",",,7,0700",,
"USC00177037","44.96751","-70.6422","466.3","2021-09-18",,,"0.00",",,7,0700","0.0",",,7,0700",,
"USC00177037","44.96751","-70.6422","466.3","2021-09-19",,,"0.00",",,7,0700","0.0",",,7,0700",,
"USC00177037","44.96751","-70.6422","466.3","2021-09-20",,,"0.00",",,7,0700","0.0",",,7,0700",,
"USC00177037","44.96751","-70.6422","466.3","2021-09-21",,,"0.00",",,7,0700","0.0",",,7,0700",,
"USC00177037","44.96751","-70.6422","466.3","2021-09-22",,,"0.00",",,7,0700","0.0",",,7,0700",,
"USC00177037","44.96751","-70.6422","466.3","2021-09-23",,,"0.00","T,,7,0700","0.0",",,7,0700",,
"USC00177037","44.96751","-70.6422","466.3","2021-09-24",,,"0.03",",,7,0700","0.0",",,7,0700",,
"USC00177037","44.96751","-70.6422","466.3","2021-09-25",,,"0.61",",,7,0700","0.0",",,7,0700",,
"USC00177037","44.96751","-70.6422","466.3","2021-09-26",,,"0.02",",,7,0700","0.0",",,7,0700",,
"USC00177037","44.96751","-70.6422","466.3","2021-09-27",,,"0.00","T,,7,0700","0.0",",,7,0700",,
"USC00177037","44.96751","-70.6422","466.3","2021-09-28",,,"0.05",",,7,0700","0.0",",,7,0700",,
"USC00177037","44.96751","-70.6422","466.3","2021-09-29",,,"0.00","T,,7,0700","0.0",",,7,0700",,
"USC00177037","44.96751","-70.6422","466.3","2021-09-30",,,"0.14",",,7,0700","0.0",",,7,0700",,
"USC00177037","44.96751","-70.6422","466.3","2021-10-01",,,"0.00",",,H,0700","0.0",",,H,0700",,
"USC00177037","44.96751","-70.6422","466.3","2021-10-02",,,"0.02",",,H,0700","0.0",",,H,0700",,
"USC00177037","44.96751","-70.6422","466.3","2021-10-03",,,"0.08",",,H,0700","0.0",",,H,0700",,
"USC00177037","44.96751","-70.6422","466.3","2021-10-04",,,"0.00",",,H,0700","0.0",",,H,0700",,
"USC00177037","44.96751","-70.6422","466.3","2021-10-05",,,"0.00",",,H,0700","0.0",",,H,0700",,
"USC00177037","44.96751","-70.6422","466.3","2021-10-06",,,"0.00",",,H,0700","0.0",",,H,0700",,
"USC00177037","44.96751","-70.6422","466.3","2021-10-07",,,"0.00",",,H,0700","0.0",",,H,0700",,
"USC00177037","44.96751","-70.6422","466.3","2021-10-08",,,"0.00",",,H,0700","0.0",",,H,0700",,
"USC00177037","44.96751","-70.6422","466.3","2021-10-09",,,"0.00",",,H,0700","0.0",",,H,0700",,
"USC00177037","44.96751","-70.6422","466.3","2021-10-10",,,"0.00",",,H,0700","0.0",",,H,0700",,
"USC00177037","44.96751","-70.6422","466.3","2021-10-11",,,"0.00",",,H,0700","0.0",",,H,0700",,
"USC00177037","44.96751","-70.6422","466.3","2021-10-12",,,"0.00",",,H,0700","0.0",",,H,0700",,
"USC00177037","44.96751","-70.6422","466.3","2021-10-13",,,"0.00",",,H,0700","0.0",",,H,0700",,
"USC00177037","44.96751","-70.6422","466.3","2021-10-14",,,"0.00",",,H,0700","0.0",",,H,0700",,
"USC00177037","44.96751","-70.6422","466.3","2021-10-15",,,"0.00",",,H,0700","0.0",",,H,0700",,
"USC00177037","44.96751","-70.6422","466.3","2021-10-16",,,"0.22",",,H,0700","0.0",",,H,0700",,
"USC00177037","44.96751","-70.6422","466.3","2021-10-17",,,"0.70",",,H,0700","0.0",",,H,0700",,
"USC00177037","44.96751","-70.6422","466.3","2021-10-18",,,"0.00",",,H,0700","0.0",",,H,0700",,
"USC00177037","44.96751","-70.6422","466.3","2021-10-19",,,"0.05",",,H,0700","0.0",",,H,0700",,
"USC00177037","44.96751","-70.6422","466.3","2021-10-20",,,"0.05",",,H,0700","0.0",",,H,0700",,
"USC00177037","44.96751","-70.6422","466.3","2021-10-21",,,"0.00",",,H,0700","0.0",",,H,0700",,
"USC00177037","44.96751","-70.6422","466.3","2021-10-22",,,"0.10",",,H,0700","0.0",",,H,0700",,
"USC00177037","44.96751","-70.6422","466.3","2021-10-23",,,"0.00",",,H,0700","0.0",",,H,0700",,
"USC00177037","44.96751","-70.6422","466.3","2021-10-24",,,"0.00",",,H,0700","0.0",",,H,0700",,
"USC00177037","44.96751","-70.6422","466.3","2021-10-25",,,"0.00",",,H,0700","0.0",",,H,0700",,
"USC00177037","44.96751","-70.6422","466.3","2021-10-26",,,"0.07",",,H,0700","0.0",",,H,0700",,
"USC00177037","44.96751","-70.6422","466.3","2021-10-27",,,"0.15",",,H,0700","0.0",",,H,0700",,
"USC00177037","44.96751","-70.6422","466.3","2021-10-28",,,"0.00",",,H,0700","0.0",",,H,0700",,
"USC00177037","44.96751","-70.6422","466.3","2021-10-29",,,"0.00",",,H,0700","0.0",",,H,0700",,
"USC00177037","44.96751","-70.6422","466.3","2021-10-30",,,"0.00",",,H,0700","0.0",",,H,0700",,
"USC00177037","44.96751","-70.6422","466.3","2021-10-31",,,"1.10",",,H,0700","0.0",",,H,0700",,
"USC00177037","44.96751","-70.6422","466.3","2021-11-01",,,"0.21",",,H,0700","0.0",",,H,0700",,
"USC00177037","44.96751","-70.6422","466.3","2021-11-02",,,"0.00",",,H,0700","0.0",",,H,0700",,
"USC00177037","44.96751","-70.6422","466.3","2021-11-03",,,"0.00",",,H,0700","0.0",",,H,0700",,
"USC00177037","44.96751","-70.6422","466.3","2021-11-04",,,"0.00",",,H,0700","0.0",",,H,0700",,
"USC00177037","44.96751","-70.6422","466.3","2021-11-05",,,"0.00",",,H,0700","0.0",",,H,0700",,
"USC00177037","44.96751","-70.6422","466.3","2021-11-06",,,"0.00",",,H,0700","0.0",",,H,0700",,
"USC00177037","44.96751","-70.6422","466.3","2021-11-07",,,"0.00",",,H,0700","0.0",",,H,0700",,
"USC00177037","44.96751","-70.6422","466.3","2021-11-08",,,"0.00",",,H,0700","0.0",",,H,0700",,
"USC00177037","44.96751","-70.6422","466.3","2021-11-09",,,"0.00",",,H,0700","0.0",",,H,0700",,
"USC00177037","44.96751","-70.6422","466.3","2021-11-10",,,"0.00",",,H,0700","0.0",",,H,0700",,
"USC00177037","44.96751","-70.6422","466.3","2021-11-11",,,"0.00",",,H,0700","0.0",",,H,0700",,
"USC00177037","44.96751","-70.6422","466.3","2021-11-12",,,"0.05",",,H,0700","0.0",",,H,0700",,
"USC00177037","44.96751","-70.6422","466.3","2021-11-13",,,"0.70",",,H,0700","0.0",",,H,0700",,
"USC00177037","44.96751","-70.6422","466.3","2021-11-14",,,"0.03",",,H,0700","0.0",",,H,0700",,
"USC00177037","44.96751","-70.6422","466.3","2021-11-15",,,"0.04",",,H,0700","0.5",",,H,0700",,
"USC00177037","44.96751","-70.6422","466.3","2021-11-16",,,"0.00",",,H,0700","0.0",",,H,0700",,
"USC00177037","44.96751","-70.6422","466.3","2021-11-17",,,"0.00",",,H,0700","0.0",",,H,0700",,
"USC00177037","44.96751","-70.6422","466.3","2021-11-18",,,"0.33",",,H,0700","0.0",",,H,0700",,
"USC00177037","44.96751","-70.6422","466.3","2021-11-19",,,"0.13",",,H,0700","0.0",",,H,0700",,
"USC00177037","44.96751","-70.6422","466.3","2021-11-20",,,"0.03",",,H,0700","0.3",",,H,0700",,
"USC00177037","44.96751","-70.6422","466.3","2021-11-21",,,"0.00",",,H,0700","0.0",",,H,0700",,
"USC00177037","44.96751","-70.6422","466.3","2021-11-22",,,"0.10",",,H,0700","0.0",",,H,0700",,
"USC00177037","44.96751","-70.6422","466.3","2021-11-23",,,"0.00",",,H,0700","0.0",",,H,0700",,
"USC00177037","44.96751","-70.6422","466.3","2021-11-24",,,"0.00",",,H,0700","0.0",",,H,0700",,
"USC00177037","44.96751","-70.6422","466.3","2021-11-25",,,"0.00",",,H,0700","0.0",",,H,0700",,
"USC00177037","44.96751","-70.6422","466.3","2021-11-26",,,"0.00",",,H,0700","0.0",",,H,0700",,
"USC00177037","44.96751","-70.6422","466.3","2021-11-27",,,"0.37",",,H,0700","2.5",",,H,0700",,
"USC00177037","44.96751","-70.6422","466.3","2021-11-28",,,"0.06",",,H,0700","1.5",",,H,0700",,
"US1LASJ0002","30.063414","-90.699688","0.3","2021-08-01",,,"0.26",",,N",,,,
"US1LASJ0002","30.063414","-90.699688","0.3","2021-08-03",,,"0.61",",,N",,,,
"US1LASJ0002","30.063414","-90.699688","0.3","2021-08-04",,,"2.79",",,N",,,,
"US1LASJ0002","30.063414","-90.699688","0.3","2021-08-05",,,"0.00","T,,N",,,,
"US1LASJ0002","30.063414","-90.699688","0.3","2021-08-06",,,"0.00",",,N","0.0",",,N",,
"US1LASJ0002","30.063414","-90.699688","0.3","2021-08-07",,,"0.00",",,N","0.0",",,N",,
"US1LASJ0002","30.063414","-90.699688","0.3","2021-08-08",,,"0.00",",,N","0.0",",,N",,
"US1LASJ0002","30.063414","-90.699688","0.3","2021-08-11",,,"0.01",",,N",,,,
"US1LASJ0002","30.063414","-90.699688","0.3","2021-08-13",,,"2.19",",,N",,,,
"US1LASJ0002","30.063414","-90.699688","0.3","2021-08-14",,,"0.05",",,N",,,,
"US1LASJ0002","30.063414","-90.699688","0.3","2021-08-15",,,"0.00",",,N","0.0",",,N",,
"US1LASJ0002","30.063414","-90.699688","0.3","2021-08-16",,,"0.19",",,N",,,,
"US1LASJ0002","30.063414","-90.699688","0.3","2021-08-17",,,"0.00",",,N","0.0",",,N",,
"US1LASJ0002","30.063414","-90.699688","0.3","2021-08-19",,,"1.60",",,N",,,,
"US1LASJ0002","30.063414","-90.699688","0.3","2021-08-20",,,"0.21",",,N",,,,
"US1LASJ0002","30.063414","-90.699688","0.3","2021-08-25",,,,,,,,
"US1LASJ0002","30.063414","-90.699688","0.3","2021-08-26",,,"0.34",",,N",,,,
"US1LASJ0002","30.063414","-90.699688","0.3","2021-08-28",,,,,,,,
"US1LASJ0002","30.063414","-90.699688","0.3","2021-08-30",,,"5.96",",,N",,,,
"US1LASJ0002","30.063414","-90.699688","0.3","2021-09-02",,,,,,,,
"US1LASJ0002","30.063414","-90.699688","0.3","2021-09-03",,,"0.60",",,N",,,,
"US1LASJ0002","30.063414","-90.699688","0.3","2021-09-08",,,"1.48",",,N",,,,
"US1LASJ0002","30.063414","-90.699688","0.3","2021-09-09",,,"1.48",",,N",,,,
"US1LASJ0002","30.063414","-90.699688","0.3","2021-09-14",,,,,,,,
"US1LASJ0002","30.063414","-90.699688","0.3","2021-09-15",,,"3.80",",,N",,,,
"US1LASJ0002","30.063414","-90.699688","0.3","2021-09-16",,,"0.00","T,,N",,,,
"US1LASJ0002","30.063414","-90.699688","0.3","2021-09-17",,,"0.00",",,N","0.0",",,N",,
"US1LASJ0002","30.063414","-90.699688","0.3","2021-09-18",,,"0.02",",,N",,,,
"US1LASJ0002","30.063414","-90.699688","0.3","2021-09-20",,,"0.05",",,N",,,,
"US1LASJ0002","30.063414","-90.699688","0.3","2021-09-21",,,"0.05",",,N",,,,
"US1LASJ0002","30.063414","-90.699688","0.3","2021-09-22",,,"0.99",",,N",,,,
"US1LASJ0002","30.063414","-90.699688","0.3","2021-09-28",,,"0.87",",,N",,,,
"US1LASJ0002","30.063414","-90.699688","0.3","2021-09-29",,,"0.24",",,N",,,,
"US1LASJ0002","30.063414","-90.699688","0.3","2021-09-30",,,"0.69",",,N",,,,
"US1LASJ0002","30.063414","-90.699688","0.3","2021-10-01",,,"0.58",",,N",,,,
"US1LASJ0002","30.063414","-90.699688","0.3","2021-10-03",,,"0.87",",,N",,,,
"US1LASJ0002","30.063414","-90.699688","0.3","2021-10-04",,,"0.31",",,N",,,,
"US1LASJ0002","30.063414","-90.699688","0.3","2021-10-05",,,"0.00",",,N","0.0",",,N",,
"US1LASJ0002","30.063414","-90.699688","0.3","2021-10-07",,,"0.00",",,N","0.0",",,N",,
"US1LASJ0002","30.063414","-90.699688","0.3","2021-10-11",,,,,,,,
"US1LASJ0002","30.063414","-90.699688","0.3","2021-10-16",,,"0.31",",,N",,,,
"US1LASJ0002","30.063414","-90.699688","0.3","2021-10-21",,,"0.00","T,,N",,,,
"US1LASJ0002","30.063414","-90.699688","0.3","2021-10-25",,,"0.08",",,N",,,,
"US1LASJ0002","30.063414","-90.699688","0.3","2021-10-27",,,"0.01",",,N",,,,
"US1LASJ0002","30.063414","-90.699688","0.3","2021-10-28",,,"1.44",",,N",,,,
"US1LASJ0002","30.063414","-90.699688","0.3","2021-10-29",,,"0.00",",,N","0.0",",,N",,
"US1LASJ0002","30.063414","-90.699688","0.3","2021-11-01",,,"0.00",",,N","0.0",",,N",,
"US1LASJ0002","30.063414","-90.699688","0.3","2021-11-02",,,"0.00",",,N","0.0",",,N",,
"US1LASJ0002","30.063414","-90.699688","0.3","2021-11-18",,,"0.11",",,N",,,,
"US1LASJ0002","30.063414","-90.699688","0.3","2021-11-23",,,,,,,,
"US1LASJ0002","30.063414","-90.699688","0.3","2021-11-26",,,"0.08",",,N","0.0",",,N",,
"US1LASJ0002","30.063414","-90.699688","0.3","2021-11-28",,,"0.02",",,N",,,,
"US1MEHN0003","44.2517","-68.2945",,"2021-08-05",,,"1.17",",,N",,,,
"US1MEHN0003","44.2517","-68.2945",,"2021-08-06",,,"0.74",",,N",,,,
"US1MEHN0003","44.2517","-68.2945",,"2021-08-20",,,"0.85",",,N",,,,
"US1MEHN0003","44.2517","-68.2945",,"2021-08-23",,,"0.48",",,N",,,,
"US1MEHN0003","44.2517","-68.2945",,"2021-08-24",,,"0.42",",,N",,,,
"US1MEHN0003","44.2517","-68.2945",,"2021-09-02",,,"1.32",",,N",,,,
"US1MEHN0003","44.2517","-68.2945",,"2021-09-10",,,"2.27",",,N",,,,
"US1MEHN0003","44.2517","-68.2945",,"2021-10-17",,,"1.20",",,N",,,,
"US1MEHN0003","44.2517","-68.2945",,"2021-11-11",,,"0.28",",,N",,,,
"US1MEHN0003","44.2517","-68.2945",,"2021-11-13",,,"0.97",",,N",,,,
"US1MEHN0003","44.2517","-68.2945",,"2021-11-15",,,"0.31",",,N",,,,
"US1MEHN0003","44.2517","-68.2945",,"2021-11-22",,,"0.41",",,N",,,,
"US1MEHN0003","44.2517","-68.2945",,"2021-11-27",,,"0.60",",,N","0.8",",,N",,
"US1MEHN0002","44.493673","-68.45775","29.9","2021-08-01",,,"0.00",",,N","0.0",",,N",,
"US1MEHN0002","44.493673","-68.45775","29.9","2021-08-02",,,"0.00","T,,N","0.0",",,N",,
"US1MEHN0002","44.493673","-68.45775","29.9","2021-08-03",,,"0.03",",,N","0.0",",,N",,
"US1MEHN0002","44.493673","-68.45775","29.9","2021-08-04",,,"0.00",",,N","0.0",",,N",,
"US1MEHN0002","44.493673","-68.45775","29.9","2021-08-05",,,"0.52",",,N","0.0",",,N",,
"US1MEHN0002","44.493673","-68.45775","29.9","2021-08-06",,,"0.67",",,N","0.0",",,N",,
"US1MEHN0002","44.493673","-68.45775","29.9","2021-08-07",,,"0.00",",,N","0.0",",,N",,
"US1MEHN0002","44.493673","-68.45775","29.9","2021-08-08",,,"0.00",",,N","0.0",",,N",,
"US1MEHN0002","44.493673","-68.45775","29.9","2021-08-09",,,"0.00",",,N","0.0",",,N",,
"US1MEHN0002","44.493673","-68.45775","29.9","2021-08-10",,,"0.01",",,N","0.0",",,N",,
"US1MEHN0002","44.493673","-68.45775","29.9","2021-08-11",,,"0.01",",,N","0.0",",,N",,
"US1MEHN0002","44.493673","-68.45775","29.9","2021-08-12",,,"0.01",",,N","0.0",",,N",,
"US1MEHN0002","44.493673","-68.45775","29.9","2021-08-13",,,"0.00",",,N","0.0",",,N",,
"US1MEHN0002","44.493673","-68.45775","29.9","2021-08-14",,,"0.00",",,N","0.0",",,N",,
"US1MEHN0002","44.493673","-68.45775","29.9","2021-08-15",,,"0.20",",,N","0.0",",,N",,
"US1MEHN0002","44.493673","-68.45775","29.9","2021-08-16",,,"0.00",",,N","0.0",",,N",,
"US1MEHN0002","44.493673","-68.45775","29.9","2021-08-17",,,"0.00",",,N","0.0",",,N",,
"US1MEHN0002","44.493673","-68.45775","29.9","2021-08-18",,,"0.01",",,N","0.0",",,N",,
"US1MEHN0002","44.493673","-68.45775","29.9","2021-08-19",,,"0.04",",,N","0.0",",,N",,
"US1MEHN0002","44.493673","-68.45775","29.9","2021-08-20",,,"0.28",",,N","0.0",",,N",,
"US1MEHN0002","44.493673","-68.45775","29.9","2021-08-21",,,"0.00","T,,N","0.0",",,N",,
"US1MEHN0002","44.493673","-68.45775","29.9","2021-08-22",,,"0.01",",,N","0.0",",,N",,
"US1MEHN0002","44.493673","-68.45775","29.9","2021-08-23",,,"0.23",",,N","0.0",",,N",,
"US1MEHN0002","44.493673","-68.45775","29.9","2021-08-24",,,"1.80",",,N","0.0",",,N",,
"US1MEHN0002","44.493673","-68.45775","29.9","2021-08-25",,,"0.00",",,N","0.0",",,N",,
"US1MEHN0002","44.493673","-68.45775","29.9","2021-08-26",,,"0.00",",,N","0.0",",,N",,
"US1MEHN0002","44.493673","-68.45775","29.9","2021-08-27",,,"0.00",",,N","0.0",",,N",,
"US1MEHN0002","44.493673","-68.45775","29.9","2021-08-28",,,"0.00",",,N","0.0",",,N",,
"US1MEHN0002","44.493673","-68.45775","29.9","2021-08-29",,,"0.06",",,N","0.0",",,N",,
"US1MEHN0002","44.493673","-68.45775","29.9","2021-08-30",,,"0.00","T,,N","0.0",",,N",,
"US1MEHN0002","44.493673","-68.45775","29.9","2021-08-31",,,"0.00","T,,N","0.0",",,N",,
"US1MEHN0002","44.493673","-68.45775","29.9","2021-09-01",,,"0.00",",,N","0.0",",,N",,
"US1MEHN0002","44.493673","-68.45775","29.9","2021-09-02",,,"0.89",",,N","0.0",",,N",,
"US1MEHN0002","44.493673","-68.45775","29.9","2021-09-03",,,"0.69",",,N","0.0",",,N",,
"US1MEHN0002","44.493673","-68.45775","29.9","2021-09-04",,,"0.10",",,N","0.0",",,N",,
"US1MEHN0002","44.493673","-68.45775","29.9","2021-09-05",,,"0.00",",,N","0.0",",,N",,
"US1MEHN0002","44.493673","-68.45775","29.9","2021-09-06",,,"0.12",",,N","0.0",",,N",,
"US1MEHN0002","44.493673","-68.45775","29.9","2021-09-07",,,"0.07",",,N","0.0",",,N",,
"US1MEHN0002","44.493673","-68.45775","29.9","2021-09-08",,,"0.00",",,N","0.0",",,N",,
"US1MEHN0002","44.493673","-68.45775","29.9","2021-09-09",,,"0.20",",,N","0.0",",,N",,
"US1MEHN0002","44.493673","-68.45775","29.9","2021-09-10",,,"2.48",",,N","0.0",",,N",,
"US1MEHN0002","44.493673","-68.45775","29.9","2021-09-11",,,"0.61",",,N","0.0",",,N",,
"US1MEHN0002","44.493673","-68.45775","29.9","2021-09-12",,,"0.00",",,N","0.0",",,N",,
"US1MEHN0002","44.493673","-68.45775","29.9","2021-09-13",,,"0.01",",,N","0.0",",,N",,
"US1MEHN0002","44.493673","-68.45775","29.9","2021-09-14",,,"0.00","T,,N","0.0",",,N",,
"US1MEHN0002","44.493673","-68.45775","29.9","2021-09-15",,,"0.00",",,N","0.0",",,N",,
"US1MEHN0002","44.493673","-68.45775","29.9","2021-09-16",,,"0.07",",,N","0.0",",,N",,
"US1MEHN0002","44.493673","-68.45775","29.9","2021-09-17",,,"0.00",",,N","0.0",",,N",,
"US1MEHN0002","44.493673","-68.45775","29.9","2021-09-18",,,"0.01",",,N","0.0",",,N",,
"US1MEHN0002","44.493673","-68.45775","29.9","2021-09-19",,,"0.10",",,N","0.0",",,N",,
"US1MEHN0002","44.493673","-68.45775","29.9","2021-09-20",,,"0.00",",,N","0.0",",,N",,
"US1MEHN0002","44.493673","-68.45775","29.9","2021-09-21",,,"0.00",",,N","0.0",",,N",,
"US1MEHN0002","44.493673","-68.45775","29.9","2021-09-22",,,"0.01",",,N","0.0",",,N",,
"US1MEHN0002","44.493673","-68.45775","29.9","2021-09-23",,,"0.00","T,,N","0.0",",,N",,
"US1MEHN0002","44.493673","-68.45775","29.9","2021-09-24",,,"0.00",",,N","0.0",",,N",,
"US1MEHN0002","44.493673","-68.45775","29.9","2021-09-25",,,"0.65",",,N","0.0",",,N",,
"US1MEHN0002","44.493673","-68.45775","29.9","2021-09-26",,,"2.18",",,N","0.0",",,N",,
"US1MEHN0002","44.493673","-68.45775","29.9","2021-09-27",,,"0.94",",,N","0.0",",,N",,
"US1MEHN0002","44.493673","-68.45775","29.9","2021-09-28",,,"0.00",",,N","0.0",",,N",,
"US1MEHN0002","44.493673","-68.45775","29.9","2021-09-29",,,"0.01",",,N","0.0",",,N",,
"US1MEHN0002","44.493673","-68.45775","29.9","2021-09-30",,,"0.00",",,N","0.0",",,N",,
"US1MEHN0002","44.493673","-68.45775","29.9","2021-10-01",,,"0.04",",,N","0.0",",,N",,
"US1MEHN0002","44.493673","-68.45775","29.9","2021-10-02",,,"0.00",",,N","0.0",",,N",,
"US1MEHN0002","44.493673","-68.45775","29.9","2021-10-03",,,"0.00","T,,N","0.0",",,N",,
"US1MEHN0002","44.493673","-68.45775","29.9","2021-10-04",,,"0.00",",,N","0.0",",,N",,
"US1MEHN0002","44.493673","-68.45775","29.9","2021-10-05",,,"0.00",",,N","0.0",",,N",,
"US1MEHN0002","44.493673","-68.45775","29.9","2021-10-06",,,"0.00",",,N","0.0",",,N",,
"US1MEHN0002","44.493673","-68.45775","29.9","2021-10-07",,,"0.00",",,N","0.0",",,N",,
"US1MEHN0002","44.493673","-68.45775","29.9","2021-10-08",,,"0.00",",,N","0.0",",,N",,
"US1MEHN0002","44.493673","-68.45775","29.9","2021-10-09",,,"0.00",",,N","0.0",",,N",,
"US1MEHN0002","44.493673","-68.45775","29.9","2021-10-10",,,"0.00",",,N","0.0",",,N",,
"US1MEHN0002","44.493673","-68.45775","29.9","2021-10-11",,,"0.00","T,,N","0.0",",,N",,
"US1MEHN0002","44.493673","-68.45775","29.9","2021-10-12",,,"0.00",",,N","0.0",",,N",,
"US1MEHN0002","44.493673","-68.45775","29.9","2021-10-13",,,"0.00",",,N","0.0",",,N",,
"US1MEHN0002","44.493673","-68.45775","29.9","2021-10-14",,,"0.00",",,N","0.0",",,N",,
"US1MEHN0002","44.493673","-68.45775","29.9","2021-10-15",,,"0.00",",,N","0.0",",,N",,
"US1MEHN0002","44.493673","-68.45775","29.9","2021-10-16",,,"0.07",",,N","0.0",",,N",,
"US1MEHN0002","44.493673","-68.45775","29.9","2021-10-17",,,"1.65",",,N","0.0",",,N",,
"US1MEHN0002","44.493673","-68.45775","29.9","2021-10-18",,,"0.07",",,N","0.0",",,N",,
"US1MEHN0002","44.493673","-68.45775","29.9","2021-10-19",,,"0.00",",,N","0.0",",,N",,
"US1MEHN0002","44.493673","-68.45775","29.9","2021-10-20",,,"0.01",",,N","0.0",",,N",,
"US1MEHN0002","44.493673","-68.45775","29.9","2021-10-21",,,"0.00","T,,N","0.0",",,N",,
"US1MEHN0002","44.493673","-68.45775","29.9","2021-10-22",,,"0.03",",,N","0.0",",,N",,
"US1MEHN0002","44.493673","-68.45775","29.9","2021-10-23",,,"0.08",",,N","0.0",",,N",,
"US1MEHN0002","44.493673","-68.45775","29.9","2021-10-24",,,"0.00","T,,N","0.0",",,N",,
"US1MEHN0002","44.493673","-68.45775","29.9","2021-10-25",,,"0.00",",,N","0.0",",,N",,
"US1MEHN0002","44.493673","-68.45775","29.9","2021-10-26",,,"0.03",",,N","0.0",",,N",,
"US1MEHN0002","44.493673","-68.45775","29.9","2021-10-27",,,"0.08",",,N","0.0",",,N",,
"US1MEHN0002","44.493673","-68.45775","29.9","2021-10-28",,,"0.22",",,N","0.0",",,N",,
"US1MEHN0002","44.493673","-68.45775","29.9","2021-10-29",,,"0.00",",,N","0.0",",,N",,
"US1MEHN0002","44.493673","-68.45775","29.9","2021-10-30",,,"0.00",",,N","0.0",",,N",,
"US1MEHN0002","44.493673","-68.45775","29.9","2021-10-31",,,"2.78",",,N","0.0",",,N",,
"US1MEHN0002","44.493673","-68.45775","29.9","2021-11-01",,,"0.23",",,N","0.0",",,N",,
"US1MEHN0002","44.493673","-68.45775","29.9","2021-11-02",,,"0.00",",,N","0.0",",,N",,
"US1MEHN0002","44.493673","-68.45775","29.9","2021-11-03",,,"0.00",",,N","0.0",",,N",,
"US1MEHN0002","44.493673","-68.45775","29.9","2021-11-04",,,"0.00","T,,N","0.0",",,N",,
"US1MEHN0002","44.493673","-68.45775","29.9","2021-11-05",,,"0.00",",,N","0.0",",,N",,
"US1MEHN0002","44.493673","-68.45775","29.9","2021-11-06",,,"0.00",",,N","0.0",",,N",,
"US1MEHN0002","44.493673","-68.45775","29.9","2021-11-07",,,"0.00",",,N","0.0",",,N",,
"US1MEHN0002","44.493673","-68.45775","29.9","2021-11-08",,,"0.00",",,N","0.0",",,N",,
"US1MEHN0002","44.493673","-68.45775","29.9","2021-11-09",,,"0.00",",,N","0.0",",,N",,
"US1MEHN0002","44.493673","-68.45775","29.9","2021-11-10",,,"0.02",",,N","0.0",",,N",,
"US1MEHN0002","44.493673","-68.45775","29.9","2021-11-11",,,"0.29",",,N","0.0",",,N",,
"US1MEHN0002","44.493673","-68.45775","29.9","2021-11-12",,,"0.00",",,N","0.0",",,N",,
"US1MEHN0002","44.493673","-68.45775","29.9","2021-11-13",,,"1.40",",,N","0.0",",,N",,
"US1MEHN0002","44.493673","-68.45775","29.9","2021-11-14",,,"0.48",",,N","0.0",",,N",,
"US1MEHN0002","44.493673","-68.45775","29.9","2021-11-15",,,"0.21",",,N","0.0",",,N",,
"US1MEHN0002","44.493673","-68.45775","29.9","2021-11-16",,,"0.17",",,N","0.0",",,N",,
"US1MEHN0002","44.493673","-68.45775","29.9","2021-11-17",,,"0.00","T,,N","0.0","T,,N",,
"US1MEHN0002","44.493673","-68.45775","29.9","2021-11-18",,,"0.21",",,N","0.0",",,N",,
"US1MEHN0002","44.493673","-68.45775","29.9","2021-11-19",,,"0.35",",,N","0.0",",,N",,
"US1MEHN0002","44.493673","-68.45775","29.9","2021-11-20",,,"0.01",",,N","0.0","T,,N",,
"US1MEHN0002","44.493673","-68.45775","29.9","2021-11-21",,,"0.00",",,N","0.0",",,N",,
"US1MEHN0002","44.493673","-68.45775","29.9","2021-11-22",,,"0.86",",,N","0.0",",,N",,
"US1MEHN0002","44.493673","-68.45775","29.9","2021-11-23",,,"0.36",",,N","0.0",",,N",,
"US1MEHN0002","44.493673","-68.45775","29.9","2021-11-24",,,"0.00",",,N","0.0",",,N",,
"US1MEHN0002","44.493673","-68.45775","29.9","2021-11-25",,,"0.00",",,N","0.0",",,N",,
"US1MEHN0002","44.493673","-68.45775","29.9","2021-11-26",,,"0.00","T,,N","0.0",",,N",,
"US1MEHN0002","44.493673","-68.45775","29.9","2021-11-27",,,"0.59",",,N","0.8",",,N",,
"US1MEHN0002","44.493673","-68.45775","29.9","2021-11-28",,,"0.02",",,N","0.6",",,N",,
"USW00094626","45.46222","-69.59528","316.1","2021-08-01","1.12",",,W","0.00",",,W,",,,,
"USW00094626","45.46222","-69.59528","316.1","2021-08-02","3.80",",,W","0.53",",,W,",,,,
"USW00094626","45.46222","-69.59528","316.1","2021-08-03","3.13",",,W","0.00",",,W,",,,,
"USW00094626","45.46222","-69.59528","316.1","2021-08-04","2.46",",,W","0.00",",,W,",,,,
"USW00094626","45.46222","-69.59528","316.1","2021-08-05","4.25",",,W","0.12",",,W,",,,,
"USW00094626","45.46222","-69.59528","316.1","2021-08-06","2.24",",,W","0.00",",,W,",,,,
"USW00094626","45.46222","-69.59528","316.1","2021-08-07","2.01",",,W","0.33",",,W,",,,,
"USW00094626","45.46222","-69.59528","316.1","2021-08-08","5.59",",,W","0.00",",,W,",,,,
"USW00094626","45.46222","-69.59528","316.1","2021-08-09","5.14",",,W","0.00",",,W,",,,,
"USW00094626","45.46222","-69.59528","316.1","2021-08-10","5.37",",,W","0.00",",,W,",,,,
"USW00094626","45.46222","-69.59528","316.1","2021-08-11","5.37",",,W","0.00",",,W,",,,,
"USW00094626","45.46222","-69.59528","316.1","2021-08-12","3.36",",,W","0.00",",,W,",,,,
"USW00094626","45.46222","-69.59528","316.1","2021-08-13","5.82",",,W","0.00",",,W,",,,,
"USW00094626","45.46222","-69.59528","316.1","2021-08-14","4.92",",,W","0.26",",,W,",,,,
"USW00094626","45.46222","-69.59528","316.1","2021-08-15","9.62",",,W","0.00",",,W,",,,,
"USW00094626","45.46222","-69.59528","316.1","2021-08-16","4.25",",,W","0.00",",,W,",,,,
"USW00094626","45.46222","-69.59528","316.1","2021-08-17","1.12",",,W","0.00",",,W,",,,,
"USW00094626","45.46222","-69.59528","316.1","2021-08-18","2.24",",,W","0.66",",,W,",,,,
"USW00094626","45.46222","-69.59528","316.1","2021-08-19","2.91",",,W","0.00",",,W,",,,,
"USW00094626","45.46222","-69.59528","316.1","2021-08-20","4.03",",,W","0.00",",,W,",,,,
"USW00094626","45.46222","-69.59528","316.1","2021-08-21","5.14",",,W","0.00",",,W,",,,,
"USW00094626","45.46222","-69.59528","316.1","2021-08-22","6.71",",,W","0.05",",,W,",,,,
"USW00094626","45.46222","-69.59528","316.1","2021-08-23","5.82",",,W","0.09",",,W,",,,,
"USW00094626","45.46222","-69.59528","316.1","2021-08-24","3.80",",,W","0.00",",,W,",,,,
"USW00094626","45.46222","-69.59528","316.1","2021-08-25","3.13",",,W","0.00",",,W,",,,,
"USW00094626","45.46222","-69.59528","316.1","2021-08-26","3.36",",,W","0.00",",,W,",,,,
"USW00094626","45.46222","-69.59528","316.1","2021-08-27","9.84",",,W","0.00",",,W,",,,,
"USW00094626","45.46222","-69.59528","316.1","2021-08-28","2.01",",,W","0.00",",,W,",,,,
"USW00094626","45.46222","-69.59528","316.1","2021-08-29","4.25",",,W","0.02",",,W,",,,,
"USW00094626","45.46222","-69.59528","316.1","2021-08-30","4.25",",,W","0.07",",,W,",,,,
"USW00094626","45.46222","-69.59528","316.1","2021-08-31","4.03",",,W","0.00",",,W,",,,,
"USW00094626","45.46222","-69.59528","316.1","2021-09-01","6.26",",,W","0.00",",,W,",,,,
"USW00094626","45.46222","-69.59528","316.1","2021-09-02","9.62",",,W","0.21",",,W,",,,,
"USW00094626","45.46222","-69.59528","316.1","2021-09-03","10.96",",,W","0.08",",,W,",,,,
"USW00094626","45.46222","-69.59528","316.1","2021-09-04","9.17",",,W","0.00",",,W,",,,,
"USW00094626","45.46222","-69.59528","316.1","2021-09-05","6.93",",,W","0.10",",,W,",,,,
"USW00094626","45.46222","-69.59528","316.1","2021-09-06","3.58",",,W","0.38",",,W,",,,,
"USW00094626","45.46222","-69.59528","316.1","2021-09-07","6.26",",,W","0.00",",,W,",,,,
"USW00094626","45.46222","-69.59528","316.1","2021-09-08","7.16",",,W","0.00",",,W,",,,,
"USW00094626","45.46222","-69.59528","316.1","2021-09-09","3.58",",,W","1.39",",,W,",,,,
"USW00094626","45.46222","-69.59528","316.1","2021-09-10","8.05",",,W","0.51",",,W,",,,,
"USW00094626","45.46222","-69.59528","316.1","2021-09-11","5.82",",,W","0.00",",,W,",,,,
"USW00094626","45.46222","-69.59528","316.1","2021-09-12","4.92",",,W","0.00",",,W,",,,,
"USW00094626","45.46222","-69.59528","316.1","2021-09-13","7.61",",,W","0.00",",,W,",,,,
"USW00094626","45.46222","-69.59528","316.1","2021-09-14","6.26",",,W","0.00",",,W,",,,,
"USW00094626","45.46222","-69.59528","316.1","2021-09-15","5.14",",,W","0.82",",,W,",,,,
"USW00094626","45.46222","-69.59528","316.1","2021-09-16","4.47",",,W","0.00",",,W,",,,,
"USW00094626","45.46222","-69.59528","316.1","2021-09-17","5.14",",,W","0.00",",,W,",,,,
"USW00094626","45.46222","-69.59528","316.1","2021-09-18","5.59",",,W","0.11",",,W,",,,,
"USW00094626","45.46222","-69.59528","316.1","2021-09-19","8.05",",,W","0.00",",,W,",,,,
"USW00094626","45.46222","-69.59528","316.1","2021-09-20","4.03",",,W","0.00",",,W,",,,,
"USW00094626","45.46222","-69.59528","316.1","2021-09-21","5.82",",,W","0.00",",,W,",,,,
"USW00094626","45.46222","-69.59528","316.1","2021-09-22","6.26",",,W","0.01",",,W,",,,,
"USW00094626","45.46222","-69.59528","316.1","2021-09-23","6.71",",,W","0.00",",,W,",,,,
"USW00094626","45.46222","-69.59528","316.1","2021-09-24","9.84",",,W","1.07",",,W,",,,,
"USW00094626","45.46222","-69.59528","316.1","2021-09-25","3.36",",,W","0.04",",,W,",,,,
"USW00094626","45.46222","-69.59528","316.1","2021-09-26","6.49",",,W","1.11",",,W,",,,,
"USW00094626","45.46222","-69.59528","316.1","2021-09-27","2.91",",,W","0.02",",,W,",,,,
"USW00094626","45.46222","-69.59528","316.1","2021-09-28","4.92",",,W","0.00",",,W,",,,,
"USW00094626","45.46222","-69.59528","316.1","2021-09-29","7.16",",,W","0.09",",,W,",,,,
"USW00094626","45.46222","-69.59528","316.1","2021-09-30","8.28",",,W","0.09",",,W,",,,,
"USW00094626","45.46222","-69.59528","316.1","2021-10-01","7.61",",,W","0.03",",,W,",,,,
"USW00094626","45.46222","-69.59528","316.1","2021-10-02","1.79",",,W","0.00",",,W,",,,,
"USW00094626","45.46222","-69.59528","316.1","2021-10-03","1.79",",,W","0.00",",,W,",,,,
"USW00094626","45.46222","-69.59528","316.1","2021-10-04","1.34",",,W","0.00",",,W,",,,,
"USW00094626","45.46222","-69.59528","316.1","2021-10-05","2.01",",,W","0.00",",,W,",,,,
"USW00094626","45.46222","-69.59528","316.1","2021-10-06","6.71",",,W","0.00",",,W,",,,,
"USW00094626","45.46222","-69.59528","316.1","2021-10-07","3.80",",,W","0.00",",,W,",,,,
"USW00094626","45.46222","-69.59528","316.1","2021-10-08","5.82",",,W","0.00",",,W,",,,,
"USW00094626","45.46222","-69.59528","316.1","2021-10-09","5.59",",,W","0.00",",,W,",,,,
"USW00094626","45.46222","-69.59528","316.1","2021-10-10","3.36",",,W","0.00",",,W,",,,,
"USW00094626","45.46222","-69.59528","316.1","2021-10-11","0.89",",,W","0.00",",,W,",,,,
"USW00094626","45.46222","-69.59528","316.1","2021-10-12","1.79",",,W","0.00",",,W,",,,,
"USW00094626","45.46222","-69.59528","316.1","2021-10-13","3.36",",,W","0.00",",,W,",,,,
"USW00094626","45.46222","-69.59528","316.1","2021-10-14","6.04",",,W","0.00",",,W,",,,,
"USW00094626","45.46222","-69.59528","316.1","2021-10-15","5.14",",,W","0.02",",,W,",,,,
"USW00094626","45.46222","-69.59528","316.1","2021-10-16","8.50",",,W","0.45",",,W,",,,,
"USW00094626","45.46222","-69.59528","316.1","2021-10-17","9.17",",,W","0.88",",,W,",,,,
"USW00094626","45.46222","-69.59528","316.1","2021-10-18","10.74",",,W","0.00",",,W,",,,,
"USW00094626","45.46222","-69.59528","316.1","2021-10-19","11.86",",,W","0.00",",,W,",,,,
"USW00094626","45.46222","-69.59528","316.1","2021-10-20","7.61",",,W","0.02",",,W,",,,,
"USW00094626","45.46222","-69.59528","316.1","2021-10-21","4.70",",,W","0.04",",,W,",,,,
"USW00094626","45.46222","-69.59528","316.1","2021-10-22","8.95",",,W","0.16",",,W,",,,,
"USW00094626","45.46222","-69.59528","316.1","2021-10-23","9.84",",,W","0.00",",,W,",,,,
"USW00094626","45.46222","-69.59528","316.1","2021-10-24","12.53",",,W","0.00",",,W,",,,,
"USW00094626","45.46222","-69.59528","316.1","2021-10-25","3.58",",,W","0.01",",,W,",,,,
"USW00094626","45.46222","-69.59528","316.1","2021-10-26","10.51",",,W","0.00",",,W,",,,,
"USW00094626","45.46222","-69.59528","316.1","2021-10-27","12.53",",,W","0.00",",,W,",,,,
"USW00094626","45.46222","-69.59528","316.1","2021-10-28","8.72",",,W","0.00",",,W,",,,,
"USW00094626","45.46222","-69.59528","316.1","2021-10-29","6.04",",,W","0.00",",,W,",,,,
"USW00094626","45.46222","-69.59528","316.1","2021-10-30","10.07",",,W","0.12",",,W,",,,,
"USW00094626","45.46222","-69.59528","316.1","2021-10-31","12.53",",,W","2.06",",,W,",,,,
"USW00094626","45.46222","-69.59528","316.1","2021-11-01","4.25",",,W","0.00",",,W,",,,,
"USW00094626","45.46222","-69.59528","316.1","2021-11-02","3.58",",,W","0.00",",,W,",,,,
"USW00094626","45.46222","-69.59528","316.1","2021-11-03","6.26",",,W","0.00",",,W,",,,,
"USW00094626","45.46222","-69.59528","316.1","2021-11-04","2.91",",,W","0.00",",,W,",,,,
"USW00094626","45.46222","-69.59528","316.1","2021-11-05","5.37",",,W","0.00",",,W,",,,,
"USW00094626","45.46222","-69.59528","316.1","2021-11-06","2.68",",,W","0.00",",,W,",,,,
"USW00094626","45.46222","-69.59528","316.1","2021-11-07","1.34",",,W","0.00",",,W,",,,,
"USW00094626","45.46222","-69.59528","316.1","2021-11-08","5.82",",,W","0.00",",,W,",,,,
"USW00094626","45.46222","-69.59528","316.1","2021-11-09","5.14",",,W","0.00",",,W,",,,,
"USW00094626","45.46222","-69.59528","316.1","2021-11-10","4.25",",,W","0.00",",,W,",,,,
"USW00094626","45.46222","-69.59528","316.1","2021-11-11","7.61",",,W","0.00",",,W,",,,,
"USW00094626","45.46222","-69.59528","316.1","2021-11-12","14.32",",,W","0.88",",,W,",,,,
"USW00094626","45.46222","-69.59528","316.1","2021-11-13","5.59",",,W","0.00",",,W,",,,,
"USW00094626","45.46222","-69.59528","316.1","2021-11-14","7.38",",,W","0.04",",,W,",,,,
"USW00094626","45.46222","-69.59528","316.1","2021-11-15","8.50",",,W","0.14",",,W,",,,,
"USW00094626","45.46222","-69.59528","316.1","2021-11-16","13.87",",,W","0.00",",,W,",,,,
"USW00094626","45.46222","-69.59528","316.1","2021-11-17","8.95",",,W","0.02",",,W,",,,,
"USW00094626","45.46222","-69.59528","316.1","2021-11-18","9.40",",,W","0.41",",,W,",,,,
"USW00094626","45.46222","-69.59528","316.1","2021-11-19","10.74",",,W","0.03",",,W,",,,,
"USW00094626","45.46222","-69.59528","316.1","2021-11-20","6.93",",,W","0.01",",,W,",,,,
"USW00094626","45.46222","-69.59528","316.1","2021-11-21","5.59",",,W","0.05",",,W,",,,,
"USW00094626","45.46222","-69.59528","316.1","2021-11-22","9.84",",,W","0.33",",,W,",,,,
"USW00094626","45.46222","-69.59528","316.1","2021-11-23","17.22",",,W","0.00",",,W,",,,,
"USW00094626","45.46222","-69.59528","316.1","2021-11-24","19.24",",,W","0.00",",,W,",,,,
"USW00094626","45.46222","-69.59528","316.1","2021-11-25","10.74",",,W","0.00",",,W,",,,,
"USW00094626","45.46222","-69.59528","316.1","2021-11-26","4.70",",,W","0.32",",,W,",,,,
"USW00094626","45.46222","-69.59528","316.1","2021-11-27","15.66",",,W","0.14",",,W,",,,,
"USW00094626","45.46222","-69.59528","316.1","2021-11-28","9.17",",,W","0.00",",,W,",,,,
"US1LAIV0006","30.3097","-91.118473","5.8","2021-08-01",,,"0.84",",,N",,,,
"US1LAIV0006","30.3097","-91.118473","5.8","2021-08-02",,,"0.32",",,N",,,,
"US1LAIV0006","30.3097","-91.118473","5.8","2021-08-03",,,"0.52",",,N",,,,
"US1LAIV0006","30.3097","-91.118473","5.8","2021-08-04",,,"0.60",",,N",,,,
"US1LAIV0006","30.3097","-91.118473","5.8","2021-08-05",,,"0.00",",,N","0.0",",,N",,
"US1LAIV0006","30.3097","-91.118473","5.8","2021-08-06",,,"0.00",",,N","0.0",",,N",,
"US1LAIV0006","30.3097","-91.118473","5.8","2021-08-07",,,"0.00",",,N","0.0",",,N",,
"US1LAIV0006","30.3097","-91.118473","5.8","2021-08-08",,,"0.00",",,N","0.0",",,N",,
"US1LAIV0006","30.3097","-91.118473","5.8","2021-08-09",,,"0.34",",,N",,,,
"US1LAIV0006","30.3097","-91.118473","5.8","2021-08-10",,,"0.33",",,N",,,,
"US1LAIV0006","30.3097","-91.118473","5.8","2021-08-11",,,"0.00","T,,N",,,,
"US1LAIV0006","30.3097","-91.118473","5.8","2021-08-12",,,"0.26",",,N",,,,
"US1LAIV0006","30.3097","-91.118473","5.8","2021-08-13",,,"1.98",",,N",,,,
"US1LAIV0006","30.3097","-91.118473","5.8","2021-08-14",,,"0.00",",,N","0.0",",,N",,
"US1LAIV0006","30.3097","-91.118473","5.8","2021-08-15",,,"0.00",",,N","0.0",",,N",,
"US1LAIV0006","30.3097","-91.118473","5.8","2021-08-16",,,"0.08",",,N",,,,
"US1LAIV0006","30.3097","-91.118473","5.8","2021-08-17",,,"0.00",",,N","0.0",",,N",,
"US1LAIV0006","30.3097","-91.118473","5.8","2021-08-18",,,"0.00",",,N","0.0",",,N",,
"US1LAIV0006","30.3097","-91.118473","5.8","2021-08-19",,,"0.03",",,N",,,,
"US1LAIV0006","30.3097","-91.118473","5.8","2021-08-20",,,"0.00",",,N","0.0",",,N",,
"US1LAIV0006","30.3097","-91.118473","5.8","2021-08-21",,,"0.00",",,N","0.0",",,N",,
"US1LAIV0006","30.3097","-91.118473","5.8","2021-08-22",,,"0.00",",,N","0.0",",,N",,
"US1LAIV0006","30.3097","-91.118473","5.8","2021-08-23",,,"0.00",",,N","0.0",",,N",,
"US1LAIV0006","30.3097","-91.118473","5.8","2021-08-24",,,"0.90",",,N",,,,
"US1LAIV0006","30.3097","-91.118473","5.8","2021-08-25",,,"0.77",",,N",,,,
"US1LAIV0006","30.3097","-91.118473","5.8","2021-08-26",,,"1.46",",,N",,,,
"US1LAIV0006","30.3097","-91.118473","5.8","2021-08-28",,,"0.27",",,N",,,,
"US1LAIV0006","30.3097","-91.118473","5.8","2021-08-29",,,"0.02",",,N",,,,
"US1LAIV0006","30.3097","-91.118473","5.8","2021-08-30",,,"1.55",",,N",,,,
"US1LAIV0006","30.3097","-91.118473","5.8","2021-08-31",,,"0.10",",,N",,,,
"US1LAIV0006","30.3097","-91.118473","5.8","2021-09-01",,,"0.00",",,N","0.0",",,N",,
"US1LAIV0006","30.3097","-91.118473","5.8","2021-09-02",,,"0.00",",,N","0.0",",,N",,
"US1LAIV0006","30.3097","-91.118473","5.8","2021-09-03",,,"0.00",",,N","0.0",",,N",,
"US1LAIV0006","30.3097","-91.118473","5.8","2021-09-04",,,"0.00",",,N","0.0",",,N",,
"US1LAIV0006","30.3097","-91.118473","5.8","2021-09-05",,,"0.00",",,N","0.0",",,N",,
"US1LAIV0006","30.3097","-91.118473","5.8","2021-09-06",,,"0.00",",,N","0.0",",,N",,
"US1LAIV0006","30.3097","-91.118473","5.8","2021-09-07",,,"0.00",",,N","0.0",",,N",,
"US1LAIV0006","30.3097","-91.118473","5.8","2021-09-08",,,"0.15",",,N",,,,
"US1LAIV0006","30.3097","-91.118473","5.8","2021-09-09",,,"0.00",",,N","0.0",",,N",,
"US1LAIV0006","30.3097","-91.118473","5.8","2021-09-10",,,"0.00",",,N","0.0",",,N",,
"US1LAIV0006","30.3097","-91.118473","5.8","2021-09-11",,,"0.00",",,N","0.0",",,N",,
"US1LAIV0006","30.3097","-91.118473","5.8","2021-09-12",,,"0.00",",,N","0.0",",,N",,
"US1LAIV0006","30.3097","-91.118473","5.8","2021-09-13",,,"0.10",",,N",,,,
"US1LAIV0006","30.3097","-91.118473","5.8","2021-09-14",,,"0.30",",,N",,,,
"US1LAIV0006","30.3097","-91.118473","5.8","2021-09-15",,,"4.08",",,N",,,,
"US1LAIV0006","30.3097","-91.118473","5.8","2021-09-16",,,"1.05",",,N",,,,
"US1LAIV0006","30.3097","-91.118473","5.8","2021-09-17",,,"0.00",",,N","0.0",",,N",,
"US1LAIV0006","30.3097","-91.118473","5.8","2021-09-18",,,"0.29",",,N",,,,
"US1LAIV0006","30.3097","-91.118473","5.8","2021-09-19",,,"0.18",",,N",,,,
"US1LAIV0006","30.3097","-91.118473","5.8","2021-09-20",,,"0.00",",,N","0.0",",,N",,
"US1LAIV0006","30.3097","-91.118473","5.8","2021-09-22",,,"0.04",",,N",,,,
"US1LAIV0006","30.3097","-91.118473","5.8","2021-09-23",,,"0.00",",,N","0.0",",,N",,
"US1LAIV0006","30.3097","-91.118473","5.8","2021-09-24",,,"0.00",",,N","0.0",",,N",,
"US1LAIV0006","30.3097","-91.118473","5.8","2021-09-25",,,"0.00",",,N","0.0",",,N",,
"US1LAIV0006","30.3097","-91.118473","5.8","2021-09-26",,,"0.00",",,N","0.0",",,N",,
"US1LAIV0006","30.3097","-91.118473","5.8","2021-09-27",,,"0.00",",,N","0.0",",,N",,
"US1LAIV0006","30.3097","-91.118473","5.8","2021-09-28",,,"0.22",",,N",,,,
"US1LAIV0006","30.3097","-91.118473","5.8","2021-09-29",,,"0.35",",,N",,,,
"US1LAIV0006","30.3097","-91.118473","5.8","2021-09-30",,,"1.09",",,N",,,,
"US1LAIV0006","30.3097","-91.118473","5.8","2021-10-01",,,"1.05",",,N",,,,
"US1LAIV0006","30.3097","-91.118473","5.8","2021-10-02",,,"1.53",",,N",,,,
"US1LAIV0006","30.3097","-91.118473","5.8","2021-10-03",,,"1.13",",,N",,,,
"US1LAIV0006","30.3097","-91.118473","5.8","2021-10-04",,,"0.00",",,N","0.0",",,N",,
"US1LAIV0006","30.3097","-91.118473","5.8","2021-10-05",,,"0.00",",,N","0.0",",,N",,
"US1LAIV0006","30.3097","-91.118473","5.8","2021-10-06",,,"0.73",",,N",,,,
"US1LAIV0006","30.3097","-91.118473","5.8","2021-10-07",,,"0.00",",,N","0.0",",,N",,
"US1LAIV0006","30.3097","-91.118473","5.8","2021-10-08",,,"0.00",",,N","0.0",",,N",,
"US1LAIV0006","30.3097","-91.118473","5.8","2021-10-09",,,"0.00",",,N","0.0",",,N",,
"US1LAIV0006","30.3097","-91.118473","5.8","2021-10-10",,,"0.00",",,N","0.0",",,N",,
"US1LAIV0006","30.3097","-91.118473","5.8","2021-10-11",,,"0.00",",,N","0.0",",,N",,
"US1LAIV0006","30.3097","-91.118473","5.8","2021-10-12",,,"0.00",",,N","0.0",",,N",,
"US1LAIV0006","30.3097","-91.118473","5.8","2021-10-13",,,"0.00",",,N","0.0",",,N",,
"US1LAIV0006","30.3097","-91.118473","5.8","2021-10-14",,,"0.00",",,N","0.0",",,N",,
"US1LAIV0006","30.3097","-91.118473","5.8","2021-10-15",,,"0.00",",,N","0.0",",,N",,
"US1LAIV0006","30.3097","-91.118473","5.8","2021-10-16",,,"0.00","T,,N",,,,
"US1LAIV0006","30.3097","-91.118473","5.8","2021-10-17",,,"0.00",",,N","0.0",",,N",,
"US1LAIV0006","30.3097","-91.118473","5.8","2021-10-18",,,"0.00",",,N","0.0",",,N",,
"US1LAIV0006","30.3097","-91.118473","5.8","2021-10-19",,,"0.00",",,N","0.0",",,N",,
"US1LAIV0006","30.3097","-91.118473","5.8","2021-10-20",,,"0.00",",,N","0.0",",,N",,
"US1LAIV0006","30.3097","-91.118473","5.8","2021-10-21",,,"0.01",",,N",,,,
"US1LAIV0006","30.3097","-91.118473","5.8","2021-10-22",,,"0.00",",,N","0.0",",,N",,
"US1LAIV0006","30.3097","-91.118473","5.8","2021-10-23",,,"0.00",",,N","0.0",",,N",,
"US1LAIV0006","30.3097","-91.118473","5.8","2021-10-24",,,"0.00",",,N","0.0",",,N",,
"US1LAIV0006","30.3097","-91.118473","5.8","2021-10-25",,,"0.03",",,N",,,,
"US1LAIV0006","30.3097","-91.118473","5.8","2021-10-26",,,"0.00",",,N","0.0",",,N",,
"US1LAIV0006","30.3097","-91.118473","5.8","2021-10-27",,,"0.00",",,N","0.0",",,N",,
"US1LAIV0006","30.3097","-91.118473","5.8","2021-10-28",,,"1.38",",,N",,,,
"US1LAIV0006","30.3097","-91.118473","5.8","2021-10-29",,,"0.00",",,N","0.0",",,N",,
"US1LAIV0006","30.3097","-91.118473","5.8","2021-10-30",,,"0.00",",,N","0.0",",,N",,
"US1LAIV0006","30.3097","-91.118473","5.8","2021-10-31",,,"0.00",",,N","0.0",",,N",,
"US1LAIV0006","30.3097","-91.118473","5.8","2021-11-01",,,"0.00",",,N","0.0",",,N",,
"US1LAIV0006","30.3097","-91.118473","5.8","2021-11-02",,,"0.00",",,N","0.0",",,N",,
"US1LAIV0006","30.3097","-91.118473","5.8","2021-11-03",,,"0.00",",,N","0.0",",,N",,
"US1LAIV0006","30.3097","-91.118473","5.8","2021-11-04",,,"0.00",",,N","0.0",",,N",,
"US1LAIV0006","30.3097","-91.118473","5.8","2021-11-05",,,"0.00",",,N","0.0",",,N",,
"US1LAIV0006","30.3097","-91.118473","5.8","2021-11-06",,,"0.00",",,N","0.0",",,N",,
"US1LAIV0006","30.3097","-91.118473","5.8","2021-11-07",,,"0.00",",,N","0.0",",,N",,
"US1LAIV0006","30.3097","-91.118473","5.8","2021-11-08",,,"0.00",",,N","0.0",",,N",,
"US1LAIV0006","30.3097","-91.118473","5.8","2021-11-09",,,"0.00",",,N","0.0",",,N",,
"US1LAIV0006","30.3097","-91.118473","5.8","2021-11-10",,,"0.00",",,N","0.0",",,N",,
"US1LAIV0006","30.3097","-91.118473","5.8","2021-11-11",,,"0.00",",,N","0.0",",,N",,
"US1LAIV0006","30.3097","-91.118473","5.8","2021-11-12",,,"0.22",",,N",,,,
"US1LAIV0006","30.3097","-91.118473","5.8","2021-11-13",,,"0.00",",,N","0.0",",,N",,
"US1LAIV0006","30.3097","-91.118473","5.8","2021-11-14",,,"0.00",",,N","0.0",",,N",,
"US1LAIV0006","30.3097","-91.118473","5.8","2021-11-15",,,"0.00",",,N","0.0",",,N",,
"US1LAIV0006","30.3097","-91.118473","5.8","2021-11-16",,,"0.00",",,N","0.0",",,N",,
"US1LAIV0006","30.3097","-91.118473","5.8","2021-11-17",,,"0.00",",,N","0.0",",,N",,
"US1LAIV0006","30.3097","-91.118473","5.8","2021-11-18",,,"0.12",",,N",,,,
"US1LAIV0006","30.3097","-91.118473","5.8","2021-11-19",,,"0.72",",,N",,,,
"US1LAIV0006","30.3097","-91.118473","5.8","2021-11-20",,,"0.00",",,N","0.0",",,N",,
"US1LAIV0006","30.3097","-91.118473","5.8","2021-11-21",,,"0.00",",,N","0.0",",,N",,
"US1LAIV0006","30.3097","-91.118473","5.8","2021-11-22",,,"0.26",",,N",,,,
"US1LAIV0006","30.3097","-91.118473","5.8","2021-11-23",,,"0.00",",,N","0.0",",,N",,
"US1LAIV0006","30.3097","-91.118473","5.8","2021-11-24",,,"0.00",",,N","0.0",",,N",,
"US1LAIV0006","30.3097","-91.118473","5.8","2021-11-25",,,"0.00",",,N","0.0",",,N",,
"US1LAIV0006","30.3097","-91.118473","5.8","2021-11-26",,,"0.22",",,N",,,,
"US1LAIV0006","30.3097","-91.118473","5.8","2021-11-27",,,"0.00",",,N","0.0",",,N",,
"US1LAIV0006","30.3097","-91.118473","5.8","2021-11-28",,,"0.07",",,N",,,,
"US1MEAN0046","43.96119","-70.12462","51.5","2021-08-01",,,"0.00",",,N","0.0",",,N",,
"US1MEAN0046","43.96119","-70.12462","51.5","2021-08-02",,,"0.06",",,N",,,,
"US1MEAN0046","43.96119","-70.12462","51.5","2021-08-03",,,"0.00",",,N","0.0",",,N",,
"US1MEAN0046","43.96119","-70.12462","51.5","2021-08-04",,,"0.00",",,N","0.0",",,N",,
"US1MEAN0046","43.96119","-70.12462","51.5","2021-08-05",,,"0.09",",,N",,,,
"US1MEAN0046","43.96119","-70.12462","51.5","2021-08-06",,,"0.34",",,N",,,,
"US1MEAN0046","43.96119","-70.12462","51.5","2021-08-07",,,"0.00",",,N","0.0",",,N",,
"US1MEAN0046","43.96119","-70.12462","51.5","2021-08-08",,,"0.00",",,N","0.0",",,N",,
"US1MEAN0046","43.96119","-70.12462","51.5","2021-08-09",,,"0.00",",,N","0.0",",,N",,
"US1MEAN0046","43.96119","-70.12462","51.5","2021-08-10",,,"0.02",",,N",,,,
"US1MEAN0046","43.96119","-70.12462","51.5","2021-08-11",,,"0.01",",,N",,,,
"US1MEAN0046","43.96119","-70.12462","51.5","2021-08-12",,,"0.00",",,N","0.0",",,N",,
"US1MEAN0046","43.96119","-70.12462","51.5","2021-08-13",,,"0.00",",,N","0.0",",,N",,
"US1MEAN0046","43.96119","-70.12462","51.5","2021-08-14",,,"0.00",",,N","0.0",",,N",,
"US1MEAN0046","43.96119","-70.12462","51.5","2021-08-15",,,"0.00",",,N","0.0",",,N",,
"US1MEAN0046","43.96119","-70.12462","51.5","2021-08-16",,,"0.00",",,N","0.0",",,N",,
"US1MEAN0046","43.96119","-70.12462","51.5","2021-08-17",,,"0.00",",,N","0.0",",,N",,
"US1MEAN0046","43.96119","-70.12462","51.5","2021-08-18",,,"0.00",",,N","0.0",",,N",,
"US1MEAN0046","43.96119","-70.12462","51.5","2021-08-19",,,"0.02",",,N",,,,
"US1MEAN0046","43.96119","-70.12462","51.5","2021-08-20",,,"0.74",",,N",,,,
"US1MEAN0046","43.96119","-70.12462","51.5","2021-08-21",,,"0.00",",,N","0.0",",,N",,
"US1MEAN0046","43.96119","-70.12462","51.5","2021-08-22",,,"0.02",",,N",,,,
"US1MEAN0046","43.96119","-70.12462","51.5","2021-08-23",,,"0.22",",,N",,,,
"US1MEAN0046","43.96119","-70.12462","51.5","2021-08-24",,,"0.12",",,N",,,,
"US1MEAN0046","43.96119","-70.12462","51.5","2021-08-25",,,"0.00",",,N","0.0",",,N",,
"US1MEAN0046","43.96119","-70.12462","51.5","2021-08-26",,,"0.00",",,N","0.0",",,N",,
"US1MEAN0046","43.96119","-70.12462","51.5","2021-08-27",,,"0.00",",,N","0.0",",,N",,
"US1MEAN0046","43.96119","-70.12462","51.5","2021-08-28",,,"0.00",",,N","0.0",",,N",,
"US1MEAN0046","43.96119","-70.12462","51.5","2021-08-29",,,"0.08",",,N",,,,
"US1MEAN0046","43.96119","-70.12462","51.5","2021-08-30",,,"0.00",",,N","0.0",",,N",,
"US1MEAN0046","43.96119","-70.12462","51.5","2021-08-31",,,"0.00",",,N","0.0",",,N",,
"US1MEAN0046","43.96119","-70.12462","51.5","2021-09-01",,,"0.00",",,N","0.0",",,N",,
"US1MEAN0046","43.96119","-70.12462","51.5","2021-09-02",,,"1.54",",,N",,,,
"US1MEAN0046","43.96119","-70.12462","51.5","2021-09-03",,,"0.00",",,N","0.0",",,N",,
"US1MEAN0046","43.96119","-70.12462","51.5","2021-09-04",,,"0.00",",,N","0.0",",,N",,
"US1MEAN0046","43.96119","-70.12462","51.5","2021-09-05",,,"0.00",",,N","0.0",",,N",,
"US1MEAN0046","43.96119","-70.12462","51.5","2021-09-06",,,"0.20",",,N",,,,
"US1MEAN0046","43.96119","-70.12462","51.5","2021-09-07",,,"0.29",",,N",,,,
"US1MEAN0046","43.96119","-70.12462","51.5","2021-09-08",,,"0.00",",,N","0.0",",,N",,
"US1MEAN0046","43.96119","-70.12462","51.5","2021-09-09",,,"0.25",",,N",,,,
"US1MEAN0046","43.96119","-70.12462","51.5","2021-09-10",,,"1.00",",,N",,,,
"US1MEAN0046","43.96119","-70.12462","51.5","2021-09-11",,,"0.02",",,N",,,,
"US1MEAN0046","43.96119","-70.12462","51.5","2021-09-12",,,"0.00",",,N","0.0",",,N",,
"US1MEAN0046","43.96119","-70.12462","51.5","2021-09-13",,,"0.00",",,N","0.0",",,N",,
"US1MEAN0046","43.96119","-70.12462","51.5","2021-09-14",,,"0.00",",,N","0.0",",,N",,
"US1MEAN0046","43.96119","-70.12462","51.5","2021-09-15",,,"0.03",",,N",,,,
"US1MEAN0046","43.96119","-70.12462","51.5","2021-09-16",,,"0.35",",,N",,,,
"US1MEAN0046","43.96119","-70.12462","51.5","2021-09-17",,,"0.00",",,N","0.0",",,N",,
"US1MEAN0046","43.96119","-70.12462","51.5","2021-09-18",,,"0.03",",,N",,,,
"US1MEAN0046","43.96119","-70.12462","51.5","2021-09-19",,,"0.82",",,N",,,,
"US1MEAN0046","43.96119","-70.12462","51.5","2021-09-20",,,"0.00",",,N","0.0",",,N",,
"US1MEAN0046","43.96119","-70.12462","51.5","2021-09-21",,,"0.00",",,N","0.0",",,N",,
"US1MEAN0046","43.96119","-70.12462","51.5","2021-09-22",,,"0.03",",,N",,,,
"US1MEAN0046","43.96119","-70.12462","51.5","2021-09-23",,,"0.00",",,N","0.0",",,N",,
"US1MEAN0046","43.96119","-70.12462","51.5","2021-09-24",,,"0.00",",,N","0.0",",,N",,
"US1MEAN0046","43.96119","-70.12462","51.5","2021-09-25",,,"0.51",",,N",,,,
"US1MEAN0046","43.96119","-70.12462","51.5","2021-09-26",,,"0.42",",,N",,,,
"US1MEAN0046","43.96119","-70.12462","51.5","2021-09-27",,,"0.25",",,N",,,,
"US1MEAN0046","43.96119","-70.12462","51.5","2021-09-28",,,"0.00",",,N","0.0",",,N",,
"US1MEAN0046","43.96119","-70.12462","51.5","2021-09-29",,,"0.00",",,N","0.0",",,N",,
"US1MEAN0046","43.96119","-70.12462","51.5","2021-09-30",,,"0.03",",,N",,,,
"US1MEAN0046","43.96119","-70.12462","51.5","2021-10-01",,,"0.09",",,N",,,,
"US1MEAN0046","43.96119","-70.12462","51.5","2021-10-02",,,"0.00",",,N","0.0",",,N",,
"US1MEAN0046","43.96119","-70.12462","51.5","2021-10-03",,,"0.05",",,N",,,,
"US1MEAN0046","43.96119","-70.12462","51.5","2021-10-04",,,"0.15",",,N",,,,
"US1MEAN0046","43.96119","-70.12462","51.5","2021-10-05",,,"0.00",",,N","0.0",",,N",,
"US1MEAN0046","43.96119","-70.12462","51.5","2021-10-06",,,"0.00",",,N","0.0",",,N",,
"US1MEAN0046","43.96119","-70.12462","51.5","2021-10-07",,,"0.00",",,N","0.0",",,N",,
"US1MEAN0046","43.96119","-70.12462","51.5","2021-10-08",,,"0.00",",,N","0.0",",,N",,
"US1MEAN0046","43.96119","-70.12462","51.5","2021-10-24",,,,,,,,
"US1MEAN0046","43.96119","-70.12462","51.5","2021-10-25",,,"0.05",",,N",,,,
"US1MEAN0046","43.96119","-70.12462","51.5","2021-10-27",,,,,,,,
"US1MEAN0046","43.96119","-70.12462","51.5","2021-10-28",,,"0.22",",,N",,,,
"US1MEAN0046","43.96119","-70.12462","51.5","2021-10-29",,,"0.02",",,N",,,,
"US1MEAN0046","43.96119","-70.12462","51.5","2021-11-01",,,,,,,,
"US1MEAN0046","43.96119","-70.12462","51.5","2021-11-02",,,"0.00",",,N","0.0",",,N",,
"US1MEAN0046","43.96119","-70.12462","51.5","2021-11-03",,,"0.00",",,N","0.0",",,N",,
"US1MEAN0046","43.96119","-70.12462","51.5","2021-11-04",,,"0.01",",,N",,,,
"US1MEAN0046","43.96119","-70.12462","51.5","2021-11-05",,,"0.00",",,N","0.0",",,N",,
"US1MEAN0046","43.96119","-70.12462","51.5","2021-11-06",,,"0.00",",,N","0.0",",,N",,
"US1MEAN0046","43.96119","-70.12462","51.5","2021-11-07",,,"0.00",",,N","0.0",",,N",,
"US1MEAN0046","43.96119","-70.12462","51.5","2021-11-08",,,"0.00",",,N","0.0",",,N",,
"US1MEAN0046","43.96119","-70.12462","51.5","2021-11-09",,,"0.00",",,N","0.0",",,N",,
"US1MEAN0046","43.96119","-70.12462","51.5","2021-11-10",,,"0.00",",,N","0.0",",,N",,
"US1MEAN0046","43.96119","-70.12462","51.5","2021-11-11",,,"0.00",",,N","0.0",",,N",,
"US1MEAN0046","43.96119","-70.12462","51.5","2021-11-12",,,"0.07",",,N",,,,
"US1MEAN0046","43.96119","-70.12462","51.5","2021-11-13",,,"1.56",",,N",,,,
"US1MEAN0046","43.96119","-70.12462","51.5","2021-11-15",,,,,,,,
"US1MEAN0046","43.96119","-70.12462","51.5","2021-11-16",,,"0.00",",,N","0.0",",,N",,
"US1MEAN0046","43.96119","-70.12462","51.5","2021-11-17",,,"0.00",",,N","0.0",",,N",,
"US1MEAN0046","43.96119","-70.12462","51.5","2021-11-18",,,"0.13",",,N",,,,
"US1MEAN0046","43.96119","-70.12462","51.5","2021-11-19",,,"0.32",",,N",,,,
"US1MEAN0046","43.96119","-70.12462","51.5","2021-11-20",,,"0.00",",,N","0.0",",,N",,
"US1MEAN0046","43.96119","-70.12462","51.5","2021-11-21",,,"0.00",",,N","0.0",",,N",,
"US1MEAN0046","43.96119","-70.12462","51.5","2021-11-22",,,"0.20",",,N",,,,
"US1MEAN0046","43.96119","-70.12462","51.5","2021-11-23",,,"0.00",",,N","0.0",",,N",,
"US1MEAN0046","43.96119","-70.12462","51.5","2021-11-24",,,"0.00",",,N","0.0",",,N",,
"US1MEAN0046","43.96119","-70.12462","51.5","2021-11-28",,,,,,,,
"US1LAEB0014","30.439266","-91.06854","18.0","2021-08-01",,,"0.93",",,N",,,,
"US1LAEB0014","30.439266","-91.06854","18.0","2021-08-02",,,"0.09",",,N",,,,
"US1LAEB0014","30.439266","-91.06854","18.0","2021-08-03",,,"0.92",",,N",,,,
"US1LAEB0014","30.439266","-91.06854","18.0","2021-08-04",,,"2.05",",,N",,,,
"US1LAEB0014","30.439266","-91.06854","18.0","2021-08-05",,,"0.00",",,N","0.0",",,N",,
"US1LAEB0014","30.439266","-91.06854","18.0","2021-08-15",,,,,,,,
"US1LAEB0014","30.439266","-91.06854","18.0","2021-08-16",,,"0.09",",,N",,,,
"US1LAEB0014","30.439266","-91.06854","18.0","2021-08-17",,,"0.00",",,N","0.0",",,N",,
"US1LAEB0014","30.439266","-91.06854","18.0","2021-08-18",,,"0.00",",,N","0.0",",,N",,
"US1LAEB0014","30.439266","-91.06854","18.0","2021-08-19",,,"0.31",",,N",,,,
"US1LAEB0014","30.439266","-91.06854","18.0","2021-08-20",,,"0.00",",,N","0.0",",,N",,
"US1LAEB0014","30.439266","-91.06854","18.0","2021-08-21",,,"0.00",",,N","0.0",",,N",,
"US1LAEB0014","30.439266","-91.06854","18.0","2021-08-22",,,"0.00",",,N","0.0",",,N",,
"US1LAEB0014","30.439266","-91.06854","18.0","2021-08-23",,,"0.00",",,N","0.0",",,N",,
"US1LAEB0014","30.439266","-91.06854","18.0","2021-08-24",,,"0.00",",,N","0.0",",,N",,
"US1LAEB0014","30.439266","-91.06854","18.0","2021-08-26",,,"1.06",",,N",,,,
"US1LAEB0014","30.439266","-91.06854","18.0","2021-08-27",,,"0.10",",,N",,,,
"US1LAEB0014","30.439266","-91.06854","18.0","2021-08-28",,,"0.70",",,N",,,,
"US1LAEB0014","30.439266","-91.06854","18.0","2021-08-29",,,"0.05",",,N",,,,
"US1LAEB0014","30.439266","-91.06854","18.0","2021-08-30",,,"2.65",",,N",,,,
"US1LAEB0014","30.439266","-91.06854","18.0","2021-08-31",,,"0.28",",,N",,,,
"US1LAEB0014","30.439266","-91.06854","18.0","2021-09-01",,,"0.00",",,N","0.0",",,N",,
"US1LAEB0014","30.439266","-91.06854","18.0","2021-09-02",,,"0.04",",,N",,,,
"US1LAEB0014","30.439266","-91.06854","18.0","2021-09-03",,,"0.00",",,N","0.0",",,N",,
"US1LAEB0014","30.439266","-91.06854","18.0","2021-09-04",,,"0.00",",,N","0.0",",,N",,
"US1LAEB0014","30.439266","-91.06854","18.0","2021-09-05",,,"0.00",",,N","0.0",",,N",,
"US1LAEB0014","30.439266","-91.06854","18.0","2021-09-06",,,"0.00",",,N","0.0",",,N",,
"US1LAEB0014","30.439266","-91.06854","18.0","2021-09-07",,,"0.00",",,N","0.0",",,N",,
"US1LAEB0014","30.439266","-91.06854","18.0","2021-09-08",,,"0.30",",,N",,,,
"US1LAEB0014","30.439266","-91.06854","18.0","2021-09-09",,,"0.00",",,N","0.0",",,N",,
"US1LAEB0014","30.439266","-91.06854","18.0","2021-09-10",,,"0.00",",,N","0.0",",,N",,
"US1LAEB0014","30.439266","-91.06854","18.0","2021-09-11",,,"0.00",",,N","0.0",",,N",,
"US1LAEB0014","30.439266","-91.06854","18.0","2021-09-12",,,"0.00",",,N","0.0",",,N",,
"US1LAEB0014","30.439266","-91.06854","18.0","2021-09-13",,,"0.03",",,N",,,,
"US1LAEB0014","30.439266","-91.06854","18.0","2021-09-14",,,"0.82",",,N",,,,
"US1LAEB0014","30.439266","-91.06854","18.0","2021-09-15",,,"5.29",",,N",,,,
"US1LAEB0014","30.439266","-91.06854","18.0","2021-09-16",,,"1.85",",,N",,,,
"US1LAEB0014","30.439266","-91.06854","18.0","2021-09-17",,,"0.83",",,N",,,,
"US1LAEB0014","30.439266","-91.06854","18.0","2021-09-18",,,"0.12",",,N",,,,
"US1LAEB0014","30.439266","-91.06854","18.0","2021-09-19",,,"0.05",",,N",,,,
"US1LAEB0014","30.439266","-91.06854","18.0","2021-09-20",,,"0.02",",,N",,,,
"US1LAEB0014","30.439266","-91.06854","18.0","2021-09-21",,,"0.00",",,N","0.0",",,N",,
"US1LAEB0014","30.439266","-91.06854","18.0","2021-09-22",,,"0.00",",,N","0.0",",,N",,
"US1LAEB0014","30.439266","-91.06854","18.0","2021-09-23",,,"0.00",",,N","0.0",",,N",,
"US1LAEB0014","30.439266","-91.06854","18.0","2021-09-24",,,"0.00",",,N","0.0",",,N",,
"US1LAEB0014","30.439266","-91.06854","18.0","2021-09-25",,,"0.00",",,N","0.0",",,N",,
"US1LAEB0014","30.439266","-91.06854","18.0","2021-09-26",,,"0.00",",,N","0.0",",,N",,
"US1LAEB0014","30.439266","-91.06854","18.0","2021-09-27",,,"0.00",",,N","0.0",",,N",,
"US1LAEB0014","30.439266","-91.06854","18.0","2021-09-28",,,"0.02",",,N",,,,
"US1LAEB0014","30.439266","-91.06854","18.0","2021-09-29",,,"0.91",",,N",,,,
"US1LAEB0014","30.439266","-91.06854","18.0","2021-09-30",,,"2.55",",,N",,,,
"US1LAEB0014","30.439266","-91.06854","18.0","2021-10-01",,,"0.88",",,N",,,,
"US1LAEB0014","30.439266","-91.06854","18.0","2021-10-02",,,"0.42",",,N",,,,
"US1LAEB0014","30.439266","-91.06854","18.0","2021-10-03",,,"0.42",",,N",,,,
"US1LAEB0014","30.439266","-91.06854","18.0","2021-10-04",,,"0.03",",,N",,,,
"US1LAEB0014","30.439266","-91.06854","18.0","2021-10-05",,,"0.00",",,N","0.0",",,N",,
"US1LAEB0014","30.439266","-91.06854","18.0","2021-10-06",,,"0.00",",,N","0.0",",,N",,
"US1LAEB0014","30.439266","-91.06854","18.0","2021-10-07",,,"0.00",",,N","0.0",",,N",,
"US1LAEB0014","30.439266","-91.06854","18.0","2021-10-08",,,"0.00",",,N","0.0",",,N",,
"US1LAEB0014","30.439266","-91.06854","18.0","2021-10-09",,,"0.00",",,N","0.0",",,N",,
"US1LAEB0014","30.439266","-91.06854","18.0","2021-10-10",,,"0.00",",,N","0.0",",,N",,
"US1LAEB0014","30.439266","-91.06854","18.0","2021-10-11",,,"0.00",",,N","0.0",",,N",,
"US1LAEB0014","30.439266","-91.06854","18.0","2021-10-12",,,"0.00",",,N","0.0",",,N",,
"US1LAEB0014","30.439266","-91.06854","18.0","2021-10-13",,,"0.00",",,N","0.0",",,N",,
"US1LAEB0014","30.439266","-91.06854","18.0","2021-10-14",,,"0.00",",,N","0.0",",,N",,
"US1LAEB0014","30.439266","-91.06854","18.0","2021-10-15",,,"0.00",",,N","0.0",",,N",,
"US1LAEB0014","30.439266","-91.06854","18.0","2021-10-16",,,"0.00",",,N","0.0",",,N",,
"US1LAEB0014","30.439266","-91.06854","18.0","2021-10-17",,,"0.00",",,N","0.0",",,N",,
"US1LAEB0014","30.439266","-91.06854","18.0","2021-10-18",,,"0.00",",,N","0.0",",,N",,
"US1LAEB0014","30.439266","-91.06854","18.0","2021-10-19",,,"0.00",",,N","0.0",",,N",,
"US1LAEB0014","30.439266","-91.06854","18.0","2021-10-20",,,"0.00",",,N","0.0",",,N",,
"US1LAEB0014","30.439266","-91.06854","18.0","2021-10-21",,,"0.05",",,N",,,,
"US1LAEB0014","30.439266","-91.06854","18.0","2021-10-22",,,"0.00",",,N","0.0",",,N",,
"US1LAEB0014","30.439266","-91.06854","18.0","2021-10-23",,,"0.00",",,N","0.0",",,N",,
"US1LAEB0014","30.439266","-91.06854","18.0","2021-10-24",,,"0.00",",,N","0.0",",,N",,
"US1LAEB0014","30.439266","-91.06854","18.0","2021-10-25",,,"0.19",",,N",,,,
"US1LAEB0014","30.439266","-91.06854","18.0","2021-10-26",,,"0.00",",,N","0.0",",,N",,
"US1LAEB0014","30.439266","-91.06854","18.0","2021-10-27",,,"0.00",",,N","0.0",",,N",,
"US1LAEB0014","30.439266","-91.06854","18.0","2021-10-28",,,"1.39",",,N",,,,
"US1LAEB0014","30.439266","-91.06854","18.0","2021-10-29",,,"0.00",",,N","0.0",",,N",,
"US1LAEB0014","30.439266","-91.06854","18.0","2021-10-30",,,"0.00",",,N","0.0",",,N",,
"US1LAEB0014","30.439266","-91.06854","18.0","2021-10-31",,,"0.00",",,N","0.0",",,N",,
"US1LAEB0014","30.439266","-91.06854","18.0","2021-11-01",,,"0.00",",,N","0.0",",,N",,
"US1LAEB0014","30.439266","-91.06854","18.0","2021-11-02",,,"0.00",",,N","0.0",",,N",,
"US1LAEB0014","30.439266","-91.06854","18.0","2021-11-03",,,"0.00",",,N","0.0",",,N",,
"US1LAEB0014","30.439266","-91.06854","18.0","2021-11-04",,,"0.00",",,N","0.0",",,N",,
"US1LAEB0014","30.439266","-91.06854","18.0","2021-11-05",,,"0.00",",,N","0.0",",,N",,
"US1LAEB0014","30.439266","-91.06854","18.0","2021-11-06",,,"0.00",",,N","0.0",",,N",,
"US1LAEB0014","30.439266","-91.06854","18.0","2021-11-07",,,"0.00",",,N","0.0",",,N",,
"US1LAEB0014","30.439266","-91.06854","18.0","2021-11-09",,,"0.00",",,N","0.0",",,N",,
"US1LAEB0014","30.439266","-91.06854","18.0","2021-11-10",,,"0.00",",,N","0.0",",,N",,
"US1LAEB0014","30.439266","-91.06854","18.0","2021-11-11",,,"0.00",",,N","0.0",",,N",,
"US1LAEB0014","30.439266","-91.06854","18.0","2021-11-12",,,"0.27",",,N",,,,
"US1LAEB0014","30.439266","-91.06854","18.0","2021-11-13",,,"0.00",",,N","0.0",",,N",,
"US1LAEB0014","30.439266","-91.06854","18.0","2021-11-14",,,"0.00",",,N","0.0",",,N",,
"US1LAEB0014","30.439266","-91.06854","18.0","2021-11-15",,,"0.00",",,N","0.0",",,N",,
"US1LAEB0014","30.439266","-91.06854","18.0","2021-11-16",,,"0.00",",,N","0.0",",,N",,
"US1LAEB0014","30.439266","-91.06854","18.0","2021-11-17",,,"0.00",",,N","0.0",",,N",,
"US1LAEB0014","30.439266","-91.06854","18.0","2021-11-18",,,"0.08",",,N",,,,
"US1LAEB0014","30.439266","-91.06854","18.0","2021-11-19",,,"0.00",",,N","0.0",",,N",,
"US1LAEB0014","30.439266","-91.06854","18.0","2021-11-20",,,"0.00",",,N","0.0",",,N",,
"US1LAEB0014","30.439266","-91.06854","18.0","2021-11-21",,,"0.00",",,N","0.0",",,N",,
"US1LAEB0014","30.439266","-91.06854","18.0","2021-11-22",,,"0.47",",,N",,,,
"US1LAEB0014","30.439266","-91.06854","18.0","2021-11-23",,,"0.00",",,N","0.0",",,N",,
"US1LAEB0014","30.439266","-91.06854","18.0","2021-11-24",,,"0.00",",,N","0.0",",,N",,
"US1LAEB0014","30.439266","-91.06854","18.0","2021-11-25",,,"0.00",",,N","0.0",",,N",,
"US1LAEB0014","30.439266","-91.06854","18.0","2021-11-26",,,"0.12",",,N",,,,
"US1LAEB0014","30.439266","-91.06854","18.0","2021-11-27",,,"0.00",",,N","0.0",",,N",,
"US1LAEB0014","30.439266","-91.06854","18.0","2021-11-28",,,"0.06",",,N",,,,
"USC00167344","32.8921","-93.645","93.0","2021-08-01",,,"0.00",",,7,0800","0.0",",,7,0800",,
"USC00167344","32.8921","-93.645","93.0","2021-08-02",,,"0.28",",,7,0800","0.0",",,7,0800",,
"USC00167344","32.8921","-93.645","93.0","2021-08-03",,,"0.00",",,7,0800","0.0",",,7,0800",,
"USC00167344","32.8921","-93.645","93.0","2021-08-04",,,"0.00",",,7,0800","0.0",",,7,0800",,
"USC00167344","32.8921","-93.645","93.0","2021-08-05",,,"0.00",",,7,0800","0.0",",,7,0800",,
"USC00167344","32.8921","-93.645","93.0","2021-08-06",,,"0.00",",,7,0800","0.0",",,7,0800",,
"USC00167344","32.8921","-93.645","93.0","2021-08-07",,,"0.00",",,7,0800","0.0",",,7,0800",,
"USC00167344","32.8921","-93.645","93.0","2021-08-08",,,"0.00",",,7,0800","0.0",",,7,0800",,
"USC00167344","32.8921","-93.645","93.0","2021-08-09",,,"0.00",",,7,0800","0.0",",,7,0800",,
"USC00167344","32.8921","-93.645","93.0","2021-08-10",,,"0.00",",,7,0800","0.0",",,7,0800",,
"USC00167344","32.8921","-93.645","93.0","2021-08-11",,,"0.00",",,7,0800","0.0",",,7,0800",,
"USC00167344","32.8921","-93.645","93.0","2021-08-12",,,"0.00",",,7,0800","0.0",",,7,0800",,
"USC00167344","32.8921","-93.645","93.0","2021-08-13",,,"0.00",",,7,0800","0.0",",,7,0800",,
"USC00167344","32.8921","-93.645","93.0","2021-08-14",,,"0.43",",,7,0800","0.0",",,7,0800",,
"USC00167344","32.8921","-93.645","93.0","2021-08-15",,,"0.00",",,7,0800","0.0",",,7,0800",,
"USC00167344","32.8921","-93.645","93.0","2021-08-16",,,"0.00",",,7,0800","0.0",",,7,0800",,
"USC00167344","32.8921","-93.645","93.0","2021-08-17",,,"0.04",",,7,0800","0.0",",,7,0800",,
"USC00167344","32.8921","-93.645","93.0","2021-08-18",,,"0.39",",,7,0800","0.0",",,7,0800",,
"USC00167344","32.8921","-93.645","93.0","2021-08-19",,,"0.21",",,7,0800","0.0",",,7,0800",,
"USC00167344","32.8921","-93.645","93.0","2021-08-20",,,"0.41",",,7,0800","0.0",",,7,0800",,
"USC00167344","32.8921","-93.645","93.0","2021-08-21",,,"0.00",",,7,0800","0.0",",,7,0800",,
"USC00167344","32.8921","-93.645","93.0","2021-08-22",,,"0.00",",,7,0800","0.0",",,7,0800",,
"USC00167344","32.8921","-93.645","93.0","2021-08-23",,,"0.00",",,7,0800","0.0",",,7,0800",,
"USC00167344","32.8921","-93.645","93.0","2021-08-24",,,"0.00",",,7,0800","0.0",",,7,0800",,
"USC00167344","32.8921","-93.645","93.0","2021-08-25",,,"0.00",",,7,0800","0.0",",,7,0800",,
"USC00167344","32.8921","-93.645","93.0","2021-08-26",,,"0.00",",,7,0800","0.0",",,7,0800",,
"USC00167344","32.8921","-93.645","93.0","2021-08-27",,,"0.00",",,7,0800","0.0",",,7,0800",,
"USC00167344","32.8921","-93.645","93.0","2021-08-28",,,"0.00",",,7,0800","0.0",",,7,0800",,
"USC00167344","32.8921","-93.645","93.0","2021-08-29",,,"0.01",",,7,0800","0.0",",,7,0800",,
"USC00167344","32.8921","-93.645","93.0","2021-08-30",,,"0.36",",,7,0800","0.0",",,7,0800",,
"USC00167344","32.8921","-93.645","93.0","2021-08-31",,,"0.00",",,7,0800","0.0",",,7,0800",,
"USC00167344","32.8921","-93.645","93.0","2021-09-01",,,"0.00",",,7,0800","0.0",",,7,0800",,
"USC00167344","32.8921","-93.645","93.0","2021-09-02",,,"0.57",",,7,0800","0.0",",,7,0800",,
"USC00167344","32.8921","-93.645","93.0","2021-09-03",,,"0.00",",,7,0800","0.0",",,7,0800",,
"USC00167344","32.8921","-93.645","93.0","2021-09-04",,,"0.00",",,7,0800","0.0",",,7,0800",,
"USC00167344","32.8921","-93.645","93.0","2021-09-05",,,"0.00",",,7,0800","0.0",",,7,0800",,
"USC00167344","32.8921","-93.645","93.0","2021-09-06",,,"0.00",",,7,0800","0.0",",,7,0800",,
"USC00167344","32.8921","-93.645","93.0","2021-09-07",,,"0.00",",,7,0800","0.0",",,7,0800",,
"USC00167344","32.8921","-93.645","93.0","2021-09-08",,,"0.00",",,7,0800","0.0",",,7,0800",,
"USC00167344","32.8921","-93.645","93.0","2021-09-09",,,"0.00",",,7,0800","0.0",",,7,0800",,
"USC00167344","32.8921","-93.645","93.0","2021-09-10",,,"0.00",",,7,0800","0.0",",,7,0800",,
"USC00167344","32.8921","-93.645","93.0","2021-09-11",,,"0.00",",,7,0800","0.0",",,7,0800",,
"USC00167344","32.8921","-93.645","93.0","2021-09-12",,,"0.00",",,7,0800","0.0",",,7,0800",,
"USC00167344","32.8921","-93.645","93.0","2021-09-13",,,"0.00",",,7,0800","0.0",",,7,0800",,
"USC00167344","32.8921","-93.645","93.0","2021-09-14",,,"0.00",",,7,0800","0.0",",,7,0800",,
"USC00167344","32.8921","-93.645","93.0","2021-09-15",,,"0.00",",,7,0800","0.0",",,7,0800",,
"USC00167344","32.8921","-93.645","93.0","2021-09-16",,,"0.00",",,7,0800","0.0",",,7,0800",,
"USC00167344","32.8921","-93.645","93.0","2021-09-17",,,"0.00",",,7,0800","0.0",",,7,0800",,
"USC00167344","32.8921","-93.645","93.0","2021-09-18",,,"0.37",",,7,0800","0.0",",,7,0800",,
"USC00167344","32.8921","-93.645","93.0","2021-09-19",,,"0.00",",,7,0800","0.0",",,7,0800",,
"USC00167344","32.8921","-93.645","93.0","2021-09-20",,,"0.70",",,7,0800","0.0",",,7,0800",,
"USC00167344","32.8921","-93.645","93.0","2021-09-21",,,"0.00",",,7,0800","0.0",",,7,0800",,
"USC00167344","32.8921","-93.645","93.0","2021-09-22",,,"0.00",",,7,0800","0.0",",,7,0800",,
"USC00167344","32.8921","-93.645","93.0","2021-09-23",,,"0.00",",,7,0800","0.0",",,7,0800",,
"USC00167344","32.8921","-93.645","93.0","2021-09-24",,,"0.00",",,7,0800","0.0",",,7,0800",,
"USC00167344","32.8921","-93.645","93.0","2021-09-25",,,"0.00",",,7,0800","0.0",",,7,0800",,
"USC00167344","32.8921","-93.645","93.0","2021-09-26",,,"0.00",",,7,0800","0.0",",,7,0800",,
"USC00167344","32.8921","-93.645","93.0","2021-09-27",,,"0.00",",,7,0800","0.0",",,7,0800",,
"USC00167344","32.8921","-93.645","93.0","2021-09-28",,,"0.00",",,7,0800","0.0",",,7,0800",,
"USC00167344","32.8921","-93.645","93.0","2021-09-29",,,"0.21",",,7,0800","0.0",",,7,0800",,
"USC00167344","32.8921","-93.645","93.0","2021-09-30",,,"0.05",",,7,0800","0.0",",,7,0800",,
"USC00167344","32.8921","-93.645","93.0","2021-10-01",,,"0.00",",,7,0800","0.0",",,7,0800",,
"USC00167344","32.8921","-93.645","93.0","2021-10-02",,,"0.15",",,7,0800","0.0",",,7,0800",,
"USC00167344","32.8921","-93.645","93.0","2021-10-03",,,"0.03",",,7,0800","0.0",",,7,0800",,
"USC00167344","32.8921","-93.645","93.0","2021-10-04",,,"0.00",",,7,0800","0.0",",,7,0800",,
"USC00167344","32.8921","-93.645","93.0","2021-10-05",,,"0.00",",,7,0800","0.0",",,7,0800",,
"USC00167344","32.8921","-93.645","93.0","2021-10-06",,,"0.00",",,7,0800","0.0",",,7,0800",,
"USC00167344","32.8921","-93.645","93.0","2021-10-07",,,"0.00",",,7,0800","0.0",",,7,0800",,
"USC00167344","32.8921","-93.645","93.0","2021-10-08",,,"0.00",",,7,0800","0.0",",,7,0800",,
"USC00167344","32.8921","-93.645","93.0","2021-10-09",,,"0.00",",,7,0800","0.0",",,7,0800",,
"USC00167344","32.8921","-93.645","93.0","2021-10-10",,,"0.00",",,7,0800","0.0",",,7,0800",,
"USC00167344","32.8921","-93.645","93.0","2021-10-11",,,"0.01",",,7,0800","0.0",",,7,0800",,
"USC00167344","32.8921","-93.645","93.0","2021-10-12",,,"0.00",",,7,0800","0.0",",,7,0800",,
"USC00167344","32.8921","-93.645","93.0","2021-10-13",,,"0.02",",,7,0800","0.0",",,7,0800",,
"USC00167344","32.8921","-93.645","93.0","2021-10-14",,,"0.00",",,7,0800","0.0",",,7,0800",,
"USC00167344","32.8921","-93.645","93.0","2021-10-15",,,"0.08",",,7,0800","0.0",",,7,0800",,
"USC00167344","32.8921","-93.645","93.0","2021-10-16",,,"0.04",",,7,0800","0.0",",,7,0800",,
"USC00167344","32.8921","-93.645","93.0","2021-10-17",,,"0.00",",,7,0800","0.0",",,7,0800",,
"USC00167344","32.8921","-93.645","93.0","2021-10-18",,,"0.00",",,7,0800","0.0",",,7,0800",,
"USC00167344","32.8921","-93.645","93.0","2021-10-19",,,"0.00",",,7,0800","0.0",",,7,0800",,
"USC00167344","32.8921","-93.645","93.0","2021-10-20",,,"0.00",",,7,0800","0.0",",,7,0800",,
"USC00167344","32.8921","-93.645","93.0","2021-10-21",,,"0.00",",,7,0800","0.0",",,7,0800",,
"USC00167344","32.8921","-93.645","93.0","2021-10-22",,,"0.00",",,7,0800","0.0",",,7,0800",,
"USC00167344","32.8921","-93.645","93.0","2021-10-23",,,"0.00",",,7,0800","0.0",",,7,0800",,
"USC00167344","32.8921","-93.645","93.0","2021-10-24",,,"0.00",",,7,0800","0.0",",,7,0800",,
"USC00167344","32.8921","-93.645","93.0","2021-10-25",,,"0.00",",,7,0800","0.0",",,7,0800",,
"USC00167344","32.8921","-93.645","93.0","2021-10-26",,,"0.00",",,7,0800","0.0",",,7,0800",,
"USC00167344","32.8921","-93.645","93.0","2021-10-27",,,"0.00",",,7,0800","0.0",",,7,0800",,
"USC00167344","32.8921","-93.645","93.0","2021-10-28",,,"1.11",",,7,0800","0.0",",,7,0800",,
"USC00167344","32.8921","-93.645","93.0","2021-10-29",,,"0.00",",,7,0800","0.0",",,7,0800",,
"USC00167344","32.8921","-93.645","93.0","2021-10-30",,,"0.00",",,7,0800","0.0",",,7,0800",,
"USC00167344","32.8921","-93.645","93.0","2021-10-31",,,"0.00",",,7,0800","0.0",",,7,0800",,
"USC00167344","32.8921","-93.645","93.0","2021-11-01",,,"0.00",",,H,0800",,,,
"USC00167344","32.8921","-93.645","93.0","2021-11-02",,,"0.00",",,H,0800",,,,
"USC00167344","32.8921","-93.645","93.0","2021-11-03",,,"0.55",",,H,0800",,,,
"USC00167344","32.8921","-93.645","93.0","2021-11-04",,,"0.70",",,H,0800",,,,
"USC00167344","32.8921","-93.645","93.0","2021-11-05",,,"0.00",",,H,0800",,,,
"USC00167344","32.8921","-93.645","93.0","2021-11-06",,,"0.00",",,H,0800",,,,
"USC00167344","32.8921","-93.645","93.0","2021-11-07",,,"0.00",",,H,0800",,,,
"USC00167344","32.8921","-93.645","93.0","2021-11-08",,,"0.00",",,H,0800",,,,
"USC00167344","32.8921","-93.645","93.0","2021-11-09",,,"0.00",",,H,0800",,,,
"USC00167344","32.8921","-93.645","93.0","2021-11-10",,,"0.00",",,H,0800",,,,
"USC00167344","32.8921","-93.645","93.0","2021-11-11",,,"0.78",",,H,0800",,,,
"USC00167344","32.8921","-93.645","93.0","2021-11-15",,,"0.00",",,H,0800",,,,
"USC00167344","32.8921","-93.645","93.0","2021-11-16",,,"0.00",",,H,0800",,,,
"USC00167344","32.8921","-93.645","93.0","2021-11-17",,,"0.00",",,H,0800",,,,
"USC00167344","32.8921","-93.645","93.0","2021-11-18",,,"0.01",",,H,0800",,,,
"USC00167344","32.8921","-93.645","93.0","2021-11-19",,,"0.00",",,H,0800",,,,
"USC00167344","32.8921","-93.645","93.0","2021-11-20",,,"0.00",",,H,0800",,,,
"USC00167344","32.8921","-93.645","93.0","2021-11-21",,,"0.00",",,H,0800",,,,
"USC00167344","32.8921","-93.645","93.0","2021-11-22",,,"0.02",",,H,0800",,,,
"USC00167344","32.8921","-93.645","93.0","2021-11-23",,,"0.00",",,H,0800",,,,
"USC00167344","32.8921","-93.645","93.0","2021-11-24",,,"0.00",",,H,0800",,,,
"USC00167344","32.8921","-93.645","93.0","2021-11-25",,,"0.63",",,H,0800",,,,
"USC00167344","32.8921","-93.645","93.0","2021-11-26",,,"0.00",",,H,0800",,,,
"USC00167344","32.8921","-93.645","93.0","2021-11-27",,,"0.00",",,H,0800",,,,
"USC00167344","32.8921","-93.645","93.0","2021-11-28",,,"0.30",",,H,0800",,,,
"US1MEAN0043","44.0232","-70.1055","53.9","2021-08-01",,,"0.00",",,N","0.0",",,N",,
"US1MEAN0043","44.0232","-70.1055","53.9","2021-08-02",,,"0.06",",,N",,,,
"US1MEAN0043","44.0232","-70.1055","53.9","2021-08-03",,,"0.00",",,N","0.0",",,N",,
"US1MEAN0043","44.0232","-70.1055","53.9","2021-08-04",,,"0.00",",,N","0.0",",,N",,
"US1MEAN0043","44.0232","-70.1055","53.9","2021-08-05",,,"0.05",",,N",,,,
"US1MEAN0043","44.0232","-70.1055","53.9","2021-08-06",,,"0.28",",,N",,,,
"US1MEAN0043","44.0232","-70.1055","53.9","2021-08-07",,,"0.00",",,N","0.0",",,N",,
"US1MEAN0043","44.0232","-70.1055","53.9","2021-08-08",,,"0.00",",,N","0.0",",,N",,
"US1MEAN0043","44.0232","-70.1055","53.9","2021-08-09",,,"0.00",",,N","0.0",",,N",,
"US1MEAN0043","44.0232","-70.1055","53.9","2021-08-10",,,"0.00","T,,N","0.0",",,N",,
"US1MEAN0043","44.0232","-70.1055","53.9","2021-08-11",,,"0.00",",,N","0.0",",,N",,
"US1MEAN0043","44.0232","-70.1055","53.9","2021-08-12",,,"0.02",",,N",,,,
"US1MEAN0043","44.0232","-70.1055","53.9","2021-08-13",,,"0.00",",,N","0.0",",,N",,
"US1MEAN0043","44.0232","-70.1055","53.9","2021-08-14",,,"0.00",",,N","0.0",",,N",,
"US1MEAN0043","44.0232","-70.1055","53.9","2021-08-15",,,"0.00",",,N","0.0",",,N",,
"US1MEAN0043","44.0232","-70.1055","53.9","2021-08-16",,,"0.00",",,N","0.0",",,N",,
"US1MEAN0043","44.0232","-70.1055","53.9","2021-08-17",,,"0.00",",,N","0.0",",,N",,
"US1MEAN0043","44.0232","-70.1055","53.9","2021-08-18",,,"0.01",",,N",,,,
"US1MEAN0043","44.0232","-70.1055","53.9","2021-08-19",,,"0.00","T,,N",,,,
"US1MEAN0043","44.0232","-70.1055","53.9","2021-08-20",,,"0.77",",,N",,,,
"US1MEAN0043","44.0232","-70.1055","53.9","2021-08-21",,,"0.01",",,N",,,,
"US1MEAN0043","44.0232","-70.1055","53.9","2021-08-22",,,"0.01",",,N",,,,
"US1MEAN0043","44.0232","-70.1055","53.9","2021-08-23",,,"0.37",",,N",,,,
"US1MEAN0043","44.0232","-70.1055","53.9","2021-08-24",,,"0.04",",,N",,,,
"US1MEAN0043","44.0232","-70.1055","53.9","2021-08-25",,,"0.00",",,N","0.0",",,N",,
"US1MEAN0043","44.0232","-70.1055","53.9","2021-08-26",,,"0.00",",,N","0.0",",,N",,
"US1MEAN0043","44.0232","-70.1055","53.9","2021-08-27",,,"0.00",",,N","0.0",",,N",,
"US1MEAN0043","44.0232","-70.1055","53.9","2021-08-28",,,"0.00",",,N","0.0",",,N",,
"US1MEAN0043","44.0232","-70.1055","53.9","2021-08-29",,,"0.03",",,N",,,,
"US1MEAN0043","44.0232","-70.1055","53.9","2021-08-30",,,"0.00",",,N","0.0",",,N",,
"US1MEAN0043","44.0232","-70.1055","53.9","2021-08-31",,,"0.05",",,N",,,,
"US1MEAN0043","44.0232","-70.1055","53.9","2021-09-01",,,"0.00",",,N","0.0",",,N",,
"US1MEAN0043","44.0232","-70.1055","53.9","2021-09-02",,,"1.28",",,N",,,,
"US1MEAN0043","44.0232","-70.1055","53.9","2021-09-03",,,"0.06",",,N",,,,
"US1MEAN0043","44.0232","-70.1055","53.9","2021-09-04",,,"0.01",",,N",,,,
"US1MEAN0043","44.0232","-70.1055","53.9","2021-09-05",,,"0.00",",,N","0.0",",,N",,
"US1MEAN0043","44.0232","-70.1055","53.9","2021-09-06",,,"0.13",",,N",,,,
"US1MEAN0043","44.0232","-70.1055","53.9","2021-09-07",,,"0.32",",,N",,,,
"US1MEAN0043","44.0232","-70.1055","53.9","2021-09-08",,,"0.00",",,N","0.0",",,N",,
"US1MEAN0043","44.0232","-70.1055","53.9","2021-09-09",,,"0.10",",,N",,,,
"US1MEAN0043","44.0232","-70.1055","53.9","2021-09-10",,,"1.12",",,N",,,,
"US1MEAN0043","44.0232","-70.1055","53.9","2021-09-11",,,"0.00",",,N","0.0",",,N",,
"US1MEAN0043","44.0232","-70.1055","53.9","2021-09-12",,,"0.00",",,N","0.0",",,N",,
"US1MEAN0043","44.0232","-70.1055","53.9","2021-09-13",,,"0.01",",,N",,,,
"US1MEAN0043","44.0232","-70.1055","53.9","2021-09-14",,,"0.00",",,N","0.0",",,N",,
"US1MEAN0043","44.0232","-70.1055","53.9","2021-09-15",,,"0.00",",,N","0.0",",,N",,
"US1MEAN0043","44.0232","-70.1055","53.9","2021-09-16",,,"0.31",",,N",,,,
"US1MEAN0043","44.0232","-70.1055","53.9","2021-09-17",,,"0.00",",,N","0.0",",,N",,
"US1MEAN0043","44.0232","-70.1055","53.9","2021-09-18",,,"0.01",",,N",,,,
"US1MEAN0043","44.0232","-70.1055","53.9","2021-09-19",,,"0.07",",,N",,,,
"US1MEAN0043","44.0232","-70.1055","53.9","2021-09-20",,,"0.00",",,N","0.0",",,N",,
"US1MEAN0043","44.0232","-70.1055","53.9","2021-09-21",,,"0.00",",,N","0.0",",,N",,
"US1MEAN0043","44.0232","-70.1055","53.9","2021-09-22",,,"0.02",",,N",,,,
"US1MEAN0043","44.0232","-70.1055","53.9","2021-09-23",,,"0.01",",,N",,,,
"US1MEAN0043","44.0232","-70.1055","53.9","2021-09-24",,,"0.03",",,N",,,,
"US1MEAN0043","44.0232","-70.1055","53.9","2021-09-25",,,"0.61",",,N",,,,
"US1MEAN0043","44.0232","-70.1055","53.9","2021-09-26",,,"0.35",",,N",,,,
"US1MEAN0043","44.0232","-70.1055","53.9","2021-09-27",,,"0.40",",,N",,,,
"US1MEAN0043","44.0232","-70.1055","53.9","2021-09-28",,,"0.01",",,N",,,,
"US1MEAN0043","44.0232","-70.1055","53.9","2021-09-29",,,"0.00","T,,N",,,,
"US1MEAN0043","44.0232","-70.1055","53.9","2021-09-30",,,"0.00",",,N","0.0",",,N",,
"US1MEAN0043","44.0232","-70.1055","53.9","2021-10-01",,,"0.09",",,N",,,,
"US1MEAN0043","44.0232","-70.1055","53.9","2021-10-02",,,"0.00",",,N","0.0",",,N",,
"US1MEAN0043","44.0232","-70.1055","53.9","2021-10-03",,,"0.03",",,N",,,,
"US1MEAN0043","44.0232","-70.1055","53.9","2021-10-04",,,"0.23",",,N",,,,
"US1MEAN0043","44.0232","-70.1055","53.9","2021-10-05",,,"0.01",",,N",,,,
"US1MEAN0043","44.0232","-70.1055","53.9","2021-10-06",,,"0.00",",,N","0.0",",,N",,
"US1MEAN0043","44.0232","-70.1055","53.9","2021-10-07",,,"0.00",",,N","0.0",",,N",,
"US1MEAN0043","44.0232","-70.1055","53.9","2021-10-08",,,"0.00",",,N","0.0",",,N",,
"US1MEAN0043","44.0232","-70.1055","53.9","2021-10-09",,,"0.00",",,N","0.0",",,N",,
"US1MEAN0043","44.0232","-70.1055","53.9","2021-10-10",,,"0.00",",,N","0.0",",,N",,
"US1MEAN0043","44.0232","-70.1055","53.9","2021-10-11",,,"0.00",",,N","0.0",",,N",,
"US1MEAN0043","44.0232","-70.1055","53.9","2021-10-12",,,"0.00",",,N","0.0",",,N",,
"US1MEAN0043","44.0232","-70.1055","53.9","2021-10-13",,,"0.00",",,N","0.0",",,N",,
"US1MEAN0043","44.0232","-70.1055","53.9","2021-10-14",,,"0.00",",,N","0.0",",,N",,
"US1MEAN0043","44.0232","-70.1055","53.9","2021-10-15",,,"0.00",",,N","0.0",",,N",,
"US1MEAN0043","44.0232","-70.1055","53.9","2021-10-16",,,"0.79",",,N",,,,
"US1MEAN0043","44.0232","-70.1055","53.9","2021-10-17",,,"0.46",",,N",,,,
"US1MEAN0043","44.0232","-70.1055","53.9","2021-10-18",,,"0.03",",,N",,,,
"US1MEAN0043","44.0232","-70.1055","53.9","2021-10-19",,,"0.00",",,N","0.0",",,N",,
"US1MEAN0043","44.0232","-70.1055","53.9","2021-10-20",,,"0.00",",,N","0.0",",,N",,
"US1MEAN0043","44.0232","-70.1055","53.9","2021-10-21",,,"0.00",",,N","0.0",",,N",,
"US1MEAN0043","44.0232","-70.1055","53.9","2021-10-22",,,"0.01",",,N",,,,
"US1MEAN0043","44.0232","-70.1055","53.9","2021-10-23",,,"0.01",",,N",,,,
"US1MEAN0043","44.0232","-70.1055","53.9","2021-10-24",,,"0.00",",,N","0.0",",,N",,
"US1MEAN0043","44.0232","-70.1055","53.9","2021-10-25",,,"0.00","T,,N",,,,
"US1MEAN0043","44.0232","-70.1055","53.9","2021-10-26",,,"0.41",",,N",,,,
"US1MEAN0043","44.0232","-70.1055","53.9","2021-10-27",,,"0.63",",,N",,,,
"US1MEAN0043","44.0232","-70.1055","53.9","2021-10-28",,,"0.17",",,N",,,,
"US1MEAN0043","44.0232","-70.1055","53.9","2021-10-29",,,"0.00",",,N","0.0",",,N",,
"US1MEAN0043","44.0232","-70.1055","53.9","2021-10-30",,,"0.02",",,N",,,,
"US1MEAN0043","44.0232","-70.1055","53.9","2021-10-31",,,"2.92",",,N",,,,
"US1MEAN0043","44.0232","-70.1055","53.9","2021-11-01",,,"0.24",",,N",,,,
"US1MEAN0043","44.0232","-70.1055","53.9","2021-11-02",,,"0.00",",,N","0.0",",,N",,
"US1MEAN0043","44.0232","-70.1055","53.9","2021-11-03",,,"0.00",",,N","0.0",",,N",,
"US1MEAN0043","44.0232","-70.1055","53.9","2021-11-04",,,"0.00","T,,N","0.0",",,N",,
"US1MEAN0043","44.0232","-70.1055","53.9","2021-11-05",,,"0.00",",,N","0.0",",,N",,
"US1MEAN0043","44.0232","-70.1055","53.9","2021-11-06",,,"0.00",",,N","0.0",",,N",,
"US1MEAN0043","44.0232","-70.1055","53.9","2021-11-07",,,"0.00",",,N","0.0",",,N",,
"US1MEAN0043","44.0232","-70.1055","53.9","2021-11-08",,,"0.00",",,N","0.0",",,N",,
"US1MEAN0043","44.0232","-70.1055","53.9","2021-11-09",,,"0.00",",,N","0.0",",,N",,
"US1MEAN0043","44.0232","-70.1055","53.9","2021-11-10",,,"0.03",",,N",,,,
"US1MEAN0043","44.0232","-70.1055","53.9","2021-11-11",,,"0.07",",,N",,,,
"US1MEAN0043","44.0232","-70.1055","53.9","2021-11-12",,,"0.00",",,N","0.0",",,N",,
"US1MEAN0043","44.0232","-70.1055","53.9","2021-11-13",,,"1.62",",,N",,,,
"US1MEAN0043","44.0232","-70.1055","53.9","2021-11-14",,,"0.33",",,N",,,,
"US1MEAN0043","44.0232","-70.1055","53.9","2021-11-15",,,"0.22",",,N",,,,
"US1MEAN0043","44.0232","-70.1055","53.9","2021-11-16",,,"0.04",",,N",,,,
"US1MEAN0043","44.0232","-70.1055","53.9","2021-11-17",,,"0.00","T,,N","0.0","T,,N",,
"US1MEAN0043","44.0232","-70.1055","53.9","2021-11-18",,,"0.10",",,N",,,,
"US1MEAN0043","44.0232","-70.1055","53.9","2021-11-19",,,"0.30",",,N",,,,
"US1MEAN0043","44.0232","-70.1055","53.9","2021-11-20",,,"0.01",",,N","0.0","T,,N",,
"US1MEAN0043","44.0232","-70.1055","53.9","2021-11-21",,,"0.00",",,N","0.0",",,N",,
"US1MEAN0043","44.0232","-70.1055","53.9","2021-11-22",,,"0.18",",,N",,,,
"US1MEAN0043","44.0232","-70.1055","53.9","2021-11-23",,,"0.11",",,N",,,,
"US1MEAN0043","44.0232","-70.1055","53.9","2021-11-24",,,"0.00",",,N","0.0",",,N",,
"US1MEAN0043","44.0232","-70.1055","53.9","2021-11-25",,,"0.00",",,N","0.0",",,N",,
"US1MEAN0043","44.0232","-70.1055","53.9","2021-11-26",,,"0.00",",,N","0.0",",,N",,
"US1MEAN0043","44.0232","-70.1055","53.9","2021-11-27",,,"0.48",",,N","0.5",",,N",,
"US1MEAN0043","44.0232","-70.1055","53.9","2021-11-28",,,"0.00",",,N","0.0",",,N",,
"USC00166130","29.94853","-89.98563","0.9","2021-08-01",,,"0.00",",,7,0700","0.0",",,7",,
"USC00166130","29.94853","-89.98563","0.9","2021-08-02",,,"0.25",",,7,0700","0.0",",,7",,
"USC00166130","29.94853","-89.98563","0.9","2021-08-03",,,"0.88",",,7,0700","0.0",",,7",,
"USC00166130","29.94853","-89.98563","0.9","2021-08-04",,,"1.69",",,7,0700","0.0",",,7",,
"USC00166130","29.94853","-89.98563","0.9","2021-08-05",,,"0.00",",,7,0700","0.0",",,7",,
"USC00166130","29.94853","-89.98563","0.9","2021-08-06",,,"0.00",",,7,0700","0.0",",,7",,
"USC00166130","29.94853","-89.98563","0.9","2021-08-07",,,"0.00",",,7,0700","0.0",",,7",,
"USC00166130","29.94853","-89.98563","0.9","2021-08-08",,,"0.00",",,7,0700","0.0",",,7",,
"USC00166130","29.94853","-89.98563","0.9","2021-08-09",,,"0.00",",,7,0700","0.0",",,7",,
"USC00166130","29.94853","-89.98563","0.9","2021-08-10",,,"0.49",",,7,0700","0.0",",,7",,
"USC00166130","29.94853","-89.98563","0.9","2021-08-11",,,"0.00",",,7,0700","0.0",",,7",,
"USC00166130","29.94853","-89.98563","0.9","2021-08-12",,,"0.40",",,7,0700","0.0",",,7",,
"USC00166130","29.94853","-89.98563","0.9","2021-08-13",,,"0.02",",,7,0700","0.0",",,7",,
"USC00166130","29.94853","-89.98563","0.9","2021-08-14",,,"0.00",",,7,0700","0.0",",,7",,
"USC00166130","29.94853","-89.98563","0.9","2021-08-15",,,"0.00",",,7,0700","0.0",",,7",,
"USC00166130","29.94853","-89.98563","0.9","2021-08-16",,,"0.00",",,7,0700","0.0",",,7",,
"USC00166130","29.94853","-89.98563","0.9","2021-08-17",,,"0.00",",,7,0700","0.0",",,7",,
"USC00166130","29.94853","-89.98563","0.9","2021-08-18",,,"0.09",",,7,0700","0.0",",,7",,
"USC00166130","29.94853","-89.98563","0.9","2021-08-19",,,"0.15",",,7,0700","0.0",",,7",,
"USC00166130","29.94853","-89.98563","0.9","2021-08-20",,,"0.34",",,7,0700","0.0",",,7",,
"USC00166130","29.94853","-89.98563","0.9","2021-08-21",,,"0.00",",,7,0700","0.0",",,7",,
"USC00166130","29.94853","-89.98563","0.9","2021-08-22",,,"0.00",",,7,0700","0.0",",,7",,
"USC00166130","29.94853","-89.98563","0.9","2021-08-23",,,"0.00",",,7,0700","0.0",",,7",,
"USC00166130","29.94853","-89.98563","0.9","2021-08-24",,,"0.08",",,7,0700","0.0",",,7",,
"USC00166130","29.94853","-89.98563","0.9","2021-08-25",,,"0.00",",,7,0700","0.0",",,7",,
"USC00166130","29.94853","-89.98563","0.9","2021-08-26",,,"0.57",",,7,0700","0.0",",,7",,
"USC00166130","29.94853","-89.98563","0.9","2021-08-27",,,"0.93",",,7,0700","0.0",",,7",,
"USC00166130","29.94853","-89.98563","0.9","2021-08-28",,,"0.54",",,7,0700","0.0",",,7",,
"USC00166130","29.94853","-89.98563","0.9","2021-08-29",,,"1.15",",,7,0700","0.0",",,7",,
"USC00166130","29.94853","-89.98563","0.9","2021-08-30",,,"9.27",",,7,0700","0.0",",,7",,
"USC00166130","29.94853","-89.98563","0.9","2021-08-31",,,"0.77",",,7,0700","0.0",",,7",,
"USC00166130","29.94853","-89.98563","0.9","2021-09-01",,,"0.00",",,7,0700","0.0",",,7",,
"USC00166130","29.94853","-89.98563","0.9","2021-09-02",,,"0.00",",,7,0700","0.0",",,7",,
"USC00166130","29.94853","-89.98563","0.9","2021-09-03",,,"0.00",",,7,0700","0.0",",,7",,
"USC00166130","29.94853","-89.98563","0.9","2021-09-04",,,"0.00",",,7,0700","0.0",",,7",,
"USC00166130","29.94853","-89.98563","0.9","2021-09-05",,,"0.00",",,7,0700","0.0",",,7",,
"USC00166130","29.94853","-89.98563","0.9","2021-09-06",,,"0.00",",,7,0700","0.0",",,7",,
"USC00166130","29.94853","-89.98563","0.9","2021-09-07",,,"0.06",",,7,0700","0.0",",,7",,
"USC00166130","29.94853","-89.98563","0.9","2021-09-08",,,"0.81",",,7,0700","0.0",",,7",,
"USC00166130","29.94853","-89.98563","0.9","2021-09-09",,,"0.00",",,7,0700","0.0",",,7",,
"USC00166130","29.94853","-89.98563","0.9","2021-09-10",,,"0.00",",,7,0700","0.0",",,7",,
"USC00166130","29.94853","-89.98563","0.9","2021-09-11",,,"0.00",",,7,0700","0.0",",,7",,
"USC00166130","29.94853","-89.98563","0.9","2021-09-12",,,"0.02",",,7,0700","0.0",",,7",,
"USC00166130","29.94853","-89.98563","0.9","2021-09-13",,,"0.09",",,7,0700","0.0",",,7",,
"USC00166130","29.94853","-89.98563","0.9","2021-09-14",,,"0.18",",,7,0700","0.0",",,7",,
"USC00166130","29.94853","-89.98563","0.9","2021-09-15",,,"5.01",",,7,0700","0.0",",,7",,
"USC00166130","29.94853","-89.98563","0.9","2021-09-16",,,"0.08",",,7,0700","0.0",",,7",,
"USC00166130","29.94853","-89.98563","0.9","2021-09-17",,,"0.00",",,7,0700","0.0",",,7",,
"USC00166130","29.94853","-89.98563","0.9","2021-09-18",,,"0.01",",,7,0700","0.0",",,7",,
"USC00166130","29.94853","-89.98563","0.9","2021-09-19",,,"0.52",",,7,0700","0.0",",,7",,
"USC00166130","29.94853","-89.98563","0.9","2021-09-20",,,"0.00",",,7,0700","0.0",",,7",,
"USC00166130","29.94853","-89.98563","0.9","2021-09-21",,,"0.00",",,7,0700","0.0",",,7",,
"USC00166130","29.94853","-89.98563","0.9","2021-09-22",,,"0.00",",,7,0700","0.0",",,7",,
"USC00166130","29.94853","-89.98563","0.9","2021-09-23",,,"0.00",",,7,0700","0.0",",,7",,
"USC00166130","29.94853","-89.98563","0.9","2021-09-24",,,"0.00",",,7,0700","0.0",",,7",,
"USC00166130","29.94853","-89.98563","0.9","2021-09-25",,,"0.00",",,7,0700","0.0",",,7",,
"USC00166130","29.94853","-89.98563","0.9","2021-09-26",,,"0.00",",,7,0700","0.0",",,7",,
"USC00166130","29.94853","-89.98563","0.9","2021-09-27",,,"0.00",",,7,0700","0.0",",,7",,
"USC00166130","29.94853","-89.98563","0.9","2021-09-28",,,"0.00",",,7,0700","0.0",",,7",,
"USC00166130","29.94853","-89.98563","0.9","2021-09-29",,,"2.39",",,7,0700","0.0",",,7",,
"USC00166130","29.94853","-89.98563","0.9","2021-09-30",,,"0.91",",,7,0700","0.0",",,7",,
"USC00166130","29.94853","-89.98563","0.9","2021-10-01",,,"0.00",",,H,0700","0.0",",,H",,
"USC00166130","29.94853","-89.98563","0.9","2021-10-02",,,"0.00",",,H,0700","0.0",",,H",,
"USC00166130","29.94853","-89.98563","0.9","2021-10-03",,,"0.07",",,H,0700","0.0",",,H",,
"USC00166130","29.94853","-89.98563","0.9","2021-10-04",,,"0.01",",,H,0700","0.0",",,H",,
"USC00166130","29.94853","-89.98563","0.9","2021-10-05",,,"0.01",",,H,0700","0.0",",,H",,
"USC00166130","29.94853","-89.98563","0.9","2021-10-06",,,"0.00",",,H,0700","0.0",",,H",,
"USC00166130","29.94853","-89.98563","0.9","2021-10-07",,,"0.00",",,H,0700","0.0",",,H",,
"USC00166130","29.94853","-89.98563","0.9","2021-10-09",,,,,,,,
"USC00166130","29.94853","-89.98563","0.9","2021-10-10",,,"0.00",",,H,0700","0.0",",,H",,
"USC00166130","29.94853","-89.98563","0.9","2021-10-11",,,"0.00",",,H,0700","0.0",",,H",,
"USC00166130","29.94853","-89.98563","0.9","2021-10-12",,,"0.00",",,H,0700","0.0",",,H",,
"USC00166130","29.94853","-89.98563","0.9","2021-10-15",,,"0.00",",,H,0700","0.0",",,H",,
"USC00166130","29.94853","-89.98563","0.9","2021-10-16",,,"0.19",",,H,0700","0.0",",,H",,
"USC00166130","29.94853","-89.98563","0.9","2021-10-17",,,"0.00",",,H,0700","0.0",",,H",,
"USC00166130","29.94853","-89.98563","0.9","2021-10-18",,,"0.00",",,H,0700","0.0",",,H",,
"USC00166130","29.94853","-89.98563","0.9","2021-10-19",,,"0.00",",,H,0700","0.0",",,H",,
"USC00166130","29.94853","-89.98563","0.9","2021-10-20",,,"0.00",",,H,0700","0.0",",,H",,
"USC00166130","29.94853","-89.98563","0.9","2021-10-23",,,"0.00",",,H,0700","0.0",",,H",,
"USC00166130","29.94853","-89.98563","0.9","2021-10-24",,,"0.00",",,H,0700","0.0",",,H",,
"USC00166130","29.94853","-89.98563","0.9","2021-10-25",,,"0.00",",,H,0700","0.0",",,H",,
"USC00166130","29.94853","-89.98563","0.9","2021-10-26",,,"0.00",",,H,0700","0.0",",,H",,
"USC00166130","29.94853","-89.98563","0.9","2021-10-27",,,"0.00",",,H,0700","0.0",",,H",,
"USC00166130","29.94853","-89.98563","0.9","2021-10-28",,,"1.43",",,H,0700","0.0",",,H",,
"USC00166130","29.94853","-89.98563","0.9","2021-10-29",,,"0.00",",,H,0700","0.0",",,H",,
"USC00166130","29.94853","-89.98563","0.9","2021-10-30",,,"0.00",",,H,0700","0.0",",,H",,
"USC00166130","29.94853","-89.98563","0.9","2021-10-31",,,"0.00",",,H,0700","0.0",",,H",,
"USC00166130","29.94853","-89.98563","0.9","2021-11-01",,,"0.00",",,H,0700","0.0",",,H",,
"USC00166130","29.94853","-89.98563","0.9","2021-11-02",,,"0.00",",,H,0700","0.0",",,H",,
"USC00166130","29.94853","-89.98563","0.9","2021-11-03",,,"0.00",",,H,0700","0.0",",,H",,
"USC00166130","29.94853","-89.98563","0.9","2021-11-04",,,"0.00",",,H,0700","0.0",",,H",,
"USC00166130","29.94853","-89.98563","0.9","2021-11-14",,,"0.00",",,H,0700","0.0",",,H",,
"USC00166130","29.94853","-89.98563","0.9","2021-11-15",,,"0.00",",,H,0700","0.0",",,H",,
"USC00166130","29.94853","-89.98563","0.9","2021-11-16",,,"0.00",",,H,0700","0.0",",,H",,
"USC00166130","29.94853","-89.98563","0.9","2021-11-17",,,"0.00",",,H,0700","0.0",",,H",,
"US1LACM0003","30.0483","-93.2414","1.5","2021-08-01",,,"0.00",",,N","0.0",",,N",,
"US1LACM0003","30.0483","-93.2414","1.5","2021-08-02",,,"0.00",",,N","0.0",",,N",,
"US1LACM0003","30.0483","-93.2414","1.5","2021-08-03",,,"0.56",",,N",,,,
"US1LACM0003","30.0483","-93.2414","1.5","2021-08-04",,,"0.14",",,N",,,,
"US1LACM0003","30.0483","-93.2414","1.5","2021-08-05",,,"0.00",",,N","0.0",",,N",,
"US1LACM0003","30.0483","-93.2414","1.5","2021-08-06",,,"0.00",",,N","0.0",",,N",,
"US1LACM0003","30.0483","-93.2414","1.5","2021-08-07",,,"0.00",",,N","0.0",",,N",,
"US1LACM0003","30.0483","-93.2414","1.5","2021-08-08",,,"0.15",",,N",,,,
"US1LACM0003","30.0483","-93.2414","1.5","2021-08-09",,,"0.00",",,N","0.0",",,N",,
"US1LACM0003","30.0483","-93.2414","1.5","2021-08-10",,,"0.00",",,N","0.0",",,N",,
"US1LACM0003","30.0483","-93.2414","1.5","2021-08-11",,,"0.00",",,N","0.0",",,N",,
"US1LACM0003","30.0483","-93.2414","1.5","2021-08-12",,,"0.99",",,N",,,,
"US1LACM0003","30.0483","-93.2414","1.5","2021-08-13",,,"0.01",",,N",,,,
"US1LACM0003","30.0483","-93.2414","1.5","2021-08-14",,,"0.00",",,N","0.0",",,N",,
"US1LACM0003","30.0483","-93.2414","1.5","2021-08-15",,,"0.20",",,N",,,,
"US1LACM0003","30.0483","-93.2414","1.5","2021-08-16",,,"0.03",",,N",,,,
"US1LACM0003","30.0483","-93.2414","1.5","2021-08-17",,,"0.39",",,N",,,,
"US1LACM0003","30.0483","-93.2414","1.5","2021-08-18",,,"0.35",",,N",,,,
"US1LACM0003","30.0483","-93.2414","1.5","2021-08-19",,,"0.38",",,N",,,,
"US1LACM0003","30.0483","-93.2414","1.5","2021-08-20",,,"0.00","T,,N",,,,
"US1LACM0003","30.0483","-93.2414","1.5","2021-08-21",,,"0.00",",,N","0.0",",,N",,
"US1LACM0003","30.0483","-93.2414","1.5","2021-08-22",,,"0.00",",,N","0.0",",,N",,
"US1LACM0003","30.0483","-93.2414","1.5","2021-08-23",,,"0.00",",,N","0.0",",,N",,
"US1LACM0003","30.0483","-93.2414","1.5","2021-08-24",,,"0.00",",,N","0.0",",,N",,
"US1LACM0003","30.0483","-93.2414","1.5","2021-08-25",,,"0.30",",,N",,,,
"US1LACM0003","30.0483","-93.2414","1.5","2021-08-26",,,"0.00",",,N","0.0",",,N",,
"US1LACM0003","30.0483","-93.2414","1.5","2021-08-27",,,"0.68",",,N",,,,
"US1LACM0003","30.0483","-93.2414","1.5","2021-08-28",,,"0.02",",,N",,,,
"US1LACM0003","30.0483","-93.2414","1.5","2021-08-29",,,"0.34",",,N",,,,
"US1LACM0003","30.0483","-93.2414","1.5","2021-08-30",,,"0.00","T,,N",,,,
"US1LACM0003","30.0483","-93.2414","1.5","2021-08-31",,,"0.00",",,N","0.0",",,N",,
"US1LACM0003","30.0483","-93.2414","1.5","2021-09-01",,,"0.03",",,N",,,,
"US1LACM0003","30.0483","-93.2414","1.5","2021-09-02",,,"0.00","T,,N",,,,
"US1LACM0003","30.0483","-93.2414","1.5","2021-09-03",,,"0.47",",,N",,,,
"US1LACM0003","30.0483","-93.2414","1.5","2021-09-04",,,"0.00",",,N","0.0",",,N",,
"US1LACM0003","30.0483","-93.2414","1.5","2021-09-05",,,"0.03",",,N",,,,
"US1LACM0003","30.0483","-93.2414","1.5","2021-09-06",,,"0.00","T,,N",,,,
"US1LACM0003","30.0483","-93.2414","1.5","2021-09-07",,,"0.15",",,N",,,,
"US1LACM0003","30.0483","-93.2414","1.5","2021-09-08",,,"0.00",",,N","0.0",",,N",,
"US1LACM0003","30.0483","-93.2414","1.5","2021-09-09",,,"0.00",",,N","0.0",",,N",,
"US1LACM0003","30.0483","-93.2414","1.5","2021-09-10",,,"0.00",",,N","0.0",",,N",,
"US1LACM0003","30.0483","-93.2414","1.5","2021-09-11",,,"0.00",",,N","0.0",",,N",,
"US1LACM0003","30.0483","-93.2414","1.5","2021-09-12",,,"0.00",",,N","0.0",",,N",,
"US1LACM0003","30.0483","-93.2414","1.5","2021-09-13",,,"0.87",",,N",,,,
"US1LACM0003","30.0483","-93.2414","1.5","2021-09-14",,,"1.65",",,N",,,,
"US1LACM0003","30.0483","-93.2414","1.5","2021-09-15",,,"1.15",",,N",,,,
"US1LACM0003","30.0483","-93.2414","1.5","2021-09-16",,,"0.12",",,N",,,,
"US1LACM0003","30.0483","-93.2414","1.5","2021-09-17",,,"0.04",",,N",,,,
"US1LACM0003","30.0483","-93.2414","1.5","2021-09-18",,,"0.00",",,N","0.0",",,N",,
"US1LACM0003","30.0483","-93.2414","1.5","2021-09-20",,,"0.22",",,N",,,,
"US1LACM0003","30.0483","-93.2414","1.5","2021-09-21",,,"0.00",",,N","0.0",",,N",,
"US1LACM0003","30.0483","-93.2414","1.5","2021-09-22",,,"0.12",",,N",,,,
"US1LACM0003","30.0483","-93.2414","1.5","2021-09-23",,,"0.00",",,N","0.0",",,N",,
"US1LACM0003","30.0483","-93.2414","1.5","2021-09-24",,,"0.00",",,N","0.0",",,N",,
"US1LACM0003","30.0483","-93.2414","1.5","2021-09-25",,,"0.00",",,N","0.0",",,N",,
"US1LACM0003","30.0483","-93.2414","1.5","2021-09-26",,,"0.00",",,N","0.0",",,N",,
"US1LACM0003","30.0483","-93.2414","1.5","2021-09-28",,,"1.73",",,N",,,,
"US1LACM0003","30.0483","-93.2414","1.5","2021-09-29",,,"1.75",",,N",,,,
"US1LACM0003","30.0483","-93.2414","1.5","2021-09-30",,,"0.25",",,N",,,,
"US1LACM0003","30.0483","-93.2414","1.5","2021-10-01",,,"0.17",",,N",,,,
"US1LACM0003","30.0483","-93.2414","1.5","2021-10-02",,,"0.49",",,N",,,,
"US1LACM0003","30.0483","-93.2414","1.5","2021-10-03",,,"0.13",",,N",,,,
"US1LACM0003","30.0483","-93.2414","1.5","2021-10-04",,,"0.28",",,N",,,,
"US1LACM0003","30.0483","-93.2414","1.5","2021-10-05",,,"0.00",",,N","0.0",",,N",,
"US1LACM0003","30.0483","-93.2414","1.5","2021-10-06",,,"0.00",",,N","0.0",",,N",,
"US1LACM0003","30.0483","-93.2414","1.5","2021-10-07",,,"0.00",",,N","0.0",",,N",,
"US1LACM0003","30.0483","-93.2414","1.5","2021-10-08",,,"0.00",",,N","0.0",",,N",,
"US1LACM0003","30.0483","-93.2414","1.5","2021-10-09",,,"0.00",",,N","0.0",",,N",,
"US1LACM0003","30.0483","-93.2414","1.5","2021-10-10",,,"0.00",",,N","0.0",",,N",,
"US1LACM0003","30.0483","-93.2414","1.5","2021-10-11",,,"0.00",",,N","0.0",",,N",,
"US1LACM0003","30.0483","-93.2414","1.5","2021-10-12",,,"0.05",",,N",,,,
"US1LACM0003","30.0483","-93.2414","1.5","2021-10-13",,,"0.00",",,N","0.0",",,N",,
"US1LACM0003","30.0483","-93.2414","1.5","2021-10-14",,,"0.00",",,N","0.0",",,N",,
"US1LACM0003","30.0483","-93.2414","1.5","2021-10-15",,,"0.00",",,N","0.0",",,N",,
"US1LACM0003","30.0483","-93.2414","1.5","2021-10-16",,,"0.00",",,N","0.0",",,N",,
"US1LACM0003","30.0483","-93.2414","1.5","2021-10-17",,,"0.00",",,N","0.0",",,N",,
"US1LACM0003","30.0483","-93.2414","1.5","2021-10-18",,,"0.00",",,N","0.0",",,N",,
"US1LACM0003","30.0483","-93.2414","1.5","2021-10-19",,,"0.00",",,N","0.0",",,N",,
"US1LACM0003","30.0483","-93.2414","1.5","2021-10-20",,,"0.00",",,N","0.0",",,N",,
"US1LACM0003","30.0483","-93.2414","1.5","2021-10-21",,,"0.00",",,N","0.0",",,N",,
"US1LACM0003","30.0483","-93.2414","1.5","2021-10-22",,,"0.00",",,N","0.0",",,N",,
"US1LACM0003","30.0483","-93.2414","1.5","2021-10-23",,,"0.00",",,N","0.0",",,N",,
"US1LACM0003","30.0483","-93.2414","1.5","2021-10-24",,,"0.10",",,N",,,,
"US1LACM0003","30.0483","-93.2414","1.5","2021-10-25",,,"0.00",",,N","0.0",",,N",,
"US1LACM0003","30.0483","-93.2414","1.5","2021-10-26",,,"0.00",",,N","0.0",",,N",,
"US1LACM0003","30.0483","-93.2414","1.5","2021-10-27",,,"0.00",",,N","0.0",",,N",,
"US1LACM0003","30.0483","-93.2414","1.5","2021-10-28",,,"1.02",",,N",,,,
"US1LACM0003","30.0483","-93.2414","1.5","2021-10-29",,,"0.00",",,N","0.0",",,N",,
"US1LACM0003","30.0483","-93.2414","1.5","2021-10-30",,,"0.00",",,N","0.0",",,N",,
"US1LACM0003","30.0483","-93.2414","1.5","2021-10-31",,,"0.00",",,N","0.0",",,N",,
"US1LACM0003","30.0483","-93.2414","1.5","2021-11-01",,,"0.00",",,N","0.0",",,N",,
"US1LACM0003","30.0483","-93.2414","1.5","2021-11-02",,,"0.00",",,N","0.0",",,N",,
"US1LACM0003","30.0483","-93.2414","1.5","2021-11-03",,,"0.00",",,N","0.0",",,N",,
"US1LACM0003","30.0483","-93.2414","1.5","2021-11-04",,,"0.09",",,N",,,,
"US1LACM0003","30.0483","-93.2414","1.5","2021-11-05",,,"0.00",",,N","0.0",",,N",,
"US1LACM0003","30.0483","-93.2414","1.5","2021-11-06",,,"0.00",",,N","0.0",",,N",,
"US1LACM0003","30.0483","-93.2414","1.5","2021-11-07",,,"0.00",",,N","0.0",",,N",,
"US1LACM0003","30.0483","-93.2414","1.5","2021-11-08",,,"0.00",",,N","0.0",",,N",,
"US1LACM0003","30.0483","-93.2414","1.5","2021-11-09",,,"0.00",",,N","0.0",",,N",,
"US1LACM0003","30.0483","-93.2414","1.5","2021-11-10",,,"0.00",",,N","0.0",",,N",,
"US1LACM0003","30.0483","-93.2414","1.5","2021-11-11",,,"0.44",",,N",,,,
"US1LACM0003","30.0483","-93.2414","1.5","2021-11-12",,,"0.02",",,N",,,,
"US1LACM0003","30.0483","-93.2414","1.5","2021-11-13",,,"0.00",",,N","0.0",",,N",,
"US1LACM0003","30.0483","-93.2414","1.5","2021-11-14",,,"0.00",",,N","0.0",",,N",,
"US1LACM0003","30.0483","-93.2414","1.5","2021-11-15",,,"0.00",",,N","0.0",",,N",,
"US1LACM0003","30.0483","-93.2414","1.5","2021-11-16",,,"0.00",",,N","0.0",",,N",,
"US1LACM0003","30.0483","-93.2414","1.5","2021-11-17",,,"0.00",",,N","0.0",",,N",,
"US1LACM0003","30.0483","-93.2414","1.5","2021-11-18",,,"0.00",",,N","0.0",",,N",,
"US1LACM0003","30.0483","-93.2414","1.5","2021-11-19",,,"0.00","T,,N",,,,
"US1LACM0003","30.0483","-93.2414","1.5","2021-11-21",,,"0.00",",,N","0.0",",,N",,
"US1LACM0003","30.0483","-93.2414","1.5","2021-11-22",,,"0.00",",,N","0.0",",,N",,
"US1LACM0003","30.0483","-93.2414","1.5","2021-11-23",,,"0.00",",,N","0.0",",,N",,
"US1LACM0003","30.0483","-93.2414","1.5","2021-11-26",,,"0.66",",,N",,,,
"US1LACM0003","30.0483","-93.2414","1.5","2021-11-27",,,"0.00",",,N","0.0",",,N",,
"US1LACM0003","30.0483","-93.2414","1.5","2021-11-28",,,"0.79",",,N",,,,
"US1MELN0004","44.105403","-69.740637","51.2","2021-08-01",,,"0.00",",,N","0.0",",,N",,
"US1MELN0004","44.105403","-69.740637","51.2","2021-08-02",,,"0.02",",,N",,,,
"US1MELN0004","44.105403","-69.740637","51.2","2021-08-03",,,"0.07",",,N",,,,
"US1MELN0004","44.105403","-69.740637","51.2","2021-08-04",,,"0.00",",,N","0.0",",,N",,
"US1MELN0004","44.105403","-69.740637","51.2","2021-08-05",,,"0.42",",,N",,,,
"US1MELN0004","44.105403","-69.740637","51.2","2021-08-06",,,"0.38",",,N",,,,
"US1MELN0004","44.105403","-69.740637","51.2","2021-08-07",,,"0.00",",,N","0.0",",,N",,
"US1MELN0004","44.105403","-69.740637","51.2","2021-08-08",,,"0.00",",,N","0.0",",,N",,
"US1MELN0004","44.105403","-69.740637","51.2","2021-08-09",,,"0.00",",,N","0.0",",,N",,
"US1MELN0004","44.105403","-69.740637","51.2","2021-08-10",,,"0.00",",,N","0.0",",,N",,
"US1MELN0004","44.105403","-69.740637","51.2","2021-08-11",,,"0.00",",,N","0.0",",,N",,
"US1MELN0004","44.105403","-69.740637","51.2","2021-08-12",,,"0.00",",,N","0.0",",,N",,
"US1MELN0004","44.105403","-69.740637","51.2","2021-08-13",,,"0.00",",,N","0.0",",,N",,
"US1MELN0004","44.105403","-69.740637","51.2","2021-08-14",,,"0.00",",,N","0.0",",,N",,
"US1MELN0004","44.105403","-69.740637","51.2","2021-08-15",,,"0.32",",,N",,,,
"US1MELN0004","44.105403","-69.740637","51.2","2021-08-16",,,"0.00",",,N","0.0",",,N",,
"US1MELN0004","44.105403","-69.740637","51.2","2021-08-17",,,"0.00",",,N","0.0",",,N",,
"US1MELN0004","44.105403","-69.740637","51.2","2021-08-18",,,"0.03",",,N",,,,
"US1MELN0004","44.105403","-69.740637","51.2","2021-08-19",,,"0.00","T,,N",,,,
"US1MELN0004","44.105403","-69.740637","51.2","2021-08-20",,,"0.49",",,N",,,,
"US1MELN0004","44.105403","-69.740637","51.2","2021-08-21",,,"0.00",",,N","0.0",",,N",,
"US1MELN0004","44.105403","-69.740637","51.2","2021-08-22",,,"0.00",",,N","0.0",",,N",,
"US1MELN0004","44.105403","-69.740637","51.2","2021-08-23",,,"0.30",",,N",,,,
"US1MELN0004","44.105403","-69.740637","51.2","2021-08-24",,,"0.07",",,N",,,,
"US1MELN0004","44.105403","-69.740637","51.2","2021-08-25",,,"0.00",",,N","0.0",",,N",,
"US1MELN0004","44.105403","-69.740637","51.2","2021-08-26",,,"0.00",",,N","0.0",",,N",,
"US1MELN0004","44.105403","-69.740637","51.2","2021-08-27",,,"0.00",",,N","0.0",",,N",,
"US1MELN0004","44.105403","-69.740637","51.2","2021-08-28",,,"0.00",",,N","0.0",",,N",,
"US1MELN0004","44.105403","-69.740637","51.2","2021-08-29",,,"0.11",",,N",,,,
"US1MELN0004","44.105403","-69.740637","51.2","2021-08-30",,,"0.00","T,,N",,,,
"US1MELN0004","44.105403","-69.740637","51.2","2021-08-31",,,"0.10",",,N",,,,
"US1MELN0004","44.105403","-69.740637","51.2","2021-09-01",,,"0.00",",,N","0.0",",,N",,
"US1MELN0004","44.105403","-69.740637","51.2","2021-09-02",,,"1.24",",,N",,,,
"US1MELN0004","44.105403","-69.740637","51.2","2021-09-03",,,"0.07",",,N",,,,
"US1MELN0004","44.105403","-69.740637","51.2","2021-09-04",,,"0.06",",,N",,,,
"US1MELN0004","44.105403","-69.740637","51.2","2021-09-05",,,"0.00",",,N","0.0",",,N",,
"US1MELN0004","44.105403","-69.740637","51.2","2021-09-06",,,"0.28",",,N",,,,
"US1MELN0004","44.105403","-69.740637","51.2","2021-09-07",,,"0.13",",,N",,,,
"US1MELN0004","44.105403","-69.740637","51.2","2021-09-08",,,"0.00",",,N","0.0",",,N",,
"US1MELN0004","44.105403","-69.740637","51.2","2021-09-09",,,"0.03",",,N",,,,
"US1MELN0004","44.105403","-69.740637","51.2","2021-09-10",,,"1.03",",,N",,,,
"US1MELN0004","44.105403","-69.740637","51.2","2021-09-11",,,"0.05",",,N",,,,
"US1MELN0004","44.105403","-69.740637","51.2","2021-09-12",,,"0.00",",,N","0.0",",,N",,
"US1MELN0004","44.105403","-69.740637","51.2","2021-09-13",,,"0.02",",,N",,,,
"US1MELN0004","44.105403","-69.740637","51.2","2021-09-14",,,"0.00",",,N","0.0",",,N",,
"US1MELN0004","44.105403","-69.740637","51.2","2021-09-15",,,"0.00",",,N","0.0",",,N",,
"US1MELN0004","44.105403","-69.740637","51.2","2021-09-16",,,"0.23",",,N",,,,
"US1MELN0004","44.105403","-69.740637","51.2","2021-09-17",,,"0.00",",,N","0.0",",,N",,
"US1MELN0004","44.105403","-69.740637","51.2","2021-09-18",,,"0.00","T,,N",,,,
"US1MELN0004","44.105403","-69.740637","51.2","2021-09-19",,,"0.22",",,N",,,,
"US1MELN0004","44.105403","-69.740637","51.2","2021-09-20",,,"0.00",",,N","0.0",",,N",,
"US1MELN0004","44.105403","-69.740637","51.2","2021-09-21",,,"0.00",",,N","0.0",",,N",,
"US1MELN0004","44.105403","-69.740637","51.2","2021-09-22",,,"0.02",",,N",,,,
"US1MELN0004","44.105403","-69.740637","51.2","2021-09-23",,,"0.00","T,,N",,,,
"US1MELN0004","44.105403","-69.740637","51.2","2021-09-24",,,"0.00","T,,N",,,,
"US1MELN0004","44.105403","-69.740637","51.2","2021-09-25",,,"0.31",",,N",,,,
"US1MELN0004","44.105403","-69.740637","51.2","2021-09-26",,,"3.34",",,N",,,,
"US1MELN0004","44.105403","-69.740637","51.2","2021-09-27",,,"0.46",",,N",,,,
"US1MELN0004","44.105403","-69.740637","51.2","2021-09-28",,,"0.00","T,,N",,,,
"US1MELN0004","44.105403","-69.740637","51.2","2021-09-29",,,"0.00","T,,N",,,,
"US1MELN0004","44.105403","-69.740637","51.2","2021-09-30",,,"0.02",",,N",,,,
"US1MELN0004","44.105403","-69.740637","51.2","2021-10-01",,,"0.07",",,N",,,,
"US1MELN0004","44.105403","-69.740637","51.2","2021-10-02",,,"0.00",",,N","0.0",",,N",,
"US1MELN0004","44.105403","-69.740637","51.2","2021-10-03",,,"0.02",",,N",,,,
"US1MELN0004","44.105403","-69.740637","51.2","2021-10-04",,,"0.20",",,N",,,,
"US1MELN0004","44.105403","-69.740637","51.2","2021-10-05",,,"0.00",",,N","0.0",",,N",,
"US1MELN0004","44.105403","-69.740637","51.2","2021-10-06",,,"0.00",",,N","0.0",",,N",,
"US1MELN0004","44.105403","-69.740637","51.2","2021-10-07",,,"0.00",",,N","0.0",",,N",,
"US1MELN0004","44.105403","-69.740637","51.2","2021-10-08",,,"0.00",",,N","0.0",",,N",,
"US1MELN0004","44.105403","-69.740637","51.2","2021-10-09",,,"0.00",",,N","0.0",",,N",,
"US1MELN0004","44.105403","-69.740637","51.2","2021-10-10",,,"0.00",",,N","0.0",",,N",,
"US1MELN0004","44.105403","-69.740637","51.2","2021-10-11",,,"0.00",",,N","0.0",",,N",,
"US1MELN0004","44.105403","-69.740637","51.2","2021-10-12",,,"0.00",",,N","0.0",",,N",,
"US1MELN0004","44.105403","-69.740637","51.2","2021-10-13",,,"0.00",",,N","0.0",",,N",,
"US1MELN0004","44.105403","-69.740637","51.2","2021-10-14",,,"0.00",",,N","0.0",",,N",,
"US1MELN0004","44.105403","-69.740637","51.2","2021-10-15",,,"0.00",",,N","0.0",",,N",,
"US1MELN0004","44.105403","-69.740637","51.2","2021-10-16",,,"0.29",",,N",,,,
"US1MELN0004","44.105403","-69.740637","51.2","2021-10-17",,,"0.55",",,N",,,,
"US1MELN0004","44.105403","-69.740637","51.2","2021-10-18",,,"0.02",",,N",,,,
"US1MELN0004","44.105403","-69.740637","51.2","2021-10-19",,,"0.00","T,,N",,,,
"US1MELN0004","44.105403","-69.740637","51.2","2021-10-20",,,"0.00","T,,N",,,,
"US1MELN0004","44.105403","-69.740637","51.2","2021-10-21",,,"0.00",",,N","0.0",",,N",,
"US1MELN0004","44.105403","-69.740637","51.2","2021-10-22",,,"0.06",",,N",,,,
"US1MELN0004","44.105403","-69.740637","51.2","2021-10-23",,,"0.03",",,N",,,,
"US1MELN0004","44.105403","-69.740637","51.2","2021-10-24",,,"0.00",",,N","0.0",",,N",,
"US1MELN0004","44.105403","-69.740637","51.2","2021-10-25",,,"0.00",",,N","0.0",",,N",,
"US1MELN0004","44.105403","-69.740637","51.2","2021-10-26",,,"0.32",",,N",,,,
"US1MELN0004","44.105403","-69.740637","51.2","2021-10-27",,,"0.33",",,N",,,,
"US1MELN0004","44.105403","-69.740637","51.2","2021-10-28",,,"0.13",",,N",,,,
"US1MELN0004","44.105403","-69.740637","51.2","2021-10-29",,,"0.00",",,N","0.0",",,N",,
"US1MELN0004","44.105403","-69.740637","51.2","2021-10-30",,,"0.01",",,N",,,,
"US1MELN0004","44.105403","-69.740637","51.2","2021-10-31",,,"2.43",",,N",,,,
"US1MELN0004","44.105403","-69.740637","51.2","2021-11-01",,,"0.10",",,N",,,,
"US1MELN0004","44.105403","-69.740637","51.2","2021-11-02",,,"0.00",",,N","0.0",",,N",,
"US1MELN0004","44.105403","-69.740637","51.2","2021-11-03",,,"0.00",",,N","0.0",",,N",,
"US1MELN0004","44.105403","-69.740637","51.2","2021-11-04",,,"0.00","T,,N",,,,
"US1MELN0004","44.105403","-69.740637","51.2","2021-11-05",,,"0.00",",,N","0.0",",,N",,
"US1MELN0004","44.105403","-69.740637","51.2","2021-11-06",,,"0.00",",,N","0.0",",,N",,
"US1MELN0004","44.105403","-69.740637","51.2","2021-11-07",,,"0.00",",,N","0.0",",,N",,
"US1MELN0004","44.105403","-69.740637","51.2","2021-11-08",,,"0.00",",,N","0.0",",,N",,
"US1MELN0004","44.105403","-69.740637","51.2","2021-11-09",,,"0.00",",,N","0.0",",,N",,
"US1MELN0004","44.105403","-69.740637","51.2","2021-11-12",,,"0.00",",,N","0.0",",,N",,
"US1MELN0004","44.105403","-69.740637","51.2","2021-11-17",,,"0.00",",,N","0.0",",,N",,
"US1MELN0004","44.105403","-69.740637","51.2","2021-11-19",,,"0.19",",,N",,,,
"US1MELN0004","44.105403","-69.740637","51.2","2021-11-20",,,"0.00","T,,N",,,,
"US1MELN0004","44.105403","-69.740637","51.2","2021-11-21",,,"0.00",",,N","0.0",",,N",,
"US1MELN0004","44.105403","-69.740637","51.2","2021-11-22",,,"1.24",",,N",,,,
"US1MELN0004","44.105403","-69.740637","51.2","2021-11-23",,,"0.31",",,N",,,,
"US1MELN0004","44.105403","-69.740637","51.2","2021-11-24",,,"0.00",",,N","0.0",",,N",,
"US1MELN0004","44.105403","-69.740637","51.2","2021-11-25",,,"0.00",",,N","0.0",",,N",,
"US1MELN0004","44.105403","-69.740637","51.2","2021-11-26",,,"0.00",",,N","0.0",",,N",,
"US1MELN0004","44.105403","-69.740637","51.2","2021-11-27",,,"0.60",",,N","0.8",",,N",,
"US1MELN0004","44.105403","-69.740637","51.2","2021-11-28",,,"0.00","T,,N",,,,
"US1MEAN0041","44.11275","-70.26452","80.2","2021-08-01",,,"0.00",",,N","0.0",",,N",,
"US1MEAN0041","44.11275","-70.26452","80.2","2021-08-02",,,"0.36",",,N",,,,
"US1MEAN0041","44.11275","-70.26452","80.2","2021-08-03",,,"0.00",",,N","0.0",",,N",,
"US1MEAN0041","44.11275","-70.26452","80.2","2021-08-04",,,"0.00",",,N","0.0",",,N",,
"US1MEAN0041","44.11275","-70.26452","80.2","2021-08-05",,,"0.02",",,N",,,,
"US1MEAN0041","44.11275","-70.26452","80.2","2021-08-06",,,"0.27",",,N",,,,
"US1MEAN0041","44.11275","-70.26452","80.2","2021-08-07",,,"0.00",",,N","0.0",",,N",,
"US1MEAN0041","44.11275","-70.26452","80.2","2021-08-08",,,"0.00",",,N","0.0",",,N",,
"US1MEAN0041","44.11275","-70.26452","80.2","2021-08-09",,,"0.00",",,N","0.0",",,N",,
"US1MEAN0041","44.11275","-70.26452","80.2","2021-08-10",,,"0.00","T,,N","0.0",",,N",,
"US1MEAN0041","44.11275","-70.26452","80.2","2021-08-11",,,"0.00",",,N","0.0",",,N",,
"US1MEAN0041","44.11275","-70.26452","80.2","2021-08-12",,,"0.45",",,N",,,,
"US1MEAN0041","44.11275","-70.26452","80.2","2021-08-13",,,"0.00",",,N","0.0",",,N",,
"US1MEAN0041","44.11275","-70.26452","80.2","2021-08-14",,,"0.00",",,N","0.0",",,N",,
"US1MEAN0041","44.11275","-70.26452","80.2","2021-08-15",,,"0.04",",,N",,,,
"US1MEAN0041","44.11275","-70.26452","80.2","2021-08-16",,,"0.00",",,N","0.0",",,N",,
"US1MEAN0041","44.11275","-70.26452","80.2","2021-08-17",,,"0.00",",,N","0.0",",,N",,
"US1MEAN0041","44.11275","-70.26452","80.2","2021-08-20",,,,,,,,
"US1MEAN0041","44.11275","-70.26452","80.2","2021-08-21",,,"0.00",",,N","0.0",",,N",,
"US1MEAN0041","44.11275","-70.26452","80.2","2021-08-22",,,"0.00",",,N","0.0",",,N",,
"US1MEAN0041","44.11275","-70.26452","80.2","2021-08-24",,,"0.40",",,N",,,,
"US1MEAN0041","44.11275","-70.26452","80.2","2021-09-10",,,"1.04",",,N",,,,
"US1MEAN0041","44.11275","-70.26452","80.2","2021-09-11",,,"0.00",",,N","0.0",",,N",,
"US1MEAN0041","44.11275","-70.26452","80.2","2021-09-13",,,"0.00","T,,N",,,,
"US1MEAN0041","44.11275","-70.26452","80.2","2021-09-14",,,"0.00",",,N","0.0",",,N",,
"US1MEAN0041","44.11275","-70.26452","80.2","2021-09-15",,,"0.00",",,N","0.0",",,N",,
"US1MEAN0041","44.11275","-70.26452","80.2","2021-09-16",,,"0.58",",,N",,,,
"US1MEAN0041","44.11275","-70.26452","80.2","2021-09-17",,,"0.00",",,N","0.0",",,N",,
"US1MEAN0041","44.11275","-70.26452","80.2","2021-09-18",,,"0.00","T,,N",,,,
"US1MEAN0041","44.11275","-70.26452","80.2","2021-09-19",,,"0.00","T,,N",,,,
"US1MEAN0041","44.11275","-70.26452","80.2","2021-09-20",,,"0.00",",,N","0.0",",,N",,
"US1MEAN0041","44.11275","-70.26452","80.2","2021-09-21",,,"0.00",",,N","0.0",",,N",,
"US1MEAN0041","44.11275","-70.26452","80.2","2021-09-22",,,"0.01",",,N",,,,
"US1MEAN0041","44.11275","-70.26452","80.2","2021-09-23",,,"0.00","T,,N",,,,
"US1MEAN0041","44.11275","-70.26452","80.2","2021-09-24",,,"0.04",",,N",,,,
"US1MEAN0041","44.11275","-70.26452","80.2","2021-09-25",,,"0.48",",,N",,,,
"US1MEAN0041","44.11275","-70.26452","80.2","2021-09-26",,,"0.10",",,N",,,,
"US1MEAN0041","44.11275","-70.26452","80.2","2021-09-27",,,"0.34",",,N",,,,
"US1MEAN0041","44.11275","-70.26452","80.2","2021-09-28",,,"0.00",",,N","0.0",",,N",,
"US1MEAN0041","44.11275","-70.26452","80.2","2021-09-29",,,"0.00","T,,N",,,,
"US1MEAN0041","44.11275","-70.26452","80.2","2021-09-30",,,"0.00",",,N","0.0",",,N",,
"US1MEAN0041","44.11275","-70.26452","80.2","2021-10-01",,,"0.04",",,N",,,,
"US1MEAN0041","44.11275","-70.26452","80.2","2021-10-04",,,,,,,,
"US1MEAN0041","44.11275","-70.26452","80.2","2021-10-05",,,"0.00",",,N","0.0",",,N",,
"US1MEAN0041","44.11275","-70.26452","80.2","2021-10-06",,,"0.00",",,N","0.0",",,N",,
"US1MEAN0041","44.11275","-70.26452","80.2","2021-10-07",,,"0.00",",,N","0.0",",,N",,
"US1MEAN0041","44.11275","-70.26452","80.2","2021-10-18",,,,,,,,
"US1MEAN0041","44.11275","-70.26452","80.2","2021-10-19",,,"0.00","T,,N",,,,
"US1MEAN0041","44.11275","-70.26452","80.2","2021-10-20",,,"0.00",",,N","0.0",",,N",,
"US1MEAN0041","44.11275","-70.26452","80.2","2021-10-21",,,"0.00",",,N","0.0",",,N",,
"US1MEAN0041","44.11275","-70.26452","80.2","2021-10-22",,,"0.06",",,N",,,,
"US1MEAN0041","44.11275","-70.26452","80.2","2021-10-23",,,"0.00","T,,N",,,,
"US1MEAN0041","44.11275","-70.26452","80.2","2021-10-24",,,"0.00",",,N","0.0",",,N",,
"US1MEAN0041","44.11275","-70.26452","80.2","2021-10-25",,,"0.00","T,,N",,,,
"US1MEAN0041","44.11275","-70.26452","80.2","2021-10-26",,,"0.45",",,N",,,,
"US1MEAN0041","44.11275","-70.26452","80.2","2021-10-27",,,"0.57",",,N",,,,
"US1MEAN0041","44.11275","-70.26452","80.2","2021-10-28",,,"0.06",",,N",,,,
"US1MEAN0041","44.11275","-70.26452","80.2","2021-10-30",,,"0.02",",,N",,,,
"US1MEAN0041","44.11275","-70.26452","80.2","2021-10-31",,,"2.76",",,N",,,,
"US1MEAN0041","44.11275","-70.26452","80.2","2021-11-01",,,"0.32",",,N",,,,
"US1MEAN0041","44.11275","-70.26452","80.2","2021-11-02",,,"0.00",",,N","0.0",",,N",,
"US1MEAN0041","44.11275","-70.26452","80.2","2021-11-03",,,"0.00",",,N","0.0",",,N",,
"US1MEAN0041","44.11275","-70.26452","80.2","2021-11-04",,,"0.00",",,N","0.0",",,N",,
"US1MEAN0041","44.11275","-70.26452","80.2","2021-11-05",,,"0.00",",,N","0.0",",,N",,
"US1MEAN0041","44.11275","-70.26452","80.2","2021-11-06",,,"0.00",",,N","0.0",",,N",,
"US1MEAN0041","44.11275","-70.26452","80.2","2021-11-07",,,"0.00",",,N","0.0",",,N",,
"US1MEAN0041","44.11275","-70.26452","80.2","2021-11-08",,,"0.00",",,N","0.0",",,N",,
"US1MEAN0041","44.11275","-70.26452","80.2","2021-11-09",,,"0.00",",,N","0.0",",,N",,
"US1MEAN0041","44.11275","-70.26452","80.2","2021-11-10",,,"0.00","T,,N",,,,
"US1MEAN0041","44.11275","-70.26452","80.2","2021-11-11",,,"0.02",",,N",,,,
"US1MEAN0041","44.11275","-70.26452","80.2","2021-11-12",,,"0.00",",,N","0.0",",,N",,
"US1MEAN0041","44.11275","-70.26452","80.2","2021-11-13",,,"1.58",",,N",,,,
"US1MEAN0041","44.11275","-70.26452","80.2","2021-11-14",,,"0.35",",,N",,,,
"US1MEAN0041","44.11275","-70.26452","80.2","2021-11-15",,,"0.17",",,N",,,,
"US1MEAN0041","44.11275","-70.26452","80.2","2021-11-16",,,"0.01",",,N","0.0","T,,N",,
"US1MEAN0041","44.11275","-70.26452","80.2","2021-11-17",,,"0.00","T,,N","0.0","T,,N",,
"US1MEAN0041","44.11275","-70.26452","80.2","2021-11-18",,,"0.03",",,N",,,,
"US1MEAN0041","44.11275","-70.26452","80.2","2021-11-19",,,"0.15",",,N",,,,
"US1MEAN0041","44.11275","-70.26452","80.2","2021-11-20",,,"0.00","T,,N","0.0","T,,N",,
"US1MEAN0041","44.11275","-70.26452","80.2","2021-11-21",,,"0.00",",,N","0.0",",,N",,
"US1MEAN0041","44.11275","-70.26452","80.2","2021-11-22",,,"0.10",",,N",,,,
"US1MEAN0041","44.11275","-70.26452","80.2","2021-11-23",,,"0.05",",,N",,,,
"US1MEAN0041","44.11275","-70.26452","80.2","2021-11-24",,,"0.00",",,N","0.0",",,N",,
"US1MEAN0041","44.11275","-70.26452","80.2","2021-11-25",,,"0.00",",,N","0.0",",,N",,
"US1MEAN0041","44.11275","-70.26452","80.2","2021-11-27",,,"0.39",",,N","0.0","T,,N",,
"US1MEAN0041","44.11275","-70.26452","80.2","2021-11-28",,,"0.00",",,N","0.0",",,N",,
"US1MEAN0040","44.073426","-70.401514","96.0","2021-08-01",,,"0.00",",,N","0.0",",,N",,
"US1MEAN0040","44.073426","-70.401514","96.0","2021-08-02",,,"0.35",",,N",,,,
"US1MEAN0040","44.073426","-70.401514","96.0","2021-08-03",,,"0.00",",,N","0.0",",,N",,
"US1MEAN0040","44.073426","-70.401514","96.0","2021-08-04",,,"0.00",",,N","0.0",",,N",,
"US1MEAN0040","44.073426","-70.401514","96.0","2021-08-05",,,"0.27",",,N",,,,
"US1MEAN0040","44.073426","-70.401514","96.0","2021-08-06",,,"0.00",",,N","0.0",",,N",,
"US1MEAN0040","44.073426","-70.401514","96.0","2021-08-07",,,"0.00",",,N","0.0",",,N",,
"US1MEAN0040","44.073426","-70.401514","96.0","2021-08-08",,,"0.00",",,N","0.0",",,N",,
"US1MEAN0040","44.073426","-70.401514","96.0","2021-08-09",,,"0.00",",,N","0.0",",,N",,
"US1MEAN0040","44.073426","-70.401514","96.0","2021-08-10",,,"0.00","T,,N",,,,
"US1MEAN0040","44.073426","-70.401514","96.0","2021-08-11",,,"0.00","T,,N",,,,
"US1MEAN0040","44.073426","-70.401514","96.0","2021-08-12",,,"0.13",",,N",,,,
"US1MEAN0040","44.073426","-70.401514","96.0","2021-08-13",,,"0.00",",,N","0.0",",,N",,
"US1MEAN0040","44.073426","-70.401514","96.0","2021-08-14",,,"0.04",",,N",,,,
"US1MEAN0040","44.073426","-70.401514","96.0","2021-08-15",,,"0.00",",,N","0.0",",,N",,
"US1MEAN0040","44.073426","-70.401514","96.0","2021-08-16",,,"0.00",",,N","0.0",",,N",,
"US1MEAN0040","44.073426","-70.401514","96.0","2021-08-17",,,"0.00","T,,N",,,,
"US1MEAN0040","44.073426","-70.401514","96.0","2021-08-18",,,"0.03",",,N",,,,
"US1MEAN0040","44.073426","-70.401514","96.0","2021-08-19",,,"0.25",",,N",,,,
"US1MEAN0040","44.073426","-70.401514","96.0","2021-08-20",,,"0.03",",,N",,,,
"US1MEAN0040","44.073426","-70.401514","96.0","2021-08-21",,,"0.00","T,,N",,,,
"US1MEAN0040","44.073426","-70.401514","96.0","2021-08-22",,,"0.27",",,N",,,,
"US1MEAN0040","44.073426","-70.401514","96.0","2021-08-23",,,"0.07",",,N",,,,
"US1MEAN0040","44.073426","-70.401514","96.0","2021-08-24",,,"0.00",",,N","0.0",",,N",,
"US1MEAN0040","44.073426","-70.401514","96.0","2021-08-25",,,"0.00",",,N","0.0",",,N",,
"US1MEAN0040","44.073426","-70.401514","96.0","2021-08-26",,,"0.00",",,N","0.0",",,N",,
"US1MEAN0040","44.073426","-70.401514","96.0","2021-08-27",,,"0.00",",,N","0.0",",,N",,
"US1MEAN0040","44.073426","-70.401514","96.0","2021-08-28",,,"0.04",",,N",,,,
"US1MEAN0040","44.073426","-70.401514","96.0","2021-08-29",,,"0.00",",,N","0.0",",,N",,
"US1MEAN0040","44.073426","-70.401514","96.0","2021-08-30",,,"0.00","T,,N",,,,
"US1MEAN0040","44.073426","-70.401514","96.0","2021-08-31",,,"0.00","T,,N",,,,
"US1MEAN0040","44.073426","-70.401514","96.0","2021-09-01",,,"0.12",",,N",,,,
"US1MEAN0040","44.073426","-70.401514","96.0","2021-09-02",,,"1.22",",,N",,,,
"US1MEAN0040","44.073426","-70.401514","96.0","2021-09-03",,,"0.00","T,,N",,,,
"US1MEAN0040","44.073426","-70.401514","96.0","2021-09-04",,,"0.00",",,N","0.0",",,N",,
"US1MEAN0040","44.073426","-70.401514","96.0","2021-09-05",,,"0.06",",,N",,,,
"US1MEAN0040","44.073426","-70.401514","96.0","2021-09-06",,,"0.05",",,N",,,,
"US1MEAN0040","44.073426","-70.401514","96.0","2021-09-07",,,"0.00",",,N","0.0",",,N",,
"US1MEAN0040","44.073426","-70.401514","96.0","2021-09-08",,,"0.00",",,N","0.0",",,N",,
"US1MEAN0040","44.073426","-70.401514","96.0","2021-09-09",,,"0.77",",,N",,,,
"US1MEAN0040","44.073426","-70.401514","96.0","2021-09-10",,,"0.65",",,N",,,,
"US1MEAN0040","44.073426","-70.401514","96.0","2021-09-11",,,"0.00",",,N","0.0",",,N",,
"US1MEAN0040","44.073426","-70.401514","96.0","2021-09-12",,,"0.00",",,N","0.0",",,N",,
"US1MEAN0040","44.073426","-70.401514","96.0","2021-09-13",,,"0.00",",,N","0.0",",,N",,
"US1MEAN0040","44.073426","-70.401514","96.0","2021-09-14",,,"0.00",",,N","0.0",",,N",,
"US1MEAN0040","44.073426","-70.401514","96.0","2021-09-15",,,"0.37",",,N",,,,
"US1MEAN0040","44.073426","-70.401514","96.0","2021-09-16",,,"0.04",",,N",,,,
"US1MEAN0040","44.073426","-70.401514","96.0","2021-09-17",,,"0.00",",,N","0.0",",,N",,
"US1MEAN0040","44.073426","-70.401514","96.0","2021-09-18",,,"0.07",",,N",,,,
"US1MEAN0040","44.073426","-70.401514","96.0","2021-09-19",,,"0.00",",,N","0.0",",,N",,
"US1MEAN0040","44.073426","-70.401514","96.0","2021-09-20",,,"0.00",",,N","0.0",",,N",,
"US1MEAN0040","44.073426","-70.401514","96.0","2021-09-21",,,"0.00",",,N","0.0",",,N",,
"US1MEAN0040","44.073426","-70.401514","96.0","2021-09-22",,,"0.04",",,N",,,,
"US1MEAN0040","44.073426","-70.401514","96.0","2021-09-23",,,"0.00",",,N","0.0",",,N",,
"US1MEAN0040","44.073426","-70.401514","96.0","2021-09-24",,,"0.23",",,N",,,,
"US1MEAN0040","44.073426","-70.401514","96.0","2021-09-25",,,"0.00",",,N","0.0",",,N",,
"US1MEAN0040","44.073426","-70.401514","96.0","2021-09-26",,,"0.21",",,N",,,,
"US1MEAN0040","44.073426","-70.401514","96.0","2021-09-27",,,"0.00",",,N","0.0",",,N",,
"US1MEAN0040","44.073426","-70.401514","96.0","2021-09-28",,,"0.24",",,N",,,,
"US1MEAN0040","44.073426","-70.401514","96.0","2021-09-29",,,"0.00",",,N","0.0",",,N",,
"US1MEAN0040","44.073426","-70.401514","96.0","2021-09-30",,,"0.03",",,N",,,,
"US1MEAN0040","44.073426","-70.401514","96.0","2021-10-01",,,"0.00",",,N","0.0",",,N",,
"US1MEAN0040","44.073426","-70.401514","96.0","2021-10-02",,,"0.04",",,N",,,,
"US1MEAN0040","44.073426","-70.401514","96.0","2021-10-03",,,"0.20",",,N",,,,
"US1MEAN0040","44.073426","-70.401514","96.0","2021-10-04",,,"0.00","T,,N",,,,
"US1MEAN0040","44.073426","-70.401514","96.0","2021-10-05",,,"0.00",",,N","0.0",",,N",,
"US1MEAN0040","44.073426","-70.401514","96.0","2021-10-06",,,"0.00",",,N","0.0",",,N",,
"US1MEAN0040","44.073426","-70.401514","96.0","2021-10-07",,,"0.00",",,N","0.0",",,N",,
"US1MEAN0040","44.073426","-70.401514","96.0","2021-10-08",,,"0.00",",,N","0.0",",,N",,
"US1MEAN0040","44.073426","-70.401514","96.0","2021-10-09",,,"0.00",",,N","0.0",",,N",,
"US1MEAN0040","44.073426","-70.401514","96.0","2021-10-10",,,"0.00",",,N","0.0",",,N",,
"US1MEAN0040","44.073426","-70.401514","96.0","2021-10-11",,,"0.00",",,N","0.0",",,N",,
"US1MEAN0040","44.073426","-70.401514","96.0","2021-10-12",,,"0.00",",,N","0.0",",,N",,
"US1MEAN0040","44.073426","-70.401514","96.0","2021-10-13",,,"0.00",",,N","0.0",",,N",,
"US1MEAN0040","44.073426","-70.401514","96.0","2021-10-14",,,"0.00",",,N","0.0",",,N",,
"US1MEAN0040","44.073426","-70.401514","96.0","2021-10-15",,,"0.00",",,N","0.0",",,N",,
"US1MEAN0040","44.073426","-70.401514","96.0","2021-10-16",,,"0.45",",,N",,,,
"US1MEAN0040","44.073426","-70.401514","96.0","2021-10-17",,,"0.34",",,N",,,,
"US1MEAN0040","44.073426","-70.401514","96.0","2021-10-18",,,"0.00","T,,N",,,,
"US1MEAN0040","44.073426","-70.401514","96.0","2021-10-19",,,"0.00",",,N","0.0",",,N",,
"US1MEAN0040","44.073426","-70.401514","96.0","2021-10-20",,,"0.00",",,N","0.0",",,N",,
"US1MEAN0040","44.073426","-70.401514","96.0","2021-10-21",,,"0.04",",,N",,,,
"US1MEAN0040","44.073426","-70.401514","96.0","2021-10-22",,,"0.01",",,N",,,,
"US1MEAN0040","44.073426","-70.401514","96.0","2021-10-23",,,"0.00",",,N","0.0",",,N",,
"US1MEAN0040","44.073426","-70.401514","96.0","2021-10-24",,,"0.00",",,N","0.0",",,N",,
"US1MEAN0040","44.073426","-70.401514","96.0","2021-10-25",,,"0.48",",,N",,,,
"US1MEAN0040","44.073426","-70.401514","96.0","2021-10-26",,,"0.85",",,N",,,,
"US1MEAN0040","44.073426","-70.401514","96.0","2021-10-27",,,"0.10",",,N",,,,
"US1MEAN0040","44.073426","-70.401514","96.0","2021-10-28",,,"0.00",",,N","0.0",",,N",,
"US1MEAN0040","44.073426","-70.401514","96.0","2021-10-29",,,"0.00",",,N","0.0",",,N",,
"US1MEAN0040","44.073426","-70.401514","96.0","2021-10-30",,,"0.75",",,N",,,,
"US1MEAN0040","44.073426","-70.401514","96.0","2021-10-31",,,"2.31",",,N",,,,
"US1MEAN0040","44.073426","-70.401514","96.0","2021-11-01",,,"0.00",",,N","0.0",",,N",,
"US1MEAN0040","44.073426","-70.401514","96.0","2021-11-02",,,"0.00",",,N","0.0",",,N",,
"US1MEAN0040","44.073426","-70.401514","96.0","2021-11-03",,,"0.03",",,N",,,,
"US1MEAN0040","44.073426","-70.401514","96.0","2021-11-04",,,"0.00",",,N","0.0",",,N",,
"US1MEAN0040","44.073426","-70.401514","96.0","2021-11-05",,,"0.00",",,N","0.0",",,N",,
"US1MEAN0040","44.073426","-70.401514","96.0","2021-11-06",,,"0.00",",,N","0.0",",,N",,
"US1MEAN0040","44.073426","-70.401514","96.0","2021-11-07",,,"0.00",",,N","0.0",",,N",,
"US1MEAN0040","44.073426","-70.401514","96.0","2021-11-08",,,"0.00",",,N","0.0",",,N",,
"US1MEAN0040","44.073426","-70.401514","96.0","2021-11-09",,,"0.00",",,N","0.0",",,N",,
"US1MEAN0040","44.073426","-70.401514","96.0","2021-11-10",,,"0.07",",,N",,,,
"US1MEAN0040","44.073426","-70.401514","96.0","2021-11-11",,,"0.00",",,N","0.0",",,N",,
"US1MEAN0040","44.073426","-70.401514","96.0","2021-11-12",,,"1.35",",,N",,,,
"US1MEAN0040","44.073426","-70.401514","96.0","2021-11-13",,,"0.35",",,N","0.0",",,N",,
"US1MEAN0040","44.073426","-70.401514","96.0","2021-11-14",,,"0.23",",,N","0.0",",,N",,
"US1MEAN0040","44.073426","-70.401514","96.0","2021-11-15",,,"0.04",",,N",,,,
"US1MEAN0040","44.073426","-70.401514","96.0","2021-11-16",,,"0.03",",,N",,,,
"US1MEAN0040","44.073426","-70.401514","96.0","2021-11-17",,,"0.00",",,N","0.0",",,N",,
"US1MEAN0040","44.073426","-70.401514","96.0","2021-11-18",,,"0.15",",,N",,,,
"US1MEAN0040","44.073426","-70.401514","96.0","2021-11-19",,,"0.09",",,N","0.0","T,,N",,
"US1MEAN0040","44.073426","-70.401514","96.0","2021-11-20",,,"0.00",",,N","0.0",",,N",,
"US1MEAN0040","44.073426","-70.401514","96.0","2021-11-21",,,"0.20",",,N","0.0",",,N",,
"US1MEAN0040","44.073426","-70.401514","96.0","2021-11-22",,,"0.04",",,N",,,,
"US1MEAN0040","44.073426","-70.401514","96.0","2021-11-23",,,"0.00",",,N","0.0",",,N",,
"US1MEAN0040","44.073426","-70.401514","96.0","2021-11-24",,,"0.00",",,N","0.0",",,N",,
"US1MEAN0040","44.073426","-70.401514","96.0","2021-11-25",,,"0.00",",,N","0.0",",,N",,
"US1MEAN0040","44.073426","-70.401514","96.0","2021-11-26",,,"0.30",",,N","0.0","T,,N",,
"US1MEAN0040","44.073426","-70.401514","96.0","2021-11-27",,,"0.04",",,N","0.0","T,,N",,
"US1MEAN0040","44.073426","-70.401514","96.0","2021-11-28",,,"0.00",",,N","0.0",",,N",,
"US1MELN0001","44.027672","-69.568607","26.8","2021-08-01",,,"0.00",",,N","0.0",",,N",,
"US1MELN0001","44.027672","-69.568607","26.8","2021-08-02",,,"0.00",",,N","0.0",",,N",,
"US1MELN0001","44.027672","-69.568607","26.8","2021-08-03",,,"0.00","T,,N","0.0",",,N",,
"US1MELN0001","44.027672","-69.568607","26.8","2021-08-04",,,"0.00",",,N","0.0",",,N",,
"US1MELN0001","44.027672","-69.568607","26.8","2021-08-05",,,"0.39",",,N",,,,
"US1MELN0001","44.027672","-69.568607","26.8","2021-08-06",,,"0.49",",,N",,,,
"US1MELN0001","44.027672","-69.568607","26.8","2021-08-07",,,"0.00",",,N","0.0",",,N",,
"US1MELN0001","44.027672","-69.568607","26.8","2021-08-08",,,"0.00",",,N","0.0",",,N",,
"US1MELN0001","44.027672","-69.568607","26.8","2021-08-09",,,"0.00",",,N","0.0",",,N",,
"US1MELN0001","44.027672","-69.568607","26.8","2021-08-10",,,"0.00",",,N","0.0",",,N",,
"US1MELN0001","44.027672","-69.568607","26.8","2021-08-11",,,"0.00","T,,N",,,,
"US1MELN0001","44.027672","-69.568607","26.8","2021-08-12",,,"0.00",",,N","0.0",",,N",,
"US1MELN0001","44.027672","-69.568607","26.8","2021-08-13",,,"0.00",",,N","0.0",",,N",,
"US1MELN0001","44.027672","-69.568607","26.8","2021-08-14",,,"0.00",",,N","0.0",",,N",,
"US1MELN0001","44.027672","-69.568607","26.8","2021-08-15",,,"0.19",",,N",,,,
"US1MELN0001","44.027672","-69.568607","26.8","2021-08-16",,,"0.00",",,N","0.0",",,N",,
"US1MELN0001","44.027672","-69.568607","26.8","2021-08-17",,,"0.00",",,N","0.0",",,N",,
"US1MELN0001","44.027672","-69.568607","26.8","2021-08-18",,,"0.01",",,N",,,,
"US1MELN0001","44.027672","-69.568607","26.8","2021-08-19",,,"0.00","T,,N",,,,
"US1MELN0001","44.027672","-69.568607","26.8","2021-08-20",,,"0.89",",,N",,,,
"US1MELN0001","44.027672","-69.568607","26.8","2021-08-21",,,"0.00",",,N","0.0",",,N",,
"US1MELN0001","44.027672","-69.568607","26.8","2021-08-22",,,"0.02",",,N",,,,
"US1MELN0001","44.027672","-69.568607","26.8","2021-08-23",,,"0.49",",,N",,,,
"US1MELN0001","44.027672","-69.568607","26.8","2021-08-24",,,"0.02",",,N",,,,
"US1MELN0001","44.027672","-69.568607","26.8","2021-08-25",,,"0.00",",,N","0.0",",,N",,
"US1MELN0001","44.027672","-69.568607","26.8","2021-08-26",,,"0.00",",,N","0.0",",,N",,
"US1MELN0001","44.027672","-69.568607","26.8","2021-08-27",,,"0.00",",,N","0.0",",,N",,
"US1MELN0001","44.027672","-69.568607","26.8","2021-08-28",,,"0.00",",,N","0.0",",,N",,
"US1MELN0001","44.027672","-69.568607","26.8","2021-08-29",,,"0.07",",,N",,,,
"US1MELN0001","44.027672","-69.568607","26.8","2021-08-30",,,"0.00","T,,N",,,,
"US1MELN0001","44.027672","-69.568607","26.8","2021-08-31",,,"0.02",",,N",,,,
"US1MELN0001","44.027672","-69.568607","26.8","2021-09-01",,,"0.00",",,N","0.0",",,N",,
"US1MELN0001","44.027672","-69.568607","26.8","2021-09-02",,,"1.44",",,N",,,,
"US1MELN0001","44.027672","-69.568607","26.8","2021-09-03",,,"0.05",",,N",,,,
"US1MELN0001","44.027672","-69.568607","26.8","2021-09-05",,,"0.00",",,N","0.0",",,N",,
"US1MELN0001","44.027672","-69.568607","26.8","2021-09-06",,,"0.18",",,N",,,,
"US1MELN0001","44.027672","-69.568607","26.8","2021-09-07",,,"0.15",",,N",,,,
"US1MELN0001","44.027672","-69.568607","26.8","2021-09-08",,,"0.00",",,N","0.0",",,N",,
"US1MELN0001","44.027672","-69.568607","26.8","2021-09-09",,,"0.02",",,N",,,,
"US1MELN0001","44.027672","-69.568607","26.8","2021-09-10",,,"1.11",",,N",,,,
"US1MELN0001","44.027672","-69.568607","26.8","2021-09-11",,,"0.04",",,N",,,,
"US1MELN0001","44.027672","-69.568607","26.8","2021-09-12",,,"0.00",",,N","0.0",",,N",,
"US1MELN0001","44.027672","-69.568607","26.8","2021-09-13",,,"0.00","T,,N",,,,
"US1MELN0001","44.027672","-69.568607","26.8","2021-09-14",,,"0.00",",,N","0.0",",,N",,
"US1MELN0001","44.027672","-69.568607","26.8","2021-09-15",,,"0.01",",,N",,,,
"US1MELN0001","44.027672","-69.568607","26.8","2021-09-16",,,"0.18",",,N",,,,
"US1MELN0001","44.027672","-69.568607","26.8","2021-09-17",,,"0.00",",,N","0.0",",,N",,
"US1MELN0001","44.027672","-69.568607","26.8","2021-09-18",,,"0.02",",,N",,,,
"US1MELN0001","44.027672","-69.568607","26.8","2021-09-19",,,"0.48",",,N",,,,
"US1MELN0001","44.027672","-69.568607","26.8","2021-09-20",,,"0.00",",,N","0.0",",,N",,
"US1MELN0001","44.027672","-69.568607","26.8","2021-09-21",,,"0.00",",,N","0.0",",,N",,
"US1MELN0001","44.027672","-69.568607","26.8","2021-09-22",,,"0.01",",,N",,,,
"US1MELN0001","44.027672","-69.568607","26.8","2021-09-23",,,"0.00",",,N","0.0",",,N",,
"US1MELN0001","44.027672","-69.568607","26.8","2021-09-24",,,"0.02",",,N",,,,
"US1MELN0001","44.027672","-69.568607","26.8","2021-09-25",,,"0.14",",,N",,,,
"US1MELN0001","44.027672","-69.568607","26.8","2021-09-26",,,"2.31",",,N",,,,
"US1MELN0001","44.027672","-69.568607","26.8","2021-09-27",,,"0.34",",,N",,,,
"US1MELN0001","44.027672","-69.568607","26.8","2021-09-28",,,"0.00",",,N","0.0",",,N",,
"US1MELN0001","44.027672","-69.568607","26.8","2021-09-29",,,"0.00","T,,N",,,,
"US1MELN0001","44.027672","-69.568607","26.8","2021-09-30",,,"0.01",",,N",,,,
"US1MELN0001","44.027672","-69.568607","26.8","2021-10-01",,,"0.22",",,N",,,,
"US1MELN0001","44.027672","-69.568607","26.8","2021-10-02",,,"0.00",",,N","0.0",",,N",,
"US1MELN0001","44.027672","-69.568607","26.8","2021-10-03",,,"0.02",",,N",,,,
"US1MELN0001","44.027672","-69.568607","26.8","2021-10-04",,,"0.21",",,N",,,,
"US1MELN0001","44.027672","-69.568607","26.8","2021-10-05",,,"0.00",",,N","0.0",",,N",,
"US1MELN0001","44.027672","-69.568607","26.8","2021-10-06",,,"0.00",",,N","0.0",",,N",,
"US1MELN0001","44.027672","-69.568607","26.8","2021-10-07",,,"0.00",",,N","0.0",",,N",,
"US1MELN0001","44.027672","-69.568607","26.8","2021-10-08",,,"0.00",",,N","0.0",",,N",,
"US1MELN0001","44.027672","-69.568607","26.8","2021-10-09",,,"0.00",",,N","0.0",",,N",,
"US1MELN0001","44.027672","-69.568607","26.8","2021-10-10",,,"0.00",",,N","0.0",",,N",,
"US1MELN0001","44.027672","-69.568607","26.8","2021-10-11",,,"0.00","T,,N",,,,
"US1MELN0001","44.027672","-69.568607","26.8","2021-10-12",,,"0.00",",,N","0.0",",,N",,
"US1MELN0001","44.027672","-69.568607","26.8","2021-10-13",,,"0.00",",,N","0.0",",,N",,
"US1MELN0001","44.027672","-69.568607","26.8","2021-10-14",,,"0.00",",,N","0.0",",,N",,
"US1MELN0001","44.027672","-69.568607","26.8","2021-10-15",,,"0.00",",,N","0.0",",,N",,
"US1MELN0001","44.027672","-69.568607","26.8","2021-10-16",,,"0.31",",,N",,,,
"US1MELN0001","44.027672","-69.568607","26.8","2021-10-17",,,"0.78",",,N",,,,
"US1MELN0001","44.027672","-69.568607","26.8","2021-10-18",,,"0.02",",,N",,,,
"US1MELN0001","44.027672","-69.568607","26.8","2021-10-19",,,"0.00",",,N","0.0",",,N",,
"US1MELN0001","44.027672","-69.568607","26.8","2021-10-20",,,"0.00","T,,N",,,,
"US1MELN0001","44.027672","-69.568607","26.8","2021-10-21",,,"0.00",",,N","0.0",",,N",,
"US1MELN0001","44.027672","-69.568607","26.8","2021-10-22",,,"0.02",",,N",,,,
"US1MELN0001","44.027672","-69.568607","26.8","2021-10-23",,,"0.14",",,N",,,,
"US1MELN0001","44.027672","-69.568607","26.8","2021-10-24",,,"0.00",",,N","0.0",",,N",,
"US1MELN0001","44.027672","-69.568607","26.8","2021-10-25",,,"0.00","T,,N",,,,
"US1MELN0001","44.027672","-69.568607","26.8","2021-10-26",,,"0.28",",,N",,,,
"US1MELN0001","44.027672","-69.568607","26.8","2021-10-27",,,"0.41",",,N",,,,
"US1MELN0001","44.027672","-69.568607","26.8","2021-10-28",,,"0.13",",,N",,,,
"US1MELN0001","44.027672","-69.568607","26.8","2021-10-29",,,"0.00",",,N","0.0",",,N",,
"US1MELN0001","44.027672","-69.568607","26.8","2021-10-30",,,"0.01",",,N",,,,
"US1MELN0001","44.027672","-69.568607","26.8","2021-10-31",,,"3.85",",,N",,,,
"US1MELN0001","44.027672","-69.568607","26.8","2021-11-01",,,"0.09",",,N",,,,
"US1MELN0001","44.027672","-69.568607","26.8","2021-11-02",,,"0.00",",,N","0.0",",,N",,
"US1MELN0001","44.027672","-69.568607","26.8","2021-11-03",,,"0.00",",,N","0.0",",,N",,
"US1MELN0001","44.027672","-69.568607","26.8","2021-11-04",,,"0.00","T,,N","0.0",",,N",,
"US1MELN0001","44.027672","-69.568607","26.8","2021-11-05",,,"0.00",",,N","0.0",",,N",,
"US1MELN0001","44.027672","-69.568607","26.8","2021-11-06",,,"0.00",",,N","0.0",",,N",,
"US1MELN0001","44.027672","-69.568607","26.8","2021-11-07",,,"0.00",",,N","0.0",",,N",,
"US1MELN0001","44.027672","-69.568607","26.8","2021-11-08",,,"0.00",",,N","0.0",",,N",,
"US1MELN0001","44.027672","-69.568607","26.8","2021-11-09",,,"0.00",",,N","0.0",",,N",,
"US1MELN0001","44.027672","-69.568607","26.8","2021-11-10",,,"0.05",",,N","0.0",",,N",,
"US1MELN0001","44.027672","-69.568607","26.8","2021-11-11",,,"0.21",",,N","0.0",",,N",,
"US1MELN0001","44.027672","-69.568607","26.8","2021-11-12",,,"0.00",",,N","0.0",",,N",,
"US1MELN0001","44.027672","-69.568607","26.8","2021-11-13",,,"1.62",",,N","0.0",",,N",,
"US1MELN0001","44.027672","-69.568607","26.8","2021-11-14",,,"0.21",",,N","0.0",",,N",,
"US1MELN0001","44.027672","-69.568607","26.8","2021-11-15",,,"0.29",",,N","0.0",",,N",,
"US1MELN0001","44.027672","-69.568607","26.8","2021-11-16",,,"0.00","T,,N","0.0",",,N",,
"US1MELN0001","44.027672","-69.568607","26.8","2021-11-17",,,"0.00",",,N","0.0",",,N",,
"US1MELN0001","44.027672","-69.568607","26.8","2021-11-18",,,"0.08",",,N","0.0",",,N",,
"US1MELN0001","44.027672","-69.568607","26.8","2021-11-19",,,"0.27",",,N","0.0",",,N",,
"US1MELN0001","44.027672","-69.568607","26.8","2021-11-20",,,"0.00","T,,N","0.0",",,N",,
"US1MELN0001","44.027672","-69.568607","26.8","2021-11-21",,,"0.00",",,N","0.0",",,N",,
"US1MELN0001","44.027672","-69.568607","26.8","2021-11-22",,,"1.76",",,N","0.0",",,N",,
"US1MELN0001","44.027672","-69.568607","26.8","2021-11-23",,,"0.32",",,N","0.0",",,N",,
"US1MELN0001","44.027672","-69.568607","26.8","2021-11-24",,,"0.00",",,N","0.0",",,N",,
"US1MELN0001","44.027672","-69.568607","26.8","2021-11-25",,,"0.00",",,N","0.0",",,N",,
"US1MELN0001","44.027672","-69.568607","26.8","2021-11-26",,,"0.00","T,,N","0.0",",,N",,
"US1MELN0001","44.027672","-69.568607","26.8","2021-11-27",,,"0.65",",,N","1.5",",,N",,
"US1MELN0001","44.027672","-69.568607","26.8","2021-11-28",,,"0.00","T,,N","0.0","T,,N",,
"US1MEPN0061","44.820798","-68.7567744","46.9","2021-08-02",,,,,,,,
"US1MEPN0061","44.820798","-68.7567744","46.9","2021-08-03",,,"0.00",",,N","0.0",",,N",,
"US1MEPN0061","44.820798","-68.7567744","46.9","2021-08-04",,,"0.00","T,,N",,,,
"US1MEPN0061","44.820798","-68.7567744","46.9","2021-08-05",,,"0.12",",,N",,,,
"US1MEPN0061","44.820798","-68.7567744","46.9","2021-08-06",,,"0.53",",,N",,,,
"US1MEPN0061","44.820798","-68.7567744","46.9","2021-08-10",,,"0.00","T,,N",,,,
"US1MEPN0061","44.820798","-68.7567744","46.9","2021-08-16",,,,,,,,
"US1MEPN0061","44.820798","-68.7567744","46.9","2021-08-19",,,,,,,,
"US1MEPN0061","44.820798","-68.7567744","46.9","2021-08-23",,,,,,,,
"US1MEPN0061","44.820798","-68.7567744","46.9","2021-08-24",,,"3.03",",,N",,,,
"US1MEPN0061","44.820798","-68.7567744","46.9","2021-08-30",,,,,,,,
"US1MEPN0061","44.820798","-68.7567744","46.9","2021-08-31",,,"0.02",",,N",,,,
"US1MEPN0061","44.820798","-68.7567744","46.9","2021-09-01",,,"0.00",",,N","0.0",",,N",,
"US1MEPN0061","44.820798","-68.7567744","46.9","2021-09-02",,,"0.59",",,N",,,,
"US1MEPN0061","44.820798","-68.7567744","46.9","2021-09-03",,,"0.20",",,N",,,,
"US1MEPN0061","44.820798","-68.7567744","46.9","2021-09-05",,,,,,,,
"US1MEPN0061","44.820798","-68.7567744","46.9","2021-09-06",,,"0.04",",,N",,,,
"US1MEPN0061","44.820798","-68.7567744","46.9","2021-09-07",,,"0.21",",,N",,,,
"US1MEPN0061","44.820798","-68.7567744","46.9","2021-09-09",,,"0.00",",,N","0.0",",,N",,
"US1MEPN0061","44.820798","-68.7567744","46.9","2021-09-10",,,"2.96",",,N",,,,
"US1MEPN0061","44.820798","-68.7567744","46.9","2021-09-11",,,"0.54",",,N",,,,
"US1MEPN0061","44.820798","-68.7567744","46.9","2021-09-12",,,"0.00",",,N","0.0",",,N",,
"US1MEPN0061","44.820798","-68.7567744","46.9","2021-09-13",,,"0.01",",,N",,,,
"US1MEPN0061","44.820798","-68.7567744","46.9","2021-09-14",,,"0.00","T,,N",,,,
"US1MEPN0061","44.820798","-68.7567744","46.9","2021-09-16",,,"0.62",",,N",,,,
"US1MEPN0061","44.820798","-68.7567744","46.9","2021-09-17",,,"0.00",",,N","0.0",",,N",,
"US1MEPN0061","44.820798","-68.7567744","46.9","2021-09-18",,,"0.00",",,N","0.0",",,N",,
"US1MEPN0061","44.820798","-68.7567744","46.9","2021-09-19",,,"0.00",",,N","0.0",",,N",,
"US1MEPN0061","44.820798","-68.7567744","46.9","2021-09-20",,,"0.00",",,N","0.0",",,N",,
"US1MEPN0061","44.820798","-68.7567744","46.9","2021-09-21",,,"0.00",",,N","0.0",",,N",,
"US1MEPN0061","44.820798","-68.7567744","46.9","2021-09-22",,,"0.00",",,N","0.0",",,N",,
"US1MEPN0061","44.820798","-68.7567744","46.9","2021-09-23",,,"0.00",",,N","0.0",",,N",,
"US1MEPN0061","44.820798","-68.7567744","46.9","2021-09-24",,,"0.05",",,N",,,,
"US1MEPN0061","44.820798","-68.7567744","46.9","2021-10-04",,,,,,,,
"US1MEPN0061","44.820798","-68.7567744","46.9","2021-10-11",,,,,,,,
"US1MEPN0061","44.820798","-68.7567744","46.9","2021-10-18",,,,,,,,
"US1MEPN0061","44.820798","-68.7567744","46.9","2021-10-19",,,"0.00",",,N","0.0",",,N",,
"US1MEPN0061","44.820798","-68.7567744","46.9","2021-10-20",,,"0.00","T,,N",,,,
"US1MEPN0061","44.820798","-68.7567744","46.9","2021-10-25",,,,,,,,
"US1MEPN0061","44.820798","-68.7567744","46.9","2021-11-01",,,,,,,,
"US1MEPN0061","44.820798","-68.7567744","46.9","2021-11-08",,,"0.00","T,,N",,,,
"US1MEPN0061","44.820798","-68.7567744","46.9","2021-11-15",,,,,,,,
"US1MEPN0061","44.820798","-68.7567744","46.9","2021-11-16",,,"0.11",",,N",,,,
"US1MEPN0061","44.820798","-68.7567744","46.9","2021-11-22",,,,,,,,
"US1MEPN0060","44.88412","-68.68114","55.8","2021-08-05",,,"0.22",",,N",,,,
"US1MEPN0060","44.88412","-68.68114","55.8","2021-08-07",,,"0.00",",,N","0.0",",,N",,
"US1MEPN0060","44.88412","-68.68114","55.8","2021-08-08",,,"0.00",",,N","0.0",",,N",,
"US1MEPN0060","44.88412","-68.68114","55.8","2021-08-11",,,"0.00",",,N","0.0",",,N",,
"US1MEPN0060","44.88412","-68.68114","55.8","2021-08-12",,,"0.00",",,N","0.0",",,N",,
"US1MEPN0060","44.88412","-68.68114","55.8","2021-08-14",,,"0.00",",,N","0.0",",,N",,
"US1MEPN0060","44.88412","-68.68114","55.8","2021-08-15",,,"0.00",",,N","0.0",",,N",,
"US1MEPN0060","44.88412","-68.68114","55.8","2021-08-16",,,"0.00",",,N","0.0",",,N",,
"US1MEPN0060","44.88412","-68.68114","55.8","2021-08-17",,,"0.00",",,N","0.0",",,N",,
"US1MEPN0060","44.88412","-68.68114","55.8","2021-08-18",,,"0.00",",,N","0.0",",,N",,
"US1MEPN0060","44.88412","-68.68114","55.8","2021-08-19",,,"0.16",",,N",,,,
"US1MEPN0060","44.88412","-68.68114","55.8","2021-08-20",,,"0.58",",,N",,,,
"US1MEPN0060","44.88412","-68.68114","55.8","2021-08-21",,,"0.00",",,N","0.0",",,N",,
"US1MEPN0060","44.88412","-68.68114","55.8","2021-08-23",,,"0.12",",,N",,,,
"US1MEPN0060","44.88412","-68.68114","55.8","2021-08-24",,,"1.93",",,N",,,,
"US1MEPN0060","44.88412","-68.68114","55.8","2021-08-25",,,"0.00",",,N","0.0",",,N",,
"US1MEPN0060","44.88412","-68.68114","55.8","2021-08-26",,,"0.00",",,N","0.0",",,N",,
"US1MEPN0060","44.88412","-68.68114","55.8","2021-08-27",,,"0.00",",,N","0.0",",,N",,
"US1MEPN0060","44.88412","-68.68114","55.8","2021-08-29",,,"0.02",",,N",,,,
"US1MEPN0060","44.88412","-68.68114","55.8","2021-08-30",,,"0.00",",,N","0.0",",,N",,
"US1MEPN0060","44.88412","-68.68114","55.8","2021-09-01",,,"0.00",",,N","0.0",",,N",,
"US1MEPN0060","44.88412","-68.68114","55.8","2021-09-02",,,"0.56",",,N",,,,
"US1MEPN0060","44.88412","-68.68114","55.8","2021-09-03",,,"0.23",",,N",,,,
"US1MEPN0060","44.88412","-68.68114","55.8","2021-09-04",,,"0.21",",,N",,,,
"US1MEPN0060","44.88412","-68.68114","55.8","2021-09-05",,,"0.00",",,N","0.0",",,N",,
"US1MEPN0060","44.88412","-68.68114","55.8","2021-09-06",,,"0.06",",,N",,,,
"US1MEPN0060","44.88412","-68.68114","55.8","2021-09-07",,,"0.17",",,N",,,,
"US1MEPN0060","44.88412","-68.68114","55.8","2021-09-08",,,"0.00",",,N","0.0",",,N",,
"US1MEPN0060","44.88412","-68.68114","55.8","2021-09-09",,,"0.00",",,N","0.0",",,N",,
"US1MEPN0060","44.88412","-68.68114","55.8","2021-09-10",,,"3.04",",,N",,,,
"US1MEPN0060","44.88412","-68.68114","55.8","2021-09-11",,,"0.48",",,N",,,,
"US1MEPN0060","44.88412","-68.68114","55.8","2021-09-12",,,"0.00",",,N","0.0",",,N",,
"US1MEPN0060","44.88412","-68.68114","55.8","2021-09-15",,,"0.00",",,N","0.0",",,N",,
"US1MEPN0060","44.88412","-68.68114","55.8","2021-09-16",,,"0.48",",,N",,,,
"US1MEPN0060","44.88412","-68.68114","55.8","2021-09-18",,,"0.00",",,N","0.0",",,N",,
"US1MEPN0060","44.88412","-68.68114","55.8","2021-09-20",,,"0.00",",,N","0.0",",,N",,
"US1MEPN0060","44.88412","-68.68114","55.8","2021-09-21",,,"0.00",",,N","0.0",",,N",,
"US1MEPN0060","44.88412","-68.68114","55.8","2021-09-23",,,"0.00",",,N","0.0",",,N",,
"US1MEPN0060","44.88412","-68.68114","55.8","2021-09-24",,,"0.04",",,N",,,,
"US1MEPN0060","44.88412","-68.68114","55.8","2021-09-25",,,"2.94",",,N",,,,
"US1MEPN0060","44.88412","-68.68114","55.8","2021-09-26",,,"0.52",",,N",,,,
"US1MEPN0060","44.88412","-68.68114","55.8","2021-09-27",,,"1.00",",,N",,,,
"US1MEPN0060","44.88412","-68.68114","55.8","2021-09-28",,,"0.00",",,N","0.0",",,N",,
"US1MEPN0060","44.88412","-68.68114","55.8","2021-09-29",,,"0.00",",,N","0.0",",,N",,
"US1MEPN0060","44.88412","-68.68114","55.8","2021-10-02",,,"0.02",",,N",,,,
"US1MEPN0060","44.88412","-68.68114","55.8","2021-10-03",,,"0.00",",,N","0.0",",,N",,
"US1MEPN0060","44.88412","-68.68114","55.8","2021-10-04",,,"0.00",",,N","0.0",",,N",,
"US1MEPN0060","44.88412","-68.68114","55.8","2021-10-05",,,"0.00",",,N","0.0",",,N",,
"US1MEPN0060","44.88412","-68.68114","55.8","2021-10-06",,,"0.00",",,N","0.0",",,N",,
"US1MEPN0060","44.88412","-68.68114","55.8","2021-10-07",,,"0.00",",,N","0.0",",,N",,
"US1MEPN0060","44.88412","-68.68114","55.8","2021-10-08",,,"0.00",",,N","0.0",",,N",,
"US1MEPN0060","44.88412","-68.68114","55.8","2021-10-09",,,"0.00",",,N","0.0",",,N",,
"US1MEPN0060","44.88412","-68.68114","55.8","2021-10-11",,,"0.00",",,N","0.0",",,N",,
"US1MEPN0060","44.88412","-68.68114","55.8","2021-10-16",,,"0.13",",,N",,,,
"US1MEPN0060","44.88412","-68.68114","55.8","2021-10-17",,,"1.31",",,N",,,,
"US1MEPN0060","44.88412","-68.68114","55.8","2021-10-18",,,"0.34",",,N",,,,
"US1MEPN0060","44.88412","-68.68114","55.8","2021-10-19",,,"0.00",",,N","0.0",",,N",,
"US1MEPN0060","44.88412","-68.68114","55.8","2021-10-20",,,"0.00",",,N","0.0",",,N",,
"US1MEPN0060","44.88412","-68.68114","55.8","2021-10-21",,,"0.00",",,N","0.0",",,N",,
"US1MEPN0060","44.88412","-68.68114","55.8","2021-10-23",,,"0.07",",,N",,,,
"US1MEPN0060","44.88412","-68.68114","55.8","2021-10-24",,,"0.00",",,N","0.0",",,N",,
"US1MEPN0060","44.88412","-68.68114","55.8","2021-10-25",,,"0.00",",,N","0.0",",,N",,
"US1MEPN0060","44.88412","-68.68114","55.8","2021-10-26",,,"0.07",",,N",,,,
"US1MEPN0060","44.88412","-68.68114","55.8","2021-10-27",,,"0.09",",,N",,,,
"US1MEPN0060","44.88412","-68.68114","55.8","2021-10-30",,,"0.00",",,N","0.0",",,N",,
"US1MEPN0060","44.88412","-68.68114","55.8","2021-10-31",,,"1.94",",,N",,,,
"US1MEPN0060","44.88412","-68.68114","55.8","2021-11-01",,,"0.50",",,N",,,,
"US1MEPN0060","44.88412","-68.68114","55.8","2021-11-02",,,"0.00",",,N","0.0",",,N",,
"US1MEPN0060","44.88412","-68.68114","55.8","2021-11-05",,,"0.00",",,N","0.0",",,N",,
"US1MEPN0060","44.88412","-68.68114","55.8","2021-11-06",,,"0.00",",,N","0.0",",,N",,
"US1MEPN0060","44.88412","-68.68114","55.8","2021-11-07",,,"0.00",",,N","0.0",",,N",,
"US1MEPN0060","44.88412","-68.68114","55.8","2021-11-08",,,"0.00",",,N","0.0",",,N",,
"US1MEPN0060","44.88412","-68.68114","55.8","2021-11-10",,,"0.00","T,,N",,,,
"US1MEPN0060","44.88412","-68.68114","55.8","2021-11-11",,,"0.19",",,N",,,,
"US1MEPN0060","44.88412","-68.68114","55.8","2021-11-12",,,"0.00",",,N","0.0",",,N",,
"US1MEPN0060","44.88412","-68.68114","55.8","2021-11-13",,,"1.00",",,N",,,,
"US1MEPN0060","44.88412","-68.68114","55.8","2021-11-14",,,"0.12",",,N",,,,
"US1MEPN0060","44.88412","-68.68114","55.8","2021-11-16",,,"0.04",",,N",,,,
"US1MEPN0060","44.88412","-68.68114","55.8","2021-11-17",,,"0.00",",,N","0.0",",,N",,
"US1MEPN0060","44.88412","-68.68114","55.8","2021-11-18",,,"0.29",",,N",,,,
"US1MEPN0060","44.88412","-68.68114","55.8","2021-11-19",,,"0.35",",,N",,,,
"US1MEPN0060","44.88412","-68.68114","55.8","2021-11-20",,,"0.00",",,N","0.0",",,N",,
"US1MEPN0060","44.88412","-68.68114","55.8","2021-11-21",,,"0.00",",,N","0.0",",,N",,
"US1MEPN0060","44.88412","-68.68114","55.8","2021-11-22",,,"0.51",",,N",,,,
"US1MEPN0060","44.88412","-68.68114","55.8","2021-11-23",,,"0.47",",,N",,,,
"US1LACT0003","31.620592","-91.84547968","17.4","2021-08-28",,,,,,,,
"US1LACT0003","31.620592","-91.84547968","17.4","2021-08-30",,,,,,,,
"US1LACT0003","31.620592","-91.84547968","17.4","2021-08-31",,,"0.23",",,N",,,,
"US1LACT0003","31.620592","-91.84547968","17.4","2021-09-01",,,"0.00",",,N","0.0",",,N",,
"US1LACT0003","31.620592","-91.84547968","17.4","2021-09-02",,,"0.00",",,N","0.0",",,N",,
"US1LACT0003","31.620592","-91.84547968","17.4","2021-09-03",,,"0.00",",,N","0.0",",,N",,
"US1LACT0003","31.620592","-91.84547968","17.4","2021-09-09",,,,,,,,
"US1LACT0003","31.620592","-91.84547968","17.4","2021-09-13",,,,,,,,
"US1LACT0003","31.620592","-91.84547968","17.4","2021-09-14",,,"0.92",",,N",,,,
"US1LACT0003","31.620592","-91.84547968","17.4","2021-09-15",,,"1.12",",,N",,,,
"US1LACT0003","31.620592","-91.84547968","17.4","2021-09-16",,,"0.25",",,N",,,,
"US1LACT0003","31.620592","-91.84547968","17.4","2021-09-21",,,,,,,,
"US1LACT0003","31.620592","-91.84547968","17.4","2021-09-22",,,"0.40",",,N",,,,
"US1LACT0003","31.620592","-91.84547968","17.4","2021-09-23",,,"0.21",",,N",,,,
"US1LACT0003","31.620592","-91.84547968","17.4","2021-09-27",,,,,,,,
"US1LACT0003","31.620592","-91.84547968","17.4","2021-09-28",,,"0.00",",,N","0.0",",,N",,
"US1LACT0003","31.620592","-91.84547968","17.4","2021-09-30",,,,,,,,
"US1LACT0003","31.620592","-91.84547968","17.4","2021-10-01",,,"0.33",",,N",,,,
"US1LACT0003","31.620592","-91.84547968","17.4","2021-10-05",,,,,,,,
"US1LACT0003","31.620592","-91.84547968","17.4","2021-10-06",,,"0.00",",,N","0.0",",,N",,
"US1LACT0003","31.620592","-91.84547968","17.4","2021-10-07",,,"0.00",",,N","0.0",",,N",,
"US1LACT0003","31.620592","-91.84547968","17.4","2021-10-08",,,"0.00",",,N","0.0",",,N",,
"US1LACT0003","31.620592","-91.84547968","17.4","2021-10-12",,,,,,,,
"US1LACT0003","31.620592","-91.84547968","17.4","2021-10-13",,,"0.00",",,N","0.0",",,N",,
"US1LACT0003","31.620592","-91.84547968","17.4","2021-10-14",,,"0.00",",,N","0.0",",,N",,
"US1LACT0003","31.620592","-91.84547968","17.4","2021-10-15",,,"0.00",",,N","0.0",",,N",,
"US1LACT0003","31.620592","-91.84547968","17.4","2021-10-19",,,,,,,,
"US1LACT0003","31.620592","-91.84547968","17.4","2021-10-20",,,"0.00",",,N","0.0",",,N",,
"US1LACT0003","31.620592","-91.84547968","17.4","2021-10-22",,,"0.00",",,N","0.0",",,N",,
"US1LACT0003","31.620592","-91.84547968","17.4","2021-10-25",,,,,,,,
"US1LACT0003","31.620592","-91.84547968","17.4","2021-10-28",,,"1.33",",,N",,,,
"US1LACT0003","31.620592","-91.84547968","17.4","2021-11-01",,,,,,,,
"US1LACT0003","31.620592","-91.84547968","17.4","2021-11-02",,,"0.00",",,N","0.0",",,N",,
"US1LACT0003","31.620592","-91.84547968","17.4","2021-11-04",,,,,,,,
"US1LACT0003","31.620592","-91.84547968","17.4","2021-11-08",,,,,,,,
"US1LACT0003","31.620592","-91.84547968","17.4","2021-11-09",,,"0.00",",,N","0.0",",,N",,
"US1LACT0003","31.620592","-91.84547968","17.4","2021-11-10",,,"0.00",",,N","0.0",",,N",,
"US1LACT0003","31.620592","-91.84547968","17.4","2021-11-19",,,,,,,,
"US1LACT0001","31.8719","-91.7097","21.9","2021-08-01",,,"0.00",",,N","0.0",",,N",,
"US1LACT0001","31.8719","-91.7097","21.9","2021-08-02",,,"0.00",",,N","0.0",",,N",,
"US1LACT0001","31.8719","-91.7097","21.9","2021-08-03",,,"0.55",",,N",,,,
"US1LACT0001","31.8719","-91.7097","21.9","2021-08-04",,,"0.00",",,N","0.0",",,N",,
"US1LACT0001","31.8719","-91.7097","21.9","2021-08-05",,,"0.00",",,N","0.0",",,N",,
"US1LACT0001","31.8719","-91.7097","21.9","2021-08-06",,,"0.00",",,N","0.0",",,N",,
"US1LACT0001","31.8719","-91.7097","21.9","2021-08-07",,,"0.00",",,N","0.0",",,N",,
"US1LACT0001","31.8719","-91.7097","21.9","2021-08-08",,,"0.00",",,N","0.0",",,N",,
"US1LACT0001","31.8719","-91.7097","21.9","2021-08-09",,,"0.00",",,N","0.0",",,N",,
"US1LACT0001","31.8719","-91.7097","21.9","2021-08-10",,,"0.00",",,N","0.0",",,N",,
"US1LACT0001","31.8719","-91.7097","21.9","2021-08-11",,,"0.00",",,N","0.0",",,N",,
"US1LACT0001","31.8719","-91.7097","21.9","2021-08-12",,,"0.00",",,N","0.0",",,N",,
"US1LACT0001","31.8719","-91.7097","21.9","2021-08-13",,,"0.00",",,N","0.0",",,N",,
"US1LACT0001","31.8719","-91.7097","21.9","2021-08-14",,,"0.00",",,N","0.0",",,N",,
"US1LACT0001","31.8719","-91.7097","21.9","2021-08-15",,,"0.26",",,N",,,,
"US1LACT0001","31.8719","-91.7097","21.9","2021-08-16",,,"0.06",",,N",,,,
"US1LACT0001","31.8719","-91.7097","21.9","2021-08-17",,,"0.00",",,N","0.0",",,N",,
"US1LACT0001","31.8719","-91.7097","21.9","2021-08-18",,,"0.00",",,N","0.0",",,N",,
"US1LACT0001","31.8719","-91.7097","21.9","2021-08-19",,,"0.00",",,N","0.0",",,N",,
"US1LACT0001","31.8719","-91.7097","21.9","2021-08-20",,,"0.00",",,N","0.0",",,N",,
"US1LACT0001","31.8719","-91.7097","21.9","2021-08-21",,,"0.00",",,N","0.0",",,N",,
"US1LACT0001","31.8719","-91.7097","21.9","2021-08-22",,,"0.00",",,N","0.0",",,N",,
"US1LACT0001","31.8719","-91.7097","21.9","2021-08-23",,,"0.00",",,N","0.0",",,N",,
"US1LACT0001","31.8719","-91.7097","21.9","2021-08-24",,,"0.00",",,N","0.0",",,N",,
"US1LACT0001","31.8719","-91.7097","21.9","2021-08-25",,,"0.24",",,N",,,,
"US1LACT0001","31.8719","-91.7097","21.9","2021-08-26",,,"0.00",",,N","0.0",",,N",,
"US1LACT0001","31.8719","-91.7097","21.9","2021-08-27",,,"0.00",",,N","0.0",",,N",,
"US1LACT0001","31.8719","-91.7097","21.9","2021-08-28",,,"0.00",",,N","0.0",",,N",,
"US1LACT0001","31.8719","-91.7097","21.9","2021-08-31",,,,,,,,
"US1LACT0001","31.8719","-91.7097","21.9","2021-09-01",,,"0.00",",,N","0.0",",,N",,
"US1LACT0001","31.8719","-91.7097","21.9","2021-09-02",,,"0.00",",,N","0.0",",,N",,
"US1LACT0001","31.8719","-91.7097","21.9","2021-09-03",,,"0.00",",,N","0.0",",,N",,
"US1LACT0001","31.8719","-91.7097","21.9","2021-09-04",,,"0.00",",,N","0.0",",,N",,
"US1LACT0001","31.8719","-91.7097","21.9","2021-09-05",,,"0.00",",,N","0.0",",,N",,
"US1LACT0001","31.8719","-91.7097","21.9","2021-09-06",,,"0.66",",,N",,,,
"US1LACT0001","31.8719","-91.7097","21.9","2021-09-07",,,"0.00",",,N","0.0",",,N",,
"US1LACT0001","31.8719","-91.7097","21.9","2021-09-08",,,"0.00",",,N","0.0",",,N",,
"US1LACT0001","31.8719","-91.7097","21.9","2021-09-09",,,"0.00",",,N","0.0",",,N",,
"US1LACT0001","31.8719","-91.7097","21.9","2021-09-10",,,"0.00",",,N","0.0",",,N",,
"US1LACT0001","31.8719","-91.7097","21.9","2021-09-11",,,"0.00",",,N","0.0",",,N",,
"US1LACT0001","31.8719","-91.7097","21.9","2021-09-12",,,"0.00",",,N","0.0",",,N",,
"US1LACT0001","31.8719","-91.7097","21.9","2021-09-13",,,"0.00",",,N","0.0",",,N",,
"US1LACT0001","31.8719","-91.7097","21.9","2021-09-14",,,"0.01",",,N",,,,
"US1LACT0001","31.8719","-91.7097","21.9","2021-09-15",,,"1.37",",,N",,,,
"US1LACT0001","31.8719","-91.7097","21.9","2021-09-16",,,"0.21",",,N",,,,
"US1LACT0001","31.8719","-91.7097","21.9","2021-09-17",,,"0.08",",,N",,,,
"US1LACT0001","31.8719","-91.7097","21.9","2021-09-18",,,"0.00",",,N","0.0",",,N",,
"US1LACT0001","31.8719","-91.7097","21.9","2021-09-19",,,"0.21",",,N",,,,
"US1LACT0001","31.8719","-91.7097","21.9","2021-09-20",,,"0.36",",,N",,,,
"US1LACT0001","31.8719","-91.7097","21.9","2021-09-21",,,"0.00",",,N","0.0",",,N",,
"US1LACT0001","31.8719","-91.7097","21.9","2021-09-22",,,"0.39",",,N",,,,
"US1LACT0001","31.8719","-91.7097","21.9","2021-09-23",,,"0.00",",,N","0.0",",,N",,
"US1LACT0001","31.8719","-91.7097","21.9","2021-09-24",,,"0.00",",,N","0.0",",,N",,
"US1LACT0001","31.8719","-91.7097","21.9","2021-09-25",,,"0.00",",,N","0.0",",,N",,
"US1LACT0001","31.8719","-91.7097","21.9","2021-09-26",,,"0.00",",,N","0.0",",,N",,
"US1LACT0001","31.8719","-91.7097","21.9","2021-09-27",,,"0.00",",,N","0.0",",,N",,
"US1LACT0001","31.8719","-91.7097","21.9","2021-09-28",,,"0.00",",,N","0.0",",,N",,
"US1LACT0001","31.8719","-91.7097","21.9","2021-09-29",,,"0.00",",,N","0.0",",,N",,
"US1LACT0001","31.8719","-91.7097","21.9","2021-09-30",,,"0.24",",,N",,,,
"US1LACT0001","31.8719","-91.7097","21.9","2021-10-01",,,"0.47",",,N",,,,
"US1LACT0001","31.8719","-91.7097","21.9","2021-10-02",,,"0.47",",,N",,,,
"US1LACT0001","31.8719","-91.7097","21.9","2021-10-03",,,"3.07",",,N",,,,
"US1LACT0001","31.8719","-91.7097","21.9","2021-10-04",,,"0.21",",,N",,,,
"US1LACT0001","31.8719","-91.7097","21.9","2021-10-05",,,"0.00",",,N","0.0",",,N",,
"US1LACT0001","31.8719","-91.7097","21.9","2021-10-06",,,"0.00",",,N","0.0",",,N",,
"US1LACT0001","31.8719","-91.7097","21.9","2021-10-07",,,"0.00",",,N","0.0",",,N",,
"US1LACT0001","31.8719","-91.7097","21.9","2021-10-08",,,"0.00",",,N","0.0",",,N",,
"US1LACT0001","31.8719","-91.7097","21.9","2021-10-09",,,"0.00",",,N","0.0",",,N",,
"US1LACT0001","31.8719","-91.7097","21.9","2021-10-10",,,"0.00",",,N","0.0",",,N",,
"US1LACT0001","31.8719","-91.7097","21.9","2021-10-11",,,"0.00",",,N","0.0",",,N",,
"US1LACT0001","31.8719","-91.7097","21.9","2021-10-12",,,"0.00",",,N","0.0",",,N",,
"US1LACT0001","31.8719","-91.7097","21.9","2021-10-13",,,"0.00",",,N","0.0",",,N",,
"US1LACT0001","31.8719","-91.7097","21.9","2021-10-14",,,"0.00",",,N","0.0",",,N",,
"US1LACT0001","31.8719","-91.7097","21.9","2021-10-15",,,"0.00",",,N","0.0",",,N",,
"US1LACT0001","31.8719","-91.7097","21.9","2021-10-16",,,"0.13",",,N",,,,
"US1LACT0001","31.8719","-91.7097","21.9","2021-10-17",,,"0.00",",,N","0.0",",,N",,
"US1LACT0001","31.8719","-91.7097","21.9","2021-10-18",,,"0.00",",,N","0.0",",,N",,
"US1LACT0001","31.8719","-91.7097","21.9","2021-10-19",,,"0.00",",,N","0.0",",,N",,
"US1LACT0001","31.8719","-91.7097","21.9","2021-10-20",,,"0.00",",,N","0.0",",,N",,
"US1LACT0001","31.8719","-91.7097","21.9","2021-10-21",,,"0.00",",,N","0.0",",,N",,
"US1LACT0001","31.8719","-91.7097","21.9","2021-10-22",,,"0.00",",,N","0.0",",,N",,
"US1LACT0001","31.8719","-91.7097","21.9","2021-10-23",,,"0.00",",,N","0.0",",,N",,
"US1LACT0001","31.8719","-91.7097","21.9","2021-10-24",,,"0.00",",,N","0.0",",,N",,
"US1LACT0001","31.8719","-91.7097","21.9","2021-10-25",,,"0.00",",,N","0.0",",,N",,
"US1LACT0001","31.8719","-91.7097","21.9","2021-10-26",,,"0.00",",,N","0.0",",,N",,
"US1LACT0001","31.8719","-91.7097","21.9","2021-10-27",,,"0.00",",,N","0.0",",,N",,
"US1LACT0001","31.8719","-91.7097","21.9","2021-10-28",,,"0.91",",,N",,,,
"US1LACT0001","31.8719","-91.7097","21.9","2021-10-29",,,"0.00",",,N","0.0",",,N",,
"US1LACT0001","31.8719","-91.7097","21.9","2021-10-30",,,"0.00",",,N","0.0",",,N",,
"US1LACT0001","31.8719","-91.7097","21.9","2021-10-31",,,"0.00",",,N","0.0",",,N",,
"US1LACT0001","31.8719","-91.7097","21.9","2021-11-01",,,"0.00",",,N","0.0",",,N",,
"US1LACT0001","31.8719","-91.7097","21.9","2021-11-02",,,"0.00",",,N","0.0",",,N",,
"US1LACT0001","31.8719","-91.7097","21.9","2021-11-03",,,"0.00",",,N","0.0",",,N",,
"US1LACT0001","31.8719","-91.7097","21.9","2021-11-04",,,"0.29",",,N",,,,
"US1LACT0001","31.8719","-91.7097","21.9","2021-11-05",,,"0.00",",,N","0.0",",,N",,
"US1LACT0001","31.8719","-91.7097","21.9","2021-11-06",,,"0.00",",,N","0.0",",,N",,
"US1LACT0001","31.8719","-91.7097","21.9","2021-11-07",,,"0.00",",,N","0.0",",,N",,
"US1LACT0001","31.8719","-91.7097","21.9","2021-11-08",,,"0.00",",,N","0.0",",,N",,
"US1LACT0001","31.8719","-91.7097","21.9","2021-11-09",,,"0.00",",,N","0.0",",,N",,
"US1LACT0001","31.8719","-91.7097","21.9","2021-11-10",,,"0.00",",,N","0.0",",,N",,
"US1LACT0001","31.8719","-91.7097","21.9","2021-11-11",,,"0.41",",,N",,,,
"US1LACT0001","31.8719","-91.7097","21.9","2021-11-12",,,"0.00",",,N","0.0",",,N",,
"US1LACT0001","31.8719","-91.7097","21.9","2021-11-13",,,"0.00",",,N","0.0",",,N",,
"US1LACT0001","31.8719","-91.7097","21.9","2021-11-14",,,"0.00",",,N","0.0",",,N",,
"US1LACT0001","31.8719","-91.7097","21.9","2021-11-15",,,"0.00",",,N","0.0",",,N",,
"US1LACT0001","31.8719","-91.7097","21.9","2021-11-16",,,"0.00",",,N","0.0",",,N",,
"US1LACT0001","31.8719","-91.7097","21.9","2021-11-17",,,"0.00",",,N","0.0",",,N",,
"US1LACT0001","31.8719","-91.7097","21.9","2021-11-18",,,"0.00",",,N","0.0",",,N",,
"US1LACT0001","31.8719","-91.7097","21.9","2021-11-19",,,"0.00",",,N","0.0",",,N",,
"US1LACT0001","31.8719","-91.7097","21.9","2021-11-20",,,"0.00",",,N","0.0",",,N",,
"US1LACT0001","31.8719","-91.7097","21.9","2021-11-21",,,"0.00",",,N","0.0",",,N",,
"US1LACT0001","31.8719","-91.7097","21.9","2021-11-22",,,"0.52",",,N",,,,
"US1LACT0001","31.8719","-91.7097","21.9","2021-11-23",,,"0.00",",,N","0.0",",,N",,
"US1LACT0001","31.8719","-91.7097","21.9","2021-11-24",,,"0.00",",,N","0.0",",,N",,
"US1LACT0001","31.8719","-91.7097","21.9","2021-11-25",,,"0.00",",,N","0.0",",,N",,
"US1LACT0001","31.8719","-91.7097","21.9","2021-11-26",,,"0.21",",,N",,,,
"US1LACT0001","31.8719","-91.7097","21.9","2021-11-27",,,"0.00",",,N","0.0",",,N",,
"US1LACT0001","31.8719","-91.7097","21.9","2021-11-28",,,"0.25",",,N",,,,
"US1MEHN0017","44.64628333","-68.50273333","50.9","2021-08-01",,,"0.00",",,N","0.0",",,N",,
"US1MEHN0017","44.64628333","-68.50273333","50.9","2021-08-02",,,"0.00",",,N","0.0",",,N",,
"US1MEHN0017","44.64628333","-68.50273333","50.9","2021-08-03",,,"0.12",",,N",,,,
"US1MEHN0017","44.64628333","-68.50273333","50.9","2021-08-04",,,"0.00",",,N","0.0",",,N",,
"US1MEHN0017","44.64628333","-68.50273333","50.9","2021-08-05",,,"0.28",",,N",,,,
"US1MEHN0017","44.64628333","-68.50273333","50.9","2021-08-06",,,"0.54",",,N",,,,
"US1MEHN0017","44.64628333","-68.50273333","50.9","2021-08-07",,,"0.00",",,N","0.0",",,N",,
"US1MEHN0017","44.64628333","-68.50273333","50.9","2021-08-08",,,"0.00",",,N","0.0",",,N",,
"US1MEHN0017","44.64628333","-68.50273333","50.9","2021-08-09",,,"0.00",",,N","0.0",",,N",,
"US1MEHN0017","44.64628333","-68.50273333","50.9","2021-08-10",,,"0.00","T,,N",,,,
"US1MEHN0017","44.64628333","-68.50273333","50.9","2021-08-11",,,"0.00",",,N","0.0",",,N",,
"US1MEHN0017","44.64628333","-68.50273333","50.9","2021-08-12",,,"0.00",",,N","0.0",",,N",,
"US1MEHN0017","44.64628333","-68.50273333","50.9","2021-08-13",,,"0.00",",,N","0.0",",,N",,
"US1MEHN0017","44.64628333","-68.50273333","50.9","2021-08-14",,,"0.00",",,N","0.0",",,N",,
"US1MEHN0017","44.64628333","-68.50273333","50.9","2021-08-15",,,"1.54",",,N",,,,
"US1MEHN0017","44.64628333","-68.50273333","50.9","2021-08-16",,,"0.00",",,N","0.0",",,N",,
"US1MEHN0017","44.64628333","-68.50273333","50.9","2021-08-17",,,"0.00",",,N","0.0",",,N",,
"US1MEHN0017","44.64628333","-68.50273333","50.9","2021-08-18",,,"0.00",",,N","0.0",",,N",,
"US1MEHN0017","44.64628333","-68.50273333","50.9","2021-08-19",,,"0.07",",,N",,,,
"US1MEHN0017","44.64628333","-68.50273333","50.9","2021-08-20",,,"0.14",",,N",,,,
"US1MEHN0017","44.64628333","-68.50273333","50.9","2021-08-21",,,"0.00",",,N","0.0",",,N",,
"US1MEHN0017","44.64628333","-68.50273333","50.9","2021-08-22",,,"0.00",",,N","0.0",",,N",,
"US1MEHN0017","44.64628333","-68.50273333","50.9","2021-08-23",,,"0.21",",,N",,,,
"US1MEHN0017","44.64628333","-68.50273333","50.9","2021-08-24",,,"1.92",",,N",,,,
"US1MEHN0017","44.64628333","-68.50273333","50.9","2021-08-25",,,"0.02",",,N",,,,
"US1MEHN0017","44.64628333","-68.50273333","50.9","2021-08-26",,,"0.00",",,N","0.0",",,N",,
"US1MEHN0017","44.64628333","-68.50273333","50.9","2021-08-27",,,"0.00",",,N","0.0",",,N",,
"US1MEHN0017","44.64628333","-68.50273333","50.9","2021-08-28",,,"0.00",",,N","0.0",",,N",,
"US1MEHN0017","44.64628333","-68.50273333","50.9","2021-08-29",,,"0.02",",,N",,,,
"US1MEHN0017","44.64628333","-68.50273333","50.9","2021-08-30",,,"0.00","T,,N",,,,
"US1MEHN0017","44.64628333","-68.50273333","50.9","2021-08-31",,,"0.01",",,N",,,,
"US1MEHN0017","44.64628333","-68.50273333","50.9","2021-09-01",,,"0.00",",,N","0.0",",,N",,
"US1MEHN0017","44.64628333","-68.50273333","50.9","2021-09-02",,,"0.55",",,N",,,,
"US1MEHN0017","44.64628333","-68.50273333","50.9","2021-09-03",,,"0.56",",,N",,,,
"US1MEHN0017","44.64628333","-68.50273333","50.9","2021-09-04",,,"0.18",",,N",,,,
"US1MEHN0017","44.64628333","-68.50273333","50.9","2021-09-05",,,"0.00",",,N","0.0",",,N",,
"US1MEHN0017","44.64628333","-68.50273333","50.9","2021-09-06",,,"0.07",",,N",,,,
"US1MEHN0017","44.64628333","-68.50273333","50.9","2021-09-07",,,"0.24",",,N",,,,
"US1MEHN0017","44.64628333","-68.50273333","50.9","2021-09-08",,,"0.00",",,N","0.0",",,N",,
"US1MEHN0017","44.64628333","-68.50273333","50.9","2021-09-09",,,"0.02",",,N",,,,
"US1MEHN0017","44.64628333","-68.50273333","50.9","2021-09-10",,,"2.70",",,N",,,,
"US1MEHN0017","44.64628333","-68.50273333","50.9","2021-09-11",,,"0.32",",,N",,,,
"US1MEHN0017","44.64628333","-68.50273333","50.9","2021-09-12",,,"0.00",",,N","0.0",",,N",,
"US1MEHN0017","44.64628333","-68.50273333","50.9","2021-09-13",,,"0.01",",,N",,,,
"US1MEHN0017","44.64628333","-68.50273333","50.9","2021-09-14",,,"0.00",",,N","0.0",",,N",,
"US1MEHN0017","44.64628333","-68.50273333","50.9","2021-09-15",,,"0.00",",,N","0.0",",,N",,
"US1MEHN0017","44.64628333","-68.50273333","50.9","2021-09-16",,,"0.21",",,N",,,,
"US1MEHN0017","44.64628333","-68.50273333","50.9","2021-09-17",,,"0.00",",,N","0.0",",,N",,
"US1MEHN0017","44.64628333","-68.50273333","50.9","2021-09-18",,,"0.01",",,N",,,,
"US1MEHN0017","44.64628333","-68.50273333","50.9","2021-09-19",,,"0.50",",,N",,,,
"US1MEHN0017","44.64628333","-68.50273333","50.9","2021-09-20",,,"0.00",",,N","0.0",",,N",,
"US1MEHN0017","44.64628333","-68.50273333","50.9","2021-09-21",,,"0.00",",,N","0.0",",,N",,
"US1MEHN0017","44.64628333","-68.50273333","50.9","2021-09-22",,,"0.00",",,N","0.0",",,N",,
"US1MEHN0017","44.64628333","-68.50273333","50.9","2021-09-23",,,"0.00",",,N","0.0",",,N",,
"US1MEHN0017","44.64628333","-68.50273333","50.9","2021-09-24",,,"0.00",",,N","0.0",",,N",,
"US1MEHN0017","44.64628333","-68.50273333","50.9","2021-09-25",,,"1.85",",,N",,,,
"US1MEHN0017","44.64628333","-68.50273333","50.9","2021-09-26",,,"1.49",",,N",,,,
"US1MEHN0017","44.64628333","-68.50273333","50.9","2021-09-27",,,"2.07",",,N",,,,
"US1MEHN0017","44.64628333","-68.50273333","50.9","2021-09-28",,,"0.00",",,N","0.0",",,N",,
"US1MEHN0017","44.64628333","-68.50273333","50.9","2021-09-29",,,"0.00",",,N","0.0",",,N",,
"US1MEHN0017","44.64628333","-68.50273333","50.9","2021-09-30",,,"0.00",",,N","0.0",",,N",,
"US1MEHN0017","44.64628333","-68.50273333","50.9","2021-10-01",,,"0.00",",,N","0.0",",,N",,
"US1MEHN0017","44.64628333","-68.50273333","50.9","2021-10-02",,,"0.00",",,N","0.0",",,N",,
"US1MEHN0017","44.64628333","-68.50273333","50.9","2021-10-03",,,"0.00",",,N","0.0",",,N",,
"US1MEHN0017","44.64628333","-68.50273333","50.9","2021-10-04",,,"0.00",",,N","0.0",",,N",,
"US1MEHN0017","44.64628333","-68.50273333","50.9","2021-10-05",,,"0.00",",,N","0.0",",,N",,
"US1MEHN0017","44.64628333","-68.50273333","50.9","2021-10-06",,,"0.00",",,N","0.0",",,N",,
"US1MEHN0017","44.64628333","-68.50273333","50.9","2021-10-07",,,"0.00",",,N","0.0",",,N",,
"US1MEHN0017","44.64628333","-68.50273333","50.9","2021-10-08",,,"0.00",",,N","0.0",",,N",,
"US1MEHN0017","44.64628333","-68.50273333","50.9","2021-10-09",,,"0.00",",,N","0.0",",,N",,
"US1MEHN0017","44.64628333","-68.50273333","50.9","2021-10-10",,,"0.00",",,N","0.0",",,N",,
"US1MEHN0017","44.64628333","-68.50273333","50.9","2021-10-11",,,"0.00",",,N","0.0",",,N",,
"US1MEHN0017","44.64628333","-68.50273333","50.9","2021-10-12",,,"0.00",",,N","0.0",",,N",,
"US1MEHN0017","44.64628333","-68.50273333","50.9","2021-10-13",,,"0.00",",,N","0.0",",,N",,
"US1MEHN0017","44.64628333","-68.50273333","50.9","2021-10-14",,,"0.00",",,N","0.0",",,N",,
"US1MEHN0017","44.64628333","-68.50273333","50.9","2021-10-15",,,"0.00",",,N","0.0",",,N",,
"US1MEHN0017","44.64628333","-68.50273333","50.9","2021-10-16",,,"0.07",",,N",,,,
"US1MEHN0017","44.64628333","-68.50273333","50.9","2021-10-17",,,"1.54",",,N",,,,
"US1MEHN0017","44.64628333","-68.50273333","50.9","2021-10-18",,,"0.04",",,N",,,,
"US1MEHN0017","44.64628333","-68.50273333","50.9","2021-10-19",,,"0.00",",,N","0.0",",,N",,
"US1MEHN0017","44.64628333","-68.50273333","50.9","2021-10-20",,,"0.00",",,N","0.0",",,N",,
"US1MEHN0017","44.64628333","-68.50273333","50.9","2021-10-21",,,"0.00",",,N","0.0",",,N",,
"US1MEHN0017","44.64628333","-68.50273333","50.9","2021-10-22",,,"0.01",",,N",,,,
"US1MEHN0017","44.64628333","-68.50273333","50.9","2021-10-23",,,"0.05",",,N",,,,
"US1MEHN0017","44.64628333","-68.50273333","50.9","2021-10-24",,,"0.00",",,N","0.0",",,N",,
"US1MEHN0017","44.64628333","-68.50273333","50.9","2021-10-25",,,"0.00",",,N","0.0",",,N",,
"US1MEHN0017","44.64628333","-68.50273333","50.9","2021-10-26",,,"0.06",",,N",,,,
"US1MEHN0017","44.64628333","-68.50273333","50.9","2021-10-27",,,"0.02",",,N",,,,
"US1MEHN0017","44.64628333","-68.50273333","50.9","2021-10-28",,,"0.05",",,N",,,,
"US1MEHN0017","44.64628333","-68.50273333","50.9","2021-10-29",,,"0.00",",,N","0.0",",,N",,
"US1MEHN0017","44.64628333","-68.50273333","50.9","2021-10-30",,,"0.00",",,N","0.0",",,N",,
"US1MEHN0017","44.64628333","-68.50273333","50.9","2021-10-31",,,"2.39",",,N",,,,
"US1MEHN0017","44.64628333","-68.50273333","50.9","2021-11-01",,,"0.63",",,N",,,,
"US1MEHN0017","44.64628333","-68.50273333","50.9","2021-11-02",,,"0.00","T,,N",,,,
"US1MEHN0017","44.64628333","-68.50273333","50.9","2021-11-03",,,"0.00",",,N","0.0",",,N",,
"US1MEHN0017","44.64628333","-68.50273333","50.9","2021-11-04",,,"0.00",",,N","0.0",",,N",,
"US1MEHN0017","44.64628333","-68.50273333","50.9","2021-11-05",,,"0.00",",,N","0.0",",,N",,
"US1MEHN0017","44.64628333","-68.50273333","50.9","2021-11-06",,,"0.00",",,N","0.0",",,N",,
"US1MEHN0017","44.64628333","-68.50273333","50.9","2021-11-07",,,"0.00",",,N","0.0",",,N",,
"US1MEHN0017","44.64628333","-68.50273333","50.9","2021-11-08",,,"0.00",",,N","0.0",",,N",,
"US1MEHN0017","44.64628333","-68.50273333","50.9","2021-11-09",,,"0.00",",,N","0.0",",,N",,
"US1MEHN0017","44.64628333","-68.50273333","50.9","2021-11-10",,,"0.02",",,N",,,,
"US1MEHN0017","44.64628333","-68.50273333","50.9","2021-11-11",,,"0.35",",,N",,,,
"US1MEHN0017","44.64628333","-68.50273333","50.9","2021-11-12",,,"0.00",",,N","0.0",",,N",,
"US1MEHN0017","44.64628333","-68.50273333","50.9","2021-11-13",,,"1.49",",,N",,,,
"US1MEHN0017","44.64628333","-68.50273333","50.9","2021-11-14",,,"0.28",",,N",,,,
"US1MEHN0017","44.64628333","-68.50273333","50.9","2021-11-15",,,"0.12",",,N",,,,
"US1MEHN0017","44.64628333","-68.50273333","50.9","2021-11-16",,,"0.13",",,N",,,,
"US1MEHN0017","44.64628333","-68.50273333","50.9","2021-11-17",,,"0.00",",,N","0.0",",,N",,
"US1MEHN0017","44.64628333","-68.50273333","50.9","2021-11-18",,,"0.19",",,N",,,,
"US1MEHN0017","44.64628333","-68.50273333","50.9","2021-11-19",,,"0.27",",,N",,,,
"US1MEHN0017","44.64628333","-68.50273333","50.9","2021-11-20",,,"0.00",",,N","0.0",",,N",,
"US1MEHN0017","44.64628333","-68.50273333","50.9","2021-11-21",,,"0.00",",,N","0.0",",,N",,
"US1MEHN0017","44.64628333","-68.50273333","50.9","2021-11-22",,,"1.63",",,N",,,,
"US1MEHN0017","44.64628333","-68.50273333","50.9","2021-11-23",,,"0.73",",,N",,,,
"US1MEHN0017","44.64628333","-68.50273333","50.9","2021-11-24",,,"0.00",",,N","0.0",",,N",,
"US1MEHN0017","44.64628333","-68.50273333","50.9","2021-11-25",,,"0.00",",,N","0.0",",,N",,
"US1MEHN0017","44.64628333","-68.50273333","50.9","2021-11-26",,,"0.00",",,N","0.0",",,N",,
"US1MEHN0017","44.64628333","-68.50273333","50.9","2021-11-27",,,"0.66",",,N","1.5",",,N",,
"US1MEHN0017","44.64628333","-68.50273333","50.9","2021-11-28",,,"0.00",",,N","0.0",",,N",,
"US1MEYK0046","43.765166","-70.868641","143.9","2021-08-01",,,"0.00",",,N","0.0",",,N",,
"US1MEYK0046","43.765166","-70.868641","143.9","2021-08-02",,,"0.93",",,N",,,,
"US1MEYK0046","43.765166","-70.868641","143.9","2021-08-03",,,"0.00",",,N","0.0",",,N",,
"US1MEYK0046","43.765166","-70.868641","143.9","2021-08-04",,,"0.00",",,N","0.0",",,N",,
"US1MEYK0046","43.765166","-70.868641","143.9","2021-08-05",,,"0.00",",,N","0.0",",,N",,
"US1MEYK0046","43.765166","-70.868641","143.9","2021-08-06",,,"0.05",",,N",,,,
"US1MEYK0046","43.765166","-70.868641","143.9","2021-08-07",,,"0.00",",,N","0.0",",,N",,
"US1MEYK0046","43.765166","-70.868641","143.9","2021-08-08",,,"0.00",",,N","0.0",",,N",,
"US1MEYK0046","43.765166","-70.868641","143.9","2021-08-09",,,"0.00",",,N","0.0",",,N",,
"US1MEYK0046","43.765166","-70.868641","143.9","2021-08-10",,,"0.00",",,N","0.0",",,N",,
"US1MEYK0046","43.765166","-70.868641","143.9","2021-08-11",,,"0.00",",,N","0.0",",,N",,
"US1MEYK0046","43.765166","-70.868641","143.9","2021-08-12",,,"0.00",",,N","0.0",",,N",,
"US1MEYK0046","43.765166","-70.868641","143.9","2021-08-13",,,"0.00",",,N","0.0",",,N",,
"US1MEYK0046","43.765166","-70.868641","143.9","2021-08-14",,,"0.00",",,N","0.0",",,N",,
"US1MEYK0046","43.765166","-70.868641","143.9","2021-08-15",,,"0.00","T,,N",,,,
"US1MEYK0046","43.765166","-70.868641","143.9","2021-08-16",,,"0.00",",,N","0.0",",,N",,
"US1MEYK0046","43.765166","-70.868641","143.9","2021-08-17",,,"0.00",",,N","0.0",",,N",,
"US1MEYK0046","43.765166","-70.868641","143.9","2021-08-18",,,"0.02",",,N",,,,
"US1MEYK0046","43.765166","-70.868641","143.9","2021-08-19",,,"0.00","T,,N",,,,
"US1MEYK0046","43.765166","-70.868641","143.9","2021-08-20",,,"0.38",",,N",,,,
"US1MEYK0046","43.765166","-70.868641","143.9","2021-08-21",,,"0.00",",,N","0.0",",,N",,
"US1MEYK0046","43.765166","-70.868641","143.9","2021-08-22",,,"0.38",",,N",,,,
"US1MEYK0046","43.765166","-70.868641","143.9","2021-08-23",,,"0.37",",,N",,,,
"US1MEYK0046","43.765166","-70.868641","143.9","2021-08-24",,,"0.70",",,N",,,,
"US1MEYK0046","43.765166","-70.868641","143.9","2021-08-26",,,"0.00",",,N","0.0",",,N",,
"US1MEYK0046","43.765166","-70.868641","143.9","2021-08-27",,,"0.07",",,N",,,,
"US1MEYK0046","43.765166","-70.868641","143.9","2021-08-29",,,"0.00",",,N","0.0",",,N",,
"US1MEYK0046","43.765166","-70.868641","143.9","2021-08-30",,,"0.00",",,N","0.0",",,N",,
"US1MEYK0046","43.765166","-70.868641","143.9","2021-08-31",,,"0.07",",,N",,,,
"US1MEYK0046","43.765166","-70.868641","143.9","2021-09-01",,,"0.00",",,N","0.0",",,N",,
"US1MEYK0046","43.765166","-70.868641","143.9","2021-09-02",,,"1.65",",,N",,,,
"US1MEYK0046","43.765166","-70.868641","143.9","2021-09-03",,,"0.00",",,N","0.0",",,N",,
"US1MEYK0046","43.765166","-70.868641","143.9","2021-09-04",,,"0.06",",,N",,,,
"US1MEYK0046","43.765166","-70.868641","143.9","2021-09-05",,,"0.00",",,N","0.0",",,N",,
"US1MEYK0046","43.765166","-70.868641","143.9","2021-09-06",,,"0.20",",,N",,,,
"US1MEYK0046","43.765166","-70.868641","143.9","2021-09-07",,,"0.06",",,N",,,,
"US1MEYK0046","43.765166","-70.868641","143.9","2021-09-13",,,,,,,,
"US1MEYK0046","43.765166","-70.868641","143.9","2021-09-14",,,"0.00",",,N","0.0",",,N",,
"US1MEYK0046","43.765166","-70.868641","143.9","2021-09-15",,,"0.00",",,N","0.0",",,N",,
"US1MEYK0046","43.765166","-70.868641","143.9","2021-09-16",,,"0.21",",,N",,,,
"US1MEYK0046","43.765166","-70.868641","143.9","2021-09-17",,,"0.00",",,N","0.0",",,N",,
"US1MEYK0046","43.765166","-70.868641","143.9","2021-09-18",,,"0.00",",,N","0.0",",,N",,
"US1MEYK0046","43.765166","-70.868641","143.9","2021-09-19",,,"0.29",",,N",,,,
"US1MEYK0046","43.765166","-70.868641","143.9","2021-09-20",,,"0.00",",,N","0.0",",,N",,
"US1MEYK0046","43.765166","-70.868641","143.9","2021-09-21",,,"0.00",",,N","0.0",",,N",,
"US1MEYK0046","43.765166","-70.868641","143.9","2021-09-22",,,"0.02",",,N",,,,
"US1MEYK0046","43.765166","-70.868641","143.9","2021-09-23",,,"0.00","T,,N","0.0",",,N",,
"US1MEYK0046","43.765166","-70.868641","143.9","2021-09-24",,,"0.05",",,N",,,,
"US1MEYK0046","43.765166","-70.868641","143.9","2021-09-25",,,"0.05",",,N",,,,
"US1MEYK0046","43.765166","-70.868641","143.9","2021-09-26",,,"0.07",",,N",,,,
"US1MEYK0046","43.765166","-70.868641","143.9","2021-09-27",,,"0.00",",,N","0.0",",,N",,
"US1MEYK0046","43.765166","-70.868641","143.9","2021-09-28",,,"0.04",",,N",,,,
"US1MEYK0046","43.765166","-70.868641","143.9","2021-09-29",,,"0.02",",,N",,,,
"US1MEYK0046","43.765166","-70.868641","143.9","2021-09-30",,,"0.00",",,N","0.0",",,N",,
"US1MEYK0046","43.765166","-70.868641","143.9","2021-10-01",,,"0.03",",,N",,,,
"US1MEYK0046","43.765166","-70.868641","143.9","2021-10-02",,,"0.00",",,N","0.0",",,N",,
"US1MEYK0046","43.765166","-70.868641","143.9","2021-10-03",,,"0.06",",,N",,,,
"US1MEYK0046","43.765166","-70.868641","143.9","2021-10-04",,,"0.04",",,N",,,,
"US1MEYK0046","43.765166","-70.868641","143.9","2021-10-06",,,,,,,,
"US1MEYK0046","43.765166","-70.868641","143.9","2021-10-07",,,"0.00",",,N","0.0",",,N",,
"US1MEYK0046","43.765166","-70.868641","143.9","2021-10-08",,,"0.00",",,N","0.0",",,N",,
"US1MEYK0046","43.765166","-70.868641","143.9","2021-10-09",,,"0.00",",,N","0.0",",,N",,
"US1MEYK0046","43.765166","-70.868641","143.9","2021-10-10",,,"0.00",",,N","0.0",",,N",,
"US1MEYK0046","43.765166","-70.868641","143.9","2021-10-11",,,"0.00",",,N","0.0",",,N",,
"US1MEYK0046","43.765166","-70.868641","143.9","2021-10-12",,,"0.00",",,N","0.0",",,N",,
"US1MEYK0046","43.765166","-70.868641","143.9","2021-10-13",,,"0.00",",,N","0.0",",,N",,
"US1MEYK0046","43.765166","-70.868641","143.9","2021-10-14",,,"0.00",",,N","0.0",",,N",,
"US1MEYK0046","43.765166","-70.868641","143.9","2021-10-15",,,"0.00",",,N","0.0",",,N",,
"US1MEYK0046","43.765166","-70.868641","143.9","2021-10-16",,,"1.00",",,N",,,,
"US1MEYK0046","43.765166","-70.868641","143.9","2021-10-17",,,"0.37",",,N",,,,
"US1MEYK0046","43.765166","-70.868641","143.9","2021-10-18",,,"0.00",",,N","0.0",",,N",,
"US1MEYK0046","43.765166","-70.868641","143.9","2021-10-19",,,"0.02",",,N",,,,
"US1MEYK0046","43.765166","-70.868641","143.9","2021-10-20",,,"0.00",",,N","0.0",",,N",,
"US1MEYK0046","43.765166","-70.868641","143.9","2021-10-21",,,"0.00",",,N","0.0",",,N",,
"US1MEYK0046","43.765166","-70.868641","143.9","2021-10-22",,,"0.05",",,N",,,,
"US1MEYK0046","43.765166","-70.868641","143.9","2021-10-23",,,"0.00",",,N","0.0",",,N",,
"US1MEYK0046","43.765166","-70.868641","143.9","2021-10-24",,,"0.00",",,N","0.0",",,N",,
"US1MEYK0046","43.765166","-70.868641","143.9","2021-10-25",,,"0.12",",,N",,,,
"US1MEYK0046","43.765166","-70.868641","143.9","2021-10-26",,,"0.35",",,N",,,,
"US1MEYK0046","43.765166","-70.868641","143.9","2021-10-27",,,"1.06",",,N",,,,
"US1MEYK0046","43.765166","-70.868641","143.9","2021-10-28",,,"0.13",",,N",,,,
"US1MEYK0046","43.765166","-70.868641","143.9","2021-10-29",,,"0.00",",,N","0.0",",,N",,
"US1MEYK0046","43.765166","-70.868641","143.9","2021-10-30",,,"0.11",",,N",,,,
"US1MEYK0046","43.765166","-70.868641","143.9","2021-10-31",,,"2.96",",,N",,,,
"US1MEYK0046","43.765166","-70.868641","143.9","2021-11-01",,,"0.12",",,N",,,,
"US1MEYK0046","43.765166","-70.868641","143.9","2021-11-02",,,"0.00",",,N","0.0",",,N",,
"US1MEYK0046","43.765166","-70.868641","143.9","2021-11-03",,,"0.00",",,N","0.0",",,N",,
"US1MEYK0046","43.765166","-70.868641","143.9","2021-11-04",,,"0.00",",,N","0.0",",,N",,
"US1MEYK0046","43.765166","-70.868641","143.9","2021-11-05",,,"0.00",",,N","0.0",",,N",,
"US1MEYK0046","43.765166","-70.868641","143.9","2021-11-06",,,"0.00",",,N","0.0",",,N",,
"US1MEYK0046","43.765166","-70.868641","143.9","2021-11-07",,,"0.00",",,N","0.0",",,N",,
"US1MEYK0046","43.765166","-70.868641","143.9","2021-11-08",,,"0.00",",,N","0.0",",,N",,
"US1MEYK0046","43.765166","-70.868641","143.9","2021-11-09",,,"0.00",",,N","0.0",",,N",,
"US1MEYK0046","43.765166","-70.868641","143.9","2021-11-10",,,"0.07",",,N",,,,
"US1MEYK0046","43.765166","-70.868641","143.9","2021-11-11",,,"0.00",",,N","0.0",",,N",,
"US1MEYK0046","43.765166","-70.868641","143.9","2021-11-12",,,"0.00","T,,N",,,,
"US1MEYK0046","43.765166","-70.868641","143.9","2021-11-13",,,"1.25",",,N",,,,
"US1MEYK0046","43.765166","-70.868641","143.9","2021-11-14",,,"0.45",",,N",,,,
"US1MEYK0046","43.765166","-70.868641","143.9","2021-11-15",,,"0.12",",,N",,,,
"US1MEYK0046","43.765166","-70.868641","143.9","2021-11-16",,,"0.00",",,N","0.0",",,N",,
"US1MEYK0046","43.765166","-70.868641","143.9","2021-11-21",,,,,,,,
"US1MEYK0046","43.765166","-70.868641","143.9","2021-11-22",,,"0.11",",,N",,,,
"US1MEYK0046","43.765166","-70.868641","143.9","2021-11-23",,,"0.03",",,N",,,,
"US1MEYK0046","43.765166","-70.868641","143.9","2021-11-24",,,"0.00",",,N","0.0",",,N",,
"US1MEYK0046","43.765166","-70.868641","143.9","2021-11-25",,,"0.00",",,N","0.0",",,N",,
"US1MEYK0046","43.765166","-70.868641","143.9","2021-11-26",,,"0.00",",,N","0.0",",,N",,
"US1MEYK0046","43.765166","-70.868641","143.9","2021-11-27",,,"0.19",",,N",,,,
"US1MEYK0046","43.765166","-70.868641","143.9","2021-11-28",,,"0.00",",,N","0.0",",,N",,
"US1MEHN0021","44.64703333","-68.45741667","77.7","2021-08-01",,,"0.00",",,N","0.0",",,N",,
"US1MEHN0021","44.64703333","-68.45741667","77.7","2021-08-02",,,"0.00",",,N","0.0",",,N",,
"US1MEHN0021","44.64703333","-68.45741667","77.7","2021-08-03",,,"0.16",",,N",,,,
"US1MEHN0021","44.64703333","-68.45741667","77.7","2021-08-04",,,"0.01",",,N",,,,
"US1MEHN0021","44.64703333","-68.45741667","77.7","2021-08-05",,,"0.39",",,N",,,,
"US1MEHN0021","44.64703333","-68.45741667","77.7","2021-08-06",,,"0.54",",,N",,,,
"US1MEHN0021","44.64703333","-68.45741667","77.7","2021-08-07",,,"0.01",",,N",,,,
"US1MEHN0021","44.64703333","-68.45741667","77.7","2021-08-08",,,"0.00",",,N","0.0",",,N",,
"US1MEHN0021","44.64703333","-68.45741667","77.7","2021-08-09",,,"0.00",",,N","0.0",",,N",,
"US1MEHN0021","44.64703333","-68.45741667","77.7","2021-08-10",,,"0.00",",,N","0.0",",,N",,
"US1MEHN0021","44.64703333","-68.45741667","77.7","2021-08-11",,,"0.00",",,N","0.0",",,N",,
"US1MEHN0021","44.64703333","-68.45741667","77.7","2021-08-12",,,"0.00",",,N","0.0",",,N",,
"US1MEHN0021","44.64703333","-68.45741667","77.7","2021-08-13",,,"0.00",",,N","0.0",",,N",,
"US1MEHN0021","44.64703333","-68.45741667","77.7","2021-08-14",,,"0.00",",,N","0.0",",,N",,
"US1MEHN0021","44.64703333","-68.45741667","77.7","2021-08-15",,,"0.75",",,N",,,,
"US1MEHN0021","44.64703333","-68.45741667","77.7","2021-08-16",,,"0.00",",,N","0.0",",,N",,
"US1MEHN0021","44.64703333","-68.45741667","77.7","2021-08-17",,,"0.01",",,N",,,,
"US1MEHN0021","44.64703333","-68.45741667","77.7","2021-08-18",,,"0.03",",,N",,,,
"US1MEHN0021","44.64703333","-68.45741667","77.7","2021-08-19",,,"0.04",",,N",,,,
"US1MEHN0021","44.64703333","-68.45741667","77.7","2021-08-20",,,"0.20",",,N",,,,
"US1MEHN0021","44.64703333","-68.45741667","77.7","2021-08-21",,,"0.02",",,N",,,,
"US1MEHN0021","44.64703333","-68.45741667","77.7","2021-08-22",,,"0.02",",,N",,,,
"US1MEHN0021","44.64703333","-68.45741667","77.7","2021-08-23",,,"0.23",",,N",,,,
"US1MEHN0021","44.64703333","-68.45741667","77.7","2021-08-24",,,"1.60",",,N",,,,
"US1MEHN0021","44.64703333","-68.45741667","77.7","2021-08-25",,,"0.00",",,N","0.0",",,N",,
"US1MEHN0021","44.64703333","-68.45741667","77.7","2021-08-26",,,"0.00",",,N","0.0",",,N",,
"US1MEHN0021","44.64703333","-68.45741667","77.7","2021-08-27",,,"0.01",",,N",,,,
"US1MEHN0021","44.64703333","-68.45741667","77.7","2021-08-28",,,"0.00",",,N","0.0",",,N",,
"US1MEHN0021","44.64703333","-68.45741667","77.7","2021-08-29",,,"0.00",",,N","0.0",",,N",,
"US1MEHN0021","44.64703333","-68.45741667","77.7","2021-08-30",,,"0.00",",,N","0.0",",,N",,
"US1MEHN0021","44.64703333","-68.45741667","77.7","2021-08-31",,,"0.00",",,N","0.0",",,N",,
"US1MEHN0021","44.64703333","-68.45741667","77.7","2021-09-01",,,"0.00",",,N","0.0",",,N",,
"US1MEHN0021","44.64703333","-68.45741667","77.7","2021-09-02",,,"1.27",",,N",,,,
"US1MEHN0021","44.64703333","-68.45741667","77.7","2021-09-03",,,"0.09",",,N",,,,
"US1MEHN0021","44.64703333","-68.45741667","77.7","2021-09-04",,,"0.14",",,N",,,,
"US1MEHN0021","44.64703333","-68.45741667","77.7","2021-09-05",,,"0.00",",,N","0.0",",,N",,
"US1MEHN0021","44.64703333","-68.45741667","77.7","2021-09-06",,,"0.05",",,N",,,,
"US1MEHN0021","44.64703333","-68.45741667","77.7","2021-09-07",,,"0.01",",,N",,,,
"US1MEHN0021","44.64703333","-68.45741667","77.7","2021-09-10",,,,,,,,
"US1MEHN0021","44.64703333","-68.45741667","77.7","2021-09-11",,,"0.04",",,N",,,,
"US1MEHN0021","44.64703333","-68.45741667","77.7","2021-09-12",,,"0.00",",,N","0.0",",,N",,
"US1MEHN0021","44.64703333","-68.45741667","77.7","2021-09-13",,,"0.00",",,N","0.0",",,N",,
"US1MEHN0021","44.64703333","-68.45741667","77.7","2021-09-14",,,"0.00",",,N","0.0",",,N",,
"US1MEHN0021","44.64703333","-68.45741667","77.7","2021-09-15",,,"0.02",",,N",,,,
"US1MEHN0021","44.64703333","-68.45741667","77.7","2021-09-16",,,"0.14",",,N",,,,
"US1MEHN0021","44.64703333","-68.45741667","77.7","2021-09-17",,,"0.17",",,N",,,,
"US1MEHN0021","44.64703333","-68.45741667","77.7","2021-09-18",,,"0.00",",,N","0.0",",,N",,
"US1MEHN0021","44.64703333","-68.45741667","77.7","2021-09-19",,,"0.47",",,N",,,,
"US1MEHN0021","44.64703333","-68.45741667","77.7","2021-09-20",,,"0.01",",,N",,,,
"US1MEHN0021","44.64703333","-68.45741667","77.7","2021-09-21",,,"0.00",",,N","0.0",",,N",,
"US1MEHN0021","44.64703333","-68.45741667","77.7","2021-09-22",,,"0.01",",,N",,,,
"US1MEHN0021","44.64703333","-68.45741667","77.7","2021-09-23",,,"0.00",",,N","0.0",",,N",,
"US1MEHN0021","44.64703333","-68.45741667","77.7","2021-09-24",,,"0.01",",,N",,,,
"US1MEHN0021","44.64703333","-68.45741667","77.7","2021-09-25",,,"1.01",",,N",,,,
"US1MEHN0021","44.64703333","-68.45741667","77.7","2021-09-30",,,,,,,,
"US1MEHN0021","44.64703333","-68.45741667","77.7","2021-10-01",,,"0.07",",,N",,,,
"US1MEHN0021","44.64703333","-68.45741667","77.7","2021-10-02",,,"0.01",",,N",,,,
"US1MEHN0021","44.64703333","-68.45741667","77.7","2021-10-03",,,"0.01",",,N",,,,
"US1MEHN0021","44.64703333","-68.45741667","77.7","2021-10-04",,,"0.00",",,N","0.0",",,N",,
"US1MEHN0021","44.64703333","-68.45741667","77.7","2021-10-07",,,,,,,,
"US1MEHN0021","44.64703333","-68.45741667","77.7","2021-10-09",,,,,,,,
"US1MEHN0021","44.64703333","-68.45741667","77.7","2021-10-10",,,"0.00",",,N","0.0",",,N",,
"US1MEHN0021","44.64703333","-68.45741667","77.7","2021-10-11",,,"0.00",",,N","0.0",",,N",,
"US1MEHN0021","44.64703333","-68.45741667","77.7","2021-10-12",,,"0.00",",,N","0.0",",,N",,
"US1MEHN0021","44.64703333","-68.45741667","77.7","2021-10-13",,,"0.00",",,N","0.0",",,N",,
"US1MEHN0021","44.64703333","-68.45741667","77.7","2021-10-14",,,"0.03",",,N",,,,
"US1MEHN0021","44.64703333","-68.45741667","77.7","2021-10-15",,,"0.00",",,N","0.0",",,N",,
"US1MEHN0021","44.64703333","-68.45741667","77.7","2021-10-16",,,"0.31",",,N",,,,
"US1MEHN0021","44.64703333","-68.45741667","77.7","2021-10-17",,,"1.09",",,N",,,,
"US1MEHN0021","44.64703333","-68.45741667","77.7","2021-10-18",,,"0.01",",,N",,,,
"US1MEHN0021","44.64703333","-68.45741667","77.7","2021-10-20",,,,,,,,
"US1MEHN0021","44.64703333","-68.45741667","77.7","2021-10-21",,,"0.00",",,N","0.0",",,N",,
"US1MEHN0021","44.64703333","-68.45741667","77.7","2021-10-22",,,"0.04",",,N",,,,
"US1MEHN0021","44.64703333","-68.45741667","77.7","2021-10-23",,,"0.03",",,N",,,,
"US1MEHN0021","44.64703333","-68.45741667","77.7","2021-10-24",,,"0.01",",,N",,,,
"US1MEHN0021","44.64703333","-68.45741667","77.7","2021-10-25",,,"0.00",",,N","0.0",",,N",,
"US1MEHN0021","44.64703333","-68.45741667","77.7","2021-10-26",,,"0.07",",,N",,,,
"US1MEHN0021","44.64703333","-68.45741667","77.7","2021-10-28",,,,,,,,
"US1MEHN0021","44.64703333","-68.45741667","77.7","2021-10-29",,,"0.00",",,N","0.0",",,N",,
"US1MEHN0021","44.64703333","-68.45741667","77.7","2021-10-30",,,"0.00",",,N","0.0",",,N",,
"US1MEHN0021","44.64703333","-68.45741667","77.7","2021-10-31",,,"3.00",",,N",,,,
"US1MEHN0021","44.64703333","-68.45741667","77.7","2021-11-01",,,"0.04",",,N",,,,
"US1MEHN0020","44.650278","-68.499236","50.6","2021-08-01",,,"0.00",",,N","0.0",",,N",,
"US1MEHN0020","44.650278","-68.499236","50.6","2021-08-02",,,"0.00",",,N","0.0",",,N",,
"US1MEHN0020","44.650278","-68.499236","50.6","2021-08-03",,,"0.13",",,N",,,,
"US1MEHN0020","44.650278","-68.499236","50.6","2021-08-04",,,"0.00",",,N","0.0",",,N",,
"US1MEHN0020","44.650278","-68.499236","50.6","2021-08-05",,,"0.32",",,N",,,,
"US1MEHN0020","44.650278","-68.499236","50.6","2021-08-06",,,"0.52",",,N",,,,
"US1MEHN0020","44.650278","-68.499236","50.6","2021-08-07",,,"0.00",",,N","0.0",",,N",,
"US1MEHN0020","44.650278","-68.499236","50.6","2021-08-08",,,"0.00",",,N","0.0",",,N",,
"US1MEHN0020","44.650278","-68.499236","50.6","2021-08-09",,,"0.00",",,N","0.0",",,N",,
"US1MEHN0020","44.650278","-68.499236","50.6","2021-08-10",,,"0.00",",,N","0.0",",,N",,
"US1MEHN0020","44.650278","-68.499236","50.6","2021-08-11",,,"0.00",",,N","0.0",",,N",,
"US1MEHN0020","44.650278","-68.499236","50.6","2021-08-12",,,"0.00",",,N","0.0",",,N",,
"US1MEHN0020","44.650278","-68.499236","50.6","2021-08-13",,,"0.00",",,N","0.0",",,N",,
"US1MEHN0020","44.650278","-68.499236","50.6","2021-08-14",,,"0.00",",,N","0.0",",,N",,
"US1MEHN0020","44.650278","-68.499236","50.6","2021-08-15",,,"1.03",",,N",,,,
"US1MEHN0020","44.650278","-68.499236","50.6","2021-08-16",,,"0.00",",,N","0.0",",,N",,
"US1MEHN0020","44.650278","-68.499236","50.6","2021-08-17",,,"0.00",",,N","0.0",",,N",,
"US1MEHN0020","44.650278","-68.499236","50.6","2021-08-18",,,"0.00",",,N","0.0",",,N",,
"US1MEHN0020","44.650278","-68.499236","50.6","2021-08-19",,,"0.07",",,N",,,,
"US1MEHN0020","44.650278","-68.499236","50.6","2021-08-20",,,"0.11",",,N",,,,
"US1MEHN0020","44.650278","-68.499236","50.6","2021-08-21",,,"0.00",",,N","0.0",",,N",,
"US1MEHN0020","44.650278","-68.499236","50.6","2021-08-22",,,"0.00",",,N","0.0",",,N",,
"US1MEHN0020","44.650278","-68.499236","50.6","2021-08-23",,,"0.17",",,N",,,,
"US1MEHN0020","44.650278","-68.499236","50.6","2021-08-24",,,"1.88",",,N",,,,
"US1MEHN0020","44.650278","-68.499236","50.6","2021-08-25",,,"0.03",",,N",,,,
"US1MEHN0020","44.650278","-68.499236","50.6","2021-08-26",,,"0.00",",,N","0.0",",,N",,
"US1MEHN0020","44.650278","-68.499236","50.6","2021-08-27",,,"0.00",",,N","0.0",",,N",,
"US1MEHN0020","44.650278","-68.499236","50.6","2021-08-28",,,"0.00",",,N","0.0",",,N",,
"US1MEHN0020","44.650278","-68.499236","50.6","2021-08-29",,,"0.01",",,N",,,,
"US1MEHN0020","44.650278","-68.499236","50.6","2021-08-30",,,"0.00",",,N","0.0",",,N",,
"US1MEHN0020","44.650278","-68.499236","50.6","2021-08-31",,,"0.00","T,,N",,,,
"US1MEHN0020","44.650278","-68.499236","50.6","2021-09-01",,,"0.00",",,N","0.0",",,N",,
"US1MEHN0020","44.650278","-68.499236","50.6","2021-09-02",,,"0.88",",,N",,,,
"US1MEHN0020","44.650278","-68.499236","50.6","2021-09-03",,,"0.35",",,N",,,,
"US1MEHN0020","44.650278","-68.499236","50.6","2021-09-04",,,"0.18",",,N",,,,
"US1MEHN0020","44.650278","-68.499236","50.6","2021-09-05",,,"0.00",",,N","0.0",",,N",,
"US1MEHN0020","44.650278","-68.499236","50.6","2021-09-06",,,"0.04",",,N",,,,
"US1MEHN0020","44.650278","-68.499236","50.6","2021-09-07",,,"0.18",",,N",,,,
"US1MEHN0020","44.650278","-68.499236","50.6","2021-09-08",,,"0.00",",,N","0.0",",,N",,
"US1MEHN0020","44.650278","-68.499236","50.6","2021-09-09",,,"0.09",",,N",,,,
"US1MEHN0020","44.650278","-68.499236","50.6","2021-09-10",,,"2.80",",,N",,,,
"US1MEHN0020","44.650278","-68.499236","50.6","2021-09-11",,,"0.07",",,N",,,,
"US1MEHN0020","44.650278","-68.499236","50.6","2021-09-12",,,"0.00",",,N","0.0",",,N",,
"US1MEHN0020","44.650278","-68.499236","50.6","2021-09-13",,,"0.00","T,,N",,,,
"US1MEHN0020","44.650278","-68.499236","50.6","2021-09-14",,,"0.00",",,N","0.0",",,N",,
"US1MEHN0020","44.650278","-68.499236","50.6","2021-09-15",,,"0.00",",,N","0.0",",,N",,
"US1MEHN0020","44.650278","-68.499236","50.6","2021-09-16",,,"0.19",",,N",,,,
"US1MEHN0020","44.650278","-68.499236","50.6","2021-09-17",,,"0.00",",,N","0.0",",,N",,
"US1MEHN0020","44.650278","-68.499236","50.6","2021-09-18",,,"0.00","T,,N",,,,
"US1MEHN0020","44.650278","-68.499236","50.6","2021-09-19",,,"0.43",",,N",,,,
"US1MEHN0020","44.650278","-68.499236","50.6","2021-09-20",,,"0.00",",,N","0.0",",,N",,
"US1MEHN0020","44.650278","-68.499236","50.6","2021-09-21",,,"0.00",",,N","0.0",",,N",,
"US1MEHN0020","44.650278","-68.499236","50.6","2021-09-22",,,"0.00",",,N","0.0",",,N",,
"US1MEHN0020","44.650278","-68.499236","50.6","2021-09-23",,,"0.00",",,N","0.0",",,N",,
"US1MEHN0020","44.650278","-68.499236","50.6","2021-09-24",,,"0.00","T,,N",,,,
"US1MEHN0020","44.650278","-68.499236","50.6","2021-09-25",,,"1.68",",,N",,,,
"US1MEHN0020","44.650278","-68.499236","50.6","2021-09-26",,,"1.33",",,N",,,,
"US1MEHN0020","44.650278","-68.499236","50.6","2021-09-27",,,"1.94",",,N",,,,
"US1MEHN0020","44.650278","-68.499236","50.6","2021-09-28",,,"0.00",",,N","0.0",",,N",,
"US1MEHN0020","44.650278","-68.499236","50.6","2021-09-29",,,"0.00",",,N","0.0",",,N",,
"US1MEHN0020","44.650278","-68.499236","50.6","2021-09-30",,,"0.00",",,N","0.0",",,N",,
"US1MEHN0020","44.650278","-68.499236","50.6","2021-10-01",,,"0.00",",,N","0.0",",,N",,
"US1MEHN0020","44.650278","-68.499236","50.6","2021-10-02",,,"0.00",",,N","0.0",",,N",,
"US1MEHN0020","44.650278","-68.499236","50.6","2021-10-03",,,"0.00",",,N","0.0",",,N",,
"US1MEHN0020","44.650278","-68.499236","50.6","2021-10-04",,,"0.00",",,N","0.0",",,N",,
"US1MEHN0020","44.650278","-68.499236","50.6","2021-10-05",,,"0.00",",,N","0.0",",,N",,
"US1MEHN0020","44.650278","-68.499236","50.6","2021-10-06",,,"0.00",",,N","0.0",",,N",,
"US1MEHN0020","44.650278","-68.499236","50.6","2021-10-07",,,"0.00",",,N","0.0",",,N",,
"US1MEHN0020","44.650278","-68.499236","50.6","2021-10-08",,,"0.00",",,N","0.0",",,N",,
"US1MEHN0020","44.650278","-68.499236","50.6","2021-10-09",,,"0.00",",,N","0.0",",,N",,
"US1MEHN0020","44.650278","-68.499236","50.6","2021-10-10",,,"0.00",",,N","0.0",",,N",,
"US1MEHN0020","44.650278","-68.499236","50.6","2021-10-11",,,"0.00",",,N","0.0",",,N",,
"US1MEHN0020","44.650278","-68.499236","50.6","2021-10-12",,,"0.00",",,N","0.0",",,N",,
"US1MEHN0020","44.650278","-68.499236","50.6","2021-10-13",,,"0.00",",,N","0.0",",,N",,
"US1MEHN0020","44.650278","-68.499236","50.6","2021-10-14",,,"0.00",",,N","0.0",",,N",,
"US1MEHN0020","44.650278","-68.499236","50.6","2021-10-15",,,"0.00",",,N","0.0",",,N",,
"US1MEHN0020","44.650278","-68.499236","50.6","2021-10-16",,,"0.26",",,N",,,,
"US1MEHN0020","44.650278","-68.499236","50.6","2021-10-17",,,"1.28",",,N",,,,
"US1MEHN0020","44.650278","-68.499236","50.6","2021-10-18",,,"0.06",",,N",,,,
"US1MEHN0020","44.650278","-68.499236","50.6","2021-10-19",,,"0.00",",,N","0.0",",,N",,
"US1MEHN0020","44.650278","-68.499236","50.6","2021-10-20",,,"0.00",",,N","0.0",",,N",,
"US1MEHN0020","44.650278","-68.499236","50.6","2021-10-21",,,"0.00",",,N","0.0",",,N",,
"US1MEHN0020","44.650278","-68.499236","50.6","2021-10-22",,,"0.00","T,,N",,,,
"US1MEHN0020","44.650278","-68.499236","50.6","2021-10-23",,,"0.00",",,N","0.0",",,N",,
"US1MEHN0020","44.650278","-68.499236","50.6","2021-10-24",,,"0.00",",,N","0.0",",,N",,
"US1MEHN0020","44.650278","-68.499236","50.6","2021-10-25",,,"0.00",",,N","0.0",",,N",,
"US1MEHN0020","44.650278","-68.499236","50.6","2021-10-26",,,"0.05",",,N",,,,
"US1MEHN0020","44.650278","-68.499236","50.6","2021-10-27",,,"0.10",",,N",,,,
"US1MEHN0020","44.650278","-68.499236","50.6","2021-10-28",,,"0.04",",,N",,,,
"US1MEHN0020","44.650278","-68.499236","50.6","2021-10-29",,,"0.00",",,N","0.0",",,N",,
"US1MEHN0020","44.650278","-68.499236","50.6","2021-10-30",,,"0.00",",,N","0.0",",,N",,
"US1MEHN0020","44.650278","-68.499236","50.6","2021-10-31",,,"2.80",",,N",,,,
"US1MEHN0020","44.650278","-68.499236","50.6","2021-11-01",,,"0.03",",,N",,,,
"US1MEHN0020","44.650278","-68.499236","50.6","2021-11-02",,,"0.00",",,N","0.0",",,N",,
"US1MEHN0020","44.650278","-68.499236","50.6","2021-11-03",,,"0.00",",,N","0.0",",,N",,
"US1MEHN0020","44.650278","-68.499236","50.6","2021-11-04",,,"0.00",",,N","0.0",",,N",,
"US1MEHN0020","44.650278","-68.499236","50.6","2021-11-05",,,"0.00",",,N","0.0",",,N",,
"US1MEHN0020","44.650278","-68.499236","50.6","2021-11-06",,,"0.00",",,N","0.0",",,N",,
"US1MEHN0020","44.650278","-68.499236","50.6","2021-11-07",,,"0.00",",,N","0.0",",,N",,
"US1MEHN0020","44.650278","-68.499236","50.6","2021-11-08",,,"0.00",",,N","0.0",",,N",,
"US1MEHN0020","44.650278","-68.499236","50.6","2021-11-09",,,"0.00",",,N","0.0",",,N",,
"US1MEHN0020","44.650278","-68.499236","50.6","2021-11-10",,,"0.03",",,N",,,,
"US1MEHN0020","44.650278","-68.499236","50.6","2021-11-11",,,"0.31",",,N",,,,
"US1MEHN0020","44.650278","-68.499236","50.6","2021-11-12",,,"0.00",",,N","0.0",",,N",,
"US1MEHN0020","44.650278","-68.499236","50.6","2021-11-13",,,"1.33",",,N",,,,
"US1MEHN0020","44.650278","-68.499236","50.6","2021-11-14",,,"0.28",",,N",,,,
"US1MEHN0020","44.650278","-68.499236","50.6","2021-11-15",,,"0.24",",,N",,,,
"US1MEHN0020","44.650278","-68.499236","50.6","2021-11-16",,,"0.00",",,N","0.0",",,N",,
"US1MEHN0020","44.650278","-68.499236","50.6","2021-11-17",,,"0.00",",,N","0.0",",,N",,
"US1MEHN0020","44.650278","-68.499236","50.6","2021-11-18",,,"0.12",",,N",,,,
"US1MEHN0020","44.650278","-68.499236","50.6","2021-11-19",,,"0.27",",,N",,,,
"US1MEHN0020","44.650278","-68.499236","50.6","2021-11-20",,,"0.00",",,N","0.0",",,N",,
"US1MEHN0020","44.650278","-68.499236","50.6","2021-11-21",,,"0.00",",,N","0.0",",,N",,
"US1MEHN0020","44.650278","-68.499236","50.6","2021-11-22",,,"1.98",",,N",,,,
"US1LAEB0027","30.4507","-91.0843","25.0","2021-08-01",,,"0.62",",,N",,,,
"US1LAEB0027","30.4507","-91.0843","25.0","2021-08-02",,,"0.13",",,N",,,,
"US1LAEB0027","30.4507","-91.0843","25.0","2021-08-03",,,"0.77",",,N",,,,
"US1LAEB0027","30.4507","-91.0843","25.0","2021-08-04",,,"2.46",",,N",,,,
"US1LAEB0027","30.4507","-91.0843","25.0","2021-08-09",,,"0.54",",,N",,,,
"US1LAEB0027","30.4507","-91.0843","25.0","2021-08-11",,,"0.02",",,N",,,,
"US1LAEB0027","30.4507","-91.0843","25.0","2021-08-12",,,"0.18",",,N",,,,
"US1LAEB0027","30.4507","-91.0843","25.0","2021-08-13",,,"0.92",",,N",,,,
"US1LAEB0027","30.4507","-91.0843","25.0","2021-08-14",,,"0.35",",,N",,,,
"US1LAEB0027","30.4507","-91.0843","25.0","2021-08-16",,,"0.01",",,N",,,,
"US1LAEB0027","30.4507","-91.0843","25.0","2021-08-19",,,"0.05",",,N",,,,
"US1LAEB0027","30.4507","-91.0843","25.0","2021-08-24",,,"0.06",",,N",,,,
"US1LAEB0027","30.4507","-91.0843","25.0","2021-08-25",,,"0.79",",,N",,,,
"US1LAEB0027","30.4507","-91.0843","25.0","2021-08-26",,,"0.35",",,N",,,,
"US1LAEB0027","30.4507","-91.0843","25.0","2021-08-27",,,"0.04",",,N",,,,
"US1LAEB0027","30.4507","-91.0843","25.0","2021-08-28",,,"0.32",",,N",,,,
"US1LAEB0027","30.4507","-91.0843","25.0","2021-08-29",,,"0.42",",,N",,,,
"US1LAEB0027","30.4507","-91.0843","25.0","2021-09-07",,,,,,,,
"US1LAEB0027","30.4507","-91.0843","25.0","2021-09-08",,,"0.39",",,N",,,,
"US1LAEB0027","30.4507","-91.0843","25.0","2021-09-14",,,"0.94",",,N",,,,
"US1LAEB0027","30.4507","-91.0843","25.0","2021-09-15",,,"5.02",",,N",,,,
"US1LAEB0027","30.4507","-91.0843","25.0","2021-09-16",,,"1.29",",,N",,,,
"US1LAEB0027","30.4507","-91.0843","25.0","2021-09-17",,,"0.05",",,N",,,,
"US1LAEB0027","30.4507","-91.0843","25.0","2021-09-18",,,"0.73",",,N",,,,
"US1LAEB0027","30.4507","-91.0843","25.0","2021-09-19",,,"0.06",",,N",,,,
"US1LAEB0027","30.4507","-91.0843","25.0","2021-09-22",,,"0.02",",,N",,,,
"US1LAEB0027","30.4507","-91.0843","25.0","2021-09-28",,,"0.06",",,N",,,,
"US1LAEB0027","30.4507","-91.0843","25.0","2021-09-29",,,"1.35",",,N",,,,
"US1LAEB0027","30.4507","-91.0843","25.0","2021-09-30",,,"2.42",",,N",,,,
"US1LAEB0027","30.4507","-91.0843","25.0","2021-10-01",,,"0.86",",,N",,,,
"US1LAEB0027","30.4507","-91.0843","25.0","2021-10-02",,,"0.40",",,N",,,,
"US1LAEB0027","30.4507","-91.0843","25.0","2021-10-03",,,"0.31",",,N",,,,
"US1LAEB0027","30.4507","-91.0843","25.0","2021-10-04",,,"0.01",",,N",,,,
"US1LAEB0027","30.4507","-91.0843","25.0","2021-10-21",,,"0.05",",,N",,,,
"US1LAEB0027","30.4507","-91.0843","25.0","2021-10-28",,,"1.57",",,N",,,,
"US1LAEB0027","30.4507","-91.0843","25.0","2021-11-12",,,"0.36",",,N",,,,
"US1LAEB0027","30.4507","-91.0843","25.0","2021-11-18",,,"0.07",",,N",,,,
"US1LAEB0027","30.4507","-91.0843","25.0","2021-11-22",,,"0.35",",,N",,,,
"US1LAEB0027","30.4507","-91.0843","25.0","2021-11-26",,,"0.12",",,N",,,,
"US1MEYK0028","43.48679","-70.43473","1.5","2021-08-01",,,"0.00",",,N","0.0",",,N",,
"US1MEYK0028","43.48679","-70.43473","1.5","2021-08-02",,,"0.01",",,N",,,,
"US1MEYK0028","43.48679","-70.43473","1.5","2021-08-03",,,"0.00",",,N","0.0",",,N",,
"US1MEYK0028","43.48679","-70.43473","1.5","2021-08-04",,,"0.00",",,N","0.0",",,N",,
"US1MEYK0028","43.48679","-70.43473","1.5","2021-08-05",,,"0.43",",,N",,,,
"US1MEYK0028","43.48679","-70.43473","1.5","2021-08-06",,,"0.37",",,N",,,,
"US1MEYK0028","43.48679","-70.43473","1.5","2021-08-07",,,"0.00",",,N","0.0",",,N",,
"US1MEYK0028","43.48679","-70.43473","1.5","2021-08-08",,,"0.00",",,N","0.0",",,N",,
"US1MEYK0028","43.48679","-70.43473","1.5","2021-08-09",,,"0.00",",,N","0.0",",,N",,
"US1MEYK0028","43.48679","-70.43473","1.5","2021-08-10",,,"0.00","T,,N",,,,
"US1MEYK0028","43.48679","-70.43473","1.5","2021-08-11",,,"0.00",",,N","0.0",",,N",,
"US1MEYK0028","43.48679","-70.43473","1.5","2021-08-12",,,"0.00",",,N","0.0",",,N",,
"US1MEYK0028","43.48679","-70.43473","1.5","2021-08-13",,,"0.00",",,N","0.0",",,N",,
"US1MEYK0028","43.48679","-70.43473","1.5","2021-08-14",,,"0.00",",,N","0.0",",,N",,
"US1MEYK0028","43.48679","-70.43473","1.5","2021-08-15",,,"0.02",",,N",,,,
"US1MEYK0028","43.48679","-70.43473","1.5","2021-08-16",,,"0.00",",,N","0.0",",,N",,
"US1MEYK0028","43.48679","-70.43473","1.5","2021-08-17",,,"0.00",",,N","0.0",",,N",,
"US1MEYK0028","43.48679","-70.43473","1.5","2021-08-18",,,"0.00",",,N","0.0",",,N",,
"US1MEYK0028","43.48679","-70.43473","1.5","2021-08-19",,,"0.00","T,,N",,,,
"US1MEYK0028","43.48679","-70.43473","1.5","2021-08-20",,,"1.53",",,N",,,,
"US1MEYK0028","43.48679","-70.43473","1.5","2021-08-21",,,"0.00",",,N","0.0",",,N",,
"US1MEYK0028","43.48679","-70.43473","1.5","2021-08-22",,,"0.02",",,N",,,,
"US1MEYK0028","43.48679","-70.43473","1.5","2021-08-23",,,"0.28",",,N",,,,
"US1MEYK0028","43.48679","-70.43473","1.5","2021-08-24",,,"0.36",",,N",,,,
"US1MEYK0028","43.48679","-70.43473","1.5","2021-08-25",,,"0.00","T,,N",,,,
"US1MEYK0028","43.48679","-70.43473","1.5","2021-08-26",,,"0.00",",,N","0.0",",,N",,
"US1MEYK0028","43.48679","-70.43473","1.5","2021-08-27",,,"0.00",",,N","0.0",",,N",,
"US1MEYK0028","43.48679","-70.43473","1.5","2021-08-28",,,"0.00",",,N","0.0",",,N",,
"US1MEYK0028","43.48679","-70.43473","1.5","2021-08-29",,,"0.00",",,N","0.0",",,N",,
"US1MEYK0028","43.48679","-70.43473","1.5","2021-08-30",,,"0.00",",,N","0.0",",,N",,
"US1MEYK0028","43.48679","-70.43473","1.5","2021-08-31",,,"0.58",",,N",,,,
"US1MEYK0028","43.48679","-70.43473","1.5","2021-09-01",,,"0.00",",,N","0.0",",,N",,
"US1MEYK0028","43.48679","-70.43473","1.5","2021-09-02",,,"3.01",",,N",,,,
"US1MEYK0028","43.48679","-70.43473","1.5","2021-09-03",,,"0.02",",,N",,,,
"US1MEYK0028","43.48679","-70.43473","1.5","2021-09-04",,,"0.00",",,N","0.0",",,N",,
"US1MEYK0028","43.48679","-70.43473","1.5","2021-09-05",,,"0.00",",,N","0.0",",,N",,
"US1MEYK0028","43.48679","-70.43473","1.5","2021-09-06",,,"0.13",",,N",,,,
"US1MEYK0028","43.48679","-70.43473","1.5","2021-09-07",,,"0.04",",,N",,,,
"US1MEYK0028","43.48679","-70.43473","1.5","2021-09-08",,,"0.00",",,N","0.0",",,N",,
"US1MEYK0028","43.48679","-70.43473","1.5","2021-09-09",,,"0.03",",,N",,,,
"US1MEYK0028","43.48679","-70.43473","1.5","2021-09-10",,,"0.87",",,N",,,,
"US1MEYK0028","43.48679","-70.43473","1.5","2021-09-11",,,"0.03",",,N",,,,
"US1MEYK0028","43.48679","-70.43473","1.5","2021-09-12",,,"0.00",",,N","0.0",",,N",,
"US1MEYK0028","43.48679","-70.43473","1.5","2021-09-13",,,"0.08",",,N",,,,
"US1MEYK0028","43.48679","-70.43473","1.5","2021-09-14",,,"0.00","T,,N",,,,
"US1MEYK0028","43.48679","-70.43473","1.5","2021-09-15",,,"0.00",",,N","0.0",",,N",,
"US1MEYK0028","43.48679","-70.43473","1.5","2021-09-16",,,"0.54",",,N",,,,
"US1MEYK0028","43.48679","-70.43473","1.5","2021-09-17",,,"0.00",",,N","0.0",",,N",,
"US1MEYK0028","43.48679","-70.43473","1.5","2021-09-18",,,"0.02",",,N",,,,
"US1MEYK0028","43.48679","-70.43473","1.5","2021-09-19",,,"0.18",",,N",,,,
"US1MEYK0028","43.48679","-70.43473","1.5","2021-09-20",,,"0.00",",,N","0.0",",,N",,
"US1MEYK0028","43.48679","-70.43473","1.5","2021-09-21",,,"0.00",",,N","0.0",",,N",,
"US1MEYK0028","43.48679","-70.43473","1.5","2021-09-22",,,"0.02",",,N",,,,
"US1MEYK0028","43.48679","-70.43473","1.5","2021-09-23",,,"0.00","T,,N",,,,
"US1MEYK0028","43.48679","-70.43473","1.5","2021-09-24",,,"0.00",",,N","0.0",",,N",,
"US1MEYK0028","43.48679","-70.43473","1.5","2021-09-25",,,"0.06",",,N",,,,
"US1MEYK0028","43.48679","-70.43473","1.5","2021-09-26",,,"0.27",",,N",,,,
"US1MEYK0028","43.48679","-70.43473","1.5","2021-09-27",,,"0.32",",,N",,,,
"US1MEYK0028","43.48679","-70.43473","1.5","2021-09-28",,,"0.00","T,,N",,,,
"US1MEYK0028","43.48679","-70.43473","1.5","2021-09-29",,,"0.02",",,N",,,,
"US1MEYK0028","43.48679","-70.43473","1.5","2021-09-30",,,"0.00",",,N","0.0",",,N",,
"US1MEYK0028","43.48679","-70.43473","1.5","2021-10-01",,,"0.06",",,N",,,,
"US1MEYK0028","43.48679","-70.43473","1.5","2021-10-02",,,"0.00",",,N","0.0",",,N",,
"US1MEYK0028","43.48679","-70.43473","1.5","2021-10-03",,,"0.00","T,,N",,,,
"US1MEYK0028","43.48679","-70.43473","1.5","2021-10-04",,,"0.01",",,N",,,,
"US1MEYK0028","43.48679","-70.43473","1.5","2021-10-05",,,"0.03",",,N",,,,
"US1MEYK0028","43.48679","-70.43473","1.5","2021-10-06",,,"0.00",",,N","0.0",",,N",,
"US1MEYK0028","43.48679","-70.43473","1.5","2021-10-07",,,"0.00",",,N","0.0",",,N",,
"US1MEYK0028","43.48679","-70.43473","1.5","2021-10-08",,,"0.00",",,N","0.0",",,N",,
"US1MEYK0028","43.48679","-70.43473","1.5","2021-10-09",,,"0.00",",,N","0.0",",,N",,
"US1MEYK0028","43.48679","-70.43473","1.5","2021-10-10",,,"0.00",",,N","0.0",",,N",,
"US1MEYK0028","43.48679","-70.43473","1.5","2021-10-11",,,"0.00",",,N","0.0",",,N",,
"US1MEYK0028","43.48679","-70.43473","1.5","2021-10-12",,,"0.00",",,N","0.0",",,N",,
"US1MEYK0028","43.48679","-70.43473","1.5","2021-10-13",,,"0.00",",,N","0.0",",,N",,
"US1MEYK0028","43.48679","-70.43473","1.5","2021-10-14",,,"0.00",",,N","0.0",",,N",,
"US1MEYK0028","43.48679","-70.43473","1.5","2021-10-15",,,"0.00",",,N","0.0",",,N",,
"US1MEYK0028","43.48679","-70.43473","1.5","2021-10-16",,,"0.26",",,N",,,,
"US1MEYK0028","43.48679","-70.43473","1.5","2021-10-17",,,"0.60",",,N",,,,
"US1MEYK0028","43.48679","-70.43473","1.5","2021-10-18",,,"0.01",",,N",,,,
"US1MEYK0028","43.48679","-70.43473","1.5","2021-10-19",,,"0.19",",,N",,,,
"US1MEYK0028","43.48679","-70.43473","1.5","2021-10-20",,,"0.00",",,N","0.0",",,N",,
"US1MEYK0028","43.48679","-70.43473","1.5","2021-10-21",,,"0.00",",,N","0.0",",,N",,
"US1MEYK0028","43.48679","-70.43473","1.5","2021-10-22",,,"0.02",",,N",,,,
"US1MEYK0028","43.48679","-70.43473","1.5","2021-10-23",,,"0.00",",,N","0.0",",,N",,
"US1MEYK0028","43.48679","-70.43473","1.5","2021-10-24",,,"0.00",",,N","0.0",",,N",,
"US1MEYK0028","43.48679","-70.43473","1.5","2021-10-25",,,"0.03",",,N",,,,
"US1MEYK0028","43.48679","-70.43473","1.5","2021-10-26",,,"0.50",",,N",,,,
"US1MEYK0028","43.48679","-70.43473","1.5","2021-10-27",,,"1.73",",,N",,,,
"US1MEYK0028","43.48679","-70.43473","1.5","2021-10-28",,,"0.56",",,N",,,,
"US1MEYK0028","43.48679","-70.43473","1.5","2021-10-29",,,"0.00",",,N","0.0",",,N",,
"US1MEYK0028","43.48679","-70.43473","1.5","2021-10-30",,,"0.15",",,N",,,,
"US1MEYK0028","43.48679","-70.43473","1.5","2021-10-31",,,"6.72",",,N",,,,
"US1MEYK0028","43.48679","-70.43473","1.5","2021-11-01",,,"0.00","T,,N",,,,
"US1MEYK0028","43.48679","-70.43473","1.5","2021-11-02",,,"0.00",",,N","0.0",",,N",,
"US1MEYK0028","43.48679","-70.43473","1.5","2021-11-03",,,"0.00","T,,N",,,,
"US1MEYK0028","43.48679","-70.43473","1.5","2021-11-04",,,"0.00","T,,N",,,,
"US1MEYK0028","43.48679","-70.43473","1.5","2021-11-05",,,"0.00",",,N","0.0",",,N",,
"US1MEYK0028","43.48679","-70.43473","1.5","2021-11-06",,,"0.00",",,N","0.0",",,N",,
"US1MEYK0028","43.48679","-70.43473","1.5","2021-11-07",,,"0.00",",,N","0.0",",,N",,
"US1MEYK0028","43.48679","-70.43473","1.5","2021-11-08",,,"0.00",",,N","0.0",",,N",,
"US1MEYK0028","43.48679","-70.43473","1.5","2021-11-09",,,"0.00",",,N","0.0",",,N",,
"US1MEYK0028","43.48679","-70.43473","1.5","2021-11-10",,,"0.00","T,,N",,,,
"US1MEYK0028","43.48679","-70.43473","1.5","2021-11-11",,,"0.05",",,N",,,,
"US1MEYK0028","43.48679","-70.43473","1.5","2021-11-12",,,"0.00",",,N","0.0",",,N",,
"US1MEYK0028","43.48679","-70.43473","1.5","2021-11-13",,,"1.24",",,N",,,,
"US1MEYK0028","43.48679","-70.43473","1.5","2021-11-14",,,"0.25",",,N",,,,
"US1MEYK0028","43.48679","-70.43473","1.5","2021-11-15",,,"0.15",",,N",,,,
"US1MEYK0028","43.48679","-70.43473","1.5","2021-11-16",,,"0.00",",,N","0.0",",,N",,
"US1MEYK0028","43.48679","-70.43473","1.5","2021-11-17",,,"0.00",",,N","0.0",",,N",,
"US1MEYK0028","43.48679","-70.43473","1.5","2021-11-18",,,"0.00",",,N","0.0",",,N",,
"US1MEYK0028","43.48679","-70.43473","1.5","2021-11-19",,,"0.24",",,N",,,,
"US1MEYK0028","43.48679","-70.43473","1.5","2021-11-20",,,"0.00",",,N","0.0",",,N",,
"US1MEYK0028","43.48679","-70.43473","1.5","2021-11-21",,,"0.00",",,N","0.0",",,N",,
"US1MEYK0028","43.48679","-70.43473","1.5","2021-11-22",,,"0.52",",,N",,,,
"US1MEYK0028","43.48679","-70.43473","1.5","2021-11-23",,,"0.08",",,N",,,,
"US1MEYK0028","43.48679","-70.43473","1.5","2021-11-24",,,"0.00",",,N","0.0",",,N",,
"US1MEYK0028","43.48679","-70.43473","1.5","2021-11-25",,,"0.00",",,N","0.0",",,N",,
"US1MEYK0028","43.48679","-70.43473","1.5","2021-11-26",,,"0.00","T,,N",,,,
"US1MEYK0028","43.48679","-70.43473","1.5","2021-11-27",,,"0.31",",,N","0.0",",,N",,
"US1MEYK0028","43.48679","-70.43473","1.5","2021-11-28",,,"0.00",",,N","0.0",",,N",,
"USC00166364","32.7052","-93.9602","61.0","2021-08-01",,,"0.00",",,7,0800","0.0",",,7",,
"USC00166364","32.7052","-93.9602","61.0","2021-08-02",,,"0.70",",,7,0800","0.0",",,7",,
"USC00166364","32.7052","-93.9602","61.0","2021-08-03",,,"0.15",",,7,0800","0.0",",,7",,
"USC00166364","32.7052","-93.9602","61.0","2021-08-04",,,"0.00",",,7,0800","0.0",",,7",,
"USC00166364","32.7052","-93.9602","61.0","2021-08-05",,,"0.00",",,7,0800","0.0",",,7",,
"USC00166364","32.7052","-93.9602","61.0","2021-08-06",,,"0.00",",,7,0800","0.0",",,7",,
"USC00166364","32.7052","-93.9602","61.0","2021-08-07",,,"0.00",",,7,0800","0.0",",,7",,
"USC00166364","32.7052","-93.9602","61.0","2021-08-08",,,"0.00",",,7,0800","0.0",",,7",,
"USC00166364","32.7052","-93.9602","61.0","2021-08-09",,,"0.00",",,7,0800","0.0",",,7",,
"USC00166364","32.7052","-93.9602","61.0","2021-08-10",,,"0.00",",,7,0800","0.0",",,7",,
"USC00166364","32.7052","-93.9602","61.0","2021-08-11",,,"0.00",",,7,0800","0.0",",,7",,
"USC00166364","32.7052","-93.9602","61.0","2021-08-12",,,"0.00",",,7,0800","0.0",",,7",,
"USC00166364","32.7052","-93.9602","61.0","2021-08-13",,,"0.00",",,7,0800","0.0",",,7",,
"USC00166364","32.7052","-93.9602","61.0","2021-08-14",,,"0.00",",,7,0800","0.0",",,7",,
"USC00166364","32.7052","-93.9602","61.0","2021-08-15",,,"0.00",",,7,0800","0.0",",,7",,
"USC00166364","32.7052","-93.9602","61.0","2021-08-16",,,"0.00",",,7,0800","0.0",",,7",,
"USC00166364","32.7052","-93.9602","61.0","2021-08-17",,,"0.00",",,7,0800","0.0",",,7",,
"USC00166364","32.7052","-93.9602","61.0","2021-08-18",,,"0.80",",,7,0800","0.0",",,7",,
"USC00166364","32.7052","-93.9602","61.0","2021-08-19",,,"0.50",",,7,0800","0.0",",,7",,
"USC00166364","32.7052","-93.9602","61.0","2021-08-20",,,"1.40",",,7,0800","0.0",",,7",,
"USC00166364","32.7052","-93.9602","61.0","2021-08-21",,,"0.00",",,7,0800","0.0",",,7",,
"USC00166364","32.7052","-93.9602","61.0","2021-08-22",,,"0.00",",,7,0800","0.0",",,7",,
"USC00166364","32.7052","-93.9602","61.0","2021-08-23",,,"0.00",",,7,0800","0.0",",,7",,
"USC00166364","32.7052","-93.9602","61.0","2021-08-24",,,"0.00",",,7,0800","0.0",",,7",,
"USC00166364","32.7052","-93.9602","61.0","2021-08-25",,,"0.00",",,7,0800","0.0",",,7",,
"USC00166364","32.7052","-93.9602","61.0","2021-08-26",,,"0.00",",,7,0800","0.0",",,7",,
"USC00166364","32.7052","-93.9602","61.0","2021-08-27",,,"0.00",",,7,0800","0.0",",,7",,
"USC00166364","32.7052","-93.9602","61.0","2021-08-28",,,"0.00",",,7,0800","0.0",",,7",,
"USC00166364","32.7052","-93.9602","61.0","2021-08-29",,,"0.45",",,7,0800","0.0",",,7",,
"USC00166364","32.7052","-93.9602","61.0","2021-08-30",,,"0.10",",,7,0800","0.0",",,7",,
"USC00166364","32.7052","-93.9602","61.0","2021-08-31",,,"0.00",",,7,0800","0.0",",,7",,
"USC00166364","32.7052","-93.9602","61.0","2021-09-01",,,"0.00",",,7,0800","0.0",",,7",,
"USC00166364","32.7052","-93.9602","61.0","2021-09-02",,,"0.00",",,7,0800","0.0",",,7",,
"USC00166364","32.7052","-93.9602","61.0","2021-09-03",,,"0.00",",,7,0800","0.0",",,7",,
"USC00166364","32.7052","-93.9602","61.0","2021-09-04",,,"0.00",",,7,0800","0.0",",,7",,
"USC00166364","32.7052","-93.9602","61.0","2021-09-05",,,"0.00",",,7,0800","0.0",",,7",,
"USC00166364","32.7052","-93.9602","61.0","2021-09-06",,,"0.00",",,7,0800","0.0",",,7",,
"USC00166364","32.7052","-93.9602","61.0","2021-09-07",,,"0.00",",,7,0800","0.0",",,7",,
"USC00166364","32.7052","-93.9602","61.0","2021-09-08",,,"0.00",",,7,0800","0.0",",,7",,
"USC00166364","32.7052","-93.9602","61.0","2021-09-09",,,"0.00",",,7,0800","0.0",",,7",,
"USC00166364","32.7052","-93.9602","61.0","2021-09-10",,,"0.00",",,7,0800","0.0",",,7",,
"USC00166364","32.7052","-93.9602","61.0","2021-09-11",,,"0.00",",,7,0800","0.0",",,7",,
"USC00166364","32.7052","-93.9602","61.0","2021-09-12",,,"0.00",",,7,0800","0.0",",,7",,
"USC00166364","32.7052","-93.9602","61.0","2021-09-13",,,"0.00",",,7,0800","0.0",",,7",,
"USC00166364","32.7052","-93.9602","61.0","2021-09-14",,,"0.08",",,7,0800","0.0",",,7",,
"USC00166364","32.7052","-93.9602","61.0","2021-09-15",,,"0.00",",,7,0800","0.0",",,7",,
"USC00166364","32.7052","-93.9602","61.0","2021-09-16",,,"0.00",",,7,0800","0.0",",,7",,
"USC00166364","32.7052","-93.9602","61.0","2021-09-17",,,"0.00",",,7,0800","0.0",",,7",,
"USC00166364","32.7052","-93.9602","61.0","2021-09-18",,,"2.50",",,7,0800","0.0",",,7",,
"USC00166364","32.7052","-93.9602","61.0","2021-09-19",,,"0.10",",,7,0800","0.0",",,7",,
"USC00166364","32.7052","-93.9602","61.0","2021-09-20",,,"0.00",",,7,0800","0.0",",,7",,
"USC00166364","32.7052","-93.9602","61.0","2021-09-21",,,"0.00",",,7,0800","0.0",",,7",,
"USC00166364","32.7052","-93.9602","61.0","2021-09-22",,,"0.00",",,7,0800","0.0",",,7",,
"USC00166364","32.7052","-93.9602","61.0","2021-09-23",,,"0.00",",,7,0800","0.0",",,7",,
"USC00166364","32.7052","-93.9602","61.0","2021-09-24",,,"0.00",",,7,0800","0.0",",,7",,
"USC00166364","32.7052","-93.9602","61.0","2021-09-25",,,"0.00",",,7,0800","0.0",",,7",,
"USC00166364","32.7052","-93.9602","61.0","2021-09-26",,,"0.00",",,7,0800","0.0",",,7",,
"USC00166364","32.7052","-93.9602","61.0","2021-09-27",,,"0.00",",,7,0800","0.0",",,7",,
"USC00166364","32.7052","-93.9602","61.0","2021-09-28",,,"0.25",",,7,0800","0.0",",,7",,
"USC00166364","32.7052","-93.9602","61.0","2021-09-29",,,"0.00",",,7,0800","0.0",",,7",,
"USC00166364","32.7052","-93.9602","61.0","2021-09-30",,,"0.00",",,7,0800","0.0",",,7",,
"USC00166364","32.7052","-93.9602","61.0","2021-10-01",,,"1.60",",,7,0800","0.0",",,7",,
"USC00166364","32.7052","-93.9602","61.0","2021-10-02",,,"0.35",",,7,0800","0.0",",,7",,
"USC00166364","32.7052","-93.9602","61.0","2021-10-03",,,"0.20",",,7,0800","0.0",",,7",,
"USC00166364","32.7052","-93.9602","61.0","2021-10-04",,,"0.00",",,7,0800","0.0",",,7",,
"USC00166364","32.7052","-93.9602","61.0","2021-10-05",,,"0.00",",,7,0800","0.0",",,7",,
"USC00166364","32.7052","-93.9602","61.0","2021-10-06",,,"0.00",",,7,0800","0.0",",,7",,
"USC00166364","32.7052","-93.9602","61.0","2021-10-07",,,"0.00",",,7,0800","0.0",",,7",,
"USC00166364","32.7052","-93.9602","61.0","2021-10-08",,,"0.00",",,7,0800","0.0",",,7",,
"USC00166364","32.7052","-93.9602","61.0","2021-10-09",,,"0.00",",,7,0800","0.0",",,7",,
"USC00166364","32.7052","-93.9602","61.0","2021-10-10",,,"0.00",",,7,0800","0.0",",,7",,
"USC00166364","32.7052","-93.9602","61.0","2021-10-11",,,"0.00",",,7,0800","0.0",",,7",,
"USC00166364","32.7052","-93.9602","61.0","2021-10-12",,,"0.00",",,7,0800","0.0",",,7",,
"USC00166364","32.7052","-93.9602","61.0","2021-10-13",,,"0.11",",,7,0800","0.0",",,7",,
"USC00166364","32.7052","-93.9602","61.0","2021-10-14",,,"0.00",",,7,0800","0.0",",,7",,
"USC00166364","32.7052","-93.9602","61.0","2021-10-15",,,"0.10",",,7,0800","0.0",",,7",,
"USC00166364","32.7052","-93.9602","61.0","2021-10-16",,,"0.00",",,7,0800","0.0",",,7",,
"USC00166364","32.7052","-93.9602","61.0","2021-10-17",,,"0.00",",,7,0800","0.0",",,7",,
"USC00166364","32.7052","-93.9602","61.0","2021-10-18",,,"0.00",",,7,0800","0.0",",,7",,
"USC00166364","32.7052","-93.9602","61.0","2021-10-19",,,"0.00",",,7,0800","0.0",",,7",,
"USC00166364","32.7052","-93.9602","61.0","2021-10-20",,,"0.00",",,7,0800","0.0",",,7",,
"USC00166364","32.7052","-93.9602","61.0","2021-10-21",,,"0.00",",,7,0800","0.0",",,7",,
"USC00166364","32.7052","-93.9602","61.0","2021-10-22",,,"0.00",",,7,0800","0.0",",,7",,
"USC00166364","32.7052","-93.9602","61.0","2021-10-23",,,"0.00",",,7,0800","0.0",",,7",,
"USC00166364","32.7052","-93.9602","61.0","2021-10-24",,,"0.00",",,7,0800","0.0",",,7",,
"USC00166364","32.7052","-93.9602","61.0","2021-10-25",,,"0.00",",,7,0800","0.0",",,7",,
"USC00166364","32.7052","-93.9602","61.0","2021-10-26",,,"0.00",",,7,0800","0.0",",,7",,
"USC00166364","32.7052","-93.9602","61.0","2021-10-27",,,"0.00",",,7,0800","0.0",",,7",,
"USC00166364","32.7052","-93.9602","61.0","2021-10-28",,,"1.10",",,7,0800","0.0",",,7",,
"USC00166364","32.7052","-93.9602","61.0","2021-10-29",,,"0.00",",,7,0800","0.0",",,7",,
"USC00166364","32.7052","-93.9602","61.0","2021-10-30",,,"0.00",",,7,0800","0.0",",,7",,
"USC00166364","32.7052","-93.9602","61.0","2021-10-31",,,"0.00",",,7,0800","0.0",",,7",,
"USC00166364","32.7052","-93.9602","61.0","2021-11-01",,,"0.00",",,H,0800",,,,
"USC00166364","32.7052","-93.9602","61.0","2021-11-02",,,"0.00",",,H,0800","0.0",",,H",,
"USC00166364","32.7052","-93.9602","61.0","2021-11-03",,,"0.35",",,H,0800",,,,
"USC00166364","32.7052","-93.9602","61.0","2021-11-04",,,"0.49",",,H,0800","0.0",",,H",,
"USC00166364","32.7052","-93.9602","61.0","2021-11-05",,,"0.00",",,H,0800","0.0",",,H",,
"USC00166364","32.7052","-93.9602","61.0","2021-11-06",,,"0.00",",,H,0800",,,,
"USC00166364","32.7052","-93.9602","61.0","2021-11-07",,,"0.00",",,H,0800",,,,
"USC00166364","32.7052","-93.9602","61.0","2021-11-08",,,"0.00",",,H,0800",,,,
"USC00166364","32.7052","-93.9602","61.0","2021-11-09",,,"0.00",",,H,0800",,,,
"USC00166364","32.7052","-93.9602","61.0","2021-11-10",,,"0.00",",,H,0800",,,,
"USC00166364","32.7052","-93.9602","61.0","2021-11-11",,,"0.64",",,H,0800",,,,
"USC00166364","32.7052","-93.9602","61.0","2021-11-12",,,"0.00",",,H,0800",,,,
"USC00166364","32.7052","-93.9602","61.0","2021-11-13",,,"0.00",",,H,0800","0.0",",,H",,
"USC00166364","32.7052","-93.9602","61.0","2021-11-14",,,"0.00",",,H,0800","0.0",",,H",,
"USC00166364","32.7052","-93.9602","61.0","2021-11-15",,,"0.00",",,H,0800","0.0",",,H",,
"USC00166364","32.7052","-93.9602","61.0","2021-11-16",,,"0.00",",,H,0800","0.0",",,H",,
"USC00166364","32.7052","-93.9602","61.0","2021-11-17",,,"0.00",",,H,0800",,,,
"USC00166364","32.7052","-93.9602","61.0","2021-11-18",,,"0.00",",,H,0800",,,,
"USC00166364","32.7052","-93.9602","61.0","2021-11-19",,,"0.00",",,H,0800",,,,
"USC00166364","32.7052","-93.9602","61.0","2021-11-20",,,"0.00",",,H,0800",,,,
"USC00166364","32.7052","-93.9602","61.0","2021-11-21",,,"0.00",",,H,0800",,,,
"USC00166364","32.7052","-93.9602","61.0","2021-11-22",,,"0.18",",,H,0800",,,,
"USC00166364","32.7052","-93.9602","61.0","2021-11-23",,,"0.00",",,H,0800",,,,
"USC00166364","32.7052","-93.9602","61.0","2021-11-24",,,"0.00",",,H,0800","0.0",",,H",,
"USC00166364","32.7052","-93.9602","61.0","2021-11-25",,,"0.85",",,H,0800","0.0",",,H",,
"USC00166364","32.7052","-93.9602","61.0","2021-11-26",,,"0.00",",,H,0800","0.0",",,H",,
"USC00166364","32.7052","-93.9602","61.0","2021-11-27",,,"0.00",",,H,0800",,,,
"USC00166364","32.7052","-93.9602","61.0","2021-11-28",,,"0.20",",,H,0800",,,,
"US1LAEB0023","30.554087","-91.053986","21.9","2021-08-01",,,"0.70",",,N",,,,
"US1LAEB0023","30.554087","-91.053986","21.9","2021-08-02",,,"0.45",",,N",,,,
"US1LAEB0023","30.554087","-91.053986","21.9","2021-08-03",,,"1.48",",,N",,,,
"US1LAEB0023","30.554087","-91.053986","21.9","2021-08-04",,,"1.27",",,N",,,,
"US1LAEB0023","30.554087","-91.053986","21.9","2021-08-05",,,"0.00",",,N","0.0",",,N",,
"US1LAEB0023","30.554087","-91.053986","21.9","2021-08-06",,,"0.00",",,N","0.0",",,N",,
"US1LAEB0023","30.554087","-91.053986","21.9","2021-08-07",,,"0.00",",,N","0.0",",,N",,
"US1LAEB0023","30.554087","-91.053986","21.9","2021-08-08",,,"0.00",",,N","0.0",",,N",,
"US1LAEB0023","30.554087","-91.053986","21.9","2021-08-09",,,"0.00",",,N","0.0",",,N",,
"US1LAEB0023","30.554087","-91.053986","21.9","2021-08-10",,,"0.25",",,N",,,,
"US1LAEB0023","30.554087","-91.053986","21.9","2021-08-11",,,"0.00",",,N","0.0",",,N",,
"US1LAEB0023","30.554087","-91.053986","21.9","2021-08-12",,,"0.00",",,N","0.0",",,N",,
"US1LAEB0023","30.554087","-91.053986","21.9","2021-08-13",,,"0.00",",,N","0.0",",,N",,
"US1LAEB0023","30.554087","-91.053986","21.9","2021-08-14",,,"0.00",",,N","0.0",",,N",,
"US1LAEB0023","30.554087","-91.053986","21.9","2021-08-15",,,"0.00",",,N","0.0",",,N",,
"US1LAEB0023","30.554087","-91.053986","21.9","2021-08-16",,,"0.00",",,N","0.0",",,N",,
"US1LAEB0023","30.554087","-91.053986","21.9","2021-08-17",,,"0.00",",,N","0.0",",,N",,
"US1LAEB0023","30.554087","-91.053986","21.9","2021-08-18",,,"1.25",",,N",,,,
"US1LAEB0023","30.554087","-91.053986","21.9","2021-08-19",,,"0.00",",,N","0.0",",,N",,
"US1LAEB0023","30.554087","-91.053986","21.9","2021-08-20",,,"0.00",",,N","0.0",",,N",,
"US1LAEB0023","30.554087","-91.053986","21.9","2021-08-21",,,"0.00",",,N","0.0",",,N",,
"US1LAEB0023","30.554087","-91.053986","21.9","2021-08-22",,,"0.00",",,N","0.0",",,N",,
"US1LAEB0023","30.554087","-91.053986","21.9","2021-08-23",,,"0.00",",,N","0.0",",,N",,
"US1LAEB0023","30.554087","-91.053986","21.9","2021-08-24",,,"0.00",",,N","0.0",",,N",,
"US1LAEB0023","30.554087","-91.053986","21.9","2021-08-25",,,"0.00",",,N","0.0",",,N",,
"US1LAEB0023","30.554087","-91.053986","21.9","2021-08-26",,,"0.00",",,N","0.0",",,N",,
"US1LAEB0023","30.554087","-91.053986","21.9","2021-08-27",,,"0.00",",,N","0.0",",,N",,
"US1LAEB0023","30.554087","-91.053986","21.9","2021-08-28",,,"0.55",",,N",,,,
"US1LAEB0023","30.554087","-91.053986","21.9","2021-08-29",,,"0.25",",,N",,,,
"US1LAEB0023","30.554087","-91.053986","21.9","2021-08-30",,,"3.00",",,N",,,,
"US1LAEB0023","30.554087","-91.053986","21.9","2021-08-31",,,"0.00",",,N","0.0",",,N",,
"US1LAEB0023","30.554087","-91.053986","21.9","2021-09-01",,,"0.00",",,N","0.0",",,N",,
"US1LAEB0023","30.554087","-91.053986","21.9","2021-09-02",,,"0.00",",,N","0.0",",,N",,
"US1LAEB0023","30.554087","-91.053986","21.9","2021-09-03",,,"0.00",",,N","0.0",",,N",,
"US1LAEB0023","30.554087","-91.053986","21.9","2021-09-04",,,"0.00",",,N","0.0",",,N",,
"US1LAEB0023","30.554087","-91.053986","21.9","2021-09-05",,,"0.00",",,N","0.0",",,N",,
"US1LAEB0023","30.554087","-91.053986","21.9","2021-09-07",,,"0.00",",,N","0.0",",,N",,
"US1LAEB0023","30.554087","-91.053986","21.9","2021-09-08",,,"0.85",",,N",,,,
"US1LAEB0023","30.554087","-91.053986","21.9","2021-09-09",,,"0.00",",,N","0.0",",,N",,
"US1LAEB0023","30.554087","-91.053986","21.9","2021-09-10",,,"0.00",",,N","0.0",",,N",,
"US1LAEB0023","30.554087","-91.053986","21.9","2021-09-11",,,"0.00",",,N","0.0",",,N",,
"US1LAEB0023","30.554087","-91.053986","21.9","2021-09-12",,,"0.00",",,N","0.0",",,N",,
"US1LAEB0023","30.554087","-91.053986","21.9","2021-09-13",,,"0.21",",,N",,,,
"US1LAEB0023","30.554087","-91.053986","21.9","2021-09-14",,,"0.35",",,N",,,,
"US1LAEB0023","30.554087","-91.053986","21.9","2021-09-15",,,"3.27",",,N",,,,
"US1LAEB0023","30.554087","-91.053986","21.9","2021-09-16",,,"1.15",",,N",,,,
"US1LAEB0023","30.554087","-91.053986","21.9","2021-09-17",,,"0.18",",,N",,,,
"US1LAEB0023","30.554087","-91.053986","21.9","2021-09-18",,,"0.18",",,N",,,,
"US1LAEB0023","30.554087","-91.053986","21.9","2021-09-19",,,"0.10",",,N",,,,
"US1LAEB0023","30.554087","-91.053986","21.9","2021-09-20",,,"0.00",",,N","0.0",",,N",,
"US1LAEB0023","30.554087","-91.053986","21.9","2021-09-21",,,"0.00",",,N","0.0",",,N",,
"US1LAEB0023","30.554087","-91.053986","21.9","2021-09-22",,,"0.00",",,N","0.0",",,N",,
"US1LAEB0023","30.554087","-91.053986","21.9","2021-09-23",,,"0.00",",,N","0.0",",,N",,
"US1LAEB0023","30.554087","-91.053986","21.9","2021-09-24",,,"0.00",",,N","0.0",",,N",,
"US1LAEB0023","30.554087","-91.053986","21.9","2021-09-25",,,"0.00",",,N","0.0",",,N",,
"US1LAEB0023","30.554087","-91.053986","21.9","2021-09-26",,,"0.00",",,N","0.0",",,N",,
"US1LAEB0023","30.554087","-91.053986","21.9","2021-09-27",,,"0.00",",,N","0.0",",,N",,
"US1LAEB0023","30.554087","-91.053986","21.9","2021-09-28",,,"0.00",",,N","0.0",",,N",,
"US1LAEB0023","30.554087","-91.053986","21.9","2021-09-29",,,"0.65",",,N",,,,
"US1LAEB0023","30.554087","-91.053986","21.9","2021-09-30",,,"1.62",",,N",,,,
"US1LAEB0023","30.554087","-91.053986","21.9","2021-10-01",,,"0.70",",,N",,,,
"US1LAEB0023","30.554087","-91.053986","21.9","2021-10-02",,,"0.00",",,N","0.0",",,N",,
"US1LAEB0023","30.554087","-91.053986","21.9","2021-10-03",,,"0.15",",,N",,,,
"US1LAEB0023","30.554087","-91.053986","21.9","2021-10-04",,,"0.44",",,N",,,,
"US1LAEB0023","30.554087","-91.053986","21.9","2021-10-05",,,"0.00",",,N","0.0",",,N",,
"US1LAEB0023","30.554087","-91.053986","21.9","2021-10-06",,,"0.00",",,N","0.0",",,N",,
"US1LAEB0023","30.554087","-91.053986","21.9","2021-10-07",,,"0.00",",,N","0.0",",,N",,
"US1LAEB0023","30.554087","-91.053986","21.9","2021-10-08",,,"0.00",",,N","0.0",",,N",,
"US1LAEB0023","30.554087","-91.053986","21.9","2021-10-09",,,"0.00",",,N","0.0",",,N",,
"US1LAEB0023","30.554087","-91.053986","21.9","2021-10-10",,,"0.00",",,N","0.0",",,N",,
"US1LAEB0023","30.554087","-91.053986","21.9","2021-10-11",,,"0.00",",,N","0.0",",,N",,
"US1LAEB0023","30.554087","-91.053986","21.9","2021-10-12",,,"0.00",",,N","0.0",",,N",,
"US1LAEB0023","30.554087","-91.053986","21.9","2021-10-13",,,"0.00",",,N","0.0",",,N",,
"US1LAEB0023","30.554087","-91.053986","21.9","2021-10-14",,,"0.00",",,N","0.0",",,N",,
"US1LAEB0023","30.554087","-91.053986","21.9","2021-10-15",,,"0.00",",,N","0.0",",,N",,
"US1LAEB0023","30.554087","-91.053986","21.9","2021-10-16",,,"0.00",",,N","0.0",",,N",,
"US1LAEB0023","30.554087","-91.053986","21.9","2021-10-17",,,"0.00",",,N","0.0",",,N",,
"US1LAEB0023","30.554087","-91.053986","21.9","2021-10-18",,,"0.00",",,N","0.0",",,N",,
"US1LAEB0023","30.554087","-91.053986","21.9","2021-10-19",,,"0.00",",,N","0.0",",,N",,
"US1LAEB0023","30.554087","-91.053986","21.9","2021-10-20",,,"0.00",",,N","0.0",",,N",,
"US1LAEB0023","30.554087","-91.053986","21.9","2021-10-21",,,"0.00",",,N","0.0",",,N",,
"US1LAEB0023","30.554087","-91.053986","21.9","2021-10-22",,,"0.00",",,N","0.0",",,N",,
"US1LAEB0023","30.554087","-91.053986","21.9","2021-10-23",,,"0.00",",,N","0.0",",,N",,
"US1LAEB0023","30.554087","-91.053986","21.9","2021-10-24",,,"0.00",",,N","0.0",",,N",,
"US1LAEB0023","30.554087","-91.053986","21.9","2021-10-25",,,"0.32",",,N",,,,
"US1LAEB0023","30.554087","-91.053986","21.9","2021-10-26",,,"0.00",",,N","0.0",",,N",,
"US1LAEB0023","30.554087","-91.053986","21.9","2021-10-27",,,"0.00",",,N","0.0",",,N",,
"US1LAEB0023","30.554087","-91.053986","21.9","2021-10-28",,,"1.50",",,N",,,,
"US1LAEB0023","30.554087","-91.053986","21.9","2021-10-29",,,"0.00",",,N","0.0",",,N",,
"US1LAEB0023","30.554087","-91.053986","21.9","2021-10-30",,,"0.00",",,N","0.0",",,N",,
"US1LAEB0023","30.554087","-91.053986","21.9","2021-10-31",,,"0.00",",,N","0.0",",,N",,
"US1LAEB0023","30.554087","-91.053986","21.9","2021-11-01",,,"0.00",",,N","0.0",",,N",,
"US1LAEB0023","30.554087","-91.053986","21.9","2021-11-02",,,"0.00",",,N","0.0",",,N",,
"US1LAEB0023","30.554087","-91.053986","21.9","2021-11-03",,,"0.00",",,N","0.0",",,N",,
"US1LAEB0023","30.554087","-91.053986","21.9","2021-11-04",,,"0.00",",,N","0.0",",,N",,
"US1LAEB0023","30.554087","-91.053986","21.9","2021-11-05",,,"0.00",",,N","0.0",",,N",,
"US1LAEB0023","30.554087","-91.053986","21.9","2021-11-06",,,"0.00",",,N","0.0",",,N",,
"US1LAEB0023","30.554087","-91.053986","21.9","2021-11-07",,,"0.00",",,N","0.0",",,N",,
"US1LAEB0023","30.554087","-91.053986","21.9","2021-11-08",,,"0.00",",,N","0.0",",,N",,
"US1LAEB0023","30.554087","-91.053986","21.9","2021-11-09",,,"0.00",",,N","0.0",",,N",,
"US1LAEB0023","30.554087","-91.053986","21.9","2021-11-10",,,"0.00",",,N","0.0",",,N",,
"US1LAEB0023","30.554087","-91.053986","21.9","2021-11-11",,,"0.00",",,N","0.0",",,N",,
"US1LAEB0023","30.554087","-91.053986","21.9","2021-11-12",,,"0.24",",,N",,,,
"US1LAEB0023","30.554087","-91.053986","21.9","2021-11-13",,,"0.00",",,N","0.0",",,N",,
"US1LAEB0023","30.554087","-91.053986","21.9","2021-11-14",,,"0.00",",,N","0.0",",,N",,
"US1LAEB0023","30.554087","-91.053986","21.9","2021-11-15",,,"0.00",",,N","0.0",",,N",,
"US1LAEB0023","30.554087","-91.053986","21.9","2021-11-16",,,"0.00",",,N","0.0",",,N",,
"US1LAEB0023","30.554087","-91.053986","21.9","2021-11-17",,,"0.00",",,N","0.0",",,N",,
"US1LAEB0023","30.554087","-91.053986","21.9","2021-11-18",,,"0.03",",,N",,,,
"US1LAEB0023","30.554087","-91.053986","21.9","2021-11-19",,,"0.00",",,N","0.0",",,N",,
"US1LAEB0023","30.554087","-91.053986","21.9","2021-11-20",,,"0.00",",,N","0.0",",,N",,
"US1LAEB0023","30.554087","-91.053986","21.9","2021-11-21",,,"0.00",",,N","0.0",",,N",,
"US1LAEB0023","30.554087","-91.053986","21.9","2021-11-22",,,"0.50",",,N",,,,
"US1LAEB0023","30.554087","-91.053986","21.9","2021-11-23",,,"0.00",",,N","0.0",",,N",,
"US1LAEB0023","30.554087","-91.053986","21.9","2021-11-24",,,"0.00",",,N","0.0",",,N",,
"US1LAEB0023","30.554087","-91.053986","21.9","2021-11-25",,,"0.00",",,N","0.0",",,N",,
"US1LAEB0023","30.554087","-91.053986","21.9","2021-11-26",,,"0.00",",,N","0.0",",,N",,
"US1LAEB0023","30.554087","-91.053986","21.9","2021-11-27",,,"0.00",",,N","0.0",",,N",,
"US1LAEB0023","30.554087","-91.053986","21.9","2021-11-28",,,"0.08",",,N",,,,
"US1LAEB0022","30.402252","-90.976169","21.9","2021-08-01",,,,,,,,
"US1LAEB0022","30.402252","-90.976169","21.9","2021-08-02",,,"1.04",",,N",,,,
"US1LAEB0022","30.402252","-90.976169","21.9","2021-08-03",,,"0.57",",,N",,,,
"US1LAEB0022","30.402252","-90.976169","21.9","2021-08-04",,,"2.86",",,N",,,,
"US1LAEB0022","30.402252","-90.976169","21.9","2021-08-05",,,"0.00",",,N","0.0",",,N",,
"US1LAEB0022","30.402252","-90.976169","21.9","2021-08-06",,,"0.00",",,N","0.0",",,N",,
"US1LAEB0022","30.402252","-90.976169","21.9","2021-08-07",,,"0.00",",,N","0.0",",,N",,
"US1LAEB0022","30.402252","-90.976169","21.9","2021-08-08",,,"0.00",",,N","0.0",",,N",,
"US1LAEB0022","30.402252","-90.976169","21.9","2021-08-09",,,"0.00",",,N","0.0",",,N",,
"US1LAEB0022","30.402252","-90.976169","21.9","2021-08-10",,,"0.00",",,N","0.0",",,N",,
"US1LAEB0022","30.402252","-90.976169","21.9","2021-08-11",,,"0.00",",,N","0.0",",,N",,
"US1LAEB0022","30.402252","-90.976169","21.9","2021-08-12",,,"0.00",",,N","0.0",",,N",,
"US1LAEB0022","30.402252","-90.976169","21.9","2021-08-13",,,"0.11",",,N",,,,
"US1LAEB0022","30.402252","-90.976169","21.9","2021-08-14",,,"0.00","T,,N",,,,
"US1LAEB0022","30.402252","-90.976169","21.9","2021-08-15",,,"0.00",",,N","0.0",",,N",,
"US1LAEB0022","30.402252","-90.976169","21.9","2021-08-16",,,"0.36",",,N",,,,
"US1LAEB0022","30.402252","-90.976169","21.9","2021-08-17",,,"0.00",",,N","0.0",",,N",,
"US1LAEB0022","30.402252","-90.976169","21.9","2021-08-18",,,"0.00","T,,N",,,,
"US1LAEB0022","30.402252","-90.976169","21.9","2021-08-19",,,"0.10",",,N",,,,
"US1LAEB0022","30.402252","-90.976169","21.9","2021-08-20",,,"0.00",",,N","0.0",",,N",,
"US1LAEB0022","30.402252","-90.976169","21.9","2021-08-21",,,"0.00",",,N","0.0",",,N",,
"US1LAEB0022","30.402252","-90.976169","21.9","2021-08-22",,,"0.00",",,N","0.0",",,N",,
"US1LAEB0022","30.402252","-90.976169","21.9","2021-08-23",,,"0.00",",,N","0.0",",,N",,
"US1LAEB0022","30.402252","-90.976169","21.9","2021-08-24",,,"0.00",",,N","0.0",",,N",,
"US1LAEB0022","30.402252","-90.976169","21.9","2021-08-25",,,"0.18",",,N",,,,
"US1LAEB0022","30.402252","-90.976169","21.9","2021-08-26",,,"0.13",",,N",,,,
"US1LAEB0022","30.402252","-90.976169","21.9","2021-08-27",,,"0.14",",,N",,,,
"US1LAEB0022","30.402252","-90.976169","21.9","2021-08-28",,,"0.30",",,N",,,,
"US1LAEB0022","30.402252","-90.976169","21.9","2021-08-29",,,"0.00",",,N","0.0",",,N",,
"US1LAEB0022","30.402252","-90.976169","21.9","2021-08-31",,,,,,,,
"US1LAEB0022","30.402252","-90.976169","21.9","2021-09-01",,,"0.01",",,N",,,,
"US1LAEB0022","30.402252","-90.976169","21.9","2021-09-02",,,"0.00",",,N","0.0",",,N",,
"US1LAEB0022","30.402252","-90.976169","21.9","2021-09-03",,,"0.00",",,N","0.0",",,N",,
"US1LAEB0022","30.402252","-90.976169","21.9","2021-09-04",,,"0.00",",,N","0.0",",,N",,
"US1LAEB0022","30.402252","-90.976169","21.9","2021-09-05",,,"0.00",",,N","0.0",",,N",,
"US1LAEB0022","30.402252","-90.976169","21.9","2021-09-06",,,"0.00",",,N","0.0",",,N",,
"US1LAEB0022","30.402252","-90.976169","21.9","2021-09-07",,,"0.00",",,N","0.0",",,N",,
"US1LAEB0022","30.402252","-90.976169","21.9","2021-09-08",,,"0.06",",,N",,,,
"US1LAEB0022","30.402252","-90.976169","21.9","2021-09-09",,,"0.04",",,N",,,,
"US1LAEB0022","30.402252","-90.976169","21.9","2021-09-10",,,"0.00",",,N","0.0",",,N",,
"US1LAEB0022","30.402252","-90.976169","21.9","2021-09-11",,,"0.00",",,N","0.0",",,N",,
"US1LAEB0022","30.402252","-90.976169","21.9","2021-09-12",,,"0.00",",,N","0.0",",,N",,
"US1LAEB0022","30.402252","-90.976169","21.9","2021-09-13",,,"0.16",",,N",,,,
"US1LAEB0022","30.402252","-90.976169","21.9","2021-09-14",,,"0.35",",,N",,,,
"US1LAEB0022","30.402252","-90.976169","21.9","2021-09-15",,,"3.83",",,N",,,,
"US1LAEB0022","30.402252","-90.976169","21.9","2021-09-16",,,"0.44",",,N",,,,
"US1LAEB0022","30.402252","-90.976169","21.9","2021-09-17",,,"0.03",",,N",,,,
"US1LAEB0022","30.402252","-90.976169","21.9","2021-09-18",,,"0.01",",,N",,,,
"US1LAEB0022","30.402252","-90.976169","21.9","2021-09-19",,,"0.05",",,N",,,,
"US1LAEB0022","30.402252","-90.976169","21.9","2021-09-20",,,"0.00",",,N","0.0",",,N",,
"US1LAEB0022","30.402252","-90.976169","21.9","2021-09-21",,,"0.00",",,N","0.0",",,N",,
"US1LAEB0022","30.402252","-90.976169","21.9","2021-09-22",,,"0.00",",,N","0.0",",,N",,
"US1LAEB0022","30.402252","-90.976169","21.9","2021-09-23",,,"0.00",",,N","0.0",",,N",,
"US1LAEB0022","30.402252","-90.976169","21.9","2021-09-24",,,"0.00",",,N","0.0",",,N",,
"US1LAEB0022","30.402252","-90.976169","21.9","2021-09-25",,,"0.00",",,N","0.0",",,N",,
"US1LAEB0022","30.402252","-90.976169","21.9","2021-09-26",,,"0.00",",,N","0.0",",,N",,
"US1LAEB0022","30.402252","-90.976169","21.9","2021-09-27",,,"0.00",",,N","0.0",",,N",,
"US1LAEB0022","30.402252","-90.976169","21.9","2021-09-28",,,"0.03",",,N",,,,
"US1LAEB0022","30.402252","-90.976169","21.9","2021-09-29",,,"2.00",",,N",,,,
"US1LAEB0022","30.402252","-90.976169","21.9","2021-09-30",,,"2.61",",,N",,,,
"US1LAEB0022","30.402252","-90.976169","21.9","2021-10-01",,,"0.21",",,N",,,,
"US1LAEB0022","30.402252","-90.976169","21.9","2021-10-02",,,"0.04",",,N",,,,
"US1LAEB0022","30.402252","-90.976169","21.9","2021-10-03",,,"0.75",",,N",,,,
"US1LAEB0022","30.402252","-90.976169","21.9","2021-10-04",,,"0.06",",,N",,,,
"US1LAEB0022","30.402252","-90.976169","21.9","2021-10-05",,,"0.00",",,N","0.0",",,N",,
"US1LAEB0022","30.402252","-90.976169","21.9","2021-10-06",,,"0.00",",,N","0.0",",,N",,
"US1LAEB0022","30.402252","-90.976169","21.9","2021-10-07",,,"0.00",",,N","0.0",",,N",,
"US1LAEB0022","30.402252","-90.976169","21.9","2021-10-08",,,"0.00",",,N","0.0",",,N",,
"US1LAEB0022","30.402252","-90.976169","21.9","2021-10-09",,,"0.00",",,N","0.0",",,N",,
"US1LAEB0022","30.402252","-90.976169","21.9","2021-10-10",,,"0.00",",,N","0.0",",,N",,
"US1LAEB0022","30.402252","-90.976169","21.9","2021-10-11",,,"0.00",",,N","0.0",",,N",,
"US1LAEB0022","30.402252","-90.976169","21.9","2021-10-12",,,"0.00",",,N","0.0",",,N",,
"US1LAEB0022","30.402252","-90.976169","21.9","2021-10-13",,,"0.00",",,N","0.0",",,N",,
"US1LAEB0022","30.402252","-90.976169","21.9","2021-10-14",,,"0.00",",,N","0.0",",,N",,
"US1LAEB0022","30.402252","-90.976169","21.9","2021-10-15",,,"0.00",",,N","0.0",",,N",,
"US1LAEB0022","30.402252","-90.976169","21.9","2021-10-16",,,"0.00","T,,N",,,,
"US1LAEB0022","30.402252","-90.976169","21.9","2021-10-17",,,"0.00",",,N","0.0",",,N",,
"US1LAEB0022","30.402252","-90.976169","21.9","2021-10-18",,,"0.00",",,N","0.0",",,N",,
"US1LAEB0022","30.402252","-90.976169","21.9","2021-10-19",,,"0.00",",,N","0.0",",,N",,
"US1LAEB0022","30.402252","-90.976169","21.9","2021-10-20",,,"0.00",",,N","0.0",",,N",,
"US1LAEB0022","30.402252","-90.976169","21.9","2021-10-21",,,"0.17",",,N",,,,
"US1LAEB0022","30.402252","-90.976169","21.9","2021-10-22",,,"0.01",",,N",,,,
"US1LAEB0022","30.402252","-90.976169","21.9","2021-10-23",,,"0.00",",,N","0.0",",,N",,
"US1LAEB0022","30.402252","-90.976169","21.9","2021-10-28",,,,,,,,
"US1LAEB0022","30.402252","-90.976169","21.9","2021-10-29",,,"0.00",",,N","0.0",",,N",,
"US1LAEB0022","30.402252","-90.976169","21.9","2021-10-30",,,"0.00",",,N","0.0",",,N",,
"US1LAEB0022","30.402252","-90.976169","21.9","2021-10-31",,,"0.00",",,N","0.0",",,N",,
"US1LAEB0022","30.402252","-90.976169","21.9","2021-11-01",,,"0.00",",,N","0.0",",,N",,
"US1LAEB0022","30.402252","-90.976169","21.9","2021-11-02",,,"0.00",",,N","0.0",",,N",,
"US1LAEB0022","30.402252","-90.976169","21.9","2021-11-03",,,"0.00",",,N","0.0",",,N",,
"US1LAEB0022","30.402252","-90.976169","21.9","2021-11-04",,,"0.00",",,N","0.0",",,N",,
"US1LAEB0022","30.402252","-90.976169","21.9","2021-11-05",,,"0.00",",,N","0.0",",,N",,
"US1LAEB0022","30.402252","-90.976169","21.9","2021-11-06",,,"0.00",",,N","0.0",",,N",,
"US1LAEB0022","30.402252","-90.976169","21.9","2021-11-07",,,"0.00",",,N","0.0",",,N",,
"US1LAEB0022","30.402252","-90.976169","21.9","2021-11-08",,,"0.00",",,N","0.0",",,N",,
"US1LAEB0022","30.402252","-90.976169","21.9","2021-11-09",,,"0.00",",,N","0.0",",,N",,
"US1LAEB0022","30.402252","-90.976169","21.9","2021-11-10",,,"0.00",",,N","0.0",",,N",,
"US1LAEB0022","30.402252","-90.976169","21.9","2021-11-11",,,"0.00",",,N","0.0",",,N",,
"US1LAEB0022","30.402252","-90.976169","21.9","2021-11-12",,,"0.18",",,N",,,,
"US1LAEB0022","30.402252","-90.976169","21.9","2021-11-13",,,"0.00",",,N","0.0",",,N",,
"US1LAEB0022","30.402252","-90.976169","21.9","2021-11-14",,,"0.00",",,N","0.0",",,N",,
"US1LAEB0022","30.402252","-90.976169","21.9","2021-11-15",,,"0.00",",,N","0.0",",,N",,
"US1LAEB0022","30.402252","-90.976169","21.9","2021-11-16",,,"0.00",",,N","0.0",",,N",,
"US1LAEB0022","30.402252","-90.976169","21.9","2021-11-17",,,"0.00",",,N","0.0",",,N",,
"US1LAEB0022","30.402252","-90.976169","21.9","2021-11-18",,,"0.04",",,N",,,,
"US1LAEB0022","30.402252","-90.976169","21.9","2021-11-19",,,"0.00",",,N","0.0",",,N",,
"US1LAEB0022","30.402252","-90.976169","21.9","2021-11-20",,,"0.00",",,N","0.0",",,N",,
"US1LAEB0022","30.402252","-90.976169","21.9","2021-11-21",,,"0.00",",,N","0.0",",,N",,
"US1LAEB0022","30.402252","-90.976169","21.9","2021-11-22",,,"0.52",",,N",,,,
"US1LAEB0022","30.402252","-90.976169","21.9","2021-11-23",,,"0.00",",,N","0.0",",,N",,
"US1LAEB0022","30.402252","-90.976169","21.9","2021-11-25",,,"0.00",",,N","0.0",",,N",,
"US1LAEB0022","30.402252","-90.976169","21.9","2021-11-26",,,"0.20",",,N",,,,
"US1LAEB0022","30.402252","-90.976169","21.9","2021-11-27",,,"0.00",",,N","0.0",",,N",,
"US1LAEB0022","30.402252","-90.976169","21.9","2021-11-28",,,"0.06",",,N",,,,
"US1LAOR0019","29.944803","-90.025386","4.6","2021-08-01",,,"0.00",",,N","0.0",",,N",,
"US1LAOR0019","29.944803","-90.025386","4.6","2021-08-02",,,"1.60",",,N",,,,
"US1LAOR0019","29.944803","-90.025386","4.6","2021-08-03",,,"0.50",",,N",,,,
"US1LAOR0019","29.944803","-90.025386","4.6","2021-08-04",,,"1.40",",,N",,,,
"US1LAOR0019","29.944803","-90.025386","4.6","2021-08-05",,,"0.00",",,N","0.0",",,N",,
"US1LAOR0019","29.944803","-90.025386","4.6","2021-08-06",,,"0.00",",,N","0.0",",,N",,
"US1LAOR0019","29.944803","-90.025386","4.6","2021-08-07",,,"0.00",",,N","0.0",",,N",,
"US1LAOR0019","29.944803","-90.025386","4.6","2021-08-08",,,"0.00",",,N","0.0",",,N",,
"US1LAOR0019","29.944803","-90.025386","4.6","2021-08-09",,,"0.15",",,N",,,,
"US1LAOR0019","29.944803","-90.025386","4.6","2021-08-10",,,"0.37",",,N",,,,
"US1LAOR0019","29.944803","-90.025386","4.6","2021-08-11",,,"0.00",",,N","0.0",",,N",,
"US1LAOR0019","29.944803","-90.025386","4.6","2021-08-12",,,"0.00",",,N","0.0",",,N",,
"US1LAOR0019","29.944803","-90.025386","4.6","2021-08-13",,,"0.50",",,N",,,,
"US1LAOR0019","29.944803","-90.025386","4.6","2021-08-14",,,"0.15",",,N",,,,
"US1LAOR0019","29.944803","-90.025386","4.6","2021-08-15",,,"0.00",",,N","0.0",",,N",,
"US1LAOR0019","29.944803","-90.025386","4.6","2021-08-16",,,"0.00",",,N","0.0",",,N",,
"US1LAOR0019","29.944803","-90.025386","4.6","2021-08-17",,,"0.00",",,N","0.0",",,N",,
"US1LAOR0019","29.944803","-90.025386","4.6","2021-08-18",,,"0.63",",,N",,,,
"US1LAOR0019","29.944803","-90.025386","4.6","2021-08-19",,,"0.03",",,N",,,,
"US1LAOR0019","29.944803","-90.025386","4.6","2021-08-20",,,"0.01",",,N",,,,
"US1LAOR0019","29.944803","-90.025386","4.6","2021-08-21",,,"0.00",",,N","0.0",",,N",,
"US1LAOR0019","29.944803","-90.025386","4.6","2021-08-22",,,"0.03",",,N",,,,
"US1LAOR0019","29.944803","-90.025386","4.6","2021-08-23",,,"0.00",",,N","0.0",",,N",,
"US1LAOR0019","29.944803","-90.025386","4.6","2021-08-24",,,"0.16",",,N",,,,
"US1LAOR0019","29.944803","-90.025386","4.6","2021-08-25",,,"0.00",",,N","0.0",",,N",,
"US1LAOR0019","29.944803","-90.025386","4.6","2021-08-26",,,"0.03",",,N",,,,
"US1LAOR0019","29.944803","-90.025386","4.6","2021-08-27",,,"0.75",",,N",,,,
"US1LAOR0019","29.944803","-90.025386","4.6","2021-08-28",,,"0.75",",,N",,,,
"US1LAOR0019","29.944803","-90.025386","4.6","2021-08-29",,,"1.25",",,N",,,,
"US1LAOR0019","29.944803","-90.025386","4.6","2021-08-30",,,"4.00",",,N",,,,
"US1LAOR0019","29.944803","-90.025386","4.6","2021-08-31",,,"0.75",",,N",,,,
"US1LAOR0019","29.944803","-90.025386","4.6","2021-09-01",,,"0.70",",,N",,,,
"US1LAOR0019","29.944803","-90.025386","4.6","2021-09-02",,,"0.02",",,N",,,,
"US1LAOR0019","29.944803","-90.025386","4.6","2021-09-03",,,"0.75",",,N",,,,
"US1LAOR0019","29.944803","-90.025386","4.6","2021-09-04",,,"0.00",",,N","0.0",",,N",,
"US1LAOR0019","29.944803","-90.025386","4.6","2021-09-05",,,"0.00",",,N","0.0",",,N",,
"US1LAOR0019","29.944803","-90.025386","4.6","2021-09-06",,,"0.00",",,N","0.0",",,N",,
"US1LAOR0019","29.944803","-90.025386","4.6","2021-09-07",,,"0.00",",,N","0.0",",,N",,
"US1LAOR0019","29.944803","-90.025386","4.6","2021-09-08",,,"1.15",",,N",,,,
"US1LAOR0019","29.944803","-90.025386","4.6","2021-09-09",,,"0.00",",,N","0.0",",,N",,
"US1LAOR0019","29.944803","-90.025386","4.6","2021-09-10",,,"0.00",",,N","0.0",",,N",,
"US1LAOR0019","29.944803","-90.025386","4.6","2021-09-11",,,"0.00",",,N","0.0",",,N",,
"US1LAOR0019","29.944803","-90.025386","4.6","2021-09-12",,,"0.00",",,N","0.0",",,N",,
"US1LAOR0019","29.944803","-90.025386","4.6","2021-09-13",,,"0.10",",,N",,,,
"US1LAOR0019","29.944803","-90.025386","4.6","2021-09-14",,,"0.05",",,N",,,,
"US1LAOR0019","29.944803","-90.025386","4.6","2021-09-15",,,"1.90",",,N",,,,
"US1LAOR0019","29.944803","-90.025386","4.6","2021-09-16",,,"0.50",",,N",,,,
"US1LAOR0019","29.944803","-90.025386","4.6","2021-09-17",,,"0.10",",,N",,,,
"US1LAOR0019","29.944803","-90.025386","4.6","2021-09-18",,,"0.05",",,N",,,,
"US1LAOR0019","29.944803","-90.025386","4.6","2021-09-19",,,"2.30",",,N",,,,
"US1LAOR0019","29.944803","-90.025386","4.6","2021-09-20",,,"0.20",",,N",,,,
"US1LAOR0019","29.944803","-90.025386","4.6","2021-09-21",,,"0.02",",,N",,,,
"US1LAOR0019","29.944803","-90.025386","4.6","2021-09-22",,,"0.10",",,N",,,,
"US1LAOR0019","29.944803","-90.025386","4.6","2021-09-23",,,"0.00",",,N","0.0",",,N",,
"US1LAOR0019","29.944803","-90.025386","4.6","2021-09-24",,,"0.00",",,N","0.0",",,N",,
"US1LAOR0019","29.944803","-90.025386","4.6","2021-09-25",,,"0.00",",,N","0.0",",,N",,
"US1LAOR0019","29.944803","-90.025386","4.6","2021-09-26",,,"0.00",",,N","0.0",",,N",,
"US1LAOR0019","29.944803","-90.025386","4.6","2021-09-27",,,"0.00",",,N","0.0",",,N",,
"US1LAOR0019","29.944803","-90.025386","4.6","2021-09-28",,,"0.03",",,N",,,,
"US1LAOR0019","29.944803","-90.025386","4.6","2021-09-29",,,"0.80",",,N",,,,
"US1LAOR0019","29.944803","-90.025386","4.6","2021-09-30",,,"0.80",",,N",,,,
"US1LAOR0019","29.944803","-90.025386","4.6","2021-10-01",,,"0.02",",,N",,,,
"US1LAOR0019","29.944803","-90.025386","4.6","2021-10-02",,,"0.00",",,N","0.0",",,N",,
"US1LAOR0019","29.944803","-90.025386","4.6","2021-10-03",,,"0.30",",,N",,,,
"US1LAOR0019","29.944803","-90.025386","4.6","2021-10-04",,,"0.02",",,N",,,,
"US1LAOR0019","29.944803","-90.025386","4.6","2021-10-05",,,"0.02",",,N",,,,
"US1LAOR0019","29.944803","-90.025386","4.6","2021-10-06",,,"0.00",",,N","0.0",",,N",,
"US1LAOR0019","29.944803","-90.025386","4.6","2021-10-07",,,"0.00",",,N","0.0",",,N",,
"US1LAOR0019","29.944803","-90.025386","4.6","2021-10-08",,,"0.00",",,N","0.0",",,N",,
"US1LAOR0019","29.944803","-90.025386","4.6","2021-10-09",,,"0.00",",,N","0.0",",,N",,
"US1LAOR0019","29.944803","-90.025386","4.6","2021-10-10",,,"0.00",",,N","0.0",",,N",,
"US1LAOR0019","29.944803","-90.025386","4.6","2021-10-11",,,"0.00",",,N","0.0",",,N",,
"US1LAOR0019","29.944803","-90.025386","4.6","2021-10-12",,,"0.00",",,N","0.0",",,N",,
"US1LAOR0019","29.944803","-90.025386","4.6","2021-10-13",,,"0.00",",,N","0.0",",,N",,
"US1LAOR0019","29.944803","-90.025386","4.6","2021-10-14",,,"0.00",",,N","0.0",",,N",,
"US1LAOR0019","29.944803","-90.025386","4.6","2021-10-15",,,"0.00",",,N","0.0",",,N",,
"US1LAOR0019","29.944803","-90.025386","4.6","2021-10-16",,,"0.20",",,N",,,,
"US1LAOR0019","29.944803","-90.025386","4.6","2021-10-17",,,"0.00",",,N","0.0",",,N",,
"US1LAOR0019","29.944803","-90.025386","4.6","2021-10-18",,,"0.00",",,N","0.0",",,N",,
"US1LAOR0019","29.944803","-90.025386","4.6","2021-10-19",,,"0.00",",,N","0.0",",,N",,
"US1LAOR0019","29.944803","-90.025386","4.6","2021-10-20",,,"0.00",",,N","0.0",",,N",,
"US1LAOR0019","29.944803","-90.025386","4.6","2021-10-21",,,"0.00",",,N","0.0",",,N",,
"US1LAOR0019","29.944803","-90.025386","4.6","2021-10-22",,,"0.00",",,N","0.0",",,N",,
"US1LAOR0019","29.944803","-90.025386","4.6","2021-10-23",,,"0.00",",,N","0.0",",,N",,
"US1LAOR0019","29.944803","-90.025386","4.6","2021-10-24",,,"0.00",",,N","0.0",",,N",,
"US1LAOR0019","29.944803","-90.025386","4.6","2021-10-25",,,"0.07",",,N",,,,
"US1LAOR0019","29.944803","-90.025386","4.6","2021-10-26",,,"0.00",",,N","0.0",",,N",,
"US1LAOR0019","29.944803","-90.025386","4.6","2021-10-27",,,"0.00",",,N","0.0",",,N",,
"US1LAOR0019","29.944803","-90.025386","4.6","2021-10-28",,,"2.10",",,N",,,,
"US1LAOR0019","29.944803","-90.025386","4.6","2021-10-29",,,"0.00",",,N","0.0",",,N",,
"US1LAOR0019","29.944803","-90.025386","4.6","2021-10-30",,,"0.00",",,N","0.0",",,N",,
"US1LAOR0019","29.944803","-90.025386","4.6","2021-10-31",,,"0.00",",,N","0.0",",,N",,
"US1LAOR0019","29.944803","-90.025386","4.6","2021-11-01",,,"0.00",",,N","0.0",",,N",,
"US1LAOR0019","29.944803","-90.025386","4.6","2021-11-02",,,"0.00",",,N","0.0",",,N",,
"US1LAOR0019","29.944803","-90.025386","4.6","2021-11-03",,,"0.00",",,N","0.0",",,N",,
"US1LAOR0019","29.944803","-90.025386","4.6","2021-11-04",,,"0.00",",,N","0.0",",,N",,
"US1LAOR0019","29.944803","-90.025386","4.6","2021-11-05",,,"0.00",",,N","0.0",",,N",,
"US1LAOR0019","29.944803","-90.025386","4.6","2021-11-06",,,"0.00",",,N","0.0",",,N",,
"US1LAOR0019","29.944803","-90.025386","4.6","2021-11-07",,,"0.00",",,N","0.0",",,N",,
"US1LAOR0019","29.944803","-90.025386","4.6","2021-11-08",,,"0.00",",,N","0.0",",,N",,
"US1LAOR0019","29.944803","-90.025386","4.6","2021-11-09",,,"0.00",",,N","0.0",",,N",,
"US1LAOR0019","29.944803","-90.025386","4.6","2021-11-10",,,"0.00",",,N","0.0",",,N",,
"US1LAOR0019","29.944803","-90.025386","4.6","2021-11-11",,,"0.00",",,N","0.0",",,N",,
"US1LAOR0019","29.944803","-90.025386","4.6","2021-11-12",,,"0.00",",,N","0.0",",,N",,
"US1LAOR0019","29.944803","-90.025386","4.6","2021-11-13",,,"0.00",",,N","0.0",",,N",,
"US1LAOR0019","29.944803","-90.025386","4.6","2021-11-14",,,"0.00",",,N","0.0",",,N",,
"US1LAOR0019","29.944803","-90.025386","4.6","2021-11-15",,,"0.00",",,N","0.0",",,N",,
"US1LAOR0019","29.944803","-90.025386","4.6","2021-11-16",,,"0.00",",,N","0.0",",,N",,
"US1LAOR0019","29.944803","-90.025386","4.6","2021-11-17",,,"0.00",",,N","0.0",",,N",,
"US1LAOR0019","29.944803","-90.025386","4.6","2021-11-18",,,"0.00",",,N","0.0",",,N",,
"US1LAOR0019","29.944803","-90.025386","4.6","2021-11-19",,,"0.03",",,N",,,,
"US1LAOR0019","29.944803","-90.025386","4.6","2021-11-20",,,"0.00",",,N","0.0",",,N",,
"US1LAOR0019","29.944803","-90.025386","4.6","2021-11-21",,,"0.00",",,N","0.0",",,N",,
"US1LAOR0019","29.944803","-90.025386","4.6","2021-11-22",,,"0.50",",,N",,,,
"US1LAOR0019","29.944803","-90.025386","4.6","2021-11-23",,,"0.02",",,N",,,,
"US1LAOR0019","29.944803","-90.025386","4.6","2021-11-24",,,"0.00",",,N","0.0",",,N",,
"US1LAOR0019","29.944803","-90.025386","4.6","2021-11-25",,,"0.00",",,N","0.0",",,N",,
"US1LAOR0019","29.944803","-90.025386","4.6","2021-11-26",,,"0.03",",,N",,,,
"US1LAOR0019","29.944803","-90.025386","4.6","2021-11-27",,,"0.00",",,N","0.0",",,N",,
"US1LAOR0019","29.944803","-90.025386","4.6","2021-11-28",,,"0.04",",,N",,,,
"USC00169631","32.46","-92.1483","22.9","2021-08-01",,,"0.00",",,7,0700",,,,
"USC00169631","32.46","-92.1483","22.9","2021-08-02",,,"2.17",",,7,0700",,,,
"USC00169631","32.46","-92.1483","22.9","2021-08-03",,,"0.04",",,7,0700",,,,
"USC00169631","32.46","-92.1483","22.9","2021-08-04",,,"0.00",",,7,0700",,,,
"USC00169631","32.46","-92.1483","22.9","2021-08-05",,,"0.00",",,7,0700",,,,
"USC00169631","32.46","-92.1483","22.9","2021-08-06",,,"0.00",",,7,0700",,,,
"USC00169631","32.46","-92.1483","22.9","2021-08-07",,,"0.00",",,7,0700",,,,
"USC00169631","32.46","-92.1483","22.9","2021-08-08",,,"0.00",",,7,0700",,,,
"USC00169631","32.46","-92.1483","22.9","2021-08-09",,,"0.00",",,7,0700",,,,
"USC00169631","32.46","-92.1483","22.9","2021-08-10",,,"0.00",",,7,0700",,,,
"USC00169631","32.46","-92.1483","22.9","2021-08-11",,,"0.00",",,7,0700",,,,
"USC00169631","32.46","-92.1483","22.9","2021-08-12",,,"0.00",",,7,0700",,,,
"USC00169631","32.46","-92.1483","22.9","2021-08-13",,,"0.00",",,7,0700",,,,
"USC00169631","32.46","-92.1483","22.9","2021-08-14",,,"0.00",",,7,0700",,,,
"USC00169631","32.46","-92.1483","22.9","2021-08-15",,,"1.78",",,7,0700",,,,
"USC00169631","32.46","-92.1483","22.9","2021-08-16",,,"0.94",",,7,0700",,,,
"USC00169631","32.46","-92.1483","22.9","2021-08-17",,,"0.00",",,7,0700",,,,
"USC00169631","32.46","-92.1483","22.9","2021-08-18",,,"0.00",",,7,0700",,,,
"USC00169631","32.46","-92.1483","22.9","2021-08-19",,,"0.68",",,7,0700",,,,
"USC00169631","32.46","-92.1483","22.9","2021-08-20",,,"1.36",",,7,0700",,,,
"USC00169631","32.46","-92.1483","22.9","2021-08-21",,,"0.00",",,7,0700",,,,
"USC00169631","32.46","-92.1483","22.9","2021-08-22",,,"0.00",",,7,0700",,,,
"USC00169631","32.46","-92.1483","22.9","2021-08-23",,,"0.00",",,7,0700",,,,
"USC00169631","32.46","-92.1483","22.9","2021-08-24",,,"0.00",",,7,0700",,,,
"USC00169631","32.46","-92.1483","22.9","2021-08-25",,,"0.00",",,7,0700",,,,
"USC00169631","32.46","-92.1483","22.9","2021-08-26",,,"0.00",",,7,0700",,,,
"USC00169631","32.46","-92.1483","22.9","2021-08-27",,,"0.00",",,7,0700",,,,
"USC00169631","32.46","-92.1483","22.9","2021-08-28",,,"0.00",",,7,0700",,,,
"USC00169631","32.46","-92.1483","22.9","2021-08-29",,,"0.00",",,7,0700",,,,
"USC00169631","32.46","-92.1483","22.9","2021-08-30",,,"0.30",",,7,0700",,,,
"USC00169631","32.46","-92.1483","22.9","2021-08-31",,,"0.40",",,7,0700",,,,
"USC00169631","32.46","-92.1483","22.9","2021-09-01",,,"0.00",",,7,0700",,,,
"USC00169631","32.46","-92.1483","22.9","2021-09-02",,,"0.50",",,7,0700",,,,
"USC00169631","32.46","-92.1483","22.9","2021-09-03",,,"0.00",",,7,0700",,,,
"USC00169631","32.46","-92.1483","22.9","2021-09-04",,,"0.00",",,7,0700",,,,
"USC00169631","32.46","-92.1483","22.9","2021-09-05",,,"0.00",",,7,0700",,,,
"USC00169631","32.46","-92.1483","22.9","2021-09-06",,,"0.00",",,7,0700",,,,
"USC00169631","32.46","-92.1483","22.9","2021-09-07",,,"0.00",",,7,0700",,,,
"USC00169631","32.46","-92.1483","22.9","2021-09-08",,,"0.00",",,7,0700",,,,
"USC00169631","32.46","-92.1483","22.9","2021-09-09",,,"0.00",",,7,0700",,,,
"USC00169631","32.46","-92.1483","22.9","2021-09-10",,,"0.00",",,7,0700",,,,
"USC00169631","32.46","-92.1483","22.9","2021-09-11",,,"0.00",",,7,0700",,,,
"USC00169631","32.46","-92.1483","22.9","2021-09-12",,,"0.00",",,7,0700",,,,
"USC00169631","32.46","-92.1483","22.9","2021-09-13",,,"0.00",",,7,0700",,,,
"USC00169631","32.46","-92.1483","22.9","2021-09-14",,,"0.03",",,7,0700",,,,
"USC00169631","32.46","-92.1483","22.9","2021-09-15",,,"0.00",",,7,0700",,,,
"USC00169631","32.46","-92.1483","22.9","2021-09-16",,,"0.00",",,7,0700",,,,
"USC00169631","32.46","-92.1483","22.9","2021-09-17",,,"0.00",",,7,0700",,,,
"USC00169631","32.46","-92.1483","22.9","2021-09-18",,,"0.70",",,7,0700",,,,
"USC00169631","32.46","-92.1483","22.9","2021-09-19",,,"0.00",",,7,0700",,,,
"USC00169631","32.46","-92.1483","22.9","2021-09-20",,,"0.70",",,7,0700",,,,
"USC00169631","32.46","-92.1483","22.9","2021-09-21",,,"0.00",",,7,0700",,,,
"USC00169631","32.46","-92.1483","22.9","2021-09-22",,,"0.60",",,7,0700",,,,
"USC00169631","32.46","-92.1483","22.9","2021-09-23",,,"0.00",",,7,0700",,,,
"USC00169631","32.46","-92.1483","22.9","2021-09-24",,,"0.00",",,7,0700",,,,
"USC00169631","32.46","-92.1483","22.9","2021-09-25",,,"0.00",",,7,0700",,,,
"USC00169631","32.46","-92.1483","22.9","2021-09-26",,,"0.00",",,7,0700",,,,
"USC00169631","32.46","-92.1483","22.9","2021-09-27",,,"0.00",",,7,0700",,,,
"USC00169631","32.46","-92.1483","22.9","2021-09-28",,,"0.00",",,7,0700",,,,
"USC00169631","32.46","-92.1483","22.9","2021-09-29",,,"0.00",",,7,0700",,,,
"USC00169631","32.46","-92.1483","22.9","2021-09-30",,,"0.00",",,7,0700",,,,
"USC00169631","32.46","-92.1483","22.9","2021-10-01",,,"0.00",",,7,0700",,,,
"USC00169631","32.46","-92.1483","22.9","2021-10-02",,,"0.25",",,7,0700",,,,
"USC00169631","32.46","-92.1483","22.9","2021-10-03",,,"0.00",",,7,0700",,,,
"USC00169631","32.46","-92.1483","22.9","2021-10-04",,,"0.00",",,7,0700",,,,
"USC00169631","32.46","-92.1483","22.9","2021-10-05",,,"0.00",",,7,0700",,,,
"USC00169631","32.46","-92.1483","22.9","2021-10-06",,,"0.00",",,7,0700",,,,
"USC00169631","32.46","-92.1483","22.9","2021-10-07",,,"0.00",",,7,0700",,,,
"USC00169631","32.46","-92.1483","22.9","2021-10-08",,,"0.00",",,7,0700",,,,
"USC00169631","32.46","-92.1483","22.9","2021-10-09",,,"0.00",",,7,0700",,,,
"USC00169631","32.46","-92.1483","22.9","2021-10-10",,,"0.00",",,7,0700",,,,
"USC00169631","32.46","-92.1483","22.9","2021-10-11",,,"0.00",",,7,0700",,,,
"USC00169631","32.46","-92.1483","22.9","2021-10-12",,,"0.00",",,7,0700",,,,
"USC00169631","32.46","-92.1483","22.9","2021-10-13",,,"0.00",",,7,0700",,,,
"USC00169631","32.46","-92.1483","22.9","2021-10-14",,,"0.00",",,7,0700",,,,
"USC00169631","32.46","-92.1483","22.9","2021-10-15",,,"0.00",",,7,0700",,,,
"USC00169631","32.46","-92.1483","22.9","2021-10-16",,,"0.30",",,7,0700",,,,
"USC00169631","32.46","-92.1483","22.9","2021-10-17",,,"0.00",",,7,0700",,,,
"USC00169631","32.46","-92.1483","22.9","2021-10-18",,,"0.00",",,7,0700",,,,
"USC00169631","32.46","-92.1483","22.9","2021-10-19",,,"0.00",",,7,0700",,,,
"USC00169631","32.46","-92.1483","22.9","2021-10-20",,,"0.00",",,7,0700",,,,
"USC00169631","32.46","-92.1483","22.9","2021-10-21",,,"0.00",",,7,0700",,,,
"USC00169631","32.46","-92.1483","22.9","2021-10-22",,,"0.00",",,7,0700",,,,
"USC00169631","32.46","-92.1483","22.9","2021-10-23",,,"0.00",",,7,0700",,,,
"USC00169631","32.46","-92.1483","22.9","2021-10-24",,,"0.00",",,7,0700",,,,
"USC00169631","32.46","-92.1483","22.9","2021-10-25",,,"0.00",",,7,0700",,,,
"USC00169631","32.46","-92.1483","22.9","2021-10-26",,,"0.00",",,7,0700",,,,
"USC00169631","32.46","-92.1483","22.9","2021-10-27",,,"1.10",",,7,0700",,,,
"USC00169631","32.46","-92.1483","22.9","2021-10-28",,,"0.00",",,7,0700",,,,
"USC00169631","32.46","-92.1483","22.9","2021-10-29",,,"0.00",",,7,0700",,,,
"USC00169631","32.46","-92.1483","22.9","2021-10-30",,,"0.00",",,7,0700",,,,
"USC00169631","32.46","-92.1483","22.9","2021-10-31",,,"0.00",",,7,0700",,,,
"USC00169631","32.46","-92.1483","22.9","2021-11-01",,,"0.00",",,H,0700",,,,
"USC00169631","32.46","-92.1483","22.9","2021-11-02",,,"0.00",",,H,0700",,,,
"USC00169631","32.46","-92.1483","22.9","2021-11-03",,,"0.00",",,H,0700",,,,
"USC00169631","32.46","-92.1483","22.9","2021-11-04",,,"0.22",",,H,0700",,,,
"USC00169631","32.46","-92.1483","22.9","2021-11-15",,,"0.00",",,H,0700",,,,
"USC00169631","32.46","-92.1483","22.9","2021-11-16",,,"0.00",",,H,0700",,,,
"USC00169631","32.46","-92.1483","22.9","2021-11-17",,,"0.00",",,H,0700",,,,
"USC00169631","32.46","-92.1483","22.9","2021-11-18",,,"0.00",",,H,0700",,,,
"USC00169631","32.46","-92.1483","22.9","2021-11-19",,,"0.00",",,H,0700",,,,
"USC00169631","32.46","-92.1483","22.9","2021-11-20",,,"0.00",",,H,0700",,,,
"USC00169631","32.46","-92.1483","22.9","2021-11-21",,,"0.00",",,H,0700",,,,
"USC00169631","32.46","-92.1483","22.9","2021-11-22",,,"0.33",",,H,0700",,,,
"USC00166244","32.6052","-93.2947","56.4","2021-08-01",,,"0.00",",,7,0700","0.0",",,7,0700",,
"USC00166244","32.6052","-93.2947","56.4","2021-08-02",,,"0.52",",,7,0700","0.0",",,7,0700",,
"USC00166244","32.6052","-93.2947","56.4","2021-08-03",,,"0.93",",,7,0700","0.0",",,7,0700",,
"USC00166244","32.6052","-93.2947","56.4","2021-08-04",,,"0.00",",,7,0700","0.0",",,7,0700",,
"USC00166244","32.6052","-93.2947","56.4","2021-08-05",,,"0.00",",,7,0700","0.0",",,7,0700",,
"USC00166244","32.6052","-93.2947","56.4","2021-08-06",,,"0.00",",,7,0700","0.0",",,7,0700",,
"USC00166244","32.6052","-93.2947","56.4","2021-08-07",,,"0.00",",,7,0700","0.0",",,7,0700",,
"USC00166244","32.6052","-93.2947","56.4","2021-08-08",,,"0.00",",,7,0700","0.0",",,7,0700",,
"USC00166244","32.6052","-93.2947","56.4","2021-08-09",,,"0.00",",,7,0700","0.0",",,7,0700",,
"USC00166244","32.6052","-93.2947","56.4","2021-08-10",,,"0.00",",,7,0700","0.0",",,7,0700",,
"USC00166244","32.6052","-93.2947","56.4","2021-08-11",,,"0.00",",,7,0700","0.0",",,7,0700",,
"USC00166244","32.6052","-93.2947","56.4","2021-08-12",,,"0.00",",,7,0700","0.0",",,7,0700",,
"USC00166244","32.6052","-93.2947","56.4","2021-08-13",,,"0.00",",,7,0700","0.0",",,7,0700",,
"USC00166244","32.6052","-93.2947","56.4","2021-08-14",,,"0.00",",,7,0700","0.0",",,7,0700",,
"USC00166244","32.6052","-93.2947","56.4","2021-08-15",,,"0.00",",,7,0700","0.0",",,7,0700",,
"USC00166244","32.6052","-93.2947","56.4","2021-08-16",,,"0.00",",,7,0700","0.0",",,7,0700",,
"USC00166244","32.6052","-93.2947","56.4","2021-08-17",,,"0.00",",,7,0700","0.0",",,7,0700",,
"USC00166244","32.6052","-93.2947","56.4","2021-08-18",,,"0.38",",,7,0700","0.0",",,7,0700",,
"USC00166244","32.6052","-93.2947","56.4","2021-08-19",,,"0.93",",,7,0700","0.0",",,7,0700",,
"USC00166244","32.6052","-93.2947","56.4","2021-08-20",,,"0.24",",,7,0700","0.0",",,7,0700",,
"USC00166244","32.6052","-93.2947","56.4","2021-08-21",,,"0.00",",,7,0700","0.0",",,7,0700",,
"USC00166244","32.6052","-93.2947","56.4","2021-08-22",,,"0.00",",,7,0700","0.0",",,7,0700",,
"USC00166244","32.6052","-93.2947","56.4","2021-08-23",,,"0.00",",,7,0700","0.0",",,7,0700",,
"USC00166244","32.6052","-93.2947","56.4","2021-08-24",,,"0.00",",,7,0700","0.0",",,7,0700",,
"USC00166244","32.6052","-93.2947","56.4","2021-08-25",,,"0.00",",,7,0700","0.0",",,7,0700",,
"USC00166244","32.6052","-93.2947","56.4","2021-08-26",,,"0.03",",,7,0700","0.0",",,7,0700",,
"USC00166244","32.6052","-93.2947","56.4","2021-08-27",,,"0.01",",,7,0700","0.0",",,7,0700",,
"USC00166244","32.6052","-93.2947","56.4","2021-08-28",,,"0.00",",,7,0700","0.0",",,7,0700",,
"USC00166244","32.6052","-93.2947","56.4","2021-08-29",,,"0.00",",,7,0700","0.0",",,7,0700",,
"USC00166244","32.6052","-93.2947","56.4","2021-08-30",,,"0.07",",,7,0700","0.0",",,7,0700",,
"USC00166244","32.6052","-93.2947","56.4","2021-08-31",,,"0.00",",,7,0700","0.0",",,7,0700",,
"USC00166244","32.6052","-93.2947","56.4","2021-09-01",,,"0.00",",,7,0700","0.0",",,7,0700",,
"USC00166244","32.6052","-93.2947","56.4","2021-09-02",,,"0.06",",,7,0700","0.0",",,7,0700",,
"USC00166244","32.6052","-93.2947","56.4","2021-09-03",,,"0.00",",,7,0700","0.0",",,7,0700",,
"USC00166244","32.6052","-93.2947","56.4","2021-09-04",,,"0.00",",,7,0700","0.0",",,7,0700",,
"USC00166244","32.6052","-93.2947","56.4","2021-09-05",,,"0.00",",,7,0700","0.0",",,7,0700",,
"USC00166244","32.6052","-93.2947","56.4","2021-09-06",,,"0.00",",,7,0700","0.0",",,7,0700",,
"USC00166244","32.6052","-93.2947","56.4","2021-09-07",,,"0.00",",,7,0700","0.0",",,7,0700",,
"USC00166244","32.6052","-93.2947","56.4","2021-09-08",,,"0.00",",,7,0700","0.0",",,7,0700",,
"USC00166244","32.6052","-93.2947","56.4","2021-09-09",,,"0.00",",,7,0700","0.0",",,7,0700",,
"USC00166244","32.6052","-93.2947","56.4","2021-09-10",,,"0.00",",,7,0700","0.0",",,7,0700",,
"USC00166244","32.6052","-93.2947","56.4","2021-09-11",,,"0.00",",,7,0700","0.0",",,7,0700",,
"USC00166244","32.6052","-93.2947","56.4","2021-09-12",,,"0.00",",,7,0700","0.0",",,7,0700",,
"USC00166244","32.6052","-93.2947","56.4","2021-09-13",,,"0.00",",,7,0700","0.0",",,7,0700",,
"USC00166244","32.6052","-93.2947","56.4","2021-09-14",,,"0.00",",,7,0700","0.0",",,7,0700",,
"USC00166244","32.6052","-93.2947","56.4","2021-09-15",,,"0.00",",,7,0700","0.0",",,7,0700",,
"USC00166244","32.6052","-93.2947","56.4","2021-09-16",,,"0.00",",,7,0700","0.0",",,7,0700",,
"USC00166244","32.6052","-93.2947","56.4","2021-09-17",,,"0.00",",,7,0700","0.0",",,7,0700",,
"USC00166244","32.6052","-93.2947","56.4","2021-09-18",,,"0.16",",,7,0700","0.0",",,7,0700",,
"USC00166244","32.6052","-93.2947","56.4","2021-09-19",,,"0.07",",,7,0700","0.0",",,7,0700",,
"USC00166244","32.6052","-93.2947","56.4","2021-09-20",,,"0.00",",,7,0700","0.0",",,7,0700",,
"USC00166244","32.6052","-93.2947","56.4","2021-09-21",,,"0.00",",,7,0700","0.0",",,7,0700",,
"USC00166244","32.6052","-93.2947","56.4","2021-09-22",,,"0.19",",,7,0700","0.0",",,7,0700",,
"USC00166244","32.6052","-93.2947","56.4","2021-09-23",,,"0.00",",,7,0700","0.0",",,7,0700",,
"USC00166244","32.6052","-93.2947","56.4","2021-09-24",,,"0.00",",,7,0700","0.0",",,7,0700",,
"USC00166244","32.6052","-93.2947","56.4","2021-09-25",,,"0.00",",,7,0700","0.0",",,7,0700",,
"USC00166244","32.6052","-93.2947","56.4","2021-09-26",,,"0.00",",,7,0700","0.0",",,7,0700",,
"USC00166244","32.6052","-93.2947","56.4","2021-09-27",,,"0.00",",,7,0700","0.0",",,7,0700",,
"USC00166244","32.6052","-93.2947","56.4","2021-09-28",,,"0.00",",,7,0700","0.0",",,7,0700",,
"USC00166244","32.6052","-93.2947","56.4","2021-09-29",,,"0.00",",,7,0700","0.0",",,7,0700",,
"USC00166244","32.6052","-93.2947","56.4","2021-09-30",,,"0.00",",,7,0700","0.0",",,7,0700",,
"USC00166244","32.6052","-93.2947","56.4","2021-10-01",,,"0.02",",,7,0700","0.0",",,7,0700",,
"USC00166244","32.6052","-93.2947","56.4","2021-10-02",,,"1.54",",,7,0700","0.0",",,7,0700",,
"USC00166244","32.6052","-93.2947","56.4","2021-10-03",,,"0.00",",,7,0700","0.0",",,7,0700",,
"USC00166244","32.6052","-93.2947","56.4","2021-10-04",,,"0.93",",,7,0700","0.0",",,7,0700",,
"USC00166244","32.6052","-93.2947","56.4","2021-10-05",,,"0.00",",,7,0700","0.0",",,7,0700",,
"USC00166244","32.6052","-93.2947","56.4","2021-10-06",,,"0.00",",,7,0700","0.0",",,7,0700",,
"USC00166244","32.6052","-93.2947","56.4","2021-10-07",,,"0.00",",,7,0700","0.0",",,7,0700",,
"USC00166244","32.6052","-93.2947","56.4","2021-10-08",,,"0.00",",,7,0700","0.0",",,7,0700",,
"USC00166244","32.6052","-93.2947","56.4","2021-10-09",,,"0.00",",,7,0700","0.0",",,7,0700",,
"USC00166244","32.6052","-93.2947","56.4","2021-10-10",,,"0.00",",,7,0700","0.0",",,7,0700",,
"USC00166244","32.6052","-93.2947","56.4","2021-10-11",,,"0.00",",,7,0700","0.0",",,7,0700",,
"USC00166244","32.6052","-93.2947","56.4","2021-10-12",,,"0.00",",,7,0700","0.0",",,7,0700",,
"USC00166244","32.6052","-93.2947","56.4","2021-10-13",,,"0.01",",,7,0700","0.0",",,7,0700",,
"USC00166244","32.6052","-93.2947","56.4","2021-10-14",,,"0.00",",,7,0700","0.0",",,7,0700",,
"USC00166244","32.6052","-93.2947","56.4","2021-10-15",,,"0.00",",,7,0700","0.0",",,7,0700",,
"USC00166244","32.6052","-93.2947","56.4","2021-10-16",,,"0.00",",,7,0700","0.0",",,7,0700",,
"USC00166244","32.6052","-93.2947","56.4","2021-10-17",,,"0.00",",,7,0700","0.0",",,7,0700",,
"USC00166244","32.6052","-93.2947","56.4","2021-10-18",,,"0.00",",,7,0700","0.0",",,7,0700",,
"USC00166244","32.6052","-93.2947","56.4","2021-10-19",,,"0.00",",,7,0700","0.0",",,7,0700",,
"USC00166244","32.6052","-93.2947","56.4","2021-10-20",,,"0.00",",,7,0700","0.0",",,7,0700",,
"USC00166244","32.6052","-93.2947","56.4","2021-10-21",,,"0.00",",,7,0700","0.0",",,7,0700",,
"USC00166244","32.6052","-93.2947","56.4","2021-10-22",,,"0.00",",,7,0700","0.0",",,7,0700",,
"USC00166244","32.6052","-93.2947","56.4","2021-10-23",,,"0.00",",,7,0700","0.0",",,7,0700",,
"USC00166244","32.6052","-93.2947","56.4","2021-10-24",,,"0.00",",,7,0700","0.0",",,7,0700",,
"USC00166244","32.6052","-93.2947","56.4","2021-10-25",,,"0.00",",,7,0700","0.0",",,7,0700",,
"USC00166244","32.6052","-93.2947","56.4","2021-10-26",,,"0.00",",,7,0700","0.0",",,7,0700",,
"USC00166244","32.6052","-93.2947","56.4","2021-10-27",,,"0.00",",,7,0700","0.0",",,7,0700",,
"USC00166244","32.6052","-93.2947","56.4","2021-10-28",,,"0.94",",,7,0700","0.0",",,7,0700",,
"USC00166244","32.6052","-93.2947","56.4","2021-10-29",,,"0.00",",,7,0700","0.0",",,7,0700",,
"USC00166244","32.6052","-93.2947","56.4","2021-10-30",,,"0.00",",,7,0700","0.0",",,7,0700",,
"USC00166244","32.6052","-93.2947","56.4","2021-10-31",,,"0.00",",,7,0700","0.0",",,7,0700",,
"USC00166244","32.6052","-93.2947","56.4","2021-11-01",,,"0.00",",,H,0700","0.0",",,H,0700",,
"USC00166244","32.6052","-93.2947","56.4","2021-11-02",,,"0.00",",,H,0700","0.0",",,H,0700",,
"USC00166244","32.6052","-93.2947","56.4","2021-11-03",,,"0.11",",,H,0700","0.0",",,H,0700",,
"USC00166244","32.6052","-93.2947","56.4","2021-11-04",,,"0.37",",,H,0700","0.0",",,H,0700",,
"USC00166244","32.6052","-93.2947","56.4","2021-11-05",,,"0.00",",,H,0700","0.0",",,H,0700",,
"USC00166244","32.6052","-93.2947","56.4","2021-11-06",,,"0.00",",,H,0700","0.0",",,H,0700",,
"USC00166244","32.6052","-93.2947","56.4","2021-11-07",,,"0.00",",,H,0700","0.0",",,H,0700",,
"USC00166244","32.6052","-93.2947","56.4","2021-11-08",,,"0.00",",,H,0700","0.0",",,H,0700",,
"USC00166244","32.6052","-93.2947","56.4","2021-11-09",,,"0.00",",,H,0700","0.0",",,H,0700",,
"USC00166244","32.6052","-93.2947","56.4","2021-11-10",,,"0.00",",,H,0700","0.0",",,H,0700",,
"USC00166244","32.6052","-93.2947","56.4","2021-11-11",,,"0.43",",,H,0700","0.0",",,H,0700",,
"USC00166244","32.6052","-93.2947","56.4","2021-11-12",,,"0.00",",,H,0700","0.0",",,H,0700",,
"USC00166244","32.6052","-93.2947","56.4","2021-11-13",,,"0.00",",,H,0700","0.0",",,H,0700",,
"USC00166244","32.6052","-93.2947","56.4","2021-11-14",,,"0.00",",,H,0700","0.0",",,H,0700",,
"USC00166244","32.6052","-93.2947","56.4","2021-11-15",,,"0.00",",,H,0700","0.0",",,H,0700",,
"USC00166244","32.6052","-93.2947","56.4","2021-11-16",,,"0.00",",,H,0700","0.0",",,H,0700",,
"US1MEPN0054","44.8925","-68.6833","41.5","2021-08-01",,,"0.00",",,N","0.0",",,N",,
"US1MEPN0054","44.8925","-68.6833","41.5","2021-08-02",,,"0.02",",,N",,,,
"US1MEPN0054","44.8925","-68.6833","41.5","2021-08-03",,,"0.13",",,N",,,,
"US1MEPN0054","44.8925","-68.6833","41.5","2021-08-04",,,"0.00",",,N","0.0",",,N",,
"US1MEPN0054","44.8925","-68.6833","41.5","2021-08-05",,,"0.12",",,N",,,,
"US1MEPN0054","44.8925","-68.6833","41.5","2021-08-06",,,"0.45",",,N",,,,
"US1MEPN0054","44.8925","-68.6833","41.5","2021-08-07",,,"0.00",",,N","0.0",",,N",,
"US1MEPN0054","44.8925","-68.6833","41.5","2021-08-08",,,"0.00","T,,N",,,,
"US1MEPN0054","44.8925","-68.6833","41.5","2021-08-09",,,"0.00",",,N","0.0",",,N",,
"US1MEPN0054","44.8925","-68.6833","41.5","2021-08-10",,,"0.00",",,N","0.0",",,N",,
"US1MEPN0054","44.8925","-68.6833","41.5","2021-08-12",,,"0.00","T,,N",,,,
"US1MEPN0054","44.8925","-68.6833","41.5","2021-08-13",,,"0.00",",,N","0.0",",,N",,
"US1MEPN0054","44.8925","-68.6833","41.5","2021-08-14",,,"0.00",",,N","0.0",",,N",,
"US1MEPN0054","44.8925","-68.6833","41.5","2021-08-15",,,"0.05",",,N",,,,
"US1MEPN0054","44.8925","-68.6833","41.5","2021-08-16",,,"0.00",",,N","0.0",",,N",,
"US1MEPN0054","44.8925","-68.6833","41.5","2021-08-17",,,"0.00",",,N","0.0",",,N",,
"US1MEPN0054","44.8925","-68.6833","41.5","2021-08-20",,,,,,,,
"US1MEPN0054","44.8925","-68.6833","41.5","2021-08-22",,,"0.00","T,,N",,,,
"US1MEPN0054","44.8925","-68.6833","41.5","2021-08-23",,,"0.11",",,N",,,,
"US1MEPN0054","44.8925","-68.6833","41.5","2021-08-24",,,"1.40",",,N",,,,
"US1MEPN0054","44.8925","-68.6833","41.5","2021-08-26",,,"0.00",",,N","0.0",",,N",,
"US1MEPN0054","44.8925","-68.6833","41.5","2021-08-27",,,"0.00",",,N","0.0",",,N",,
"US1MEPN0054","44.8925","-68.6833","41.5","2021-08-28",,,"0.00",",,N","0.0",",,N",,
"US1MEPN0054","44.8925","-68.6833","41.5","2021-08-30",,,"0.00","T,,N",,,,
"US1MEPN0054","44.8925","-68.6833","41.5","2021-08-31",,,"0.04",",,N",,,,
"US1MEPN0054","44.8925","-68.6833","41.5","2021-09-01",,,"0.00",",,N","0.0",",,N",,
"US1MEPN0054","44.8925","-68.6833","41.5","2021-09-02",,,"0.56",",,N",,,,
"US1MEPN0054","44.8925","-68.6833","41.5","2021-09-03",,,"0.26",",,N",,,,
"US1MEPN0054","44.8925","-68.6833","41.5","2021-09-04",,,"0.20",",,N",,,,
"US1MEPN0054","44.8925","-68.6833","41.5","2021-09-05",,,"0.00",",,N","0.0",",,N",,
"US1MEPN0054","44.8925","-68.6833","41.5","2021-09-06",,,"0.07",",,N",,,,
"US1MEPN0054","44.8925","-68.6833","41.5","2021-09-07",,,"0.21",",,N",,,,
"US1MEPN0054","44.8925","-68.6833","41.5","2021-09-08",,,"0.00",",,N","0.0",",,N",,
"US1MEPN0054","44.8925","-68.6833","41.5","2021-09-09",,,"0.00",",,N","0.0",",,N",,
"US1MEPN0054","44.8925","-68.6833","41.5","2021-09-10",,,"3.02",",,N",,,,
"US1MEPN0054","44.8925","-68.6833","41.5","2021-09-11",,,"0.43",",,N",,,,
"US1MEPN0054","44.8925","-68.6833","41.5","2021-09-12",,,"0.00",",,N","0.0",",,N",,
"US1MEPN0054","44.8925","-68.6833","41.5","2021-09-14",,,"0.00","T,,N",,,,
"US1MEPN0054","44.8925","-68.6833","41.5","2021-09-15",,,"0.00","T,,N",,,,
"US1MEPN0054","44.8925","-68.6833","41.5","2021-09-16",,,"0.45",",,N",,,,
"US1MEPN0054","44.8925","-68.6833","41.5","2021-09-18",,,"0.00",",,N","0.0",",,N",,
"US1MEPN0054","44.8925","-68.6833","41.5","2021-09-19",,,"0.00",",,N","0.0",",,N",,
"US1MEPN0054","44.8925","-68.6833","41.5","2021-09-21",,,"0.00",",,N","0.0",",,N",,
"US1MEPN0054","44.8925","-68.6833","41.5","2021-09-22",,,"0.00",",,N","0.0",",,N",,
"US1MEPN0054","44.8925","-68.6833","41.5","2021-09-23",,,"0.00","T,,N",,,,
"US1MEPN0054","44.8925","-68.6833","41.5","2021-09-24",,,"0.03",",,N",,,,
"US1MEPN0054","44.8925","-68.6833","41.5","2021-09-25",,,"2.01",",,N",,,,
"US1MEPN0054","44.8925","-68.6833","41.5","2021-09-26",,,"0.58",",,N",,,,
"US1MEPN0054","44.8925","-68.6833","41.5","2021-09-27",,,"1.00",",,N",,,,
"US1MEPN0054","44.8925","-68.6833","41.5","2021-09-28",,,"0.00",",,N","0.0",",,N",,
"US1MEPN0054","44.8925","-68.6833","41.5","2021-09-29",,,"0.00",",,N","0.0",",,N",,
"US1MEPN0054","44.8925","-68.6833","41.5","2021-09-30",,,"0.02",",,N",,,,
"US1MEPN0054","44.8925","-68.6833","41.5","2021-10-01",,,"0.08",",,N",,,,
"US1MEPN0054","44.8925","-68.6833","41.5","2021-10-02",,,"0.02",",,N",,,,
"US1MEPN0054","44.8925","-68.6833","41.5","2021-10-03",,,"0.00","T,,N",,,,
"US1MEPN0054","44.8925","-68.6833","41.5","2021-10-04",,,"0.00",",,N","0.0",",,N",,
"US1MEPN0054","44.8925","-68.6833","41.5","2021-10-06",,,"0.00",",,N","0.0",",,N",,
"US1MEPN0054","44.8925","-68.6833","41.5","2021-10-07",,,"0.00",",,N","0.0",",,N",,
"US1MEPN0054","44.8925","-68.6833","41.5","2021-10-10",,,"0.00",",,N","0.0",",,N",,
"US1MEPN0054","44.8925","-68.6833","41.5","2021-10-12",,,"0.00",",,N","0.0",",,N",,
"US1MEPN0054","44.8925","-68.6833","41.5","2021-10-13",,,"0.00",",,N","0.0",",,N",,
"US1MEPN0054","44.8925","-68.6833","41.5","2021-10-16",,,"0.12",",,N",,,,
"US1MEPN0054","44.8925","-68.6833","41.5","2021-10-18",,,,,,,,
"US1MEPN0054","44.8925","-68.6833","41.5","2021-10-19",,,"0.00",",,N","0.0",",,N",,
"US1MEPN0054","44.8925","-68.6833","41.5","2021-10-21",,,"0.00",",,N","0.0",",,N",,
"US1MEPN0054","44.8925","-68.6833","41.5","2021-10-22",,,"0.02",",,N",,,,
"US1MEPN0054","44.8925","-68.6833","41.5","2021-10-23",,,"0.04",",,N",,,,
"US1MEPN0054","44.8925","-68.6833","41.5","2021-10-25",,,"0.00",",,N","0.0",",,N",,
"US1MEPN0054","44.8925","-68.6833","41.5","2021-10-26",,,"0.07",",,N",,,,
"US1MEPN0054","44.8925","-68.6833","41.5","2021-10-27",,,"0.09",",,N",,,,
"US1MEPN0054","44.8925","-68.6833","41.5","2021-10-28",,,"0.04",",,N",,,,
"US1MEPN0054","44.8925","-68.6833","41.5","2021-10-30",,,"0.00",",,N","0.0",",,N",,
"US1MEPN0054","44.8925","-68.6833","41.5","2021-11-02",,,"0.00",",,N","0.0",",,N",,
"US1MEPN0054","44.8925","-68.6833","41.5","2021-11-03",,,"0.00",",,N","0.0",",,N",,
"US1MEPN0054","44.8925","-68.6833","41.5","2021-11-04",,,"0.00",",,N","0.0",",,N",,
"US1MEPN0054","44.8925","-68.6833","41.5","2021-11-08",,,"0.00",",,N","0.0",",,N",,
"US1MEPN0054","44.8925","-68.6833","41.5","2021-11-11",,,"0.00",",,N","0.0",",,N",,
"US1MEPN0054","44.8925","-68.6833","41.5","2021-11-12",,,"0.00",",,N","0.0",",,N",,
"US1MEPN0054","44.8925","-68.6833","41.5","2021-11-13",,,"1.03",",,N",,,,
"US1MEPN0054","44.8925","-68.6833","41.5","2021-11-14",,,"0.12",",,N",,,,
"US1MEPN0054","44.8925","-68.6833","41.5","2021-11-15",,,"0.10",",,N",,,,
"US1MEPN0054","44.8925","-68.6833","41.5","2021-11-16",,,"0.10",",,N",,,,
"US1MEPN0054","44.8925","-68.6833","41.5","2021-11-17",,,"0.00","T,,N",,,,
"US1MEPN0054","44.8925","-68.6833","41.5","2021-11-18",,,"0.29",",,N",,,,
"US1MEPN0054","44.8925","-68.6833","41.5","2021-11-19",,,"0.38",",,N",,,,
"US1MEPN0054","44.8925","-68.6833","41.5","2021-11-20",,,"0.00",",,N","0.0",",,N",,
"US1MEPN0054","44.8925","-68.6833","41.5","2021-11-21",,,"0.00",",,N","0.0",",,N",,
"US1MEPN0054","44.8925","-68.6833","41.5","2021-11-22",,,"0.52",",,N",,,,
"US1MEPN0054","44.8925","-68.6833","41.5","2021-11-23",,,"0.45",",,N",,,,
"US1MEPN0054","44.8925","-68.6833","41.5","2021-11-24",,,"0.00",",,N","0.0",",,N",,
"US1MEPN0054","44.8925","-68.6833","41.5","2021-11-25",,,"0.00",",,N","0.0",",,N",,
"US1MEPN0055","44.87005","-68.694467","81.4","2021-08-01",,,"0.00",",,N","0.0",",,N",,
"US1MEPN0055","44.87005","-68.694467","81.4","2021-08-02",,,"0.01",",,N",,,,
"US1MEPN0055","44.87005","-68.694467","81.4","2021-08-03",,,"0.11",",,N",,,,
"US1MEPN0055","44.87005","-68.694467","81.4","2021-08-04",,,"0.00",",,N","0.0",",,N",,
"US1MEPN0055","44.87005","-68.694467","81.4","2021-08-05",,,"0.12",",,N",,,,
"US1MEPN0055","44.87005","-68.694467","81.4","2021-08-06",,,"0.55",",,N",,,,
"US1MEPN0055","44.87005","-68.694467","81.4","2021-08-07",,,"0.00",",,N","0.0",",,N",,
"US1MEPN0055","44.87005","-68.694467","81.4","2021-08-08",,,"0.00","T,,N",,,,
"US1MEPN0055","44.87005","-68.694467","81.4","2021-08-09",,,"0.00",",,N","0.0",",,N",,
"US1MEPN0055","44.87005","-68.694467","81.4","2021-08-10",,,"0.00",",,N","0.0",",,N",,
"US1MEPN0055","44.87005","-68.694467","81.4","2021-08-11",,,"0.00",",,N","0.0",",,N",,
"US1MEPN0055","44.87005","-68.694467","81.4","2021-08-12",,,"0.00",",,N","0.0",",,N",,
"US1MEPN0055","44.87005","-68.694467","81.4","2021-08-13",,,"0.00",",,N","0.0",",,N",,
"US1MEPN0055","44.87005","-68.694467","81.4","2021-08-14",,,"0.00",",,N","0.0",",,N",,
"US1MEPN0055","44.87005","-68.694467","81.4","2021-08-15",,,"0.04",",,N",,,,
"US1MEPN0055","44.87005","-68.694467","81.4","2021-08-16",,,"0.00",",,N","0.0",",,N",,
"US1MEPN0055","44.87005","-68.694467","81.4","2021-08-17",,,"0.00",",,N","0.0",",,N",,
"US1MEPN0055","44.87005","-68.694467","81.4","2021-08-18",,,"0.00",",,N","0.0",",,N",,
"US1MEPN0055","44.87005","-68.694467","81.4","2021-08-19",,,"0.17",",,N",,,,
"US1MEPN0055","44.87005","-68.694467","81.4","2021-08-20",,,"0.57",",,N",,,,
"US1MEPN0055","44.87005","-68.694467","81.4","2021-08-21",,,"0.00",",,N","0.0",",,N",,
"US1MEPN0055","44.87005","-68.694467","81.4","2021-08-22",,,"0.00","T,,N",,,,
"US1MEPN0055","44.87005","-68.694467","81.4","2021-08-23",,,"0.12",",,N",,,,
"US1MEPN0055","44.87005","-68.694467","81.4","2021-08-24",,,"1.85",",,N",,,,
"US1MEPN0055","44.87005","-68.694467","81.4","2021-08-25",,,"0.00",",,N","0.0",",,N",,
"US1MEPN0055","44.87005","-68.694467","81.4","2021-08-26",,,"0.00",",,N","0.0",",,N",,
"US1MEPN0055","44.87005","-68.694467","81.4","2021-08-27",,,"0.00",",,N","0.0",",,N",,
"US1MEPN0055","44.87005","-68.694467","81.4","2021-08-28",,,"0.00",",,N","0.0",",,N",,
"US1MEPN0055","44.87005","-68.694467","81.4","2021-08-29",,,"0.00","T,,N",,,,
"US1MEPN0055","44.87005","-68.694467","81.4","2021-08-30",,,"0.01",",,N",,,,
"US1MEPN0055","44.87005","-68.694467","81.4","2021-08-31",,,"0.03",",,N",,,,
"US1MEPN0055","44.87005","-68.694467","81.4","2021-09-01",,,"0.00",",,N","0.0",",,N",,
"US1MEPN0055","44.87005","-68.694467","81.4","2021-09-02",,,"0.60",",,N",,,,
"US1MEPN0055","44.87005","-68.694467","81.4","2021-09-03",,,"0.22",",,N",,,,
"US1MEPN0055","44.87005","-68.694467","81.4","2021-09-04",,,"0.25",",,N",,,,
"US1MEPN0055","44.87005","-68.694467","81.4","2021-09-05",,,"0.00",",,N","0.0",",,N",,
"US1MEPN0055","44.87005","-68.694467","81.4","2021-09-06",,,"0.06",",,N",,,,
"US1MEPN0055","44.87005","-68.694467","81.4","2021-09-07",,,"0.17",",,N",,,,
"US1MEPN0055","44.87005","-68.694467","81.4","2021-09-08",,,"0.00",",,N","0.0",",,N",,
"US1MEPN0055","44.87005","-68.694467","81.4","2021-09-09",,,"0.00",",,N","0.0",",,N",,
"US1MEPN0055","44.87005","-68.694467","81.4","2021-09-10",,,"3.11",",,N",,,,
"US1MEPN0055","44.87005","-68.694467","81.4","2021-09-11",,,"0.51",",,N",,,,
"US1MEPN0055","44.87005","-68.694467","81.4","2021-09-12",,,"0.00",",,N","0.0",",,N",,
"US1MEPN0055","44.87005","-68.694467","81.4","2021-09-13",,,"0.00",",,N","0.0",",,N",,
"US1MEPN0055","44.87005","-68.694467","81.4","2021-09-14",,,"0.00",",,N","0.0",",,N",,
"US1MEPN0055","44.87005","-68.694467","81.4","2021-09-15",,,"0.00",",,N","0.0",",,N",,
"US1MEPN0055","44.87005","-68.694467","81.4","2021-09-16",,,"0.48",",,N",,,,
"US1MEPN0055","44.87005","-68.694467","81.4","2021-09-17",,,"0.00",",,N","0.0",",,N",,
"US1MEPN0055","44.87005","-68.694467","81.4","2021-09-18",,,"0.00",",,N","0.0",",,N",,
"US1MEPN0055","44.87005","-68.694467","81.4","2021-09-19",,,"0.02",",,N",,,,
"US1MEPN0055","44.87005","-68.694467","81.4","2021-09-20",,,"0.00",",,N","0.0",",,N",,
"US1MEPN0055","44.87005","-68.694467","81.4","2021-09-21",,,"0.00",",,N","0.0",",,N",,
"US1MEPN0055","44.87005","-68.694467","81.4","2021-09-22",,,"0.00",",,N","0.0",",,N",,
"US1MEPN0055","44.87005","-68.694467","81.4","2021-09-23",,,"0.00",",,N","0.0",",,N",,
"US1MEPN0055","44.87005","-68.694467","81.4","2021-09-24",,,"0.04",",,N",,,,
"US1MEPN0055","44.87005","-68.694467","81.4","2021-09-25",,,"2.91",",,N",,,,
"US1MEPN0055","44.87005","-68.694467","81.4","2021-09-26",,,"0.54",",,N",,,,
"US1MEPN0055","44.87005","-68.694467","81.4","2021-09-27",,,"1.18",",,N",,,,
"US1MEPN0055","44.87005","-68.694467","81.4","2021-09-28",,,"0.00",",,N","0.0",",,N",,
"US1MEPN0055","44.87005","-68.694467","81.4","2021-09-29",,,"0.00",",,N","0.0",",,N",,
"US1MEPN0055","44.87005","-68.694467","81.4","2021-09-30",,,"0.00","T,,N",,,,
"US1MEPN0055","44.87005","-68.694467","81.4","2021-10-01",,,"0.13",",,N",,,,
"US1MEPN0055","44.87005","-68.694467","81.4","2021-10-02",,,"0.02",",,N",,,,
"US1MEPN0055","44.87005","-68.694467","81.4","2021-10-03",,,"0.00",",,N","0.0",",,N",,
"US1MEPN0055","44.87005","-68.694467","81.4","2021-10-04",,,"0.00",",,N","0.0",",,N",,
"US1MEPN0055","44.87005","-68.694467","81.4","2021-10-05",,,"0.00",",,N","0.0",",,N",,
"US1MEPN0055","44.87005","-68.694467","81.4","2021-10-06",,,"0.00",",,N","0.0",",,N",,
"US1MEPN0055","44.87005","-68.694467","81.4","2021-10-07",,,"0.00",",,N","0.0",",,N",,
"US1MEPN0055","44.87005","-68.694467","81.4","2021-10-08",,,"0.00",",,N","0.0",",,N",,
"US1MEPN0055","44.87005","-68.694467","81.4","2021-10-09",,,"0.00",",,N","0.0",",,N",,
"US1MEPN0055","44.87005","-68.694467","81.4","2021-10-10",,,"0.00",",,N","0.0",",,N",,
"US1MEPN0055","44.87005","-68.694467","81.4","2021-10-11",,,"0.00",",,N","0.0",",,N",,
"US1MEPN0055","44.87005","-68.694467","81.4","2021-10-12",,,"0.00",",,N","0.0",",,N",,
"US1MEPN0055","44.87005","-68.694467","81.4","2021-10-13",,,"0.00",",,N","0.0",",,N",,
"US1MEPN0055","44.87005","-68.694467","81.4","2021-10-14",,,"0.00","T,,N",,,,
"US1MEPN0055","44.87005","-68.694467","81.4","2021-10-15",,,"0.00",",,N","0.0",",,N",,
"US1MEPN0055","44.87005","-68.694467","81.4","2021-10-17",,,,,,,,
"US1MEPN0055","44.87005","-68.694467","81.4","2021-10-26",,,,,,,,
"US1MEPN0055","44.87005","-68.694467","81.4","2021-10-27",,,"0.13",",,N",,,,
"US1MEPN0055","44.87005","-68.694467","81.4","2021-10-28",,,"0.05",",,N",,,,
"US1MEPN0055","44.87005","-68.694467","81.4","2021-10-29",,,"0.00",",,N","0.0",",,N",,
"US1MEPN0055","44.87005","-68.694467","81.4","2021-10-30",,,"0.00",",,N","0.0",",,N",,
"US1MEPN0055","44.87005","-68.694467","81.4","2021-11-01",,,,,,,,
"US1MEPN0055","44.87005","-68.694467","81.4","2021-11-02",,,"0.00",",,N","0.0",",,N",,
"US1MEPN0055","44.87005","-68.694467","81.4","2021-11-03",,,"0.01",",,N",,,,
"US1MEPN0055","44.87005","-68.694467","81.4","2021-11-04",,,"0.00",",,N","0.0",",,N",,
"US1MEPN0055","44.87005","-68.694467","81.4","2021-11-05",,,"0.00",",,N","0.0",",,N",,
"US1MEPN0055","44.87005","-68.694467","81.4","2021-11-06",,,"0.00",",,N","0.0",",,N",,
"US1MEPN0055","44.87005","-68.694467","81.4","2021-11-07",,,"0.00",",,N","0.0",",,N",,
"US1MEPN0055","44.87005","-68.694467","81.4","2021-11-08",,,"0.00",",,N","0.0",",,N",,
"US1MEPN0055","44.87005","-68.694467","81.4","2021-11-09",,,"0.00",",,N","0.0",",,N",,
"US1MEPN0055","44.87005","-68.694467","81.4","2021-11-10",,,"0.02",",,N","0.0",",,N",,
"US1MEPN0055","44.87005","-68.694467","81.4","2021-11-11",,,"0.19",",,N",,,,
"US1MEPN0055","44.87005","-68.694467","81.4","2021-11-12",,,"0.00",",,N","0.0",",,N",,
"US1MEPN0055","44.87005","-68.694467","81.4","2021-11-13",,,"1.07",",,N","0.0",",,N",,
"US1MEPN0055","44.87005","-68.694467","81.4","2021-11-14",,,"0.12",",,N",,,,
"US1MEPN0055","44.87005","-68.694467","81.4","2021-11-15",,,"0.04",",,N","0.0",",,N",,
"US1MEPN0055","44.87005","-68.694467","81.4","2021-11-16",,,"0.04",",,N",,,,
"US1MEPN0055","44.87005","-68.694467","81.4","2021-11-17",,,"0.00","T,,N","0.0","T,,N",,
"US1MEPN0055","44.87005","-68.694467","81.4","2021-11-18",,,"0.29",",,N","0.0",",,N",,
"US1MEPN0055","44.87005","-68.694467","81.4","2021-11-19",,,"0.32",",,N","0.0",",,N",,
"US1MEPN0055","44.87005","-68.694467","81.4","2021-11-20",,,"0.00",",,N","0.0",",,N",,
"US1MEPN0055","44.87005","-68.694467","81.4","2021-11-21",,,"0.00",",,N","0.0",",,N",,
"US1MEPN0055","44.87005","-68.694467","81.4","2021-11-22",,,"0.54",",,N",,,,
"US1MEPN0055","44.87005","-68.694467","81.4","2021-11-23",,,"0.49",",,N",,,,
"US1MEPN0055","44.87005","-68.694467","81.4","2021-11-24",,,"0.00",",,N","0.0",",,N",,
"US1MEPN0055","44.87005","-68.694467","81.4","2021-11-25",,,"0.00",",,N","0.0",",,N",,
"US1MEPN0055","44.87005","-68.694467","81.4","2021-11-26",,,"0.00","T,,N",,,,
"US1MEPN0055","44.87005","-68.694467","81.4","2021-11-27",,,"0.62",",,N","3.5",",,N",,
"US1MEPN0055","44.87005","-68.694467","81.4","2021-11-28",,,"0.01",",,N","0.5",",,N",,
"US1MEPN0052","44.86241","-68.791331","64.6","2021-08-01",,,"0.00",",,N","0.0",",,N",,
"US1MEPN0052","44.86241","-68.791331","64.6","2021-08-03",,,"0.08",",,N",,,,
"US1MEPN0052","44.86241","-68.791331","64.6","2021-08-05",,,"0.14",",,N",,,,
"US1MEPN0052","44.86241","-68.791331","64.6","2021-08-06",,,"0.27",",,N",,,,
"US1MEPN0052","44.86241","-68.791331","64.6","2021-08-15",,,"0.04",",,N",,,,
"US1MEPN0052","44.86241","-68.791331","64.6","2021-08-19",,,"0.30",",,N",,,,
"US1MEPN0052","44.86241","-68.791331","64.6","2021-08-24",,,,,,,,
"US1MEPN0052","44.86241","-68.791331","64.6","2021-08-26",,,"0.00",",,N","0.0",",,N",,
"US1MEPN0052","44.86241","-68.791331","64.6","2021-08-31",,,"0.05",",,N",,,,
"US1MEPN0052","44.86241","-68.791331","64.6","2021-09-01",,,"0.00",",,N","0.0",",,N",,
"US1MEPN0052","44.86241","-68.791331","64.6","2021-09-02",,,"0.79",",,N",,,,
"US1MEPN0052","44.86241","-68.791331","64.6","2021-09-03",,,"0.06",",,N",,,,
"US1MEPN0052","44.86241","-68.791331","64.6","2021-09-04",,,"0.26",",,N",,,,
"US1MEPN0052","44.86241","-68.791331","64.6","2021-09-06",,,"0.06",",,N",,,,
"US1MEPN0052","44.86241","-68.791331","64.6","2021-09-07",,,"0.27",",,N",,,,
"US1MEPN0052","44.86241","-68.791331","64.6","2021-09-10",,,"2.95",",,N",,,,
"US1MEPN0052","44.86241","-68.791331","64.6","2021-09-11",,,"0.12",",,N",,,,
"US1MEPN0052","44.86241","-68.791331","64.6","2021-09-13",,,"0.00","T,,N",,,,
"US1MEPN0052","44.86241","-68.791331","64.6","2021-09-17",,,,,,,,
"US1MEPN0052","44.86241","-68.791331","64.6","2021-09-18",,,"0.00",",,N","0.0",",,N",,
"US1MEPN0052","44.86241","-68.791331","64.6","2021-09-23",,,"0.00",",,N","0.0",",,N",,
"US1MEPN0052","44.86241","-68.791331","64.6","2021-09-24",,,"0.03",",,N",,,,
"US1MEPN0052","44.86241","-68.791331","64.6","2021-09-25",,,"1.82",",,N",,,,
"US1MEPN0052","44.86241","-68.791331","64.6","2021-09-26",,,"0.95",",,N",,,,
"US1MEPN0052","44.86241","-68.791331","64.6","2021-09-27",,,"0.80",",,N",,,,
"US1MEPN0052","44.86241","-68.791331","64.6","2021-10-17",,,"1.10",",,N",,,,
"US1MEPN0052","44.86241","-68.791331","64.6","2021-10-27",,,"0.17",",,N",,,,
"US1MEPN0052","44.86241","-68.791331","64.6","2021-10-28",,,"0.04",",,N",,,,
"US1MEPN0052","44.86241","-68.791331","64.6","2021-10-31",,,"3.13",",,N",,,,
"US1MEPN0052","44.86241","-68.791331","64.6","2021-11-01",,,"0.08",",,N",,,,
"US1MEPN0052","44.86241","-68.791331","64.6","2021-11-26",,,"0.00","T,,N",,,,
"US1LAOR0014","29.93772","-90.13131","2.1","2021-08-02",,,"0.53",",,N",,,,
"US1LAOR0014","29.93772","-90.13131","2.1","2021-08-03",,,"0.94",",,N",,,,
"US1LAOR0014","29.93772","-90.13131","2.1","2021-08-04",,,"0.89",",,N",,,,
"US1LAOR0014","29.93772","-90.13131","2.1","2021-08-09",,,"0.03",",,N",,,,
"US1LAOR0014","29.93772","-90.13131","2.1","2021-08-11",,,"0.13",",,N",,,,
"US1LAOR0014","29.93772","-90.13131","2.1","2021-08-12",,,"0.03",",,N",,,,
"US1LAOR0014","29.93772","-90.13131","2.1","2021-08-13",,,"0.05",",,N",,,,
"US1LAOR0014","29.93772","-90.13131","2.1","2021-08-14",,,"0.02",",,N",,,,
"US1LAOR0014","29.93772","-90.13131","2.1","2021-08-18",,,"1.07",",,N",,,,
"US1LAOR0014","29.93772","-90.13131","2.1","2021-08-19",,,"0.53",",,N",,,,
"US1LAOR0014","29.93772","-90.13131","2.1","2021-08-20",,,"0.42",",,N",,,,
"US1LAOR0014","29.93772","-90.13131","2.1","2021-08-24",,,"0.08",",,N",,,,
"US1LAOR0014","29.93772","-90.13131","2.1","2021-08-27",,,"1.21",",,N",,,,
"US1LAOR0014","29.93772","-90.13131","2.1","2021-08-28",,,"0.59",",,N",,,,
"US1LAOR0014","29.93772","-90.13131","2.1","2021-09-08",,,"0.15",",,N",,,,
"US1LAOR0014","29.93772","-90.13131","2.1","2021-09-13",,,"0.43",",,N",,,,
"US1LAOR0014","29.93772","-90.13131","2.1","2021-09-14",,,"0.09",",,N",,,,
"US1LAOR0014","29.93772","-90.13131","2.1","2021-09-15",,,"4.13",",,N",,,,
"US1LAOR0014","29.93772","-90.13131","2.1","2021-09-16",,,"1.31",",,N",,,,
"US1LAOR0014","29.93772","-90.13131","2.1","2021-09-17",,,"0.02",",,N",,,,
"US1LAOR0014","29.93772","-90.13131","2.1","2021-09-18",,,"0.06",",,N",,,,
"US1LAOR0014","29.93772","-90.13131","2.1","2021-09-19",,,"2.05",",,N",,,,
"US1LAOR0014","29.93772","-90.13131","2.1","2021-09-20",,,"0.43",",,N",,,,
"US1LAOR0014","29.93772","-90.13131","2.1","2021-09-23",,,"0.03",",,N",,,,
"US1LAOR0014","29.93772","-90.13131","2.1","2021-09-29",,,"0.17",",,N",,,,
"US1LAOR0014","29.93772","-90.13131","2.1","2021-09-30",,,"1.04",",,N",,,,
"US1LAOR0014","29.93772","-90.13131","2.1","2021-10-03",,,"0.28",",,N",,,,
"US1LAOR0014","29.93772","-90.13131","2.1","2021-10-04",,,"0.02",",,N",,,,
"US1LAOR0014","29.93772","-90.13131","2.1","2021-10-05",,,"0.07",",,N",,,,
"US1LAOR0014","29.93772","-90.13131","2.1","2021-10-28",,,"2.23",",,N",,,,
"US1LAOR0014","29.93772","-90.13131","2.1","2021-11-22",,,"0.31",",,N",,,,
"US1LAOR0014","29.93772","-90.13131","2.1","2021-11-26",,,"0.04",",,N",,,,
"US1LAOR0014","29.93772","-90.13131","2.1","2021-11-28",,,"0.05",",,N",,,,
"US1LAOR0013","29.92085","-90.107045","7.3","2021-08-01",,,"0.08",",,N",,,,
"US1LAOR0013","29.92085","-90.107045","7.3","2021-08-02",,,"1.78",",,N",,,,
"US1LAOR0013","29.92085","-90.107045","7.3","2021-08-03",,,"1.57",",,N",,,,
"US1LAOR0013","29.92085","-90.107045","7.3","2021-08-04",,,"0.01",",,N",,,,
"US1LAOR0013","29.92085","-90.107045","7.3","2021-08-05",,,"0.00",",,N","0.0",",,N",,
"US1LAOR0013","29.92085","-90.107045","7.3","2021-08-06",,,"0.00",",,N","0.0",",,N",,
"US1LAOR0013","29.92085","-90.107045","7.3","2021-08-07",,,"0.00",",,N","0.0",",,N",,
"US1LAOR0013","29.92085","-90.107045","7.3","2021-08-08",,,"0.04",",,N",,,,
"US1LAOR0013","29.92085","-90.107045","7.3","2021-08-09",,,"0.30",",,N",,,,
"US1LAOR0013","29.92085","-90.107045","7.3","2021-08-10",,,"0.00","T,,N",,,,
"US1LAOR0013","29.92085","-90.107045","7.3","2021-08-11",,,"0.01",",,N",,,,
"US1LAOR0013","29.92085","-90.107045","7.3","2021-08-12",,,"0.25",",,N",,,,
"US1LAOR0013","29.92085","-90.107045","7.3","2021-08-13",,,"0.26",",,N",,,,
"US1LAOR0013","29.92085","-90.107045","7.3","2021-08-14",,,"0.00",",,N","0.0",",,N",,
"US1LAOR0013","29.92085","-90.107045","7.3","2021-08-15",,,"0.00","T,,N",,,,
"US1LAOR0013","29.92085","-90.107045","7.3","2021-08-16",,,"0.00","T,,N",,,,
"US1LAOR0013","29.92085","-90.107045","7.3","2021-08-17",,,"0.39",",,N",,,,
"US1LAOR0013","29.92085","-90.107045","7.3","2021-08-18",,,"0.54",",,N",,,,
"US1LAOR0013","29.92085","-90.107045","7.3","2021-08-19",,,"0.06",",,N",,,,
"US1LAOR0013","29.92085","-90.107045","7.3","2021-08-20",,,"0.00",",,N","0.0",",,N",,
"US1LAOR0013","29.92085","-90.107045","7.3","2021-08-21",,,"0.00",",,N","0.0",",,N",,
"US1LAOR0013","29.92085","-90.107045","7.3","2021-08-22",,,"0.00",",,N","0.0",",,N",,
"US1LAOR0013","29.92085","-90.107045","7.3","2021-08-23",,,"0.00",",,N","0.0",",,N",,
"US1LAOR0013","29.92085","-90.107045","7.3","2021-08-24",,,"0.55",",,N",,,,
"US1LAOR0013","29.92085","-90.107045","7.3","2021-08-25",,,"0.02",",,N",,,,
"US1LAOR0013","29.92085","-90.107045","7.3","2021-08-26",,,"0.37",",,N",,,,
"US1LAOR0013","29.92085","-90.107045","7.3","2021-08-27",,,"0.13",",,N",,,,
"US1LAOR0013","29.92085","-90.107045","7.3","2021-08-28",,,"0.13",",,N",,,,
"US1LAOR0013","29.92085","-90.107045","7.3","2021-08-31",,,,,,,,
"US1LAOR0013","29.92085","-90.107045","7.3","2021-09-01",,,"0.00",",,N","0.0",",,N",,
"US1LAOR0013","29.92085","-90.107045","7.3","2021-09-02",,,"0.00",",,N","0.0",",,N",,
"US1LAOR0013","29.92085","-90.107045","7.3","2021-09-03",,,"0.06",",,N",,,,
"US1LAOR0013","29.92085","-90.107045","7.3","2021-09-04",,,"0.00",",,N","0.0",",,N",,
"US1LAOR0013","29.92085","-90.107045","7.3","2021-09-05",,,"0.00",",,N","0.0",",,N",,
"US1LAOR0013","29.92085","-90.107045","7.3","2021-09-06",,,"0.04",",,N",,,,
"US1LAOR0013","29.92085","-90.107045","7.3","2021-09-07",,,"1.73",",,N",,,,
"US1LAOR0013","29.92085","-90.107045","7.3","2021-09-08",,,"0.00",",,N","0.0",",,N",,
"US1LAOR0013","29.92085","-90.107045","7.3","2021-09-09",,,"0.00",",,N","0.0",",,N",,
"US1LAOR0013","29.92085","-90.107045","7.3","2021-09-10",,,"0.00",",,N","0.0",",,N",,
"US1LAOR0013","29.92085","-90.107045","7.3","2021-09-11",,,"0.00",",,N","0.0",",,N",,
"US1LAOR0013","29.92085","-90.107045","7.3","2021-09-12",,,"0.17",",,N",,,,
"US1LAOR0013","29.92085","-90.107045","7.3","2021-09-13",,,"0.09",",,N",,,,
"US1LAOR0013","29.92085","-90.107045","7.3","2021-09-14",,,"2.55",",,N",,,,
"US1LAOR0013","29.92085","-90.107045","7.3","2021-09-15",,,"3.00",",,N",,,,
"US1LAOR0013","29.92085","-90.107045","7.3","2021-09-16",,,"0.04",",,N",,,,
"US1LAOR0013","29.92085","-90.107045","7.3","2021-09-17",,,"0.08",",,N",,,,
"US1LAOR0013","29.92085","-90.107045","7.3","2021-09-18",,,"2.51",",,N",,,,
"US1LAOR0013","29.92085","-90.107045","7.3","2021-09-19",,,"0.56",",,N",,,,
"US1LAOR0013","29.92085","-90.107045","7.3","2021-09-20",,,"0.03",",,N",,,,
"US1LAOR0013","29.92085","-90.107045","7.3","2021-09-21",,,"0.28",",,N",,,,
"US1LAOR0013","29.92085","-90.107045","7.3","2021-09-22",,,"0.00","T,,N",,,,
"US1LAOR0013","29.92085","-90.107045","7.3","2021-09-23",,,"0.00",",,N","0.0",",,N",,
"US1LAOR0013","29.92085","-90.107045","7.3","2021-09-24",,,"0.00",",,N","0.0",",,N",,
"US1LAOR0013","29.92085","-90.107045","7.3","2021-09-25",,,"0.00",",,N","0.0",",,N",,
"US1LAOR0013","29.92085","-90.107045","7.3","2021-09-26",,,"0.00",",,N","0.0",",,N",,
"US1LAOR0013","29.92085","-90.107045","7.3","2021-09-27",,,"0.00",",,N","0.0",",,N",,
"US1LAOR0013","29.92085","-90.107045","7.3","2021-09-28",,,"0.09",",,N",,,,
"US1LAOR0013","29.92085","-90.107045","7.3","2021-09-29",,,"1.09",",,N",,,,
"US1LAOR0013","29.92085","-90.107045","7.3","2021-09-30",,,"0.02",",,N",,,,
"US1LAOR0013","29.92085","-90.107045","7.3","2021-10-01",,,"0.00",",,N","0.0",",,N",,
"US1LAOR0013","29.92085","-90.107045","7.3","2021-10-02",,,"0.31",",,N",,,,
"US1LAOR0013","29.92085","-90.107045","7.3","2021-10-03",,,"0.01",",,N",,,,
"US1LAOR0013","29.92085","-90.107045","7.3","2021-10-04",,,"0.03",",,N",,,,
"US1LAOR0013","29.92085","-90.107045","7.3","2021-10-05",,,"0.02",",,N",,,,
"US1LAOR0013","29.92085","-90.107045","7.3","2021-10-06",,,"0.00",",,N","0.0",",,N",,
"US1LAOR0013","29.92085","-90.107045","7.3","2021-10-07",,,"0.00",",,N","0.0",",,N",,
"US1LAOR0013","29.92085","-90.107045","7.3","2021-10-08",,,"0.00",",,N","0.0",",,N",,
"US1LAOR0013","29.92085","-90.107045","7.3","2021-10-09",,,"0.00",",,N","0.0",",,N",,
"US1LAOR0013","29.92085","-90.107045","7.3","2021-10-10",,,"0.00",",,N","0.0",",,N",,
"US1LAOR0013","29.92085","-90.107045","7.3","2021-10-11",,,"0.00",",,N","0.0",",,N",,
"US1LAOR0013","29.92085","-90.107045","7.3","2021-10-12",,,"0.00",",,N","0.0",",,N",,
"US1LAOR0013","29.92085","-90.107045","7.3","2021-10-13",,,"0.00",",,N","0.0",",,N",,
"US1LAOR0013","29.92085","-90.107045","7.3","2021-10-14",,,"0.00",",,N","0.0",",,N",,
"US1LAOR0013","29.92085","-90.107045","7.3","2021-10-15",,,"0.00",",,N","0.0",",,N",,
"US1LAOR0013","29.92085","-90.107045","7.3","2021-10-16",,,"0.00",",,N","0.0",",,N",,
"US1LAOR0013","29.92085","-90.107045","7.3","2021-10-17",,,"0.00",",,N","0.0",",,N",,
"US1LAOR0013","29.92085","-90.107045","7.3","2021-10-18",,,"0.00",",,N","0.0",",,N",,
"US1LAOR0013","29.92085","-90.107045","7.3","2021-10-19",,,"0.00",",,N","0.0",",,N",,
"US1LAOR0013","29.92085","-90.107045","7.3","2021-10-20",,,"0.00",",,N","0.0",",,N",,
"US1LAOR0013","29.92085","-90.107045","7.3","2021-10-21",,,"0.00",",,N","0.0",",,N",,
"US1LAOR0013","29.92085","-90.107045","7.3","2021-10-22",,,"0.00",",,N","0.0",",,N",,
"US1LAOR0013","29.92085","-90.107045","7.3","2021-10-23",,,"0.00",",,N","0.0",",,N",,
"US1LAOR0013","29.92085","-90.107045","7.3","2021-10-24",,,"0.00","T,,N",,,,
"US1LAOR0013","29.92085","-90.107045","7.3","2021-10-25",,,"0.00",",,N","0.0",",,N",,
"US1LAOR0013","29.92085","-90.107045","7.3","2021-10-26",,,"0.00",",,N","0.0",",,N",,
"US1LAOR0013","29.92085","-90.107045","7.3","2021-10-27",,,"0.10",",,N",,,,
"US1LAOR0013","29.92085","-90.107045","7.3","2021-10-28",,,"1.54",",,N",,,,
"US1LAOR0013","29.92085","-90.107045","7.3","2021-10-29",,,"0.01",",,N",,,,
"US1LAOR0013","29.92085","-90.107045","7.3","2021-10-30",,,"0.00",",,N","0.0",",,N",,
"US1LAOR0013","29.92085","-90.107045","7.3","2021-10-31",,,"0.00",",,N","0.0",",,N",,
"US1LAOR0013","29.92085","-90.107045","7.3","2021-11-01",,,"0.00",",,N","0.0",",,N",,
"US1LAOR0013","29.92085","-90.107045","7.3","2021-11-02",,,"0.00",",,N","0.0",",,N",,
"US1LAOR0013","29.92085","-90.107045","7.3","2021-11-03",,,"0.00",",,N","0.0",",,N",,
"US1LAOR0013","29.92085","-90.107045","7.3","2021-11-04",,,"0.00",",,N","0.0",",,N",,
"US1LAOR0013","29.92085","-90.107045","7.3","2021-11-05",,,"0.00",",,N","0.0",",,N",,
"US1LAOR0013","29.92085","-90.107045","7.3","2021-11-06",,,"0.00",",,N","0.0",",,N",,
"US1LAOR0013","29.92085","-90.107045","7.3","2021-11-07",,,"0.00",",,N","0.0",",,N",,
"US1LAOR0013","29.92085","-90.107045","7.3","2021-11-08",,,"0.00",",,N","0.0",",,N",,
"US1LAOR0013","29.92085","-90.107045","7.3","2021-11-09",,,"0.00",",,N","0.0",",,N",,
"US1LAOR0013","29.92085","-90.107045","7.3","2021-11-10",,,"0.00",",,N","0.0",",,N",,
"US1LAOR0013","29.92085","-90.107045","7.3","2021-11-11",,,"0.00",",,N","0.0",",,N",,
"US1LAOR0013","29.92085","-90.107045","7.3","2021-11-12",,,"0.00",",,N","0.0",",,N",,
"US1LAOR0013","29.92085","-90.107045","7.3","2021-11-14",,,"0.00",",,N","0.0",",,N",,
"US1LAOR0013","29.92085","-90.107045","7.3","2021-11-15",,,"0.00",",,N","0.0",",,N",,
"US1LAOR0013","29.92085","-90.107045","7.3","2021-11-16",,,"0.00",",,N","0.0",",,N",,
"US1LAOR0013","29.92085","-90.107045","7.3","2021-11-17",,,"0.00",",,N","0.0",",,N",,
"US1LAOR0013","29.92085","-90.107045","7.3","2021-11-18",,,"0.00",",,N","0.0",",,N",,
"US1LAOR0013","29.92085","-90.107045","7.3","2021-11-19",,,"0.00",",,N","0.0",",,N",,
"US1LAOR0013","29.92085","-90.107045","7.3","2021-11-20",,,"0.00",",,N","0.0",",,N",,
"US1LAOR0013","29.92085","-90.107045","7.3","2021-11-21",,,"0.00",",,N","0.0",",,N",,
"US1LAOR0013","29.92085","-90.107045","7.3","2021-11-22",,,"0.30",",,N",,,,
"US1LAOR0013","29.92085","-90.107045","7.3","2021-11-23",,,"0.00",",,N","0.0",",,N",,
"US1LAOR0013","29.92085","-90.107045","7.3","2021-11-24",,,"0.00",",,N","0.0",",,N",,
"US1LAOR0013","29.92085","-90.107045","7.3","2021-11-25",,,"0.00",",,N","0.0",",,N",,
"US1LAOR0013","29.92085","-90.107045","7.3","2021-11-26",,,"0.02",",,N",,,,
"US1LAOR0013","29.92085","-90.107045","7.3","2021-11-27",,,"0.00","T,,N",,,,
"US1LAOR0013","29.92085","-90.107045","7.3","2021-11-28",,,"0.05",",,N",,,,
"US1MEPN0051","44.8107147","-68.9385492","96.9","2021-08-01",,,"0.00",",,N","0.0",",,N",,
"US1MEPN0051","44.8107147","-68.9385492","96.9","2021-08-02",,,"0.01",",,N",,,,
"US1MEPN0051","44.8107147","-68.9385492","96.9","2021-08-03",,,"0.14",",,N",,,,
"US1MEPN0051","44.8107147","-68.9385492","96.9","2021-08-04",,,"0.00","T,,N",,,,
"US1MEPN0051","44.8107147","-68.9385492","96.9","2021-08-05",,,"0.12",",,N",,,,
"US1MEPN0051","44.8107147","-68.9385492","96.9","2021-08-06",,,"0.44",",,N",,,,
"US1MEPN0051","44.8107147","-68.9385492","96.9","2021-08-07",,,"0.00","T,,N",,,,
"US1MEPN0051","44.8107147","-68.9385492","96.9","2021-08-08",,,"0.00",",,N","0.0",",,N",,
"US1MEPN0051","44.8107147","-68.9385492","96.9","2021-08-09",,,"0.00",",,N","0.0",",,N",,
"US1MEPN0051","44.8107147","-68.9385492","96.9","2021-08-10",,,"0.00",",,N","0.0",",,N",,
"US1MEPN0051","44.8107147","-68.9385492","96.9","2021-08-11",,,"0.00",",,N","0.0",",,N",,
"US1MEPN0051","44.8107147","-68.9385492","96.9","2021-08-12",,,"0.00",",,N","0.0",",,N",,
"US1MEPN0051","44.8107147","-68.9385492","96.9","2021-08-14",,,"0.00",",,N","0.0",",,N",,
"US1MEPN0051","44.8107147","-68.9385492","96.9","2021-08-15",,,"0.03",",,N",,,,
"US1MEPN0051","44.8107147","-68.9385492","96.9","2021-08-17",,,"0.00",",,N","0.0",",,N",,
"US1MEPN0051","44.8107147","-68.9385492","96.9","2021-08-18",,,"0.00",",,N","0.0",",,N",,
"US1MEPN0051","44.8107147","-68.9385492","96.9","2021-08-19",,,"0.28",",,N",,,,
"US1MEPN0051","44.8107147","-68.9385492","96.9","2021-08-20",,,"0.05",",,N",,,,
"US1MEPN0051","44.8107147","-68.9385492","96.9","2021-08-21",,,"0.00",",,N","0.0",",,N",,
"US1MEPN0051","44.8107147","-68.9385492","96.9","2021-08-22",,,"0.01",",,N",,,,
"US1MEPN0051","44.8107147","-68.9385492","96.9","2021-08-23",,,"0.18",",,N",,,,
"US1MEPN0051","44.8107147","-68.9385492","96.9","2021-08-24",,,"0.44",",,N",,,,
"US1MEPN0051","44.8107147","-68.9385492","96.9","2021-08-25",,,"0.03",",,N",,,,
"US1MEPN0051","44.8107147","-68.9385492","96.9","2021-08-26",,,"0.01",",,N",,,,
"US1MEPN0051","44.8107147","-68.9385492","96.9","2021-08-27",,,"0.00",",,N","0.0",",,N",,
"US1MEPN0051","44.8107147","-68.9385492","96.9","2021-08-28",,,"0.00",",,N","0.0",",,N",,
"US1MEPN0051","44.8107147","-68.9385492","96.9","2021-08-29",,,"0.06",",,N",,,,
"US1MEPN0051","44.8107147","-68.9385492","96.9","2021-08-30",,,"0.01",",,N",,,,
"US1MEPN0051","44.8107147","-68.9385492","96.9","2021-08-31",,,"0.05",",,N",,,,
"US1MEPN0051","44.8107147","-68.9385492","96.9","2021-09-01",,,"0.00","T,,N",,,,
"US1MEPN0051","44.8107147","-68.9385492","96.9","2021-09-02",,,"0.54",",,N",,,,
"US1MEPN0051","44.8107147","-68.9385492","96.9","2021-09-03",,,"0.24",",,N",,,,
"US1MEPN0051","44.8107147","-68.9385492","96.9","2021-09-04",,,"0.24",",,N",,,,
"US1MEPN0051","44.8107147","-68.9385492","96.9","2021-09-05",,,"0.00",",,N","0.0",",,N",,
"US1MEPN0051","44.8107147","-68.9385492","96.9","2021-09-06",,,"0.06",",,N",,,,
"US1MEPN0051","44.8107147","-68.9385492","96.9","2021-09-07",,,"0.38",",,N",,,,
"US1MEPN0051","44.8107147","-68.9385492","96.9","2021-09-08",,,"0.01",",,N",,,,
"US1MEPN0051","44.8107147","-68.9385492","96.9","2021-09-09",,,"0.00",",,N","0.0",",,N",,
"US1MEPN0051","44.8107147","-68.9385492","96.9","2021-09-10",,,"2.01",",,N",,,,
"US1MEPN0051","44.8107147","-68.9385492","96.9","2021-09-11",,,"0.20",",,N",,,,
"US1MEPN0051","44.8107147","-68.9385492","96.9","2021-09-12",,,"0.01",",,N",,,,
"US1MEPN0051","44.8107147","-68.9385492","96.9","2021-09-13",,,"0.01",",,N",,,,
"US1MEPN0051","44.8107147","-68.9385492","96.9","2021-09-14",,,"0.00","T,,N",,,,
"US1MEPN0051","44.8107147","-68.9385492","96.9","2021-09-15",,,"0.00",",,N","0.0",",,N",,
"US1MEPN0051","44.8107147","-68.9385492","96.9","2021-09-16",,,"0.51",",,N",,,,
"US1MEPN0051","44.8107147","-68.9385492","96.9","2021-09-17",,,"0.01",",,N",,,,
"US1MEPN0051","44.8107147","-68.9385492","96.9","2021-09-18",,,"0.00",",,N","0.0",",,N",,
"US1MEPN0051","44.8107147","-68.9385492","96.9","2021-09-19",,,"0.02",",,N",,,,
"US1MEPN0051","44.8107147","-68.9385492","96.9","2021-09-20",,,"0.00",",,N","0.0",",,N",,
"US1MEPN0051","44.8107147","-68.9385492","96.9","2021-09-21",,,"0.00","T,,N",,,,
"US1MEPN0051","44.8107147","-68.9385492","96.9","2021-09-22",,,"0.00",",,N","0.0",",,N",,
"US1MEPN0051","44.8107147","-68.9385492","96.9","2021-09-23",,,"0.00",",,N","0.0",",,N",,
"US1MEPN0051","44.8107147","-68.9385492","96.9","2021-09-24",,,"0.04",",,N",,,,
"US1MEPN0051","44.8107147","-68.9385492","96.9","2021-09-26",,,"0.88",",,N",,,,
"US1MEPN0051","44.8107147","-68.9385492","96.9","2021-09-27",,,"0.56",",,N",,,,
"US1MEPN0051","44.8107147","-68.9385492","96.9","2021-09-28",,,"0.01",",,N",,,,
"US1MEPN0051","44.8107147","-68.9385492","96.9","2021-10-07",,,,,,,,
"US1MEPN0051","44.8107147","-68.9385492","96.9","2021-10-08",,,"0.00",",,N","0.0",",,N",,
"US1MEPN0051","44.8107147","-68.9385492","96.9","2021-10-09",,,"0.00",",,N","0.0",",,N",,
"US1MEPN0051","44.8107147","-68.9385492","96.9","2021-10-10",,,"0.00",",,N","0.0",",,N",,
"US1MEPN0051","44.8107147","-68.9385492","96.9","2021-10-11",,,"0.00",",,N","0.0",",,N",,
"US1MEPN0051","44.8107147","-68.9385492","96.9","2021-10-12",,,"0.00",",,N","0.0",",,N",,
"US1MEPN0051","44.8107147","-68.9385492","96.9","2021-10-13",,,"0.00",",,N","0.0",",,N",,
"US1MEPN0051","44.8107147","-68.9385492","96.9","2021-10-14",,,"0.00",",,N","0.0",",,N",,
"US1MEPN0051","44.8107147","-68.9385492","96.9","2021-10-15",,,"0.00",",,N","0.0",",,N",,
"US1MEPN0051","44.8107147","-68.9385492","96.9","2021-10-16",,,"0.08",",,N",,,,
"US1MEPN0051","44.8107147","-68.9385492","96.9","2021-10-17",,,"0.80",",,N",,,,
"US1MEPN0051","44.8107147","-68.9385492","96.9","2021-10-18",,,"0.07",",,N",,,,
"US1MEPN0051","44.8107147","-68.9385492","96.9","2021-10-19",,,"0.01",",,N",,,,
"US1MEPN0051","44.8107147","-68.9385492","96.9","2021-10-20",,,"0.03",",,N",,,,
"US1MEPN0051","44.8107147","-68.9385492","96.9","2021-10-21",,,"0.00",",,N","0.0",",,N",,
"US1MEPN0051","44.8107147","-68.9385492","96.9","2021-10-22",,,"0.02",",,N",,,,
"US1MEPN0051","44.8107147","-68.9385492","96.9","2021-10-23",,,"0.04",",,N",,,,
"US1MEPN0051","44.8107147","-68.9385492","96.9","2021-10-24",,,"0.00",",,N","0.0",",,N",,
"US1MEPN0051","44.8107147","-68.9385492","96.9","2021-10-25",,,"0.00",",,N","0.0",",,N",,
"US1MEPN0051","44.8107147","-68.9385492","96.9","2021-10-26",,,"0.05",",,N",,,,
"US1MEPN0051","44.8107147","-68.9385492","96.9","2021-10-27",,,"0.18",",,N",,,,
"US1MEPN0051","44.8107147","-68.9385492","96.9","2021-10-28",,,"0.06",",,N",,,,
"US1MEPN0051","44.8107147","-68.9385492","96.9","2021-10-29",,,"0.00",",,N","0.0",",,N",,
"US1MEPN0051","44.8107147","-68.9385492","96.9","2021-10-30",,,"0.00",",,N","0.0",",,N",,
"US1MEPN0051","44.8107147","-68.9385492","96.9","2021-10-31",,,"2.95",",,N",,,,
"US1MEPN0051","44.8107147","-68.9385492","96.9","2021-11-01",,,"0.62",",,N",,,,
"US1MEPN0051","44.8107147","-68.9385492","96.9","2021-11-02",,,"0.01",",,N",,,,
"US1MEPN0051","44.8107147","-68.9385492","96.9","2021-11-03",,,"0.02",",,N",,,,
"US1MEPN0051","44.8107147","-68.9385492","96.9","2021-11-04",,,"0.00",",,N","0.0",",,N",,
"US1MEPN0051","44.8107147","-68.9385492","96.9","2021-11-05",,,"0.00",",,N","0.0",",,N",,
"US1MEPN0051","44.8107147","-68.9385492","96.9","2021-11-06",,,"0.00",",,N","0.0",",,N",,
"US1MEPN0051","44.8107147","-68.9385492","96.9","2021-11-07",,,"0.00",",,N","0.0",",,N",,
"US1MEPN0051","44.8107147","-68.9385492","96.9","2021-11-08",,,"0.01",",,N",,,,
"US1MEPN0051","44.8107147","-68.9385492","96.9","2021-11-09",,,"0.01",",,N",,,,
"US1MEPN0051","44.8107147","-68.9385492","96.9","2021-11-10",,,"0.04",",,N",,,,
"US1MEPN0051","44.8107147","-68.9385492","96.9","2021-11-11",,,"0.15",",,N",,,,
"US1MEPN0051","44.8107147","-68.9385492","96.9","2021-11-12",,,"0.00",",,N","0.0",",,N",,
"US1MEPN0051","44.8107147","-68.9385492","96.9","2021-11-13",,,"0.80",",,N",,,,
"US1MEPN0051","44.8107147","-68.9385492","96.9","2021-11-14",,,"0.22",",,N",,,,
"US1MEPN0051","44.8107147","-68.9385492","96.9","2021-11-15",,,"0.24",",,N",,,,
"US1MEPN0051","44.8107147","-68.9385492","96.9","2021-11-16",,,"0.01",",,N",,,,
"US1MEPN0051","44.8107147","-68.9385492","96.9","2021-11-17",,,"0.01",",,N",,,,
"US1MEPN0051","44.8107147","-68.9385492","96.9","2021-11-18",,,"0.25",",,N",,,,
"US1MEPN0051","44.8107147","-68.9385492","96.9","2021-11-19",,,"0.29",",,N",,,,
"US1MEPN0051","44.8107147","-68.9385492","96.9","2021-11-20",,,"0.00",",,N","0.0",",,N",,
"US1MEPN0051","44.8107147","-68.9385492","96.9","2021-11-21",,,"0.01",",,N",,,,
"US1MEPN0051","44.8107147","-68.9385492","96.9","2021-11-22",,,"0.94",",,N",,,,
"US1MEPN0051","44.8107147","-68.9385492","96.9","2021-11-23",,,"0.38",",,N",,,,
"US1MEPN0051","44.8107147","-68.9385492","96.9","2021-11-24",,,"0.00","T,,N",,,,
"US1MEPN0051","44.8107147","-68.9385492","96.9","2021-11-25",,,"0.00",",,N","0.0",",,N",,
"US1MEPN0051","44.8107147","-68.9385492","96.9","2021-11-26",,,"0.00",",,N","0.0",",,N",,
"US1MEPN0051","44.8107147","-68.9385492","96.9","2021-11-27",,,"0.57",",,N","1.6",",,N",,
"US1MEPN0051","44.8107147","-68.9385492","96.9","2021-11-28",,,"0.02",",,N",,,,
"USW00014605","44.3155","-69.7972","107.0","2021-08-01","4.25",",,W","0.00",",,W,2400",,,,
"USW00014605","44.3155","-69.7972","107.0","2021-08-02","5.37",",,W","0.09",",,W,2400",,,,
"USW00014605","44.3155","-69.7972","107.0","2021-08-03","5.37",",,W","0.00",",,W,2400",,,,
"USW00014605","44.3155","-69.7972","107.0","2021-08-04","3.58",",,W","0.00","T,,W,2400",,,,
"USW00014605","44.3155","-69.7972","107.0","2021-08-05","5.59",",,W","0.02",",,W,2400",,,,
"USW00014605","44.3155","-69.7972","107.0","2021-08-06","4.03",",,W","0.00",",,W,2400",,,,
"USW00014605","44.3155","-69.7972","107.0","2021-08-07","3.58",",,W","0.00",",,W,2400",,,,
"USW00014605","44.3155","-69.7972","107.0","2021-08-08","6.49",",,W","0.00",",,W,2400",,,,
"USW00014605","44.3155","-69.7972","107.0","2021-08-09","4.47",",,W","0.00",",,W,2400",,,,
"USW00014605","44.3155","-69.7972","107.0","2021-08-10","3.58",",,W","0.00",",,W,2400",,,,
"USW00014605","44.3155","-69.7972","107.0","2021-08-11","4.92",",,W","0.00","T,,W,2400",,,,
"USW00014605","44.3155","-69.7972","107.0","2021-08-12","4.25",",,W","0.00","T,,W,2400",,,,
"USW00014605","44.3155","-69.7972","107.0","2021-08-13","4.92",",,W","0.00",",,W,2400",,,,
"USW00014605","44.3155","-69.7972","107.0","2021-08-14","5.14",",,W","0.15",",,W,2400",,,,
"USW00014605","44.3155","-69.7972","107.0","2021-08-15","7.16",",,W","0.00",",,W,2400",,,,
"USW00014605","44.3155","-69.7972","107.0","2021-08-16","3.80",",,W","0.00",",,W,2400",,,,
"USW00014605","44.3155","-69.7972","107.0","2021-08-17","2.91",",,W","0.00",",,W,2400",,,,
"USW00014605","44.3155","-69.7972","107.0","2021-08-18","4.03",",,W","0.00","T,,W,2400",,,,
"USW00014605","44.3155","-69.7972","107.0","2021-08-19","4.25",",,W","0.67",",,W,2400",,,,
"USW00014605","44.3155","-69.7972","107.0","2021-08-20","4.92",",,W","0.00",",,W,2400",,,,
"USW00014605","44.3155","-69.7972","107.0","2021-08-21","5.59",",,W","0.00",",,W,2400",,,,
"USW00014605","44.3155","-69.7972","107.0","2021-08-22","8.05",",,W","0.01",",,W,2400",,,,
"USW00014605","44.3155","-69.7972","107.0","2021-08-23","3.36",",,W","0.02",",,W,2400",,,,
"USW00014605","44.3155","-69.7972","107.0","2021-08-24","2.91",",,W","0.00","T,,W,2400",,,,
"USW00014605","44.3155","-69.7972","107.0","2021-08-25","3.58",",,W","0.00",",,W,2400",,,,
"USW00014605","44.3155","-69.7972","107.0","2021-08-26","3.58",",,W","0.00",",,W,2400",,,,
"USW00014605","44.3155","-69.7972","107.0","2021-08-27","7.61",",,W","0.00",",,W,2400",,,,
"USW00014605","44.3155","-69.7972","107.0","2021-08-28","3.58",",,W","0.03",",,W,2400",,,,
"USW00014605","44.3155","-69.7972","107.0","2021-08-29","5.37",",,W","0.11",",,W,2400",,,,
"USW00014605","44.3155","-69.7972","107.0","2021-08-30","4.03",",,W","0.02",",,W,2400",,,,
"USW00014605","44.3155","-69.7972","107.0","2021-08-31","5.14",",,W","0.00",",,W,2400",,,,
"USW00014605","44.3155","-69.7972","107.0","2021-09-01","5.37",",,W","0.07",",,W,2400",,,,
"USW00014605","44.3155","-69.7972","107.0","2021-09-02","9.40",",,W","0.83",",,W,2400",,,,
"USW00014605","44.3155","-69.7972","107.0","2021-09-03","7.16",",,W","0.04",",,W,2400",,,,
"USW00014605","44.3155","-69.7972","107.0","2021-09-04","6.71",",,W","0.00",",,W,2400",,,,
"USW00014605","44.3155","-69.7972","107.0","2021-09-05","6.49",",,W","0.04",",,W,2400",,,,
"USW00014605","44.3155","-69.7972","107.0","2021-09-06","4.92",",,W","0.14",",,W,2400",,,,
"USW00014605","44.3155","-69.7972","107.0","2021-09-07","5.14",",,W","0.00",",,W,2400",,,,
"USW00014605","44.3155","-69.7972","107.0","2021-09-08","7.38",",,W","0.00",",,W,2400",,,,
"USW00014605","44.3155","-69.7972","107.0","2021-09-09","5.37",",,W","0.98",",,W,2400",,,,
"USW00014605","44.3155","-69.7972","107.0","2021-09-10","8.95",",,W","0.19",",,W,2400",,,,
"USW00014605","44.3155","-69.7972","107.0","2021-09-11","5.82",",,W","0.00",",,W,2400",,,,
"USW00014605","44.3155","-69.7972","107.0","2021-09-12","6.71",",,W","0.00",",,W,2400",,,,
"USW00014605","44.3155","-69.7972","107.0","2021-09-13","7.38",",,W","0.00","T,,W,2400",,,,
"USW00014605","44.3155","-69.7972","107.0","2021-09-14","5.59",",,W","0.00",",,W,2400",,,,
"USW00014605","44.3155","-69.7972","107.0","2021-09-15","6.93",",,W","0.21",",,W,2400",,,,
"USW00014605","44.3155","-69.7972","107.0","2021-09-16","3.80",",,W","0.02",",,W,2400",,,,
"USW00014605","44.3155","-69.7972","107.0","2021-09-17","3.13",",,W","0.00",",,W,2400",,,,
"USW00014605","44.3155","-69.7972","107.0","2021-09-18","3.80",",,W","0.10",",,W,2400",,,,
"USW00014605","44.3155","-69.7972","107.0","2021-09-19","8.95",",,W","0.00",",,W,2400",,,,
"USW00014605","44.3155","-69.7972","107.0","2021-09-20","4.03",",,W","0.00",",,W,2400",,,,
"USW00014605","44.3155","-69.7972","107.0","2021-09-21","5.37",",,W","0.00",",,W,2400",,,,
"USW00014605","44.3155","-69.7972","107.0","2021-09-22","7.61",",,W","0.04",",,W,2400",,,,
"USW00014605","44.3155","-69.7972","107.0","2021-09-23","7.38",",,W","0.01",",,W,2400",,,,
"USW00014605","44.3155","-69.7972","107.0","2021-09-24","10.51",",,W","1.06",",,W,2400",,,,
"USW00014605","44.3155","-69.7972","107.0","2021-09-25","3.58",",,W","0.38",",,W,2400",,,,
"USW00014605","44.3155","-69.7972","107.0","2021-09-26","6.71",",,W","1.76",",,W,2400",,,,
"USW00014605","44.3155","-69.7972","107.0","2021-09-27","5.14",",,W","0.00",",,W,2400",,,,
"USW00014605","44.3155","-69.7972","107.0","2021-09-28","3.36",",,W","0.00",",,W,2400",,,,
"USW00014605","44.3155","-69.7972","107.0","2021-09-29","6.93",",,W","0.01",",,W,2400",,,,
"USW00014605","44.3155","-69.7972","107.0","2021-09-30","5.82",",,W","0.26",",,W,2400",,,,
"USW00014605","44.3155","-69.7972","107.0","2021-10-01","5.37",",,W","0.00",",,W,2400","0.0",",,W",,
"USW00014605","44.3155","-69.7972","107.0","2021-10-02","2.24",",,W","0.00","T,,W,2400","0.0",",,W",,
"USW00014605","44.3155","-69.7972","107.0","2021-10-03","2.01",",,W","0.10",",,W,2400","0.0",",,W",,
"USW00014605","44.3155","-69.7972","107.0","2021-10-04","3.58",",,W","0.00",",,W,2400","0.0",",,W",,
"USW00014605","44.3155","-69.7972","107.0","2021-10-05","3.13",",,W","0.00",",,W,2400","0.0",",,W",,
"USW00014605","44.3155","-69.7972","107.0","2021-10-06","3.58",",,W","0.00",",,W,2400","0.0",",,W",,
"USW00014605","44.3155","-69.7972","107.0","2021-10-07","4.03",",,W","0.00",",,W,2400","0.0",",,W",,
"USW00014605","44.3155","-69.7972","107.0","2021-10-08","6.04",",,W","0.00",",,W,2400","0.0",",,W",,
"USW00014605","44.3155","-69.7972","107.0","2021-10-09","3.80",",,W","0.00",",,W,2400","0.0",",,W",,
"USW00014605","44.3155","-69.7972","107.0","2021-10-10","2.68",",,W","0.00",",,W,2400","0.0",",,W",,
"USW00014605","44.3155","-69.7972","107.0","2021-10-11","2.01",",,W","0.00",",,W,2400","0.0",",,W",,
"USW00014605","44.3155","-69.7972","107.0","2021-10-12","2.46",",,W","0.00",",,W,2400","0.0",",,W",,
"USW00014605","44.3155","-69.7972","107.0","2021-10-13","2.91",",,W","0.00",",,W,2400","0.0",",,W",,
"USW00014605","44.3155","-69.7972","107.0","2021-10-14","5.82",",,W","0.00",",,W,2400","0.0",",,W",,
"USW00014605","44.3155","-69.7972","107.0","2021-10-15","5.59",",,W","0.01",",,W,2400","0.0",",,W",,
"USW00014605","44.3155","-69.7972","107.0","2021-10-16","9.17",",,W","0.30",",,W,2400","0.0",",,W",,
"USW00014605","44.3155","-69.7972","107.0","2021-10-17","6.93",",,W","0.26",",,W,2400","0.0",",,W",,
"USW00014605","44.3155","-69.7972","107.0","2021-10-18","6.26",",,W","0.00",",,W,2400","0.0",",,W",,
"USW00014605","44.3155","-69.7972","107.0","2021-10-19","9.40",",,W","0.00","T,,W,2400","0.0",",,W",,
"USW00014605","44.3155","-69.7972","107.0","2021-10-20","4.25",",,W","0.00","T,,W,2400","0.0",",,W",,
"USW00014605","44.3155","-69.7972","107.0","2021-10-21","1.79",",,W","0.06",",,W,2400","0.0",",,W",,
"USW00014605","44.3155","-69.7972","107.0","2021-10-22","5.82",",,W","0.01",",,W,2400","0.0",",,W",,
"USW00014605","44.3155","-69.7972","107.0","2021-10-23","5.14",",,W","0.00",",,W,2400","0.0",",,W",,
"USW00014605","44.3155","-69.7972","107.0","2021-10-24","7.61",",,W","0.00",",,W,2400","0.0",",,W",,
"USW00014605","44.3155","-69.7972","107.0","2021-10-25","4.25",",,W","0.23",",,W,2400","0.0",",,W",,
"USW00014605","44.3155","-69.7972","107.0","2021-10-26","14.76",",,W","0.35",",,W,2400","0.0",",,W",,
"USW00014605","44.3155","-69.7972","107.0","2021-10-27","21.03",",,W","0.05",",,W,2400","0.0",",,W",,
"USW00014605","44.3155","-69.7972","107.0","2021-10-28","11.41",",,W","0.00",",,W,2400","0.0",",,W",,
"USW00014605","44.3155","-69.7972","107.0","2021-10-29","7.16",",,W","0.00",",,W,2400","0.0",",,W",,
"USW00014605","44.3155","-69.7972","107.0","2021-10-30","7.38",",,W","0.72",",,W,2400","0.0",",,W",,
"USW00014605","44.3155","-69.7972","107.0","2021-10-31","9.84",",,W","2.10",",,W,2400","0.0",",,W",,
"USW00014605","44.3155","-69.7972","107.0","2021-11-01","7.16",",,W","0.01",",,W,2400",,,,
"USW00014605","44.3155","-69.7972","107.0","2021-11-02","4.47",",,W","0.00",",,W,2400",,,,
"USW00014605","44.3155","-69.7972","107.0","2021-11-03","3.58",",,W","0.00",",,W,2400",,,,
"USW00014605","44.3155","-69.7972","107.0","2021-11-04","3.80",",,W","0.00",",,W,2400","0.0",",,W",,
"USW00014605","44.3155","-69.7972","107.0","2021-11-05","5.37",",,W","0.00","T,,W,2400","0.0",",,W",,
"USW00014605","44.3155","-69.7972","107.0","2021-11-06","4.47",",,W","0.00",",,W,2400","0.0",",,W",,
"USW00014605","44.3155","-69.7972","107.0","2021-11-07","3.13",",,W","0.00",",,W,2400","0.0",",,W",,
"USW00014605","44.3155","-69.7972","107.0","2021-11-08","4.47",",,W","0.00",",,W,2400","0.0",",,W",,
"USW00014605","44.3155","-69.7972","107.0","2021-11-09","4.47",",,W","0.00",",,W,2400","0.0",",,W",,
"USW00014605","44.3155","-69.7972","107.0","2021-11-10","6.04",",,W","0.10",",,W,2400","0.0",",,W",,
"USW00014605","44.3155","-69.7972","107.0","2021-11-11","4.70",",,W","0.00",",,W,2400","0.0",",,W",,
"USW00014605","44.3155","-69.7972","107.0","2021-11-12","8.28",",,W","1.57",",,W,2400","0.0",",,W",,
"USW00014605","44.3155","-69.7972","107.0","2021-11-13","4.70",",,W","0.32",",,W,2400","0.0",",,W",,
"USW00014605","44.3155","-69.7972","107.0","2021-11-14","6.71",",,W","0.00","T,,W,2400","0.0",",,W",,
"USW00014605","44.3155","-69.7972","107.0","2021-11-15","6.71",",,W","0.20",",,W,2400",,,,
"USW00014605","44.3155","-69.7972","107.0","2021-11-16","9.62",",,W","0.00","T,,W,2400","0.0",",,W",,
"USW00014605","44.3155","-69.7972","107.0","2021-11-17","4.92",",,W","0.00","T,,W,2400","0.0",",,W",,
"USW00014605","44.3155","-69.7972","107.0","2021-11-18","5.14",",,W","0.06",",,W,2400",,,,
"USW00014605","44.3155","-69.7972","107.0","2021-11-19","9.17",",,W","0.14",",,W,2400","0.0",",,W",,
"USW00014605","44.3155","-69.7972","107.0","2021-11-20","5.82",",,W","0.00",",,W,2400","0.0",",,W",,
"USW00014605","44.3155","-69.7972","107.0","2021-11-21","2.91",",,W","0.01",",,W,2400","0.0",",,W",,
"USW00014605","44.3155","-69.7972","107.0","2021-11-22","7.61",",,W","0.23",",,W,2400","0.0",",,W",,
"USW00014605","44.3155","-69.7972","107.0","2021-11-23","10.51",",,W","0.00",",,W,2400",,,,
"USW00014605","44.3155","-69.7972","107.0","2021-11-24","8.72",",,W","0.00",",,W,2400","0.0",",,W",,
"USW00014605","44.3155","-69.7972","107.0","2021-11-25","3.13",",,W","0.00",",,D,2400","0.0",",,D",,
"USW00014605","44.3155","-69.7972","107.0","2021-11-26","4.25",",,W","0.35",",,D,2400",,,,
"USW00014605","44.3155","-69.7972","107.0","2021-11-27","12.08",",,W","0.11",",,D,2400",,,,
"USW00014605","44.3155","-69.7972","107.0","2021-11-28","3.80",",,W","0.00",",,D,2400","0.0",",,D",,
"USW00094644","44.9281","-68.7006","38.7","2021-08-01",,,"0.00",",,R",,,,
"USW00094644","44.9281","-68.7006","38.7","2021-08-02",,,"0.13",",,R",,,,
"USW00094644","44.9281","-68.7006","38.7","2021-08-03",,,"0.00",",,R",,,,
"USW00094644","44.9281","-68.7006","38.7","2021-08-04",,,"0.00",",,R",,,,
"USW00094644","44.9281","-68.7006","38.7","2021-08-05",,,"0.49",",,R",,,,
"USW00094644","44.9281","-68.7006","38.7","2021-08-06",,,"0.00",",,R",,,,
"USW00094644","44.9281","-68.7006","38.7","2021-08-07",,,"0.02",",,R",,,,
"USW00094644","44.9281","-68.7006","38.7","2021-08-08",,,"0.00",",,R",,,,
"USW00094644","44.9281","-68.7006","38.7","2021-08-09",,,"0.00",",,R",,,,
"USW00094644","44.9281","-68.7006","38.7","2021-08-10",,,"0.00",",,R",,,,
"USW00094644","44.9281","-68.7006","38.7","2021-08-11",,,"0.00",",,R",,,,
"USW00094644","44.9281","-68.7006","38.7","2021-08-12",,,"0.00",",,R",,,,
"USW00094644","44.9281","-68.7006","38.7","2021-08-13",,,"0.00",",,R",,,,
"USW00094644","44.9281","-68.7006","38.7","2021-08-14",,,"0.02",",,R",,,,
"USW00094644","44.9281","-68.7006","38.7","2021-08-15",,,"0.00",",,R",,,,
"USW00094644","44.9281","-68.7006","38.7","2021-08-16",,,"0.00",",,R",,,,
"USW00094644","44.9281","-68.7006","38.7","2021-08-17",,,"0.00",",,R",,,,
"USW00094644","44.9281","-68.7006","38.7","2021-08-18",,,"0.08",",,R",,,,
"USW00094644","44.9281","-68.7006","38.7","2021-08-19",,,"0.52",",,R",,,,
"USW00094644","44.9281","-68.7006","38.7","2021-08-20",,,"0.00",",,R",,,,
"USW00094644","44.9281","-68.7006","38.7","2021-08-21",,,"0.00",",,R",,,,
"USW00094644","44.9281","-68.7006","38.7","2021-08-22",,,"0.07",",,R",,,,
"USW00094644","44.9281","-68.7006","38.7","2021-08-23",,,"1.65",",,R",,,,
"USW00094644","44.9281","-68.7006","38.7","2021-08-24",,,"0.00",",,R",,,,
"USW00094644","44.9281","-68.7006","38.7","2021-08-25",,,"0.00",",,R",,,,
"USW00094644","44.9281","-68.7006","38.7","2021-08-26",,,"0.00",",,R",,,,
"USW00094644","44.9281","-68.7006","38.7","2021-08-27",,,"0.00",",,R",,,,
"USW00094644","44.9281","-68.7006","38.7","2021-08-28",,,"0.00",",,R",,,,
"USW00094644","44.9281","-68.7006","38.7","2021-08-29",,,"0.00",",,R",,,,
"USW00094644","44.9281","-68.7006","38.7","2021-08-30",,,"0.04",",,R",,,,
"USW00094644","44.9281","-68.7006","38.7","2021-08-31",,,"0.00",",,R",,,,
"USW00094644","44.9281","-68.7006","38.7","2021-09-01",,,"0.00",",,R",,,,
"USW00094644","44.9281","-68.7006","38.7","2021-09-02",,,"0.74",",,R",,,,
"USW00094644","44.9281","-68.7006","38.7","2021-09-03",,,"0.20",",,R",,,,
"USW00094644","44.9281","-68.7006","38.7","2021-09-04",,,"0.00",",,R",,,,
"USW00094644","44.9281","-68.7006","38.7","2021-09-05",,,"0.00",",,R",,,,
"USW00094644","44.9281","-68.7006","38.7","2021-09-06",,,"0.22",",,R",,,,
"USW00094644","44.9281","-68.7006","38.7","2021-09-07",,,"0.00",",,R",,,,
"USW00094644","44.9281","-68.7006","38.7","2021-09-08",,,"0.00",",,R",,,,
"USW00094644","44.9281","-68.7006","38.7","2021-09-09",,,"2.26",",,R",,,,
"USW00094644","44.9281","-68.7006","38.7","2021-09-10",,,"1.20",",,R",,,,
"USW00094644","44.9281","-68.7006","38.7","2021-09-11",,,"0.00",",,R",,,,
"USW00094644","44.9281","-68.7006","38.7","2021-09-12",,,"0.00",",,R",,,,
"USW00094644","44.9281","-68.7006","38.7","2021-09-13",,,"0.00",",,R",,,,
"USW00094644","44.9281","-68.7006","38.7","2021-09-14",,,"0.00",",,R",,,,
"USW00094644","44.9281","-68.7006","38.7","2021-09-15",,,"0.42",",,R",,,,
"USW00094644","44.9281","-68.7006","38.7","2021-09-16",,,"0.01",",,R",,,,
"USW00094644","44.9281","-68.7006","38.7","2021-09-17",,,"0.00",",,R",,,,
"USW00094644","44.9281","-68.7006","38.7","2021-09-18",,,"0.00",",,R",,,,
"USW00094644","44.9281","-68.7006","38.7","2021-09-19",,,"0.00",",,R",,,,
"USW00094644","44.9281","-68.7006","38.7","2021-09-20",,,"0.00",",,R",,,,
"USW00094644","44.9281","-68.7006","38.7","2021-09-21",,,"0.00",",,R",,,,
"USW00094644","44.9281","-68.7006","38.7","2021-09-22",,,"0.00",",,R",,,,
"USW00094644","44.9281","-68.7006","38.7","2021-09-23",,,"0.00",",,R",,,,
"USW00094644","44.9281","-68.7006","38.7","2021-09-24",,,"0.85",",,R",,,,
"USW00094644","44.9281","-68.7006","38.7","2021-09-25",,,"1.41",",,R",,,,
"USW00094644","44.9281","-68.7006","38.7","2021-09-26",,,"1.19",",,R",,,,
"USW00094644","44.9281","-68.7006","38.7","2021-09-27",,,"0.00",",,R",,,,
"USW00094644","44.9281","-68.7006","38.7","2021-09-28",,,"0.00",",,R",,,,
"USW00094644","44.9281","-68.7006","38.7","2021-09-29",,,"0.00",",,R",,,,
"USW00094644","44.9281","-68.7006","38.7","2021-09-30",,,"0.09",",,R",,,,
"USW00094644","44.9281","-68.7006","38.7","2021-10-01",,,"0.00",",,R",,,,
"USW00094644","44.9281","-68.7006","38.7","2021-10-02",,,"0.00",",,R",,,,
"USW00094644","44.9281","-68.7006","38.7","2021-10-03",,,"0.00",",,R",,,,
"USW00094644","44.9281","-68.7006","38.7","2021-10-04",,,"0.00",",,R",,,,
"USW00094644","44.9281","-68.7006","38.7","2021-10-05",,,"0.00",",,R",,,,
"USW00094644","44.9281","-68.7006","38.7","2021-10-06",,,"0.00",",,R",,,,
"USW00094644","44.9281","-68.7006","38.7","2021-10-07",,,"0.00",",,R",,,,
"USW00094644","44.9281","-68.7006","38.7","2021-10-08",,,"0.00",",,R",,,,
"USW00094644","44.9281","-68.7006","38.7","2021-10-09",,,"0.00",",,R",,,,
"USW00094644","44.9281","-68.7006","38.7","2021-10-10",,,"0.00",",,R",,,,
"USW00094644","44.9281","-68.7006","38.7","2021-10-11",,,"0.00",",,R",,,,
"USW00094644","44.9281","-68.7006","38.7","2021-10-12",,,"0.00",",,R",,,,
"USW00094644","44.9281","-68.7006","38.7","2021-10-13",,,"0.00",",,R",,,,
"USW00094644","44.9281","-68.7006","38.7","2021-10-14",,,"0.00",",,R",,,,
"USW00094644","44.9281","-68.7006","38.7","2021-10-15",,,"0.02",",,R",,,,
"USW00094644","44.9281","-68.7006","38.7","2021-10-16",,,"0.26",",,R",,,,
"USW00094644","44.9281","-68.7006","38.7","2021-10-17",,,"0.96",",,R",,,,
"USW00094644","44.9281","-68.7006","38.7","2021-10-18",,,"0.00",",,R",,,,
"USW00094644","44.9281","-68.7006","38.7","2021-10-19",,,"0.00",",,R",,,,
"USW00094644","44.9281","-68.7006","38.7","2021-10-20",,,"0.00",",,R",,,,
"USW00094644","44.9281","-68.7006","38.7","2021-10-21",,,"0.00",",,R",,,,
"USW00094644","44.9281","-68.7006","38.7","2021-10-22",,,"0.04",",,R",,,,
"USW00094644","44.9281","-68.7006","38.7","2021-10-23",,,"0.00",",,R",,,,
"USW00094644","44.9281","-68.7006","38.7","2021-10-24",,,"0.00",",,R",,,,
"USW00094644","44.9281","-68.7006","38.7","2021-10-25",,,"0.04",",,R",,,,
"USW00094644","44.9281","-68.7006","38.7","2021-10-26",,,"0.00",",,R",,,,
"USW00094644","44.9281","-68.7006","38.7","2021-10-27",,,"0.08",",,R",,,,
"USW00094644","44.9281","-68.7006","38.7","2021-10-28",,,"0.00",",,R",,,,
"USW00094644","44.9281","-68.7006","38.7","2021-10-29",,,"0.00",",,R",,,,
"USW00094644","44.9281","-68.7006","38.7","2021-10-30",,,"0.28",",,R",,,,
"USW00094644","44.9281","-68.7006","38.7","2021-10-31",,,"2.15",",,R",,,,
"USW00094644","44.9281","-68.7006","38.7","2021-11-01",,,"0.01",",,R",,,,
"USW00094644","44.9281","-68.7006","38.7","2021-11-02",,,"0.02",",,R",,,,
"USW00094644","44.9281","-68.7006","38.7","2021-11-03",,,"0.00",",,R",,,,
"USW00094644","44.9281","-68.7006","38.7","2021-11-04",,,"0.00",",,R",,,,
"USW00094644","44.9281","-68.7006","38.7","2021-11-05",,,"0.00",",,R",,,,
"USW00094644","44.9281","-68.7006","38.7","2021-11-06",,,"0.00",",,R",,,,
"USW00094644","44.9281","-68.7006","38.7","2021-11-07",,,"0.00",",,R",,,,
"USW00094644","44.9281","-68.7006","38.7","2021-11-08",,,"0.00",",,R",,,,
"USW00094644","44.9281","-68.7006","38.7","2021-11-09",,,"0.00",",,R",,,,
"USW00094644","44.9281","-68.7006","38.7","2021-11-10",,,"0.13",",,R",,,,
"USW00094644","44.9281","-68.7006","38.7","2021-11-11",,,"0.00",",,R",,,,
"USW00094644","44.9281","-68.7006","38.7","2021-11-13",,,"0.04",",,R",,,,
"USW00094644","44.9281","-68.7006","38.7","2021-11-14",,,"0.06",",,R",,,,
"USW00094644","44.9281","-68.7006","38.7","2021-11-15",,,"0.18",",,R",,,,
"USW00094644","44.9281","-68.7006","38.7","2021-11-16",,,"0.00",",,R",,,,
"USW00094644","44.9281","-68.7006","38.7","2021-11-17",,,"0.00",",,R",,,,
"USW00094645","46.9601","-67.8833","224.6","2021-08-01",,,"0.00",",,R",,,,
"USW00094645","46.9601","-67.8833","224.6","2021-08-02",,,"0.28",",,R",,,,
"USW00094645","46.9601","-67.8833","224.6","2021-08-03",,,"0.00",",,R",,,,
"USW00094645","46.9601","-67.8833","224.6","2021-08-04",,,"0.00",",,R",,,,
"USW00094645","46.9601","-67.8833","224.6","2021-08-05",,,"0.13",",,R",,,,
"USW00094645","46.9601","-67.8833","224.6","2021-08-06",,,"0.03",",,R",,,,
"USW00094645","46.9601","-67.8833","224.6","2021-08-07",,,"0.04",",,R",,,,
"USW00094645","46.9601","-67.8833","224.6","2021-08-08",,,"0.00",",,R",,,,
"USW00094645","46.9601","-67.8833","224.6","2021-08-09",,,"0.00",",,R",,,,
"USW00094645","46.9601","-67.8833","224.6","2021-08-10",,,"0.00",",,R",,,,
"USW00094645","46.9601","-67.8833","224.6","2021-08-11",,,"0.00",",,R",,,,
"USW00094645","46.9601","-67.8833","224.6","2021-08-12",,,"0.10",",,R",,,,
"USW00094645","46.9601","-67.8833","224.6","2021-08-13",,,"0.00",",,R",,,,
"USW00094645","46.9601","-67.8833","224.6","2021-08-14",,,"0.45",",,R",,,,
"USW00094645","46.9601","-67.8833","224.6","2021-08-15",,,"0.00",",,R",,,,
"USW00094645","46.9601","-67.8833","224.6","2021-08-16",,,"0.00",",,R",,,,
"USW00094645","46.9601","-67.8833","224.6","2021-08-17",,,"0.00",",,R",,,,
"USW00094645","46.9601","-67.8833","224.6","2021-08-18",,,"0.00",",,R",,,,
"USW00094645","46.9601","-67.8833","224.6","2021-08-19",,,"0.00",",,R",,,,
"USW00094645","46.9601","-67.8833","224.6","2021-08-20",,,"0.00",",,R",,,,
"USW00094645","46.9601","-67.8833","224.6","2021-08-21",,,"0.00",",,R",,,,
"USW00094645","46.9601","-67.8833","224.6","2021-08-22",,,"0.00",",,R",,,,
"USW00094645","46.9601","-67.8833","224.6","2021-08-23",,,"0.16",",,R",,,,
"USW00094645","46.9601","-67.8833","224.6","2021-08-24",,,"0.29",",,R",,,,
"USW00094645","46.9601","-67.8833","224.6","2021-08-25",,,"0.00",",,R",,,,
"USW00094645","46.9601","-67.8833","224.6","2021-08-26",,,"0.00",",,R",,,,
"USW00094645","46.9601","-67.8833","224.6","2021-08-27",,,"0.00",",,R",,,,
"USW00094645","46.9601","-67.8833","224.6","2021-08-28",,,"0.00",",,R",,,,
"USW00094645","46.9601","-67.8833","224.6","2021-08-29",,,"0.00",",,R",,,,
"USW00094645","46.9601","-67.8833","224.6","2021-08-30",,,"0.54",",,R",,,,
"USW00094645","46.9601","-67.8833","224.6","2021-08-31",,,"0.00",",,R",,,,
"USW00094645","46.9601","-67.8833","224.6","2021-09-01",,,"0.00",",,R",,,,
"USW00094645","46.9601","-67.8833","224.6","2021-09-02",,,"0.22",",,R",,,,
"USW00094645","46.9601","-67.8833","224.6","2021-09-03",,,"0.06",",,R",,,,
"USW00094645","46.9601","-67.8833","224.6","2021-09-04",,,"0.00",",,R",,,,
"USW00094645","46.9601","-67.8833","224.6","2021-09-05",,,"0.09",",,R",,,,
"USW00094645","46.9601","-67.8833","224.6","2021-09-06",,,"1.01",",,R",,,,
"USW00094645","46.9601","-67.8833","224.6","2021-09-07",,,"0.00",",,R",,,,
"USW00094645","46.9601","-67.8833","224.6","2021-09-08",,,"0.00",",,R",,,,
"USW00094645","46.9601","-67.8833","224.6","2021-09-09",,,"0.59",",,R",,,,
"USW00094645","46.9601","-67.8833","224.6","2021-09-10",,,"0.81",",,R",,,,
"USW00094645","46.9601","-67.8833","224.6","2021-09-11",,,"0.00",",,R",,,,
"USW00094645","46.9601","-67.8833","224.6","2021-09-12",,,"0.23",",,R",,,,
"USW00094645","46.9601","-67.8833","224.6","2021-09-13",,,"0.00",",,R",,,,
"USW00094645","46.9601","-67.8833","224.6","2021-09-14",,,"0.00",",,R",,,,
"USW00094645","46.9601","-67.8833","224.6","2021-09-15",,,"0.29",",,R",,,,
"USW00094645","46.9601","-67.8833","224.6","2021-09-16",,,"0.00",",,R",,,,
"USW00094645","46.9601","-67.8833","224.6","2021-09-17",,,"0.00",",,R",,,,
"USW00094645","46.9601","-67.8833","224.6","2021-09-18",,,"0.02",",,R",,,,
"USW00094645","46.9601","-67.8833","224.6","2021-09-19",,,"0.00",",,R",,,,
"USW00094645","46.9601","-67.8833","224.6","2021-09-20",,,"0.00",",,R",,,,
"USW00094645","46.9601","-67.8833","224.6","2021-09-21",,,"0.00",",,R",,,,
"USW00094645","46.9601","-67.8833","224.6","2021-09-22",,,"0.00",",,R",,,,
"USW00094645","46.9601","-67.8833","224.6","2021-09-23",,,"0.00",",,R",,,,
"USW00094645","46.9601","-67.8833","224.6","2021-09-24",,,"0.33",",,R",,,,
"USW00094645","46.9601","-67.8833","224.6","2021-09-25",,,"0.64",",,R",,,,
"USW00094645","46.9601","-67.8833","224.6","2021-09-26",,,"1.53",",,R",,,,
"USW00094645","46.9601","-67.8833","224.6","2021-09-27",,,"0.19",",,R",,,,
"USW00094645","46.9601","-67.8833","224.6","2021-09-28",,,"0.00",",,R",,,,
"USW00094645","46.9601","-67.8833","224.6","2021-09-29",,,"0.01",",,R",,,,
"USW00094645","46.9601","-67.8833","224.6","2021-09-30",,,"0.09",",,R",,,,
"USW00094645","46.9601","-67.8833","224.6","2021-10-01",,,"0.00",",,R",,,,
"USW00094645","46.9601","-67.8833","224.6","2021-10-02",,,"0.00",",,R",,,,
"USW00094645","46.9601","-67.8833","224.6","2021-10-03",,,"0.00",",,R",,,,
"USW00094645","46.9601","-67.8833","224.6","2021-10-04",,,"0.00",",,R",,,,
"USW00094645","46.9601","-67.8833","224.6","2021-10-05",,,"0.00",",,R",,,,
"USW00094645","46.9601","-67.8833","224.6","2021-10-06",,,"0.00",",,R",,,,
"USW00094645","46.9601","-67.8833","224.6","2021-10-07",,,"0.00",",,R",,,,
"USW00094645","46.9601","-67.8833","224.6","2021-10-08",,,"0.00",",,R",,,,
"USW00094645","46.9601","-67.8833","224.6","2021-10-09",,,"0.00",",,R",,,,
"USW00094645","46.9601","-67.8833","224.6","2021-10-10",,,"0.00",",,R",,,,
"USW00094645","46.9601","-67.8833","224.6","2021-10-11",,,"0.00",",,R",,,,
"USW00094645","46.9601","-67.8833","224.6","2021-10-12",,,"0.00",",,R",,,,
"USW00094645","46.9601","-67.8833","224.6","2021-10-13",,,"0.02",",,R",,,,
"USW00094645","46.9601","-67.8833","224.6","2021-10-14",,,"0.00",",,R",,,,
"USW00094645","46.9601","-67.8833","224.6","2021-10-15",,,"0.02",",,R",,,,
"USW00094645","46.9601","-67.8833","224.6","2021-10-16",,,"0.40",",,R",,,,
"USW00094645","46.9601","-67.8833","224.6","2021-10-17",,,"1.08",",,R",,,,
"USW00094645","46.9601","-67.8833","224.6","2021-10-18",,,"0.00",",,R",,,,
"USW00094645","46.9601","-67.8833","224.6","2021-10-19",,,"0.01",",,R",,,,
"USW00094645","46.9601","-67.8833","224.6","2021-10-20",,,"0.00",",,R",,,,
"USW00094645","46.9601","-67.8833","224.6","2021-10-21",,,"0.09",",,R",,,,
"USW00094645","46.9601","-67.8833","224.6","2021-10-22",,,"0.06",",,R",,,,
"USW00094645","46.9601","-67.8833","224.6","2021-10-23",,,"0.00",",,R",,,,
"USW00094645","46.9601","-67.8833","224.6","2021-10-24",,,"0.00",",,R",,,,
"USW00094645","46.9601","-67.8833","224.6","2021-10-25",,,"0.00",",,R",,,,
"USW00094645","46.9601","-67.8833","224.6","2021-10-26",,,"0.00",",,R",,,,
"USW00094645","46.9601","-67.8833","224.6","2021-10-27",,,"0.00",",,R",,,,
"USW00094645","46.9601","-67.8833","224.6","2021-10-28",,,"0.00",",,R",,,,
"USW00094645","46.9601","-67.8833","224.6","2021-10-29",,,"0.00",",,R",,,,
"USW00094645","46.9601","-67.8833","224.6","2021-10-30",,,"0.02",",,R",,,,
"USW00094645","46.9601","-67.8833","224.6","2021-10-31",,,"0.49",",,R",,,,
"USW00094645","46.9601","-67.8833","224.6","2021-11-01",,,"0.01",",,R",,,,
"USW00094645","46.9601","-67.8833","224.6","2021-11-02",,,"0.00",",,R",,,,
"USW00094645","46.9601","-67.8833","224.6","2021-11-03",,,"0.00",",,R",,,,
"USW00094645","46.9601","-67.8833","224.6","2021-11-04",,,"0.00",",,R",,,,
"USW00094645","46.9601","-67.8833","224.6","2021-11-05",,,"0.00",",,R",,,,
"USW00094645","46.9601","-67.8833","224.6","2021-11-06",,,"0.00",",,R",,,,
"USW00094645","46.9601","-67.8833","224.6","2021-11-07",,,"0.00",",,R",,,,
"USW00094645","46.9601","-67.8833","224.6","2021-11-08",,,"0.00",",,R",,,,
"USW00094645","46.9601","-67.8833","224.6","2021-11-09",,,"0.00",",,R",,,,
"USW00094645","46.9601","-67.8833","224.6","2021-11-10",,,"0.00",",,R",,,,
"USW00094645","46.9601","-67.8833","224.6","2021-11-11",,,"0.00",",,R",,,,
"USW00094645","46.9601","-67.8833","224.6","2021-11-12",,,"0.50",",,R",,,,
"USW00094645","46.9601","-67.8833","224.6","2021-11-13",,,"0.03",",,R",,,,
"USW00094645","46.9601","-67.8833","224.6","2021-11-14",,,"0.11",",,R",,,,
"USW00094645","46.9601","-67.8833","224.6","2021-11-15",,,"0.57",",,R",,,,
"USW00094645","46.9601","-67.8833","224.6","2021-11-16",,,"0.00",",,R",,,,
"USW00094645","46.9601","-67.8833","224.6","2021-11-17",,,"0.00",",,R",,,,
"USW00094645","46.9601","-67.8833","224.6","2021-11-18",,,"0.42",",,R",,,,
"USW00094645","46.9601","-67.8833","224.6","2021-11-19",,,"0.04",",,R",,,,
"USW00094645","46.9601","-67.8833","224.6","2021-11-20",,,"0.00",",,R",,,,
"USW00094645","46.9601","-67.8833","224.6","2021-11-21",,,"0.00",",,R",,,,
"USW00094645","46.9601","-67.8833","224.6","2021-11-22",,,"0.76",",,R",,,,
"USW00094645","46.9601","-67.8833","224.6","2021-11-23",,,"0.00",",,R",,,,
"USW00094645","46.9601","-67.8833","224.6","2021-11-24",,,"0.00",",,R",,,,
"USW00094645","46.9601","-67.8833","224.6","2021-11-25",,,"0.00",",,R",,,,
"USW00094645","46.9601","-67.8833","224.6","2021-11-26",,,"0.36",",,R",,,,
"USW00094645","46.9601","-67.8833","224.6","2021-11-27",,,"0.05",",,R",,,,
"USW00094645","46.9601","-67.8833","224.6","2021-11-28",,,"0.00",",,R",,,,
"US1MEHN0026","44.23945","-68.52774","12.2","2021-08-01",,,"0.00",",,N","0.0",",,N",,
"US1MEHN0026","44.23945","-68.52774","12.2","2021-08-02",,,"0.00",",,N","0.0",",,N",,
"US1MEHN0026","44.23945","-68.52774","12.2","2021-08-03",,,"0.00","T,,N",,,,
"US1MEHN0026","44.23945","-68.52774","12.2","2021-08-04",,,"0.00",",,N","0.0",",,N",,
"US1MEHN0026","44.23945","-68.52774","12.2","2021-08-05",,,"1.30",",,N",,,,
"US1MEHN0026","44.23945","-68.52774","12.2","2021-08-06",,,"0.44",",,N",,,,
"US1MEHN0026","44.23945","-68.52774","12.2","2021-08-07",,,"0.00",",,N","0.0",",,N",,
"US1MEHN0026","44.23945","-68.52774","12.2","2021-08-08",,,"0.00",",,N","0.0",",,N",,
"US1MEHN0026","44.23945","-68.52774","12.2","2021-08-09",,,"0.00",",,N","0.0",",,N",,
"US1MEHN0026","44.23945","-68.52774","12.2","2021-08-10",,,"0.02",",,N",,,,
"US1MEHN0026","44.23945","-68.52774","12.2","2021-08-11",,,"0.01",",,N",,,,
"US1MEHN0026","44.23945","-68.52774","12.2","2021-08-12",,,"0.00","T,,N","0.0",",,N",,
"US1MEHN0026","44.23945","-68.52774","12.2","2021-08-13",,,"0.00",",,N","0.0",",,N",,
"US1MEHN0026","44.23945","-68.52774","12.2","2021-08-14",,,"0.00",",,N","0.0",",,N",,
"US1MEHN0026","44.23945","-68.52774","12.2","2021-08-15",,,"0.02",",,N",,,,
"US1MEHN0026","44.23945","-68.52774","12.2","2021-08-16",,,"0.00",",,N","0.0",",,N",,
"US1MEHN0026","44.23945","-68.52774","12.2","2021-08-19",,,"0.85",",,N",,,,
"US1MEHN0026","44.23945","-68.52774","12.2","2021-08-20",,,"0.85",",,N",,,,
"US1MEHN0026","44.23945","-68.52774","12.2","2021-08-21",,,"0.00",",,N","0.0",",,N",,
"US1MEHN0026","44.23945","-68.52774","12.2","2021-08-22",,,"0.02",",,N",,,,
"US1MEHN0026","44.23945","-68.52774","12.2","2021-08-23",,,"0.30",",,N",,,,
"US1MEHN0026","44.23945","-68.52774","12.2","2021-08-24",,,"1.57",",,N",,,,
"US1MEHN0026","44.23945","-68.52774","12.2","2021-08-25",,,"0.00",",,N","0.0",",,N",,
"US1MEHN0026","44.23945","-68.52774","12.2","2021-08-26",,,"0.00",",,N","0.0",",,N",,
"US1MEHN0026","44.23945","-68.52774","12.2","2021-08-27",,,"0.00",",,N","0.0",",,N",,
"US1MEHN0026","44.23945","-68.52774","12.2","2021-08-28",,,"0.00",",,N","0.0",",,N",,
"US1MEHN0026","44.23945","-68.52774","12.2","2021-08-29",,,"0.07",",,N",,,,
"US1MEHN0026","44.23945","-68.52774","12.2","2021-08-30",,,"0.00",",,N","0.0",",,N",,
"US1MEHN0026","44.23945","-68.52774","12.2","2021-08-31",,,"0.00","T,,N",,,,
"US1MEHN0026","44.23945","-68.52774","12.2","2021-09-01",,,"0.00",",,N","0.0",",,N",,
"US1MEHN0026","44.23945","-68.52774","12.2","2021-09-02",,,"2.03",",,N",,,,
"US1MEHN0026","44.23945","-68.52774","12.2","2021-09-03",,,"0.00",",,N","0.0",",,N",,
"US1MEHN0026","44.23945","-68.52774","12.2","2021-09-04",,,"0.10",",,N",,,,
"US1MEHN0026","44.23945","-68.52774","12.2","2021-09-05",,,"0.00",",,N","0.0",",,N",,
"US1MEHN0026","44.23945","-68.52774","12.2","2021-09-06",,,"0.16",",,N",,,,
"US1MEHN0026","44.23945","-68.52774","12.2","2021-09-07",,,"0.03",",,N",,,,
"US1MEHN0026","44.23945","-68.52774","12.2","2021-09-08",,,"0.00",",,N","0.0",",,N",,
"US1MEHN0026","44.23945","-68.52774","12.2","2021-09-09",,,"0.07",",,N",,,,
"US1MEHN0026","44.23945","-68.52774","12.2","2021-09-10",,,"2.43",",,N",,,,
"US1MEHN0026","44.23945","-68.52774","12.2","2021-09-11",,,"0.12",",,N",,,,
"US1MEHN0026","44.23945","-68.52774","12.2","2021-09-12",,,"0.00",",,N","0.0",",,N",,
"US1MEHN0026","44.23945","-68.52774","12.2","2021-09-13",,,"0.00",",,N","0.0",",,N",,
"US1MEHN0026","44.23945","-68.52774","12.2","2021-09-14",,,"0.00",",,N","0.0",",,N",,
"US1MEHN0026","44.23945","-68.52774","12.2","2021-09-15",,,"0.00","T,,N",,,,
"US1MEHN0026","44.23945","-68.52774","12.2","2021-09-16",,,"0.01",",,N",,,,
"US1MEHN0026","44.23945","-68.52774","12.2","2021-09-17",,,"0.01",",,N",,,,
"US1MEHN0026","44.23945","-68.52774","12.2","2021-09-18",,,"0.00",",,N","0.0",",,N",,
"US1MEHN0026","44.23945","-68.52774","12.2","2021-09-19",,,"0.00",",,N","0.0",",,N",,
"US1MEHN0026","44.23945","-68.52774","12.2","2021-09-20",,,"0.00",",,N","0.0",",,N",,
"US1MEHN0026","44.23945","-68.52774","12.2","2021-09-21",,,"0.00",",,N","0.0",",,N",,
"US1MEHN0026","44.23945","-68.52774","12.2","2021-09-22",,,"0.01",",,N","0.0",",,N",,
"US1MEHN0026","44.23945","-68.52774","12.2","2021-09-23",,,"0.01",",,N",,,,
"US1MEHN0026","44.23945","-68.52774","12.2","2021-09-24",,,"0.04",",,N",,,,
"US1MEHN0026","44.23945","-68.52774","12.2","2021-09-26",,,,,,,,
"US1MEHN0026","44.23945","-68.52774","12.2","2021-09-27",,,"0.01",",,N","0.0",",,N",,
"US1MEHN0026","44.23945","-68.52774","12.2","2021-09-28",,,"0.00","T,,N",,,,
"US1MEHN0026","44.23945","-68.52774","12.2","2021-09-29",,,"0.00","T,,N","0.0",",,N",,
"US1MEHN0026","44.23945","-68.52774","12.2","2021-09-30",,,"0.00","T,,N",,,,
"US1MEHN0026","44.23945","-68.52774","12.2","2021-10-01",,,"0.06",",,N",,,,
"US1MEHN0026","44.23945","-68.52774","12.2","2021-10-02",,,"0.00",",,N","0.0",",,N",,
"US1MEHN0026","44.23945","-68.52774","12.2","2021-10-03",,,"0.01",",,N",,,,
"US1MEHN0026","44.23945","-68.52774","12.2","2021-10-04",,,"0.00",",,N","0.0",",,N",,
"US1MEHN0026","44.23945","-68.52774","12.2","2021-10-05",,,"0.00",",,N","0.0",",,N",,
"US1MEHN0026","44.23945","-68.52774","12.2","2021-10-06",,,"0.00",",,N","0.0",",,N",,
"US1MEHN0026","44.23945","-68.52774","12.2","2021-10-07",,,"0.00","T,,N",,,,
"US1MEHN0026","44.23945","-68.52774","12.2","2021-10-08",,,"0.00",",,N","0.0",",,N",,
"US1MEHN0026","44.23945","-68.52774","12.2","2021-10-09",,,"0.00",",,N","0.0",",,N",,
"US1MEHN0026","44.23945","-68.52774","12.2","2021-10-10",,,"0.00",",,N","0.0",",,N",,
"US1MEHN0026","44.23945","-68.52774","12.2","2021-10-11",,,"0.00",",,N","0.0",",,N",,
"US1MEHN0026","44.23945","-68.52774","12.2","2021-10-12",,,"0.00",",,N","0.0",",,N",,
"US1MEHN0026","44.23945","-68.52774","12.2","2021-10-13",,,"0.00",",,N","0.0",",,N",,
"US1MEHN0026","44.23945","-68.52774","12.2","2021-10-14",,,"0.00",",,N","0.0",",,N",,
"US1MEHN0026","44.23945","-68.52774","12.2","2021-10-15",,,"0.00",",,N","0.0",",,N",,
"US1MEHN0026","44.23945","-68.52774","12.2","2021-10-16",,,"0.53",",,N","0.0",",,N",,
"US1MEHN0026","44.23945","-68.52774","12.2","2021-10-17",,,"0.97",",,N","0.0",",,N",,
"US1MEHN0026","44.23945","-68.52774","12.2","2021-10-18",,,"0.00","T,,N","0.0",",,N",,
"US1MEHN0026","44.23945","-68.52774","12.2","2021-10-19",,,"0.00",",,N","0.0",",,N",,
"US1MEHN0026","44.23945","-68.52774","12.2","2021-10-20",,,"0.02",",,N","0.0",",,N",,
"US1MEHN0026","44.23945","-68.52774","12.2","2021-10-21",,,"0.02",",,N","0.0",",,N",,
"US1MEHN0026","44.23945","-68.52774","12.2","2021-10-22",,,"0.06",",,N","0.0",",,N",,
"US1MEHN0026","44.23945","-68.52774","12.2","2021-10-23",,,"0.00","T,,N",,,,
"US1MEHN0026","44.23945","-68.52774","12.2","2021-10-24",,,"0.00",",,N","0.0",",,N",,
"US1MEHN0026","44.23945","-68.52774","12.2","2021-10-25",,,"0.08",",,N","0.0",",,N",,
"US1MEHN0026","44.23945","-68.52774","12.2","2021-10-26",,,"0.10",",,N","0.0",",,N",,
"US1MEHN0026","44.23945","-68.52774","12.2","2021-10-27",,,"0.18",",,N","0.0",",,N",,
"US1MEHN0026","44.23945","-68.52774","12.2","2021-10-28",,,"0.03",",,N","0.0",",,N",,
"US1MEHN0026","44.23945","-68.52774","12.2","2021-10-29",,,"0.00",",,N","0.0",",,N",,
"US1MEHN0026","44.23945","-68.52774","12.2","2021-10-30",,,"0.00","T,,N","0.0",",,N",,
"US1MEHN0026","44.23945","-68.52774","12.2","2021-10-31",,,"2.58",",,N","0.0",",,N",,
"US1MEHN0026","44.23945","-68.52774","12.2","2021-11-01",,,"0.01",",,N","0.0",",,N",,
"US1MEHN0026","44.23945","-68.52774","12.2","2021-11-02",,,"0.00",",,N","0.0",",,N",,
"US1MEHN0026","44.23945","-68.52774","12.2","2021-11-03",,,"0.00",",,N","0.0",",,N",,
"US1MEHN0026","44.23945","-68.52774","12.2","2021-11-04",,,"0.00",",,N","0.0",",,N",,
"US1MEHN0026","44.23945","-68.52774","12.2","2021-11-05",,,"0.00",",,N","0.0",",,N",,
"US1MEHN0026","44.23945","-68.52774","12.2","2021-11-06",,,"0.00",",,N","0.0",",,N",,
"US1MEHN0026","44.23945","-68.52774","12.2","2021-11-07",,,"0.00",",,N","0.0",",,N",,
"US1MEHN0026","44.23945","-68.52774","12.2","2021-11-08",,,"0.00",",,N","0.0",",,N",,
"US1MEHN0026","44.23945","-68.52774","12.2","2021-11-09",,,"0.00",",,N","0.0",",,N",,
"US1MEHN0026","44.23945","-68.52774","12.2","2021-11-10",,,"0.00",",,N","0.0",",,N",,
"US1MEHN0026","44.23945","-68.52774","12.2","2021-11-11",,,"0.00",",,N","0.0",",,N",,
"US1MEHN0026","44.23945","-68.52774","12.2","2021-11-27",,,"0.55",",,N","0.5",",,N",,
"US1MEHN0026","44.23945","-68.52774","12.2","2021-11-28",,,"0.00",",,N","0.0",",,N",,
"US1MEPN0058","44.9847","-68.8375","37.5","2021-08-01",,,"0.00",",,N","0.0",",,N",,
"US1MEPN0058","44.9847","-68.8375","37.5","2021-08-02",,,"0.01",",,N",,,,
"US1MEPN0058","44.9847","-68.8375","37.5","2021-08-03",,,"0.01",",,N",,,,
"US1MEPN0058","44.9847","-68.8375","37.5","2021-08-04",,,"0.00",",,N","0.0",",,N",,
"US1MEPN0058","44.9847","-68.8375","37.5","2021-08-05",,,"0.02",",,N",,,,
"US1MEPN0058","44.9847","-68.8375","37.5","2021-08-06",,,"0.32",",,N",,,,
"US1MEPN0058","44.9847","-68.8375","37.5","2021-08-07",,,"0.00",",,N","0.0",",,N",,
"US1MEPN0058","44.9847","-68.8375","37.5","2021-08-09",,,"0.00",",,N","0.0",",,N",,
"US1MEPN0058","44.9847","-68.8375","37.5","2021-08-10",,,"0.00",",,N","0.0",",,N",,
"US1MEPN0058","44.9847","-68.8375","37.5","2021-08-11",,,"0.00",",,N","0.0",",,N",,
"US1MEPN0058","44.9847","-68.8375","37.5","2021-08-12",,,"0.01",",,N",,,,
"US1MEPN0058","44.9847","-68.8375","37.5","2021-08-13",,,"0.00",",,N","0.0",",,N",,
"US1MEPN0058","44.9847","-68.8375","37.5","2021-08-14",,,"0.00",",,N","0.0",",,N",,
"US1MEPN0058","44.9847","-68.8375","37.5","2021-08-15",,,"0.10",",,N",,,,
"US1MEPN0058","44.9847","-68.8375","37.5","2021-08-16",,,"0.00",",,N","0.0",",,N",,
"US1MEPN0058","44.9847","-68.8375","37.5","2021-08-17",,,"0.00",",,N","0.0",",,N",,
"US1MEPN0058","44.9847","-68.8375","37.5","2021-08-18",,,"0.00",",,N","0.0",",,N",,
"US1MEPN0058","44.9847","-68.8375","37.5","2021-08-19",,,"0.43",",,N",,,,
"US1MEPN0058","44.9847","-68.8375","37.5","2021-08-20",,,"0.18",",,N",,,,
"US1MEPN0058","44.9847","-68.8375","37.5","2021-08-21",,,"0.00",",,N","0.0",",,N",,
"US1MEPN0058","44.9847","-68.8375","37.5","2021-08-23",,,"0.04",",,N",,,,
"US1MEPN0058","44.9847","-68.8375","37.5","2021-08-24",,,"1.08",",,N",,,,
"US1MEPN0058","44.9847","-68.8375","37.5","2021-08-25",,,"0.00",",,N","0.0",",,N",,
"US1MEPN0058","44.9847","-68.8375","37.5","2021-08-26",,,"0.00",",,N","0.0",",,N",,
"US1MEPN0058","44.9847","-68.8375","37.5","2021-08-27",,,"0.00",",,N","0.0",",,N",,
"US1MEPN0058","44.9847","-68.8375","37.5","2021-08-29",,,"0.00","T,,N",,,,
"US1MEPN0058","44.9847","-68.8375","37.5","2021-08-30",,,"0.00",",,N","0.0",",,N",,
"US1MEPN0058","44.9847","-68.8375","37.5","2021-08-31",,,"0.02",",,N",,,,
"US1MEPN0058","44.9847","-68.8375","37.5","2021-09-01",,,"0.00",",,N","0.0",",,N",,
"US1MEPN0058","44.9847","-68.8375","37.5","2021-09-02",,,"0.62",",,N",,,,
"US1MEPN0058","44.9847","-68.8375","37.5","2021-09-03",,,"0.16",",,N",,,,
"US1MEPN0058","44.9847","-68.8375","37.5","2021-09-04",,,"0.07",",,N",,,,
"US1MEPN0058","44.9847","-68.8375","37.5","2021-09-05",,,"0.00",",,N","0.0",",,N",,
"US1MEPN0058","44.9847","-68.8375","37.5","2021-09-06",,,"0.13",",,N",,,,
"US1MEPN0058","44.9847","-68.8375","37.5","2021-09-07",,,"0.55",",,N",,,,
"US1MEPN0058","44.9847","-68.8375","37.5","2021-09-08",,,"0.01",",,N",,,,
"US1MEPN0058","44.9847","-68.8375","37.5","2021-09-09",,,"0.00","T,,N",,,,
"US1MEPN0058","44.9847","-68.8375","37.5","2021-09-10",,,"1.83",",,N",,,,
"US1MEPN0058","44.9847","-68.8375","37.5","2021-09-11",,,"0.22",",,N",,,,
"US1MEPN0058","44.9847","-68.8375","37.5","2021-09-12",,,"0.00",",,N","0.0",",,N",,
"US1MEPN0058","44.9847","-68.8375","37.5","2021-09-13",,,"0.00","T,,N",,,,
"US1MEPN0058","44.9847","-68.8375","37.5","2021-09-15",,,"0.00",",,N","0.0",",,N",,
"US1MEPN0058","44.9847","-68.8375","37.5","2021-09-16",,,"0.64",",,N",,,,
"US1MEPN0058","44.9847","-68.8375","37.5","2021-09-17",,,"0.00",",,N","0.0",",,N",,
"US1MEPN0058","44.9847","-68.8375","37.5","2021-09-18",,,"0.00",",,N","0.0",",,N",,
"US1MEPN0058","44.9847","-68.8375","37.5","2021-09-19",,,"0.06",",,N",,,,
"US1MEPN0058","44.9847","-68.8375","37.5","2021-09-20",,,"0.00",",,N","0.0",",,N",,
"US1MEPN0058","44.9847","-68.8375","37.5","2021-09-21",,,"0.00",",,N","0.0",",,N",,
"US1MEPN0058","44.9847","-68.8375","37.5","2021-09-22",,,"0.00",",,N","0.0",",,N",,
"US1MEPN0058","44.9847","-68.8375","37.5","2021-09-23",,,"0.00",",,N","0.0",",,N",,
"US1MEPN0058","44.9847","-68.8375","37.5","2021-09-24",,,"0.00","T,,N",,,,
"US1MEPN0058","44.9847","-68.8375","37.5","2021-09-25",,,"1.22",",,N",,,,
"US1MEPN0058","44.9847","-68.8375","37.5","2021-09-26",,,"0.58",",,N",,,,
"US1MEPN0058","44.9847","-68.8375","37.5","2021-09-27",,,"0.71",",,N",,,,
"US1MEPN0058","44.9847","-68.8375","37.5","2021-09-28",,,"0.03",",,N",,,,
"US1MEPN0058","44.9847","-68.8375","37.5","2021-09-29",,,"0.00",",,N","0.0",",,N",,
"US1MEPN0058","44.9847","-68.8375","37.5","2021-09-30",,,"0.12",",,N",,,,
"US1MEPN0058","44.9847","-68.8375","37.5","2021-10-01",,,"0.19",",,N",,,,
"US1MEPN0058","44.9847","-68.8375","37.5","2021-10-02",,,"0.03",",,N",,,,
"US1MEPN0058","44.9847","-68.8375","37.5","2021-10-03",,,"0.00",",,N","0.0",",,N",,
"US1MEPN0058","44.9847","-68.8375","37.5","2021-10-04",,,"0.00",",,N","0.0",",,N",,
"US1MEPN0058","44.9847","-68.8375","37.5","2021-10-05",,,"0.00",",,N","0.0",",,N",,
"US1MEPN0058","44.9847","-68.8375","37.5","2021-10-06",,,"0.00",",,N","0.0",",,N",,
"US1MEPN0058","44.9847","-68.8375","37.5","2021-10-07",,,"0.00",",,N","0.0",",,N",,
"US1MEPN0058","44.9847","-68.8375","37.5","2021-10-08",,,"0.00",",,N","0.0",",,N",,
"US1MEPN0058","44.9847","-68.8375","37.5","2021-10-09",,,"0.00",",,N","0.0",",,N",,
"US1MEPN0058","44.9847","-68.8375","37.5","2021-10-10",,,"0.00",",,N","0.0",",,N",,
"US1MEPN0058","44.9847","-68.8375","37.5","2021-10-11",,,"0.00",",,N","0.0",",,N",,
"US1MEPN0058","44.9847","-68.8375","37.5","2021-10-12",,,"0.00",",,N","0.0",",,N",,
"US1MEPN0058","44.9847","-68.8375","37.5","2021-10-13",,,"0.00",",,N","0.0",",,N",,
"US1MEPN0058","44.9847","-68.8375","37.5","2021-10-14",,,"0.00",",,N","0.0",",,N",,
"US1MEPN0058","44.9847","-68.8375","37.5","2021-10-15",,,"0.00",",,N","0.0",",,N",,
"US1MEPN0058","44.9847","-68.8375","37.5","2021-10-16",,,"0.13",",,N",,,,
"US1MEPN0058","44.9847","-68.8375","37.5","2021-10-17",,,"0.82",",,N",,,,
"US1MEPN0058","44.9847","-68.8375","37.5","2021-10-18",,,"0.09",",,N",,,,
"US1MEPN0058","44.9847","-68.8375","37.5","2021-10-19",,,"0.00",",,N","0.0",",,N",,
"US1MEPN0058","44.9847","-68.8375","37.5","2021-10-20",,,"0.00","T,,N",,,,
"US1MEPN0058","44.9847","-68.8375","37.5","2021-10-21",,,"0.00",",,N","0.0",",,N",,
"US1MEPN0058","44.9847","-68.8375","37.5","2021-10-22",,,"0.01",",,N",,,,
"US1MEPN0058","44.9847","-68.8375","37.5","2021-10-23",,,"0.03",",,N",,,,
"US1MEPN0058","44.9847","-68.8375","37.5","2021-10-24",,,"0.00",",,N","0.0",",,N",,
"US1MEPN0058","44.9847","-68.8375","37.5","2021-10-25",,,"0.00",",,N","0.0",",,N",,
"US1MEPN0058","44.9847","-68.8375","37.5","2021-10-26",,,"0.07",",,N",,,,
"US1MEPN0058","44.9847","-68.8375","37.5","2021-10-27",,,"0.06",",,N",,,,
"US1MEPN0058","44.9847","-68.8375","37.5","2021-10-28",,,"0.00","T,,N",,,,
"US1MEPN0058","44.9847","-68.8375","37.5","2021-10-29",,,"0.00",",,N","0.0",",,N",,
"US1MEPN0058","44.9847","-68.8375","37.5","2021-10-30",,,"0.00",",,N","0.0",",,N",,
"US1MEPN0058","44.9847","-68.8375","37.5","2021-10-31",,,"2.58",",,N",,,,
"US1MEPN0058","44.9847","-68.8375","37.5","2021-11-01",,,"0.54",",,N",,,,
"US1MEPN0058","44.9847","-68.8375","37.5","2021-11-02",,,"0.00",",,N","0.0",",,N",,
"US1MEPN0058","44.9847","-68.8375","37.5","2021-11-03",,,"0.00",",,N","0.0",",,N",,
"US1MEPN0058","44.9847","-68.8375","37.5","2021-11-04",,,"0.00",",,N","0.0",",,N",,
"US1MEPN0058","44.9847","-68.8375","37.5","2021-11-05",,,"0.00",",,N","0.0",",,N",,
"US1MEPN0058","44.9847","-68.8375","37.5","2021-11-06",,,"0.00",",,N","0.0",",,N",,
"US1MEPN0058","44.9847","-68.8375","37.5","2021-11-09",,,"0.00",",,N","0.0",",,N",,
"US1MEPN0058","44.9847","-68.8375","37.5","2021-11-10",,,"0.02",",,N",,,,
"US1MEPN0058","44.9847","-68.8375","37.5","2021-11-11",,,"0.11",",,N",,,,
"US1MEPN0058","44.9847","-68.8375","37.5","2021-11-12",,,"0.00",",,N","0.0",",,N",,
"US1MEPN0058","44.9847","-68.8375","37.5","2021-11-13",,,"0.69",",,N",,,,
"US1MEPN0058","44.9847","-68.8375","37.5","2021-11-14",,,"0.12",",,N",,,,
"US1MEPN0058","44.9847","-68.8375","37.5","2021-11-15",,,"0.22",",,N",,,,
"US1MEPN0058","44.9847","-68.8375","37.5","2021-11-16",,,"0.05",",,N",,,,
"US1MEPN0058","44.9847","-68.8375","37.5","2021-11-17",,,"0.00",",,N","0.0",",,N",,
"US1MEPN0058","44.9847","-68.8375","37.5","2021-11-18",,,"0.24",",,N",,,,
"US1MEPN0058","44.9847","-68.8375","37.5","2021-11-19",,,"0.32",",,N",,,,
"US1MEPN0058","44.9847","-68.8375","37.5","2021-11-20",,,"0.01",",,N",,,,
"US1MEPN0058","44.9847","-68.8375","37.5","2021-11-21",,,"0.00",",,N","0.0",",,N",,
"US1MEPN0058","44.9847","-68.8375","37.5","2021-11-22",,,"0.72",",,N",,,,
"US1MEPN0058","44.9847","-68.8375","37.5","2021-11-23",,,"0.35",",,N",,,,
"US1MEPN0058","44.9847","-68.8375","37.5","2021-11-24",,,"0.00",",,N","0.0",",,N",,
"US1MEPN0058","44.9847","-68.8375","37.5","2021-11-25",,,"0.00",",,N","0.0",",,N",,
"US1MEPN0058","44.9847","-68.8375","37.5","2021-11-26",,,"0.00","T,,N",,,,
"US1MEPN0058","44.9847","-68.8375","37.5","2021-11-27",,,"0.36",",,N","0.0","T,,N",,
"US1MEPN0058","44.9847","-68.8375","37.5","2021-11-28",,,"0.00",",,N","0.0",",,N",,
"US1MEYK0033","43.1681","-70.5972","13.4","2021-08-01",,,"0.00",",,N","0.0",",,N",,
"US1MEYK0033","43.1681","-70.5972","13.4","2021-08-02",,,"0.00",",,N","0.0",",,N",,
"US1MEYK0033","43.1681","-70.5972","13.4","2021-08-03",,,"0.00","T,,N",,,,
"US1MEYK0033","43.1681","-70.5972","13.4","2021-08-04",,,"0.00",",,N","0.0",",,N",,
"US1MEYK0033","43.1681","-70.5972","13.4","2021-08-05",,,"0.02",",,N",,,,
"US1MEYK0033","43.1681","-70.5972","13.4","2021-08-06",,,"0.77",",,N",,,,
"US1MEYK0033","43.1681","-70.5972","13.4","2021-08-07",,,"0.00",",,N","0.0",",,N",,
"US1MEYK0033","43.1681","-70.5972","13.4","2021-08-08",,,"0.00",",,N","0.0",",,N",,
"US1MEYK0033","43.1681","-70.5972","13.4","2021-08-09",,,"0.00",",,N","0.0",",,N",,
"US1MEYK0033","43.1681","-70.5972","13.4","2021-08-10",,,"0.01",",,N",,,,
"US1MEYK0033","43.1681","-70.5972","13.4","2021-08-11",,,"0.00",",,N","0.0",",,N",,
"US1MEYK0033","43.1681","-70.5972","13.4","2021-08-12",,,"0.00","T,,N",,,,
"US1MEYK0033","43.1681","-70.5972","13.4","2021-08-13",,,"0.00","T,,N",,,,
"US1MEYK0033","43.1681","-70.5972","13.4","2021-08-14",,,"0.00",",,N","0.0",",,N",,
"US1MEYK0033","43.1681","-70.5972","13.4","2021-08-15",,,"0.00",",,N","0.0",",,N",,
"US1MEYK0033","43.1681","-70.5972","13.4","2021-08-16",,,"0.00",",,N","0.0",",,N",,
"US1MEYK0033","43.1681","-70.5972","13.4","2021-08-17",,,"0.00",",,N","0.0",",,N",,
"US1MEYK0033","43.1681","-70.5972","13.4","2021-08-18",,,"0.00",",,N","0.0",",,N",,
"US1MEYK0033","43.1681","-70.5972","13.4","2021-08-19",,,"0.02",",,N",,,,
"US1MEYK0033","43.1681","-70.5972","13.4","2021-08-20",,,"2.25",",,N",,,,
"US1MEYK0033","43.1681","-70.5972","13.4","2021-08-21",,,"0.04",",,N",,,,
"US1MEYK0033","43.1681","-70.5972","13.4","2021-08-22",,,"0.00",",,N","0.0",",,N",,
"US1MEYK0033","43.1681","-70.5972","13.4","2021-08-23",,,"0.74",",,N",,,,
"US1MEYK0033","43.1681","-70.5972","13.4","2021-08-24",,,"0.20",",,N",,,,
"US1MEYK0033","43.1681","-70.5972","13.4","2021-08-25",,,"0.11",",,N",,,,
"US1MEYK0033","43.1681","-70.5972","13.4","2021-08-26",,,"0.00",",,N","0.0",",,N",,
"US1MEYK0033","43.1681","-70.5972","13.4","2021-08-27",,,"0.00",",,N","0.0",",,N",,
"US1MEYK0033","43.1681","-70.5972","13.4","2021-08-28",,,"0.00",",,N","0.0",",,N",,
"US1MEYK0033","43.1681","-70.5972","13.4","2021-08-29",,,"0.00",",,N","0.0",",,N",,
"US1MEYK0033","43.1681","-70.5972","13.4","2021-08-30",,,"0.02",",,N",,,,
"US1MEYK0033","43.1681","-70.5972","13.4","2021-08-31",,,"0.00",",,N","0.0",",,N",,
"US1MEYK0033","43.1681","-70.5972","13.4","2021-09-01",,,"0.00",",,N","0.0",",,N",,
"US1MEYK0033","43.1681","-70.5972","13.4","2021-09-02",,,"0.35",",,N",,,,
"US1MEYK0033","43.1681","-70.5972","13.4","2021-09-03",,,"2.38",",,N",,,,
"US1MEYK0033","43.1681","-70.5972","13.4","2021-09-04",,,"0.05",",,N",,,,
"US1MEYK0033","43.1681","-70.5972","13.4","2021-09-05",,,"0.00",",,N","0.0",",,N",,
"US1MEYK0033","43.1681","-70.5972","13.4","2021-09-06",,,"0.06",",,N","0.0",",,N",,
"US1MEYK0033","43.1681","-70.5972","13.4","2021-09-07",,,"0.00","T,,N",,,,
"US1MEYK0033","43.1681","-70.5972","13.4","2021-09-08",,,"0.00",",,N","0.0",",,N",,
"US1MEYK0033","43.1681","-70.5972","13.4","2021-09-09",,,"0.00",",,N","0.0",",,N",,
"US1MEYK0033","43.1681","-70.5972","13.4","2021-09-10",,,"0.43",",,N",,,,
"US1MEYK0033","43.1681","-70.5972","13.4","2021-09-11",,,"0.25",",,N",,,,
"US1MEYK0033","43.1681","-70.5972","13.4","2021-09-12",,,"0.00",",,N","0.0",",,N",,
"US1MEYK0033","43.1681","-70.5972","13.4","2021-09-13",,,"0.00",",,N","0.0",",,N",,
"US1MEYK0033","43.1681","-70.5972","13.4","2021-09-14",,,"0.25",",,N",,,,
"US1MEYK0033","43.1681","-70.5972","13.4","2021-09-15",,,"0.00",",,N","0.0",",,N",,
"US1MEYK0033","43.1681","-70.5972","13.4","2021-09-16",,,"0.12",",,N",,,,
"US1MEYK0033","43.1681","-70.5972","13.4","2021-09-17",,,"0.07",",,N",,,,
"US1MEYK0033","43.1681","-70.5972","13.4","2021-09-18",,,"0.02",",,N",,,,
"US1MEYK0033","43.1681","-70.5972","13.4","2021-09-19",,,"0.35",",,N",,,,
"US1MEYK0033","43.1681","-70.5972","13.4","2021-09-20",,,"0.00",",,N","0.0",",,N",,
"US1MEYK0033","43.1681","-70.5972","13.4","2021-09-21",,,"0.00",",,N","0.0",",,N",,
"US1MEYK0033","43.1681","-70.5972","13.4","2021-09-22",,,"0.00",",,N","0.0",",,N",,
"US1MEYK0033","43.1681","-70.5972","13.4","2021-09-23",,,"0.02",",,N",,,,
"US1MEYK0033","43.1681","-70.5972","13.4","2021-09-24",,,"0.01",",,N",,,,
"US1MEYK0033","43.1681","-70.5972","13.4","2021-09-25",,,"0.06",",,N",,,,
"US1MEYK0033","43.1681","-70.5972","13.4","2021-09-26",,,"0.03",",,N",,,,
"US1MEYK0033","43.1681","-70.5972","13.4","2021-09-27",,,"0.74",",,N",,,,
"US1MEYK0033","43.1681","-70.5972","13.4","2021-09-28",,,"0.00","T,,N",,,,
"US1MEYK0033","43.1681","-70.5972","13.4","2021-09-29",,,"0.04",",,N",,,,
"US1MEYK0033","43.1681","-70.5972","13.4","2021-09-30",,,"0.00","T,,N",,,,
"US1MEYK0033","43.1681","-70.5972","13.4","2021-10-01",,,"0.06",",,N",,,,
"US1MEYK0033","43.1681","-70.5972","13.4","2021-10-02",,,"0.00",",,N","0.0",",,N",,
"US1MEYK0033","43.1681","-70.5972","13.4","2021-10-03",,,"0.00","T,,N",,,,
"US1MEYK0033","43.1681","-70.5972","13.4","2021-10-04",,,"0.02",",,N",,,,
"US1MEYK0033","43.1681","-70.5972","13.4","2021-10-05",,,"0.23",",,N",,,,
"US1MEYK0033","43.1681","-70.5972","13.4","2021-10-06",,,"0.19",",,N",,,,
"US1MEYK0033","43.1681","-70.5972","13.4","2021-10-07",,,"0.00",",,N","0.0",",,N",,
"US1MEYK0033","43.1681","-70.5972","13.4","2021-10-08",,,"0.00",",,N","0.0",",,N",,
"US1MEYK0033","43.1681","-70.5972","13.4","2021-10-09",,,"0.00",",,N","0.0",",,N",,
"US1MEYK0033","43.1681","-70.5972","13.4","2021-10-10",,,"0.00",",,N","0.0",",,N",,
"US1MEYK0033","43.1681","-70.5972","13.4","2021-10-11",,,"0.00",",,N","0.0",",,N",,
"US1MEYK0033","43.1681","-70.5972","13.4","2021-10-12",,,"0.00",",,N","0.0",",,N",,
"US1MEYK0033","43.1681","-70.5972","13.4","2021-10-13",,,"0.00",",,N","0.0",",,N",,
"US1MEYK0033","43.1681","-70.5972","13.4","2021-10-14",,,"0.00",",,N","0.0",",,N",,
"US1MEYK0033","43.1681","-70.5972","13.4","2021-10-15",,,"0.00",",,N","0.0",",,N",,
"US1MEYK0033","43.1681","-70.5972","13.4","2021-10-16",,,"0.00","T,,N","0.0",",,N",,
"US1MEYK0033","43.1681","-70.5972","13.4","2021-10-17",,,"0.16",",,N",,,,
"US1MEYK0033","43.1681","-70.5972","13.4","2021-10-18",,,"0.27",",,N","0.0",",,N",,
"US1MEYK0033","43.1681","-70.5972","13.4","2021-10-19",,,"0.00",",,N","0.0",",,N",,
"US1MEYK0033","43.1681","-70.5972","13.4","2021-10-20",,,"0.00",",,N","0.0",",,N",,
"US1MEYK0033","43.1681","-70.5972","13.4","2021-10-21",,,"0.00",",,N","0.0",",,N",,
"US1MEYK0033","43.1681","-70.5972","13.4","2021-10-22",,,"0.00",",,N","0.0",",,N",,
"US1MEYK0033","43.1681","-70.5972","13.4","2021-10-23",,,"0.00",",,N","0.0",",,N",,
"US1MEYK0033","43.1681","-70.5972","13.4","2021-10-24",,,"0.00",",,N","0.0",",,N",,
"US1MEYK0033","43.1681","-70.5972","13.4","2021-10-25",,,"0.00",",,N","0.0",",,N",,
"US1MEYK0032","43.331718","-70.718105","60.7","2021-08-01",,,"0.00",",,N","0.0",",,N",,
"US1MEYK0032","43.331718","-70.718105","60.7","2021-08-02",,,"0.03",",,N",,,,
"US1MEYK0032","43.331718","-70.718105","60.7","2021-08-03",,,"0.00",",,N","0.0",",,N",,
"US1MEYK0032","43.331718","-70.718105","60.7","2021-08-04",,,"0.00",",,N","0.0",",,N",,
"US1MEYK0032","43.331718","-70.718105","60.7","2021-08-05",,,"0.20",",,N",,,,
"US1MEYK0032","43.331718","-70.718105","60.7","2021-08-06",,,"0.28",",,N",,,,
"US1MEYK0032","43.331718","-70.718105","60.7","2021-08-07",,,"0.00",",,N","0.0",",,N",,
"US1MEYK0032","43.331718","-70.718105","60.7","2021-08-08",,,"0.00",",,N","0.0",",,N",,
"US1MEYK0032","43.331718","-70.718105","60.7","2021-08-09",,,"0.00",",,N","0.0",",,N",,
"US1MEYK0032","43.331718","-70.718105","60.7","2021-08-10",,,"0.00",",,N","0.0",",,N",,
"US1MEYK0032","43.331718","-70.718105","60.7","2021-08-11",,,"0.03",",,N",,,,
"US1MEYK0032","43.331718","-70.718105","60.7","2021-08-12",,,"0.06",",,N",,,,
"US1MEYK0032","43.331718","-70.718105","60.7","2021-08-13",,,"0.00",",,N","0.0",",,N",,
"US1MEYK0032","43.331718","-70.718105","60.7","2021-08-14",,,"0.00",",,N","0.0",",,N",,
"US1MEYK0032","43.331718","-70.718105","60.7","2021-08-15",,,"0.00",",,N","0.0",",,N",,
"US1MEYK0032","43.331718","-70.718105","60.7","2021-08-16",,,"0.00",",,N","0.0",",,N",,
"US1MEYK0032","43.331718","-70.718105","60.7","2021-08-17",,,"0.00",",,N","0.0",",,N",,
"US1MEYK0032","43.331718","-70.718105","60.7","2021-08-18",,,"0.01",",,N",,,,
"US1MEYK0032","43.331718","-70.718105","60.7","2021-08-19",,,"0.01",",,N",,,,
"US1MEYK0032","43.331718","-70.718105","60.7","2021-08-20",,,"1.30",",,N",,,,
"US1MEYK0032","43.331718","-70.718105","60.7","2021-08-21",,,"0.01",",,N",,,,
"US1MEYK0032","43.331718","-70.718105","60.7","2021-08-22",,,"0.00",",,N","0.0",",,N",,
"US1MEYK0032","43.331718","-70.718105","60.7","2021-08-23",,,"0.87",",,N",,,,
"US1MEYK0032","43.331718","-70.718105","60.7","2021-08-24",,,"2.28",",,N",,,,
"US1MEYK0032","43.331718","-70.718105","60.7","2021-08-25",,,"0.02",",,N",,,,
"US1MEYK0032","43.331718","-70.718105","60.7","2021-08-26",,,"0.00",",,N","0.0",",,N",,
"US1MEYK0032","43.331718","-70.718105","60.7","2021-08-27",,,"0.00",",,N","0.0",",,N",,
"US1MEYK0032","43.331718","-70.718105","60.7","2021-08-28",,,"0.00",",,N","0.0",",,N",,
"US1MEYK0032","43.331718","-70.718105","60.7","2021-08-29",,,"0.00",",,N","0.0",",,N",,
"US1MEYK0032","43.331718","-70.718105","60.7","2021-08-30",,,"0.00",",,N","0.0",",,N",,
"US1MEYK0032","43.331718","-70.718105","60.7","2021-08-31",,,"0.00",",,N","0.0",",,N",,
"US1MEYK0032","43.331718","-70.718105","60.7","2021-09-01",,,"0.00",",,N","0.0",",,N",,
"US1MEYK0032","43.331718","-70.718105","60.7","2021-09-02",,,"2.47",",,N",,,,
"US1MEYK0032","43.331718","-70.718105","60.7","2021-09-03",,,"0.02",",,N",,,,
"US1MEYK0032","43.331718","-70.718105","60.7","2021-09-04",,,"0.03",",,N",,,,
"US1MEYK0032","43.331718","-70.718105","60.7","2021-09-05",,,"0.00",",,N","0.0",",,N",,
"US1MEYK0032","43.331718","-70.718105","60.7","2021-09-06",,,"0.14",",,N",,,,
"US1MEYK0032","43.331718","-70.718105","60.7","2021-09-07",,,"0.03",",,N",,,,
"US1MEYK0032","43.331718","-70.718105","60.7","2021-09-08",,,"0.00",",,N","0.0",",,N",,
"US1MEYK0032","43.331718","-70.718105","60.7","2021-09-09",,,"0.17",",,N",,,,
"US1MEYK0032","43.331718","-70.718105","60.7","2021-09-10",,,"0.90",",,N",,,,
"US1MEYK0032","43.331718","-70.718105","60.7","2021-09-11",,,"0.02",",,N",,,,
"US1MEYK0032","43.331718","-70.718105","60.7","2021-09-12",,,"0.00",",,N","0.0",",,N",,
"US1MEYK0032","43.331718","-70.718105","60.7","2021-09-13",,,"0.17",",,N",,,,
"US1MEYK0032","43.331718","-70.718105","60.7","2021-09-14",,,"0.00",",,N","0.0",",,N",,
"US1MEYK0032","43.331718","-70.718105","60.7","2021-09-15",,,"0.00",",,N","0.0",",,N",,
"US1MEYK0032","43.331718","-70.718105","60.7","2021-09-17",,,,,,,,
"US1MEYK0032","43.331718","-70.718105","60.7","2021-09-18",,,"0.02",",,N",,,,
"US1MEYK0032","43.331718","-70.718105","60.7","2021-09-19",,,"0.05",",,N",,,,
"US1MEYK0032","43.331718","-70.718105","60.7","2021-09-20",,,"0.00",",,N","0.0",",,N",,
"US1MEYK0032","43.331718","-70.718105","60.7","2021-09-21",,,"0.00",",,N","0.0",",,N",,
"US1MEYK0032","43.331718","-70.718105","60.7","2021-09-22",,,"0.02",",,N",,,,
"US1MEYK0032","43.331718","-70.718105","60.7","2021-09-23",,,"0.00",",,N","0.0",",,N",,
"US1MEYK0032","43.331718","-70.718105","60.7","2021-09-24",,,"0.02",",,N",,,,
"US1MEYK0032","43.331718","-70.718105","60.7","2021-09-25",,,"0.11",",,N",,,,
"US1MEYK0032","43.331718","-70.718105","60.7","2021-09-26",,,"0.30",",,N",,,,
"US1MEYK0032","43.331718","-70.718105","60.7","2021-09-27",,,"0.03",",,N",,,,
"US1MEYK0032","43.331718","-70.718105","60.7","2021-09-28",,,"0.04",",,N",,,,
"US1MEYK0032","43.331718","-70.718105","60.7","2021-09-29",,,"0.02",",,N",,,,
"US1MEYK0032","43.331718","-70.718105","60.7","2021-09-30",,,"0.00",",,N","0.0",",,N",,
"US1MEYK0032","43.331718","-70.718105","60.7","2021-10-01",,,"0.23",",,N",,,,
"US1MEYK0032","43.331718","-70.718105","60.7","2021-10-02",,,"0.02",",,N",,,,
"US1MEYK0032","43.331718","-70.718105","60.7","2021-10-03",,,"0.03",",,N",,,,
"US1MEYK0032","43.331718","-70.718105","60.7","2021-10-04",,,"0.04",",,N",,,,
"US1MEYK0032","43.331718","-70.718105","60.7","2021-10-05",,,"0.23",",,N",,,,
"US1MEYK0032","43.331718","-70.718105","60.7","2021-10-06",,,"0.02",",,N","0.0",",,N",,
"US1MEYK0032","43.331718","-70.718105","60.7","2021-10-07",,,"0.00",",,N","0.0",",,N",,
"US1MEYK0032","43.331718","-70.718105","60.7","2021-10-08",,,"0.00",",,N","0.0",",,N",,
"US1MEYK0032","43.331718","-70.718105","60.7","2021-10-09",,,"0.00",",,N","0.0",",,N",,
"US1MEYK0032","43.331718","-70.718105","60.7","2021-10-10",,,"0.00",",,N","0.0",",,N",,
"US1MEYK0032","43.331718","-70.718105","60.7","2021-10-11",,,"0.00",",,N","0.0",",,N",,
"US1MEYK0032","43.331718","-70.718105","60.7","2021-10-12",,,"0.00",",,N","0.0",",,N",,
"US1MEYK0032","43.331718","-70.718105","60.7","2021-10-13",,,"0.00",",,N","0.0",",,N",,
"US1MEYK0032","43.331718","-70.718105","60.7","2021-10-14",,,"0.00",",,N","0.0",",,N",,
"US1MEYK0032","43.331718","-70.718105","60.7","2021-10-15",,,"0.00",",,N","0.0",",,N",,
"US1MEYK0032","43.331718","-70.718105","60.7","2021-10-16",,,"0.04",",,N",,,,
"US1MEYK0032","43.331718","-70.718105","60.7","2021-10-17",,,"0.30",",,N",,,,
"US1MEYK0032","43.331718","-70.718105","60.7","2021-10-18",,,"0.00",",,N","0.0",",,N",,
"US1MEYK0032","43.331718","-70.718105","60.7","2021-10-19",,,"0.01",",,N",,,,
"US1MEYK0032","43.331718","-70.718105","60.7","2021-10-20",,,"0.00",",,N","0.0",",,N",,
"US1MEYK0032","43.331718","-70.718105","60.7","2021-10-21",,,"0.00",",,N","0.0",",,N",,
"US1MEYK0032","43.331718","-70.718105","60.7","2021-10-22",,,"0.03",",,N",,,,
"US1MEYK0032","43.331718","-70.718105","60.7","2021-10-23",,,"0.00",",,N","0.0",",,N",,
"US1MEYK0032","43.331718","-70.718105","60.7","2021-10-24",,,"0.00",",,N","0.0",",,N",,
"US1MEYK0032","43.331718","-70.718105","60.7","2021-10-25",,,"0.07",",,N",,,,
"US1MEYK0032","43.331718","-70.718105","60.7","2021-10-26",,,"0.34",",,N",,,,
"US1MEYK0032","43.331718","-70.718105","60.7","2021-10-27",,,"1.12",",,N",,,,
"US1MEYK0032","43.331718","-70.718105","60.7","2021-10-28",,,"0.41",",,N",,,,
"US1MEYK0032","43.331718","-70.718105","60.7","2021-10-29",,,"0.02",",,N",,,,
"US1MEYK0032","43.331718","-70.718105","60.7","2021-10-30",,,"0.08",",,N",,,,
"US1MEYK0032","43.331718","-70.718105","60.7","2021-10-31",,,"4.36",",,N",,,,
"US1MEYK0032","43.331718","-70.718105","60.7","2021-11-01",,,"0.02",",,N",,,,
"US1MEYK0032","43.331718","-70.718105","60.7","2021-11-02",,,"0.00",",,N","0.0",",,N",,
"US1MEYK0032","43.331718","-70.718105","60.7","2021-11-03",,,"0.01",",,N",,,,
"US1MEYK0032","43.331718","-70.718105","60.7","2021-11-04",,,"0.00",",,N","0.0",",,N",,
"US1MEYK0032","43.331718","-70.718105","60.7","2021-11-05",,,"0.00",",,N","0.0",",,N",,
"US1MEYK0032","43.331718","-70.718105","60.7","2021-11-06",,,"0.00",",,N","0.0",",,N",,
"US1MEYK0032","43.331718","-70.718105","60.7","2021-11-07",,,"0.00",",,N","0.0",",,N",,
"US1MEYK0032","43.331718","-70.718105","60.7","2021-11-08",,,"0.00",",,N","0.0",",,N",,
"US1MEYK0032","43.331718","-70.718105","60.7","2021-11-09",,,"0.00",",,N","0.0",",,N",,
"US1MEYK0032","43.331718","-70.718105","60.7","2021-11-10",,,"0.03",",,N",,,,
"US1MEYK0032","43.331718","-70.718105","60.7","2021-11-11",,,"0.05",",,N",,,,
"US1MEYK0032","43.331718","-70.718105","60.7","2021-11-12",,,"0.00",",,N","0.0",",,N",,
"US1MEYK0032","43.331718","-70.718105","60.7","2021-11-13",,,"1.55",",,N",,,,
"US1MEYK0032","43.331718","-70.718105","60.7","2021-11-14",,,"0.31",",,N",,,,
"US1MEYK0032","43.331718","-70.718105","60.7","2021-11-15",,,"0.13",",,N",,,,
"US1MEYK0032","43.331718","-70.718105","60.7","2021-11-16",,,"0.00","T,,N",,,,
"US1MEYK0032","43.331718","-70.718105","60.7","2021-11-17",,,"0.00",",,N","0.0",",,N",,
"US1MEYK0032","43.331718","-70.718105","60.7","2021-11-18",,,"0.00",",,N","0.0",",,N",,
"US1MEYK0032","43.331718","-70.718105","60.7","2021-11-19",,,"0.16",",,N",,,,
"US1MEYK0032","43.331718","-70.718105","60.7","2021-11-20",,,"0.00",",,N","0.0",",,N",,
"US1MEYK0032","43.331718","-70.718105","60.7","2021-11-21",,,"0.00",",,N","0.0",",,N",,
"US1MEYK0032","43.331718","-70.718105","60.7","2021-11-22",,,"0.37",",,N",,,,
"US1MEYK0032","43.331718","-70.718105","60.7","2021-11-23",,,"0.07",",,N",,,,
"US1MEYK0032","43.331718","-70.718105","60.7","2021-11-24",,,"0.00",",,N","0.0",",,N",,
"US1MEYK0032","43.331718","-70.718105","60.7","2021-11-25",,,"0.00",",,N","0.0",",,N",,
"US1MEYK0032","43.331718","-70.718105","60.7","2021-11-26",,,"0.00",",,N","0.0",",,N",,
"US1MEYK0032","43.331718","-70.718105","60.7","2021-11-27",,,"0.33",",,N",,,,
"US1MEYK0032","43.331718","-70.718105","60.7","2021-11-28",,,"0.00",",,N","0.0",",,N",,
"US1LAWC0001","32.737728","-91.439327","31.1","2021-08-01",,,"0.00",",,N","0.0",",,N",,
"US1LAWC0001","32.737728","-91.439327","31.1","2021-08-02",,,"1.55",",,N","0.0",",,N",,
"US1LAWC0001","32.737728","-91.439327","31.1","2021-08-03",,,"0.78",",,N",,,,
"US1LAWC0001","32.737728","-91.439327","31.1","2021-08-04",,,"0.00",",,N","0.0",",,N",,
"US1LAWC0001","32.737728","-91.439327","31.1","2021-08-05",,,"0.00",",,N","0.0",",,N",,
"US1LAWC0001","32.737728","-91.439327","31.1","2021-08-06",,,"0.02",",,N",,,,
"US1LAWC0001","32.737728","-91.439327","31.1","2021-08-07",,,"0.00",",,N","0.0",",,N",,
"US1LAWC0001","32.737728","-91.439327","31.1","2021-08-08",,,"0.00",",,N","0.0",",,N",,
"US1LAWC0001","32.737728","-91.439327","31.1","2021-08-09",,,"0.00",",,N","0.0",",,N",,
"US1LAWC0001","32.737728","-91.439327","31.1","2021-08-10",,,"0.00",",,N","0.0",",,N",,
"US1LAWC0001","32.737728","-91.439327","31.1","2021-08-11",,,"0.00",",,N","0.0",",,N",,
"US1LAWC0001","32.737728","-91.439327","31.1","2021-08-12",,,"0.00",",,N","0.0",",,N",,
"US1LAWC0001","32.737728","-91.439327","31.1","2021-08-13",,,"0.00",",,N","0.0",",,N",,
"US1LAWC0001","32.737728","-91.439327","31.1","2021-08-14",,,"0.00",",,N","0.0",",,N",,
"US1LAWC0001","32.737728","-91.439327","31.1","2021-08-15",,,"0.08",",,N",,,,
"US1LAWC0001","32.737728","-91.439327","31.1","2021-08-16",,,"0.28",",,N",,,,
"US1LAWC0001","32.737728","-91.439327","31.1","2021-08-17",,,"0.00",",,N","0.0",",,N",,
"US1LAWC0001","32.737728","-91.439327","31.1","2021-08-18",,,"0.73",",,N",,,,
"US1LAWC0001","32.737728","-91.439327","31.1","2021-08-19",,,"0.60",",,N",,,,
"US1LAWC0001","32.737728","-91.439327","31.1","2021-08-20",,,"0.39",",,N",,,,
"US1LAWC0001","32.737728","-91.439327","31.1","2021-08-21",,,"0.00",",,N","0.0",",,N",,
"US1LAWC0001","32.737728","-91.439327","31.1","2021-08-22",,,"0.00",",,N","0.0",",,N",,
"US1LAWC0001","32.737728","-91.439327","31.1","2021-08-23",,,"0.05",",,N",,,,
"US1LAWC0001","32.737728","-91.439327","31.1","2021-08-24",,,"0.00",",,N","0.0",",,N",,
"US1LAWC0001","32.737728","-91.439327","31.1","2021-08-25",,,"0.00",",,N","0.0",",,N",,
"US1LAWC0001","32.737728","-91.439327","31.1","2021-08-26",,,"0.00",",,N","0.0",",,N",,
"US1LAWC0001","32.737728","-91.439327","31.1","2021-08-27",,,"0.00",",,N","0.0",",,N",,
"US1LAWC0001","32.737728","-91.439327","31.1","2021-08-28",,,"0.00",",,N","0.0",",,N",,
"US1LAWC0001","32.737728","-91.439327","31.1","2021-08-29",,,"0.00",",,N","0.0",",,N",,
"US1LAWC0001","32.737728","-91.439327","31.1","2021-08-30",,,"0.06",",,N",,,,
"US1LAWC0001","32.737728","-91.439327","31.1","2021-08-31",,,"0.69",",,N",,,,
"US1LAWC0001","32.737728","-91.439327","31.1","2021-09-01",,,"0.00",",,N","0.0",",,N",,
"US1LAWC0001","32.737728","-91.439327","31.1","2021-09-02",,,"0.00",",,N","0.0",",,N",,
"US1LAWC0001","32.737728","-91.439327","31.1","2021-09-03",,,"0.00",",,N","0.0",",,N",,
"US1LAWC0001","32.737728","-91.439327","31.1","2021-09-04",,,"0.00",",,N","0.0",",,N",,
"US1LAWC0001","32.737728","-91.439327","31.1","2021-09-05",,,"0.00",",,N","0.0",",,N",,
"US1LAWC0001","32.737728","-91.439327","31.1","2021-09-06",,,"0.25",",,N",,,,
"US1LAWC0001","32.737728","-91.439327","31.1","2021-09-07",,,"0.00",",,N","0.0",",,N",,
"US1LAWC0001","32.737728","-91.439327","31.1","2021-09-08",,,"0.00",",,N","0.0",",,N",,
"US1LAWC0001","32.737728","-91.439327","31.1","2021-09-09",,,"0.00",",,N","0.0",",,N",,
"US1LAWC0001","32.737728","-91.439327","31.1","2021-09-10",,,"0.00",",,N","0.0",",,N",,
"US1LAWC0001","32.737728","-91.439327","31.1","2021-09-11",,,"0.00",",,N","0.0",",,N",,
"US1LAWC0001","32.737728","-91.439327","31.1","2021-09-12",,,"0.00",",,N","0.0",",,N",,
"US1LAWC0001","32.737728","-91.439327","31.1","2021-09-13",,,"0.00",",,N","0.0",",,N",,
"US1LAWC0001","32.737728","-91.439327","31.1","2021-09-14",,,"0.00",",,N","0.0",",,N",,
"US1LAWC0001","32.737728","-91.439327","31.1","2021-09-15",,,"0.17",",,N",,,,
"US1LAWC0001","32.737728","-91.439327","31.1","2021-09-16",,,"0.00",",,N","0.0",",,N",,
"US1LAWC0001","32.737728","-91.439327","31.1","2021-09-17",,,"0.00",",,N","0.0",",,N",,
"US1LAWC0001","32.737728","-91.439327","31.1","2021-09-18",,,"0.03",",,N",,,,
"US1LAWC0001","32.737728","-91.439327","31.1","2021-09-19",,,"1.11",",,N",,,,
"US1LAWC0001","32.737728","-91.439327","31.1","2021-09-20",,,"0.54",",,N",,,,
"US1LAWC0001","32.737728","-91.439327","31.1","2021-09-21",,,"0.49",",,N",,,,
"US1LAWC0001","32.737728","-91.439327","31.1","2021-09-22",,,"1.16",",,N",,,,
"US1LAWC0001","32.737728","-91.439327","31.1","2021-09-23",,,"0.00",",,N","0.0",",,N",,
"US1LAWC0001","32.737728","-91.439327","31.1","2021-09-24",,,"0.00",",,N","0.0",",,N",,
"US1LAWC0001","32.737728","-91.439327","31.1","2021-09-25",,,"0.00",",,N","0.0",",,N",,
"US1LAWC0001","32.737728","-91.439327","31.1","2021-09-26",,,"0.00",",,N","0.0",",,N",,
"US1LAWC0001","32.737728","-91.439327","31.1","2021-09-27",,,"0.00",",,N","0.0",",,N",,
"US1LAWC0001","32.737728","-91.439327","31.1","2021-09-28",,,"0.00",",,N","0.0",",,N",,
"US1LAWC0001","32.737728","-91.439327","31.1","2021-09-29",,,"0.00",",,N","0.0",",,N",,
"US1LAWC0001","32.737728","-91.439327","31.1","2021-09-30",,,"0.03",",,N",,,,
"US1LAWC0001","32.737728","-91.439327","31.1","2021-10-01",,,"0.00",",,N","0.0",",,N",,
"US1LAWC0001","32.737728","-91.439327","31.1","2021-10-02",,,"0.08",",,N",,,,
"US1LAWC0001","32.737728","-91.439327","31.1","2021-10-03",,,"0.71",",,N",,,,
"US1LAWC0001","32.737728","-91.439327","31.1","2021-10-04",,,"0.00",",,N","0.0",",,N",,
"US1LAWC0001","32.737728","-91.439327","31.1","2021-10-05",,,"0.00",",,N","0.0",",,N",,
"US1LAWC0001","32.737728","-91.439327","31.1","2021-10-06",,,"0.00",",,N","0.0",",,N",,
"US1LAWC0001","32.737728","-91.439327","31.1","2021-10-07",,,"0.00",",,N","0.0",",,N",,
"US1LAWC0001","32.737728","-91.439327","31.1","2021-10-08",,,"0.00",",,N","0.0",",,N",,
"US1LAWC0001","32.737728","-91.439327","31.1","2021-10-09",,,"0.00",",,N","0.0",",,N",,
"US1LAWC0001","32.737728","-91.439327","31.1","2021-10-10",,,"0.00",",,N","0.0",",,N",,
"US1LAWC0001","32.737728","-91.439327","31.1","2021-10-11",,,"0.00",",,N","0.0",",,N",,
"US1LAWC0001","32.737728","-91.439327","31.1","2021-10-12",,,"0.00",",,N","0.0",",,N",,
"US1LAWC0001","32.737728","-91.439327","31.1","2021-10-13",,,"0.00","T,,N",,,,
"US1LAWC0001","32.737728","-91.439327","31.1","2021-10-14",,,"0.00",",,N","0.0",",,N",,
"US1LAWC0001","32.737728","-91.439327","31.1","2021-10-15",,,"0.00",",,N","0.0",",,N",,
"US1LAWC0001","32.737728","-91.439327","31.1","2021-10-16",,,"0.14",",,N",,,,
"US1LAWC0001","32.737728","-91.439327","31.1","2021-10-17",,,"0.00",",,N","0.0",",,N",,
"US1LAWC0001","32.737728","-91.439327","31.1","2021-10-18",,,"0.00",",,N","0.0",",,N",,
"US1LAWC0001","32.737728","-91.439327","31.1","2021-10-19",,,"0.00",",,N","0.0",",,N",,
"US1LAWC0001","32.737728","-91.439327","31.1","2021-10-20",,,"0.00",",,N","0.0",",,N",,
"US1LAWC0001","32.737728","-91.439327","31.1","2021-10-21",,,"0.00","T,,N",,,,
"US1LAWC0001","32.737728","-91.439327","31.1","2021-10-22",,,"0.00",",,N","0.0",",,N",,
"US1LAWC0001","32.737728","-91.439327","31.1","2021-10-23",,,"0.00",",,N","0.0",",,N",,
"US1LAWC0001","32.737728","-91.439327","31.1","2021-10-24",,,"0.00",",,N","0.0",",,N",,
"US1LAWC0001","32.737728","-91.439327","31.1","2021-10-25",,,"0.00",",,N","0.0",",,N",,
"US1LAWC0001","32.737728","-91.439327","31.1","2021-10-26",,,"0.00",",,N","0.0",",,N",,
"US1LAWC0001","32.737728","-91.439327","31.1","2021-10-27",,,"0.00",",,N","0.0",",,N",,
"US1LAWC0001","32.737728","-91.439327","31.1","2021-10-28",,,"0.86",",,N",,,,
"US1LAWC0001","32.737728","-91.439327","31.1","2021-10-29",,,"0.06",",,N",,,,
"US1LAWC0001","32.737728","-91.439327","31.1","2021-10-30",,,"0.00",",,N","0.0",",,N",,
"US1LAWC0001","32.737728","-91.439327","31.1","2021-10-31",,,"0.00",",,N","0.0",",,N",,
"US1LAWC0001","32.737728","-91.439327","31.1","2021-11-01",,,"0.00",",,N","0.0",",,N",,
"US1LAWC0001","32.737728","-91.439327","31.1","2021-11-02",,,"0.00",",,N","0.0",",,N",,
"US1LAWC0001","32.737728","-91.439327","31.1","2021-11-03",,,"0.05",",,N",,,,
"US1LAWC0001","32.737728","-91.439327","31.1","2021-11-04",,,"0.10",",,N",,,,
"US1LAWC0001","32.737728","-91.439327","31.1","2021-11-05",,,"0.00",",,N","0.0",",,N",,
"US1LAWC0001","32.737728","-91.439327","31.1","2021-11-06",,,"0.00",",,N","0.0",",,N",,
"US1LAWC0001","32.737728","-91.439327","31.1","2021-11-07",,,"0.00",",,N","0.0",",,N",,
"US1LAWC0001","32.737728","-91.439327","31.1","2021-11-08",,,"0.00",",,N","0.0",",,N",,
"US1LAWC0001","32.737728","-91.439327","31.1","2021-11-09",,,"0.00",",,N","0.0",",,N",,
"US1LAWC0001","32.737728","-91.439327","31.1","2021-11-10",,,"0.00",",,N","0.0",",,N",,
"US1LAWC0001","32.737728","-91.439327","31.1","2021-11-11",,,"0.52",",,N",,,,
"US1LAWC0001","32.737728","-91.439327","31.1","2021-11-12",,,"0.02",",,N",,,,
"US1LAWC0001","32.737728","-91.439327","31.1","2021-11-13",,,"0.00",",,N","0.0",",,N",,
"US1LAWC0001","32.737728","-91.439327","31.1","2021-11-14",,,"0.00",",,N","0.0",",,N",,
"US1LAWC0001","32.737728","-91.439327","31.1","2021-11-15",,,"0.00",",,N","0.0",",,N",,
"US1LAWC0001","32.737728","-91.439327","31.1","2021-11-16",,,"0.00",",,N","0.0",",,N",,
"US1LAWC0001","32.737728","-91.439327","31.1","2021-11-17",,,"0.00",",,N","0.0",",,N",,
"US1LAWC0001","32.737728","-91.439327","31.1","2021-11-18",,,"0.18",",,N",,,,
"US1LAWC0001","32.737728","-91.439327","31.1","2021-11-19",,,"0.04",",,N",,,,
"US1LAWC0001","32.737728","-91.439327","31.1","2021-11-20",,,"0.00",",,N","0.0",",,N",,
"US1LAWC0001","32.737728","-91.439327","31.1","2021-11-21",,,"0.00",",,N","0.0",",,N",,
"US1LAWC0001","32.737728","-91.439327","31.1","2021-11-22",,,"0.63",",,N",,,,
"US1LAWC0001","32.737728","-91.439327","31.1","2021-11-23",,,"0.00",",,N","0.0",",,N",,
"US1LAWC0001","32.737728","-91.439327","31.1","2021-11-24",,,"0.00",",,N","0.0",",,N",,
"US1LAWC0001","32.737728","-91.439327","31.1","2021-11-25",,,"0.00",",,N","0.0",",,N",,
"US1LAWC0001","32.737728","-91.439327","31.1","2021-11-26",,,"0.17",",,N",,,,
"US1LAWC0001","32.737728","-91.439327","31.1","2021-11-27",,,"0.00",",,N","0.0",",,N",,
"US1LAWC0001","32.737728","-91.439327","31.1","2021-11-28",,,"0.15",",,N",,,,
"USW00003996","32.35","-91.02778","26.2","2021-08-01","1.79",",,W","1.83",",,W,2400",,,,
"USW00003996","32.35","-91.02778","26.2","2021-08-02","2.24",",,W","0.81",",,W,2400",,,,
"USW00003996","32.35","-91.02778","26.2","2021-08-03","6.26",",,W","0.00","T,,W,2400",,,,
"USW00003996","32.35","-91.02778","26.2","2021-08-04","6.04",",,W","0.00",",,W,2400",,,,
"USW00003996","32.35","-91.02778","26.2","2021-08-05","3.58",",,W","0.00",",,W,2400",,,,
"USW00003996","32.35","-91.02778","26.2","2021-08-06","1.57",",,W","0.01",",,W,2400",,,,
"USW00003996","32.35","-91.02778","26.2","2021-08-07","1.12",",,W","0.00",",,W,2400",,,,
"USW00003996","32.35","-91.02778","26.2","2021-08-08","3.13",",,W","0.00",",,W,2400",,,,
"USW00003996","32.35","-91.02778","26.2","2021-08-09","3.80",",,W","0.00",",,W,2400",,,,
"USW00003996","32.35","-91.02778","26.2","2021-08-10","3.13",",,W","0.00",",,W,2400",,,,
"USW00003996","32.35","-91.02778","26.2","2021-08-11","2.68",",,W","0.00",",,W,2400",,,,
"USW00003996","32.35","-91.02778","26.2","2021-08-12","3.13",",,W","0.00",",,W,2400",,,,
"USW00003996","32.35","-91.02778","26.2","2021-08-13","1.34",",,W","0.00",",,W,2400",,,,
"USW00003996","32.35","-91.02778","26.2","2021-08-14","2.68",",,W","0.00","T,,W,2400",,,,
"USW00003996","32.35","-91.02778","26.2","2021-08-15","4.03",",,W","0.00","T,,W,2400",,,,
"USW00003996","32.35","-91.02778","26.2","2021-08-16","2.46",",,W","0.00",",,W,2400",,,,
"USW00003996","32.35","-91.02778","26.2","2021-08-17","2.46",",,W","0.00","T,,W,2400",,,,
"USW00003996","32.35","-91.02778","26.2","2021-08-18","3.13",",,W","0.07",",,W,2400",,,,
"USW00003996","32.35","-91.02778","26.2","2021-08-19","2.91",",,W","0.50",",,W,2400",,,,
"USW00003996","32.35","-91.02778","26.2","2021-08-20","3.80",",,W","0.00","T,,W,2400",,,,
"USW00003996","32.35","-91.02778","26.2","2021-08-21","1.12",",,W","0.00",",,W,2400",,,,
"USW00003996","32.35","-91.02778","26.2","2021-08-22","1.12",",,W","0.12",",,W,2400",,,,
"USW00003996","32.35","-91.02778","26.2","2021-08-23","1.79",",,W","0.00",",,W,2400",,,,
"USW00003996","32.35","-91.02778","26.2","2021-08-24","2.46",",,W","0.09",",,W,2400",,,,
"USW00003996","32.35","-91.02778","26.2","2021-08-25","3.58",",,W","0.00",",,W,2400",,,,
"USW00003996","32.35","-91.02778","26.2","2021-08-26","4.47",",,W","0.00",",,W,2400",,,,
"USW00003996","32.35","-91.02778","26.2","2021-08-27","6.04",",,W","0.25",",,W,2400",,,,
"USW00003996","32.35","-91.02778","26.2","2021-08-28","6.26",",,W","0.00",",,W,2400",,,,
"USW00003996","32.35","-91.02778","26.2","2021-08-29","10.51",",,W","0.22",",,W,2400",,,,
"USW00003996","32.35","-91.02778","26.2","2021-08-30","12.97",",,W","0.16",",,W,2400",,,,
"USW00003996","32.35","-91.02778","26.2","2021-08-31","3.36",",,W","0.00",",,W,2400",,,,
"USW00003996","32.35","-91.02778","26.2","2021-09-01","1.79",",,W","1.25",",,W,2400",,,,
"USW00003996","32.35","-91.02778","26.2","2021-09-02","2.46",",,W","0.00",",,W,2400",,,,
"USW00003996","32.35","-91.02778","26.2","2021-09-03","1.79",",,W","0.00",",,W,2400",,,,
"USW00003996","32.35","-91.02778","26.2","2021-09-04","2.68",",,W","0.00",",,W,2400",,,,
"USW00003996","32.35","-91.02778","26.2","2021-09-05","3.58",",,W","1.21",",,W,2400",,,,
"USW00003996","32.35","-91.02778","26.2","2021-09-06","6.26",",,W","0.00",",,W,2400",,,,
"USW00003996","32.35","-91.02778","26.2","2021-09-07","2.46",",,W","0.00",",,W,2400",,,,
"USW00003996","32.35","-91.02778","26.2","2021-09-08","3.80",",,W","0.00",",,W,2400",,,,
"USW00003996","32.35","-91.02778","26.2","2021-09-09","4.25",",,W","0.00",",,W,2400",,,,
"USW00003996","32.35","-91.02778","26.2","2021-09-10","2.68",",,W","0.00",",,W,2400",,,,
"USW00003996","32.35","-91.02778","26.2","2021-09-11","3.13",",,W","0.00",",,W,2400",,,,
"USW00003996","32.35","-91.02778","26.2","2021-09-12","6.26",",,W","0.00",",,W,2400",,,,
"USW00003996","32.35","-91.02778","26.2","2021-09-13","4.92",",,W","0.00","T,,W,2400",,,,
"USW00003996","32.35","-91.02778","26.2","2021-09-14","7.16",",,W","0.39",",,W,2400",,,,
"USW00003996","32.35","-91.02778","26.2","2021-09-15","10.07",",,W","0.01",",,W,2400",,,,
"USW00003996","32.35","-91.02778","26.2","2021-09-16","6.71",",,W","0.00","T,,W,2400",,,,
"USW00003996","32.35","-91.02778","26.2","2021-09-17","5.59",",,W","0.02",",,W,2400",,,,
"USW00003996","32.35","-91.02778","26.2","2021-09-18","3.36",",,W","0.15",",,W,2400",,,,
"USW00003996","32.35","-91.02778","26.2","2021-09-19","4.70",",,W","0.76",",,W,2400",,,,
"USW00003996","32.35","-91.02778","26.2","2021-09-20","2.01",",,W","0.29",",,W,2400",,,,
"USW00003996","32.35","-91.02778","26.2","2021-09-21","2.68",",,W","0.12",",,W,2400",,,,
"USW00003996","32.35","-91.02778","26.2","2021-09-22","8.05",",,W","0.02",",,W,2400",,,,
"USW00003996","32.35","-91.02778","26.2","2021-09-23","2.46",",,W","0.00",",,W,2400",,,,
"USW00003996","32.35","-91.02778","26.2","2021-09-24","1.34",",,W","0.00",",,W,2400",,,,
"USW00003996","32.35","-91.02778","26.2","2021-09-25","1.57",",,W","0.00",",,W,2400",,,,
"USW00003996","32.35","-91.02778","26.2","2021-09-26","1.79",",,W","0.00",",,W,2400",,,,
"USW00003996","32.35","-91.02778","26.2","2021-09-27","2.68",",,W","0.00",",,W,2400",,,,
"USW00003996","32.35","-91.02778","26.2","2021-09-28","2.91",",,W","0.00","T,,W,2400",,,,
"USW00003996","32.35","-91.02778","26.2","2021-09-29","5.82",",,W","0.05",",,W,2400",,,,
"USW00003996","32.35","-91.02778","26.2","2021-09-30","6.04",",,W","0.17",",,W,2400",,,,
"USW00003996","32.35","-91.02778","26.2","2021-10-01","3.36",",,W","0.14",",,W,2400","0.0",",,W",,
"USW00003996","32.35","-91.02778","26.2","2021-10-02","2.91",",,W","0.14",",,W,2400","0.0",",,W",,
"USW00003996","32.35","-91.02778","26.2","2021-10-03","1.34",",,W","0.00",",,W,2400","0.0",",,W",,
"USW00003996","32.35","-91.02778","26.2","2021-10-04","3.36",",,W","0.00",",,W,2400","0.0",",,W",,
"USW00003996","32.35","-91.02778","26.2","2021-10-05","4.70",",,W","0.00",",,W,2400","0.0",",,W",,
"USW00003996","32.35","-91.02778","26.2","2021-10-06","2.68",",,W","0.00",",,W,2400","0.0",",,W",,
"USW00003996","32.35","-91.02778","26.2","2021-10-07","1.57",",,W","0.00",",,W,2400","0.0",",,W",,
"USW00003996","32.35","-91.02778","26.2","2021-10-08","1.34",",,W","0.00",",,W,2400","0.0",",,W",,
"USW00003996","32.35","-91.02778","26.2","2021-10-09","2.01",",,W","0.00",",,W,2400","0.0",",,W",,
"USW00003996","32.35","-91.02778","26.2","2021-10-10","7.61",",,W","0.00",",,W,2400","0.0",",,W",,
"USW00003996","32.35","-91.02778","26.2","2021-10-11","5.82",",,W","0.00","T,,W,2400","0.0",",,W",,
"USW00003996","32.35","-91.02778","26.2","2021-10-12","3.58",",,W","0.00","T,,W,2400","0.0",",,W",,
"USW00003996","32.35","-91.02778","26.2","2021-10-13","6.26",",,W","0.00",",,W,2400","0.0",",,W",,
"USW00003996","32.35","-91.02778","26.2","2021-10-14","5.14",",,W","0.00",",,W,2400","0.0",",,W",,
"USW00003996","32.35","-91.02778","26.2","2021-10-15","5.14",",,W","0.08",",,W,2400","0.0",",,W",,
"USW00003996","32.35","-91.02778","26.2","2021-10-16","9.17",",,W","0.00",",,W,2400","0.0",",,W",,
"USW00003996","32.35","-91.02778","26.2","2021-10-17","2.68",",,W","0.00",",,W,2400","0.0",",,W",,
"USW00003996","32.35","-91.02778","26.2","2021-10-18","2.91",",,W","0.00",",,W,2400","0.0",",,W",,
"USW00003996","32.35","-91.02778","26.2","2021-10-19","2.91",",,W","0.00",",,W,2400","0.0",",,W",,
"USW00003996","32.35","-91.02778","26.2","2021-10-20","3.36",",,W","0.00","T,,W,2400","0.0",",,W",,
"USW00003996","32.35","-91.02778","26.2","2021-10-21","1.79",",,W","0.00",",,W,2400","0.0",",,W",,
"USW00003996","32.35","-91.02778","26.2","2021-10-22","4.03",",,W","0.00",",,W,2400","0.0",",,W",,
"USW00003996","32.35","-91.02778","26.2","2021-10-23","6.71",",,W","0.00",",,W,2400","0.0",",,W",,
"USW00003996","32.35","-91.02778","26.2","2021-10-24","7.83",",,W","0.00",",,W,2400","0.0",",,W",,
"USW00003996","32.35","-91.02778","26.2","2021-10-25","4.92",",,W","0.00",",,W,2400","0.0",",,W",,
"USW00003996","32.35","-91.02778","26.2","2021-10-26","4.70",",,W","0.00",",,W,2400","0.0",",,W",,
"USW00003996","32.35","-91.02778","26.2","2021-10-27","8.50",",,W","0.51",",,W,2400","0.0",",,W",,
"USW00003996","32.35","-91.02778","26.2","2021-10-28","4.92",",,W","0.04",",,W,2400","0.0",",,W",,
"USW00003996","32.35","-91.02778","26.2","2021-10-29","6.49",",,W","0.00","T,,W,2400","0.0",",,W",,
"USW00003996","32.35","-91.02778","26.2","2021-10-30","2.01",",,W","0.00",",,W,2400","0.0",",,W",,
"USW00003996","32.35","-91.02778","26.2","2021-10-31","1.79",",,W","0.00",",,W,2400","0.0",",,W",,
"USW00003996","32.35","-91.02778","26.2","2021-11-01","3.13",",,W","0.00",",,W,2400","0.0",",,W",,
"USW00003996","32.35","-91.02778","26.2","2021-11-02","8.50",",,W","0.00",",,W,2400","0.0",",,W",,
"USW00003996","32.35","-91.02778","26.2","2021-11-03","8.50",",,W","0.06",",,W,2400","0.0",",,W",,
"USW00003996","32.35","-91.02778","26.2","2021-11-04","8.05",",,W","0.00","T,,W,2400","0.0",",,W",,
"USW00003996","32.35","-91.02778","26.2","2021-11-05","5.82",",,W","0.00",",,W,2400","0.0",",,W",,
"USW00003996","32.35","-91.02778","26.2","2021-11-06","3.36",",,W","0.00",",,W,2400","0.0",",,W",,
"USW00003996","32.35","-91.02778","26.2","2021-11-07","0.45",",,W","0.00",",,W,2400","0.0",",,W",,
"USW00003996","32.35","-91.02778","26.2","2021-11-08","0.67",",,W","0.00",",,W,2400","0.0",",,W",,
"USW00003996","32.35","-91.02778","26.2","2021-11-09","1.12",",,W","0.00",",,W,2400","0.0",",,W",,
"USW00003996","32.35","-91.02778","26.2","2021-11-10","5.59",",,W","0.00","T,,W,2400","0.0",",,W",,
"USW00003996","32.35","-91.02778","26.2","2021-11-11","3.58",",,W","0.13",",,W,2400","0.0",",,W",,
"USW00003996","32.35","-91.02778","26.2","2021-11-12","2.46",",,W","0.00",",,W,2400","0.0",",,W",,
"USW00003996","32.35","-91.02778","26.2","2021-11-13","3.13",",,W","0.00",",,W,2400","0.0",",,W",,
"USW00003996","32.35","-91.02778","26.2","2021-11-14","1.34",",,W","0.00",",,W,2400","0.0",",,W",,
"USW00003996","32.35","-91.02778","26.2","2021-11-15","3.58",",,W","0.00",",,W,2400","0.0",",,W",,
"USW00003996","32.35","-91.02778","26.2","2021-11-16","6.93",",,W","0.00",",,W,2400","0.0",",,W",,
"USW00003996","32.35","-91.02778","26.2","2021-11-17","9.40",",,W","0.00",",,W,2400","0.0",",,W",,
"USW00003996","32.35","-91.02778","26.2","2021-11-18","9.40",",,W","0.13",",,W,2400","0.0",",,W",,
"USW00003996","32.35","-91.02778","26.2","2021-11-19","5.14",",,W","0.00",",,W,2400","0.0",",,W",,
"USW00003996","32.35","-91.02778","26.2","2021-11-20","3.13",",,W","0.00",",,W,2400","0.0",",,W",,
"USW00003996","32.35","-91.02778","26.2","2021-11-21","5.14",",,W","0.50",",,W,2400","0.0",",,W",,
"USW00003996","32.35","-91.02778","26.2","2021-11-22","8.28",",,W",,,"0.0",",,W",,
"USW00003996","32.35","-91.02778","26.2","2021-11-23","2.46",",,W","0.00",",,W,2400","0.0",",,W",,
"USW00003996","32.35","-91.02778","26.2","2021-11-24","6.71",",,W","0.00",",,W,2400","0.0",",,W",,
"USW00003996","32.35","-91.02778","26.2","2021-11-25","6.93",",,W","0.20",",,D,2400","0.0",",,D",,
"USW00003996","32.35","-91.02778","26.2","2021-11-26","6.04",",,W","0.00",",,D,2400","0.0",",,D",,
"USW00003996","32.35","-91.02778","26.2","2021-11-27","1.79",",,W","0.00","T,,D,2400","0.0",",,D",,
"USW00003996","32.35","-91.02778","26.2","2021-11-28","2.01",",,W","0.12",",,D,2400","0.0",",,D",,
"US1MEKB0006","44.535792","-69.602865","42.4","2021-08-02",,,"0.20",",,N",,,,
"US1MEKB0006","44.535792","-69.602865","42.4","2021-08-15",,,,,,,,
"US1MEKB0006","44.535792","-69.602865","42.4","2021-08-16",,,"0.00",",,N","0.0",",,N",,
"US1MEKB0006","44.535792","-69.602865","42.4","2021-08-17",,,"0.00",",,N","0.0",",,N",,
"US1MEKB0006","44.535792","-69.602865","42.4","2021-08-18",,,"0.00",",,N","0.0",",,N",,
"US1MEKB0006","44.535792","-69.602865","42.4","2021-08-19",,,"0.50",",,N",,,,
"US1MEKB0006","44.535792","-69.602865","42.4","2021-08-20",,,"0.57",",,N",,,,
"US1MEKB0006","44.535792","-69.602865","42.4","2021-08-24",,,,,,,,
"US1MEKB0006","44.535792","-69.602865","42.4","2021-09-06",,,,,,,,
"US1MEKB0006","44.535792","-69.602865","42.4","2021-09-07",,,"0.27",",,N",,,,
"US1MEKB0006","44.535792","-69.602865","42.4","2021-09-08",,,"0.00",",,N","0.0",",,N",,
"US1MEKB0006","44.535792","-69.602865","42.4","2021-09-09",,,"0.31",",,N",,,,
"US1MEKB0006","44.535792","-69.602865","42.4","2021-09-10",,,"1.45",",,N",,,,
"US1MEKB0006","44.535792","-69.602865","42.4","2021-09-11",,,"0.10",",,N",,,,
"US1MEKB0006","44.535792","-69.602865","42.4","2021-09-12",,,"0.00",",,N","0.0",",,N",,
"US1MEKB0006","44.535792","-69.602865","42.4","2021-09-13",,,"0.01",",,N",,,,
"US1MEKB0006","44.535792","-69.602865","42.4","2021-09-14",,,"0.00",",,N","0.0",",,N",,
"US1MEKB0006","44.535792","-69.602865","42.4","2021-09-15",,,"0.02",",,N",,,,
"US1MEKB0006","44.535792","-69.602865","42.4","2021-09-16",,,"0.58",",,N",,,,
"US1MEKB0006","44.535792","-69.602865","42.4","2021-09-17",,,"0.00",",,N","0.0",",,N",,
"US1MEKB0006","44.535792","-69.602865","42.4","2021-09-18",,,"0.00",",,N","0.0",",,N",,
"US1MEKB0006","44.535792","-69.602865","42.4","2021-09-19",,,"0.13",",,N",,,,
"US1MEKB0006","44.535792","-69.602865","42.4","2021-09-20",,,"0.00",",,N","0.0",",,N",,
"US1MEKB0006","44.535792","-69.602865","42.4","2021-09-21",,,"0.00",",,N","0.0",",,N",,
"US1MEKB0006","44.535792","-69.602865","42.4","2021-09-22",,,"0.00",",,N","0.0",",,N",,
"US1MEKB0006","44.535792","-69.602865","42.4","2021-09-24",,,"0.01",",,N",,,,
"US1MEKB0006","44.535792","-69.602865","42.4","2021-09-25",,,"0.37",",,N",,,,
"US1MEKB0006","44.535792","-69.602865","42.4","2021-09-26",,,"2.81",",,N",,,,
"US1MEKB0006","44.535792","-69.602865","42.4","2021-09-27",,,"0.28",",,N",,,,
"US1MEKB0006","44.535792","-69.602865","42.4","2021-10-05",,,,,,,,
"US1MEKB0006","44.535792","-69.602865","42.4","2021-10-17",,,,,,,,
"US1MEKB0006","44.535792","-69.602865","42.4","2021-10-23",,,,,,,,
"US1MEKB0006","44.535792","-69.602865","42.4","2021-10-27",,,,,,,,
"US1MEKB0006","44.535792","-69.602865","42.4","2021-10-29",,,,,,,,
"US1MEKB0006","44.535792","-69.602865","42.4","2021-10-30",,,"0.00","T,,N",,,,
"US1MEKB0006","44.535792","-69.602865","42.4","2021-10-31",,,"2.19",",,N",,,,
"US1MEKB0006","44.535792","-69.602865","42.4","2021-11-01",,,"0.32",",,N",,,,
"US1MEKB0006","44.535792","-69.602865","42.4","2021-11-05",,,"0.00",",,N","0.0",",,N",,
"US1MEKB0006","44.535792","-69.602865","42.4","2021-11-06",,,"0.00",",,N","0.0",",,N",,
"US1MEKB0006","44.535792","-69.602865","42.4","2021-11-13",,,"1.58",",,N",,,,
"US1MEKB0006","44.535792","-69.602865","42.4","2021-11-14",,,"0.34",",,N",,,,
"US1MEKB0006","44.535792","-69.602865","42.4","2021-11-16",,,,,,,,
"US1MEKB0006","44.535792","-69.602865","42.4","2021-11-18",,,"0.12",",,N",,,,
"US1MEKB0006","44.535792","-69.602865","42.4","2021-11-20",,,,,,,,
"US1MEKB0006","44.535792","-69.602865","42.4","2021-11-23",,,,,,,,
"US1MEKB0006","44.535792","-69.602865","42.4","2021-11-27",,,"0.49",",,N","0.2",",,N",,
"USC00167448","30.4508","-91.2183","4.6","2021-08-01",,,"1.25",",,7,0700",,,,
"USC00167448","30.4508","-91.2183","4.6","2021-08-02",,,"0.34",",,7,0700",,,,
"USC00167448","30.4508","-91.2183","4.6","2021-08-03",,,"0.65",",,7,0700",,,,
"USC00167448","30.4508","-91.2183","4.6","2021-08-04",,,"0.86",",,7,0700",,,,
"USC00167448","30.4508","-91.2183","4.6","2021-08-05",,,"0.00",",,7,0700",,,,
"USC00167448","30.4508","-91.2183","4.6","2021-08-06",,,"0.00",",,7,0700",,,,
"USC00167448","30.4508","-91.2183","4.6","2021-08-07",,,"0.00",",,7,0700",,,,
"USC00167448","30.4508","-91.2183","4.6","2021-08-08",,,"0.00",",,7,0700",,,,
"USC00167448","30.4508","-91.2183","4.6","2021-08-09",,,"0.00",",,7,0700",,,,
"USC00167448","30.4508","-91.2183","4.6","2021-08-10",,,"0.42",",,7,0700",,,,
"USC00167448","30.4508","-91.2183","4.6","2021-08-11",,,"0.00",",,7,0700",,,,
"USC00167448","30.4508","-91.2183","4.6","2021-08-12",,,"0.18",",,7,0700",,,,
"USC00167448","30.4508","-91.2183","4.6","2021-08-13",,,"0.23",",,7,0700",,,,
"USC00167448","30.4508","-91.2183","4.6","2021-08-14",,,"0.88",",,7,0700",,,,
"USC00167448","30.4508","-91.2183","4.6","2021-08-15",,,"0.00",",,7,0700",,,,
"USC00167448","30.4508","-91.2183","4.6","2021-08-16",,,"0.00",",,7,0700",,,,
"USC00167448","30.4508","-91.2183","4.6","2021-08-17",,,"0.42",",,7,0700",,,,
"USC00167448","30.4508","-91.2183","4.6","2021-08-18",,,"0.00",",,7,0700",,,,
"USC00167448","30.4508","-91.2183","4.6","2021-08-19",,,"0.49",",,7,0700",,,,
"USC00167448","30.4508","-91.2183","4.6","2021-08-20",,,"0.30",",,7,0700",,,,
"USC00167448","30.4508","-91.2183","4.6","2021-08-21",,,"0.00",",,7,0700",,,,
"USC00167448","30.4508","-91.2183","4.6","2021-08-22",,,"0.00",",,7,0700",,,,
"USC00167448","30.4508","-91.2183","4.6","2021-08-23",,,"0.00",",,7,0700",,,,
"USC00167448","30.4508","-91.2183","4.6","2021-08-24",,,"0.09",",,7,0700",,,,
"USC00167448","30.4508","-91.2183","4.6","2021-08-25",,,"0.66",",,7,0700",,,,
"USC00167448","30.4508","-91.2183","4.6","2021-08-26",,,"0.35",",,7,0700",,,,
"USC00167448","30.4508","-91.2183","4.6","2021-08-27",,,"0.00",",,7,0700",,,,
"USC00167448","30.4508","-91.2183","4.6","2021-08-28",,,"0.59",",,7,0700",,,,
"USC00167448","30.4508","-91.2183","4.6","2021-08-29",,,"0.00",",,7,0700",,,,
"USC00167448","30.4508","-91.2183","4.6","2021-08-30",,,"1.30",",,7,0700",,,,
"USC00167448","30.4508","-91.2183","4.6","2021-08-31",,,"0.30",",,7,0700",,,,
"USC00167448","30.4508","-91.2183","4.6","2021-09-01",,,"0.00",",,7,0700",,,,
"USC00167448","30.4508","-91.2183","4.6","2021-09-02",,,"0.09",",,7,0700",,,,
"USC00167448","30.4508","-91.2183","4.6","2021-09-03",,,"0.00",",,7,0700",,,,
"USC00167448","30.4508","-91.2183","4.6","2021-09-04",,,"0.00",",,7,0700",,,,
"USC00167448","30.4508","-91.2183","4.6","2021-09-05",,,"0.00",",,7,0700",,,,
"USC00167448","30.4508","-91.2183","4.6","2021-09-06",,,"0.00",",,7,0700",,,,
"USC00167448","30.4508","-91.2183","4.6","2021-09-07",,,"0.00",",,7,0700",,,,
"USC00167448","30.4508","-91.2183","4.6","2021-09-08",,,"0.00",",,7,0700",,,,
"USC00167448","30.4508","-91.2183","4.6","2021-09-09",,,"0.00",",,7,0700",,,,
"USC00167448","30.4508","-91.2183","4.6","2021-09-10",,,"0.00",",,7,0700",,,,
"USC00167448","30.4508","-91.2183","4.6","2021-09-11",,,"0.00",",,7,0700",,,,
"USC00167448","30.4508","-91.2183","4.6","2021-09-12",,,"0.00",",,7,0700",,,,
"USC00167448","30.4508","-91.2183","4.6","2021-09-13",,,"0.32",",,7,0700",,,,
"USC00167448","30.4508","-91.2183","4.6","2021-09-14",,,"1.10",",,7,0700",,,,
"USC00167448","30.4508","-91.2183","4.6","2021-09-15",,,"1.80",",,7,0700",,,,
"USC00167448","30.4508","-91.2183","4.6","2021-09-16",,,"2.50",",,7,0700",,,,
"USC00167448","30.4508","-91.2183","4.6","2021-09-17",,,"0.40",",,7,0700",,,,
"USC00167448","30.4508","-91.2183","4.6","2021-09-18",,,"0.00",",,7,0700",,,,
"USC00167448","30.4508","-91.2183","4.6","2021-09-19",,,"0.00",",,7,0700",,,,
"USC00167448","30.4508","-91.2183","4.6","2021-09-20",,,"0.40",",,7,0700",,,,
"USC00167448","30.4508","-91.2183","4.6","2021-09-21",,,"0.00",",,7,0700",,,,
"USC00167448","30.4508","-91.2183","4.6","2021-09-22",,,"0.09",",,7,0700",,,,
"USC00167448","30.4508","-91.2183","4.6","2021-09-23",,,"0.00",",,7,0700",,,,
"USC00167448","30.4508","-91.2183","4.6","2021-09-24",,,"0.00",",,7,0700",,,,
"USC00167448","30.4508","-91.2183","4.6","2021-09-25",,,"0.00",",,7,0700",,,,
"USC00167448","30.4508","-91.2183","4.6","2021-09-26",,,"0.00",",,7,0700",,,,
"USC00167448","30.4508","-91.2183","4.6","2021-09-27",,,"0.00",",,7,0700",,,,
"USC00167448","30.4508","-91.2183","4.6","2021-09-28",,,"0.00",",,7,0700",,,,
"USC00167448","30.4508","-91.2183","4.6","2021-09-29",,,"0.80",",,7,0700",,,,
"USC00167448","30.4508","-91.2183","4.6","2021-09-30",,,"0.05",",,7,0700",,,,
"USC00167448","30.4508","-91.2183","4.6","2021-10-01",,,"1.05",",,H,0700",,,,
"USC00167448","30.4508","-91.2183","4.6","2021-10-02",,,"0.50",",,H,0700",,,,
"USC00167448","30.4508","-91.2183","4.6","2021-10-03",,,"1.05",",,H,0700",,,,
"USC00167448","30.4508","-91.2183","4.6","2021-10-04",,,"0.00",",,H,0700",,,,
"USC00167448","30.4508","-91.2183","4.6","2021-10-05",,,"0.00",",,H,0700",,,,
"USC00167448","30.4508","-91.2183","4.6","2021-10-06",,,"0.00",",,H,0700",,,,
"USC00167448","30.4508","-91.2183","4.6","2021-10-07",,,"0.00",",,H,0700",,,,
"USC00167448","30.4508","-91.2183","4.6","2021-10-08",,,"0.00",",,H,0700",,,,
"USC00167448","30.4508","-91.2183","4.6","2021-10-09",,,"0.00",",,H,0700",,,,
"USC00167448","30.4508","-91.2183","4.6","2021-10-10",,,"0.00",",,H,0700",,,,
"USC00167448","30.4508","-91.2183","4.6","2021-10-11",,,"0.00",",,H,0700",,,,
"USC00167448","30.4508","-91.2183","4.6","2021-10-12",,,"0.00",",,H,0700",,,,
"USC00167448","30.4508","-91.2183","4.6","2021-10-13",,,"0.00",",,H,0700",,,,
"USC00167448","30.4508","-91.2183","4.6","2021-10-14",,,"0.00",",,H,0700",,,,
"USC00167448","30.4508","-91.2183","4.6","2021-10-15",,,"0.00",",,H,0700",,,,
"USC00167448","30.4508","-91.2183","4.6","2021-10-16",,,"0.00",",,H,0700",,,,
"USC00167448","30.4508","-91.2183","4.6","2021-10-17",,,"0.00",",,H,0700",,,,
"USC00167448","30.4508","-91.2183","4.6","2021-10-18",,,"0.00",",,H,0700",,,,
"USC00167448","30.4508","-91.2183","4.6","2021-10-19",,,"0.00",",,H,0700",,,,
"USC00167448","30.4508","-91.2183","4.6","2021-10-20",,,"0.00",",,H,0700",,,,
"USC00167448","30.4508","-91.2183","4.6","2021-10-21",,,"0.00",",,H,0700",,,,
"USC00167448","30.4508","-91.2183","4.6","2021-10-22",,,"0.00",",,H,0700",,,,
"USC00167448","30.4508","-91.2183","4.6","2021-10-23",,,"0.00",",,H,0700",,,,
"USC00167448","30.4508","-91.2183","4.6","2021-10-24",,,"0.00",",,H,0700",,,,
"USC00167448","30.4508","-91.2183","4.6","2021-10-25",,,"0.20",",,H,0700",,,,
"USC00167448","30.4508","-91.2183","4.6","2021-10-26",,,"0.00",",,H,0700",,,,
"USC00167448","30.4508","-91.2183","4.6","2021-10-27",,,"0.00",",,H,0700",,,,
"USC00167448","30.4508","-91.2183","4.6","2021-10-28",,,"1.75",",,H,0700",,,,
"USC00167448","30.4508","-91.2183","4.6","2021-10-29",,,"0.00",",,H,0700",,,,
"USC00167448","30.4508","-91.2183","4.6","2021-10-30",,,"0.00",",,H,0700",,,,
"USC00167448","30.4508","-91.2183","4.6","2021-10-31",,,"0.00",",,H,0700",,,,
"USC00167448","30.4508","-91.2183","4.6","2021-11-01",,,"0.00",",,H,0700",,,,
"USC00167448","30.4508","-91.2183","4.6","2021-11-02",,,"0.00",",,H,0700",,,,
"USC00167448","30.4508","-91.2183","4.6","2021-11-03",,,"0.00",",,H,0700",,,,
"USC00167448","30.4508","-91.2183","4.6","2021-11-04",,,"0.00",",,H,0700",,,,
"USC00167448","30.4508","-91.2183","4.6","2021-11-05",,,"0.00",",,H,0700",,,,
"USC00167448","30.4508","-91.2183","4.6","2021-11-06",,,"0.00",",,H,0700",,,,
"USC00167448","30.4508","-91.2183","4.6","2021-11-07",,,"0.00",",,H,0700",,,,
"USC00167448","30.4508","-91.2183","4.6","2021-11-08",,,"0.00",",,H,0700",,,,
"USC00167448","30.4508","-91.2183","4.6","2021-11-09",,,"0.00",",,H,0700",,,,
"USC00167448","30.4508","-91.2183","4.6","2021-11-10",,,"0.00",",,H,0700",,,,
"USC00167448","30.4508","-91.2183","4.6","2021-11-11",,,"0.00",",,H,0700",,,,
"USC00167448","30.4508","-91.2183","4.6","2021-11-13",,,"0.00",",,H,0700",,,,
"USC00167448","30.4508","-91.2183","4.6","2021-11-14",,,"0.00",",,H,0700",,,,
"USC00167448","30.4508","-91.2183","4.6","2021-11-15",,,"0.00",",,H,0700",,,,
"USC00167448","30.4508","-91.2183","4.6","2021-11-16",,,"0.00",",,H,0700",,,,
"USC00167448","30.4508","-91.2183","4.6","2021-11-17",,,"0.00",",,H,0700",,,,
"USC00167448","30.4508","-91.2183","4.6","2021-11-18",,,"0.00",",,H,0700",,,,
"USC00167448","30.4508","-91.2183","4.6","2021-11-19",,,"0.00",",,H,0700",,,,
"USC00167448","30.4508","-91.2183","4.6","2021-11-20",,,"0.00",",,H,0700",,,,
"USC00167448","30.4508","-91.2183","4.6","2021-11-21",,,"0.00",",,H,0700",,,,
"USC00167448","30.4508","-91.2183","4.6","2021-11-22",,,"0.40",",,H,0700",,,,
"USC00167448","30.4508","-91.2183","4.6","2021-11-23",,,"0.00",",,H,0700",,,,
"USC00167448","30.4508","-91.2183","4.6","2021-11-24",,,"0.00",",,H,0700",,,,
"USC00167448","30.4508","-91.2183","4.6","2021-11-27",,,"0.26",",,H,0700",,,,
"USC00167448","30.4508","-91.2183","4.6","2021-11-28",,,"0.00",",,H,0700",,,,
"US1MEYK0018","43.3014","-70.6447","61.9","2021-08-01",,,"0.00",",,N","0.0",",,N",,
"US1MEYK0018","43.3014","-70.6447","61.9","2021-08-02",,,"0.03",",,N",,,,
"US1MEYK0018","43.3014","-70.6447","61.9","2021-08-03",,,"0.00",",,N","0.0",",,N",,
"US1MEYK0018","43.3014","-70.6447","61.9","2021-08-04",,,"0.00",",,N","0.0",",,N",,
"US1MEYK0018","43.3014","-70.6447","61.9","2021-08-05",,,"0.31",",,N",,,,
"US1MEYK0018","43.3014","-70.6447","61.9","2021-08-06",,,"0.36",",,N",,,,
"US1MEYK0018","43.3014","-70.6447","61.9","2021-08-07",,,"0.00",",,N","0.0",",,N",,
"US1MEYK0018","43.3014","-70.6447","61.9","2021-08-09",,,"0.00",",,N","0.0",",,N",,
"US1MEYK0018","43.3014","-70.6447","61.9","2021-08-10",,,"0.00","T,,N",,,,
"US1MEYK0018","43.3014","-70.6447","61.9","2021-08-11",,,"0.00",",,N","0.0",",,N",,
"US1MEYK0018","43.3014","-70.6447","61.9","2021-08-12",,,"0.03",",,N",,,,
"US1MEYK0018","43.3014","-70.6447","61.9","2021-08-13",,,"0.00",",,N","0.0",",,N",,
"US1MEYK0018","43.3014","-70.6447","61.9","2021-08-14",,,"0.00",",,N","0.0",",,N",,
"US1MEYK0018","43.3014","-70.6447","61.9","2021-08-15",,,"0.00",",,N","0.0",",,N",,
"US1MEYK0018","43.3014","-70.6447","61.9","2021-08-17",,,"0.00",",,N","0.0",",,N",,
"US1MEYK0018","43.3014","-70.6447","61.9","2021-08-18",,,"0.00",",,N","0.0",",,N",,
"US1MEYK0018","43.3014","-70.6447","61.9","2021-08-19",,,"0.00","T,,N",,,,
"US1MEYK0018","43.3014","-70.6447","61.9","2021-08-20",,,"1.72",",,N",,,,
"US1MEYK0018","43.3014","-70.6447","61.9","2021-08-22",,,"0.00","T,,N",,,,
"US1MEYK0018","43.3014","-70.6447","61.9","2021-08-23",,,"0.79",",,N",,,,
"US1MEYK0018","43.3014","-70.6447","61.9","2021-08-24",,,"1.35",",,N",,,,
"US1MEYK0018","43.3014","-70.6447","61.9","2021-08-25",,,"0.00",",,N","0.0",",,N",,
"US1MEYK0018","43.3014","-70.6447","61.9","2021-08-26",,,"0.00",",,N","0.0",",,N",,
"US1MEYK0018","43.3014","-70.6447","61.9","2021-08-29",,,"0.01",",,N",,,,
"US1MEYK0018","43.3014","-70.6447","61.9","2021-09-02",,,"2.45",",,N",,,,
"US1MEYK0018","43.3014","-70.6447","61.9","2021-09-06",,,"0.18",",,N",,,,
"US1MEYK0018","43.3014","-70.6447","61.9","2021-09-07",,,"0.00","T,,N",,,,
"US1MEYK0018","43.3014","-70.6447","61.9","2021-09-09",,,"0.51",",,N",,,,
"US1MEYK0018","43.3014","-70.6447","61.9","2021-09-10",,,"0.84",",,N",,,,
"US1MEYK0018","43.3014","-70.6447","61.9","2021-09-12",,,"0.00",",,N","0.0",",,N",,
"US1MEYK0018","43.3014","-70.6447","61.9","2021-09-14",,,"0.00",",,N","0.0",",,N",,
"US1MEYK0018","43.3014","-70.6447","61.9","2021-09-16",,,"0.16",",,N",,,,
"US1MEYK0018","43.3014","-70.6447","61.9","2021-09-18",,,"0.02",",,N",,,,
"US1MEYK0018","43.3014","-70.6447","61.9","2021-09-19",,,"0.04",",,N",,,,
"US1MEYK0018","43.3014","-70.6447","61.9","2021-09-21",,,"0.00",",,N","0.0",",,N",,
"US1MEYK0018","43.3014","-70.6447","61.9","2021-09-22",,,"0.00","T,,N",,,,
"US1MEYK0018","43.3014","-70.6447","61.9","2021-09-23",,,"0.00",",,N","0.0",",,N",,
"US1MEYK0018","43.3014","-70.6447","61.9","2021-09-25",,,"0.24",",,N",,,,
"US1MEYK0018","43.3014","-70.6447","61.9","2021-09-26",,,"0.33",",,N",,,,
"US1MEYK0018","43.3014","-70.6447","61.9","2021-09-27",,,"0.00",",,N","0.0",",,N",,
"US1MEYK0018","43.3014","-70.6447","61.9","2021-09-28",,,"0.01",",,N",,,,
"US1MEYK0018","43.3014","-70.6447","61.9","2021-10-01",,,"0.13",",,N",,,,
"US1MEYK0018","43.3014","-70.6447","61.9","2021-10-02",,,"0.00","T,,N",,,,
"US1MEYK0018","43.3014","-70.6447","61.9","2021-10-05",,,"0.28",",,N",,,,
"US1MEYK0018","43.3014","-70.6447","61.9","2021-10-16",,,"0.09",",,N",,,,
"US1MEYK0018","43.3014","-70.6447","61.9","2021-10-17",,,"0.38",",,N",,,,
"US1MEYK0018","43.3014","-70.6447","61.9","2021-10-18",,,"0.00",",,N","0.0",",,N",,
"US1MEYK0018","43.3014","-70.6447","61.9","2021-10-22",,,"0.00","T,,N",,,,
"US1MEYK0018","43.3014","-70.6447","61.9","2021-10-24",,,"0.00",",,N","0.0",",,N",,
"US1MEYK0018","43.3014","-70.6447","61.9","2021-10-25",,,"0.07",",,N",,,,
"US1MEYK0018","43.3014","-70.6447","61.9","2021-10-26",,,"0.41",",,N",,,,
"US1MEYK0018","43.3014","-70.6447","61.9","2021-10-27",,,"1.69",",,N",,,,
"US1MEYK0018","43.3014","-70.6447","61.9","2021-10-28",,,"0.50",",,N",,,,
"US1MEYK0018","43.3014","-70.6447","61.9","2021-10-29",,,"0.00","T,,N",,,,
"US1MEYK0018","43.3014","-70.6447","61.9","2021-10-30",,,"0.18",",,N",,,,
"US1MEYK0018","43.3014","-70.6447","61.9","2021-10-31",,,"6.32",",,N",,,,
"US1MEYK0018","43.3014","-70.6447","61.9","2021-11-01",,,"0.00",",,N","0.0",",,N",,
"US1MEYK0018","43.3014","-70.6447","61.9","2021-11-02",,,"0.00",",,N","0.0",",,N",,
"US1MEYK0018","43.3014","-70.6447","61.9","2021-11-03",,,"0.00",",,N","0.0",",,N",,
"US1MEYK0018","43.3014","-70.6447","61.9","2021-11-10",,,"0.04",",,N",,,,
"US1MEYK0018","43.3014","-70.6447","61.9","2021-11-11",,,"0.01",",,N",,,,
"US1MEYK0018","43.3014","-70.6447","61.9","2021-11-12",,,"0.00",",,N","0.0",",,N",,
"US1MEYK0018","43.3014","-70.6447","61.9","2021-11-13",,,"1.37",",,N",,,,
"US1MEYK0018","43.3014","-70.6447","61.9","2021-11-14",,,"0.26",",,N",,,,
"US1MEYK0018","43.3014","-70.6447","61.9","2021-11-15",,,"0.10",",,N",,,,
"US1MEYK0018","43.3014","-70.6447","61.9","2021-11-18",,,"0.00",",,N","0.0",",,N",,
"US1MEYK0018","43.3014","-70.6447","61.9","2021-11-19",,,"0.16",",,N",,,,
"US1MEYK0018","43.3014","-70.6447","61.9","2021-11-20",,,"0.00","T,,N",,,,
"US1MEYK0018","43.3014","-70.6447","61.9","2021-11-21",,,"0.00",",,N","0.0",",,N",,
"US1MEYK0018","43.3014","-70.6447","61.9","2021-11-22",,,"0.45",",,N",,,,
"US1MEYK0018","43.3014","-70.6447","61.9","2021-11-26",,,"0.00","T,,N",,,,
"US1MEYK0018","43.3014","-70.6447","61.9","2021-11-27",,,"0.31",",,N","0.0","T,,N",,
"US1MEKX0018","44.1254","-69.1028","40.2","2021-08-01",,,"0.00",",,N","0.0",",,N",,
"US1MEKX0018","44.1254","-69.1028","40.2","2021-08-02",,,"0.00",",,N","0.0",",,N",,
"US1MEKX0018","44.1254","-69.1028","40.2","2021-08-05",,,"0.31",",,N",,,,
"US1MEKX0018","44.1254","-69.1028","40.2","2021-08-06",,,"0.51",",,N",,,,
"US1MEKX0018","44.1254","-69.1028","40.2","2021-08-07",,,"0.00",",,N","0.0",",,N",,
"US1MEKX0018","44.1254","-69.1028","40.2","2021-08-08",,,"0.00",",,N","0.0",",,N",,
"US1MEKX0018","44.1254","-69.1028","40.2","2021-08-09",,,"0.00",",,N","0.0",",,N",,
"US1MEKX0018","44.1254","-69.1028","40.2","2021-08-10",,,"0.02",",,N",,,,
"US1MEKX0018","44.1254","-69.1028","40.2","2021-08-11",,,"0.02",",,N",,,,
"US1MEKX0018","44.1254","-69.1028","40.2","2021-08-12",,,"0.00","T,,N",,,,
"US1MEKX0018","44.1254","-69.1028","40.2","2021-08-13",,,"0.00",",,N","0.0",",,N",,
"US1MEKX0018","44.1254","-69.1028","40.2","2021-08-14",,,"0.00",",,N","0.0",",,N",,
"US1MEKX0018","44.1254","-69.1028","40.2","2021-08-15",,,"0.23",",,N",,,,
"US1MEKX0018","44.1254","-69.1028","40.2","2021-08-16",,,"0.00",",,N","0.0",",,N",,
"US1MEKX0018","44.1254","-69.1028","40.2","2021-08-17",,,"0.00",",,N","0.0",",,N",,
"US1MEKX0018","44.1254","-69.1028","40.2","2021-08-18",,,"0.00",",,N","0.0",",,N",,
"US1MEKX0018","44.1254","-69.1028","40.2","2021-08-19",,,"0.01",",,N",,,,
"US1MEKX0018","44.1254","-69.1028","40.2","2021-08-20",,,"1.27",",,N",,,,
"US1MEKX0018","44.1254","-69.1028","40.2","2021-08-21",,,"0.00",",,N","0.0",",,N",,
"US1MEKX0018","44.1254","-69.1028","40.2","2021-08-22",,,"0.00","T,,N",,,,
"US1MEKX0018","44.1254","-69.1028","40.2","2021-08-23",,,"0.50",",,N","0.0",",,N",,
"US1MEKX0018","44.1254","-69.1028","40.2","2021-08-24",,,"0.04",",,N",,,,
"US1MEKX0018","44.1254","-69.1028","40.2","2021-08-25",,,"0.00",",,N","0.0",",,N",,
"US1MEKX0018","44.1254","-69.1028","40.2","2021-08-26",,,"0.00",",,N","0.0",",,N",,
"US1MEKX0018","44.1254","-69.1028","40.2","2021-08-27",,,"0.00",",,N","0.0",",,N",,
"US1MEKX0018","44.1254","-69.1028","40.2","2021-08-28",,,"0.00",",,N","0.0",",,N",,
"US1MEKX0018","44.1254","-69.1028","40.2","2021-08-29",,,"0.30",",,N",,,,
"US1MEKX0018","44.1254","-69.1028","40.2","2021-08-30",,,"0.00",",,N","0.0",",,N",,
"US1MEKX0018","44.1254","-69.1028","40.2","2021-08-31",,,"0.01",",,N",,,,
"US1MEKX0018","44.1254","-69.1028","40.2","2021-09-01",,,"0.00",",,N","0.0",",,N",,
"US1MEKX0018","44.1254","-69.1028","40.2","2021-09-02",,,"1.46",",,N",,,,
"US1MEKX0018","44.1254","-69.1028","40.2","2021-09-03",,,"0.19",",,N",,,,
"US1MEKX0018","44.1254","-69.1028","40.2","2021-09-04",,,"0.10",",,N",,,,
"US1MEKX0018","44.1254","-69.1028","40.2","2021-09-05",,,"0.00",",,N","0.0",",,N",,
"US1MEKX0018","44.1254","-69.1028","40.2","2021-09-06",,,"0.15",",,N",,,,
"US1MEKX0018","44.1254","-69.1028","40.2","2021-09-07",,,"0.04",",,N",,,,
"US1MEKX0018","44.1254","-69.1028","40.2","2021-09-08",,,"0.00",",,N","0.0",",,N",,
"US1MEKX0018","44.1254","-69.1028","40.2","2021-09-09",,,"0.00",",,N","0.0",",,N",,
"US1MEKX0018","44.1254","-69.1028","40.2","2021-09-10",,,"2.17",",,N",,,,
"US1MEKX0018","44.1254","-69.1028","40.2","2021-09-11",,,"0.25",",,N",,,,
"US1MEKX0018","44.1254","-69.1028","40.2","2021-09-12",,,"0.00",",,N","0.0",",,N",,
"US1MEKX0018","44.1254","-69.1028","40.2","2021-09-13",,,"0.00",",,N","0.0",",,N",,
"US1MEKX0018","44.1254","-69.1028","40.2","2021-09-14",,,"0.00","T,,N",,,,
"US1MEKX0018","44.1254","-69.1028","40.2","2021-09-15",,,"0.00",",,N","0.0",",,N",,
"US1MEKX0018","44.1254","-69.1028","40.2","2021-09-16",,,"0.09",",,N",,,,
"US1MEKX0018","44.1254","-69.1028","40.2","2021-09-17",,,"0.00","T,,N",,,,
"US1MEKX0018","44.1254","-69.1028","40.2","2021-09-18",,,"0.01",",,N",,,,
"US1MEKX0018","44.1254","-69.1028","40.2","2021-09-19",,,"0.06",",,N",,,,
"US1MEKX0018","44.1254","-69.1028","40.2","2021-09-20",,,"0.00",",,N","0.0",",,N",,
"US1MEKX0018","44.1254","-69.1028","40.2","2021-09-21",,,"0.00",",,N","0.0",",,N",,
"US1MEKX0018","44.1254","-69.1028","40.2","2021-09-22",,,"0.04",",,N",,,,
"US1MEKX0018","44.1254","-69.1028","40.2","2021-09-23",,,"0.00",",,N","0.0",",,N",,
"US1MEKX0018","44.1254","-69.1028","40.2","2021-09-24",,,"0.00",",,N","0.0",",,N",,
"US1MEKX0018","44.1254","-69.1028","40.2","2021-09-25",,,"1.37",",,N",,,,
"US1MEKX0018","44.1254","-69.1028","40.2","2021-09-26",,,"1.22",",,N",,,,
"US1MEKX0018","44.1254","-69.1028","40.2","2021-09-27",,,"0.69",",,N",,,,
"US1MEKX0018","44.1254","-69.1028","40.2","2021-09-28",,,"0.01",",,N",,,,
"US1MEKX0018","44.1254","-69.1028","40.2","2021-09-29",,,"0.00",",,N","0.0",",,N",,
"US1MEKX0018","44.1254","-69.1028","40.2","2021-09-30",,,"0.06",",,N",,,,
"US1MEKX0018","44.1254","-69.1028","40.2","2021-10-01",,,"0.41",",,N",,,,
"US1MEKX0018","44.1254","-69.1028","40.2","2021-10-02",,,"0.00",",,N","0.0",",,N",,
"US1MEKX0018","44.1254","-69.1028","40.2","2021-10-03",,,"0.01",",,N",,,,
"US1MEKX0018","44.1254","-69.1028","40.2","2021-10-04",,,"0.05",",,N",,,,
"US1MEKX0018","44.1254","-69.1028","40.2","2021-10-05",,,"0.00","T,,N",,,,
"US1MEKX0018","44.1254","-69.1028","40.2","2021-10-06",,,"0.00",",,N","0.0",",,N",,
"US1MEKX0018","44.1254","-69.1028","40.2","2021-10-07",,,"0.00",",,N","0.0",",,N",,
"US1MEKX0018","44.1254","-69.1028","40.2","2021-10-08",,,"0.00",",,N","0.0",",,N",,
"US1MEKX0018","44.1254","-69.1028","40.2","2021-10-09",,,"0.00",",,N","0.0",",,N",,
"US1MEKX0018","44.1254","-69.1028","40.2","2021-10-10",,,"0.00",",,N","0.0",",,N",,
"US1MEKX0018","44.1254","-69.1028","40.2","2021-10-11",,,"0.00",",,N","0.0",",,N",,
"US1MEKX0018","44.1254","-69.1028","40.2","2021-10-12",,,"0.00",",,N","0.0",",,N",,
"US1MEKX0018","44.1254","-69.1028","40.2","2021-10-13",,,"0.00",",,N","0.0",",,N",,
"US1MEKX0018","44.1254","-69.1028","40.2","2021-10-14",,,"0.00",",,N","0.0",",,N",,
"US1MEKX0018","44.1254","-69.1028","40.2","2021-10-15",,,"0.00",",,N","0.0",",,N",,
"US1MEKX0018","44.1254","-69.1028","40.2","2021-10-16",,,"0.16",",,N",,,,
"US1MEKX0018","44.1254","-69.1028","40.2","2021-10-17",,,"1.67",",,N",,,,
"US1MEKX0018","44.1254","-69.1028","40.2","2021-10-18",,,"0.02",",,N",,,,
"US1MEKX0018","44.1254","-69.1028","40.2","2021-10-19",,,"0.00",",,N","0.0",",,N",,
"US1MEKX0018","44.1254","-69.1028","40.2","2021-10-20",,,"0.05",",,N",,,,
"US1MEKX0018","44.1254","-69.1028","40.2","2021-10-21",,,"0.00",",,N","0.0",",,N",,
"US1MEKX0018","44.1254","-69.1028","40.2","2021-10-22",,,"0.00","T,,N",,,,
"US1MEKX0018","44.1254","-69.1028","40.2","2021-10-23",,,"0.24",",,N",,,,
"US1MEKX0018","44.1254","-69.1028","40.2","2021-10-24",,,"0.00","T,,N",,,,
"US1MEKX0018","44.1254","-69.1028","40.2","2021-10-25",,,"0.00",",,N","0.0",",,N",,
"US1MEKX0018","44.1254","-69.1028","40.2","2021-10-26",,,"0.26",",,N",,,,
"US1MEKX0018","44.1254","-69.1028","40.2","2021-10-27",,,"0.70",",,N",,,,
"US1MEKX0018","44.1254","-69.1028","40.2","2021-10-28",,,"0.24",",,N",,,,
"US1MEKX0018","44.1254","-69.1028","40.2","2021-10-29",,,"0.00",",,N","0.0",",,N",,
"US1MEKX0018","44.1254","-69.1028","40.2","2021-10-30",,,"0.01",",,N","0.0",",,N",,
"US1MEKX0018","44.1254","-69.1028","40.2","2021-10-31",,,"4.77",",,N",,,,
"US1MEKX0018","44.1254","-69.1028","40.2","2021-11-01",,,"0.03",",,N",,,,
"US1MEKX0018","44.1254","-69.1028","40.2","2021-11-02",,,"0.00",",,N","0.0",",,N",,
"US1MEKX0018","44.1254","-69.1028","40.2","2021-11-03",,,"0.00",",,N","0.0",",,N",,
"US1MEKX0018","44.1254","-69.1028","40.2","2021-11-04",,,"0.00",",,N","0.0",",,N",,
"US1MEKX0018","44.1254","-69.1028","40.2","2021-11-05",,,"0.00",",,N","0.0",",,N",,
"US1MEKX0018","44.1254","-69.1028","40.2","2021-11-06",,,"0.00",",,N","0.0",",,N",,
"US1MEKX0018","44.1254","-69.1028","40.2","2021-11-07",,,"0.00",",,N","0.0",",,N",,
"US1MEKX0018","44.1254","-69.1028","40.2","2021-11-08",,,"0.00",",,N","0.0",",,N",,
"US1MEKX0018","44.1254","-69.1028","40.2","2021-11-09",,,"0.00",",,N","0.0",",,N",,
"US1MEKX0018","44.1254","-69.1028","40.2","2021-11-10",,,"0.01",",,N",,,,
"US1MEKX0018","44.1254","-69.1028","40.2","2021-11-11",,,"0.28",",,N",,,,
"US1MEKX0018","44.1254","-69.1028","40.2","2021-11-12",,,"0.00",",,N","0.0",",,N",,
"US1MEKX0018","44.1254","-69.1028","40.2","2021-11-13",,,"1.25",",,N",,,,
"US1MEKX0018","44.1254","-69.1028","40.2","2021-11-14",,,"0.26",",,N",,,,
"US1MEKX0018","44.1254","-69.1028","40.2","2021-11-15",,,"0.47",",,N",,,,
"US1MEKX0018","44.1254","-69.1028","40.2","2021-11-16",,,"0.00","T,,N",,,,
"US1MEKX0018","44.1254","-69.1028","40.2","2021-11-17",,,"0.00",",,N","0.0",",,N",,
"US1MEKX0018","44.1254","-69.1028","40.2","2021-11-18",,,"0.05",",,N",,,,
"US1MEKX0018","44.1254","-69.1028","40.2","2021-11-19",,,"0.21",",,N",,,,
"US1MEKX0018","44.1254","-69.1028","40.2","2021-11-20",,,"0.01",",,N",,,,
"US1MEKX0018","44.1254","-69.1028","40.2","2021-11-21",,,"0.00",",,N","0.0",",,N",,
"US1MEKX0018","44.1254","-69.1028","40.2","2021-11-27",,,,,,,,
"US1MEKX0018","44.1254","-69.1028","40.2","2021-11-28",,,"0.00",",,N","0.0",",,N",,
"USC00168539","30.265","-89.7697","3.0","2021-08-01",,,"0.11",",,7,0800",,,,
"USC00168539","30.265","-89.7697","3.0","2021-08-02",,,"0.00",",,7,0800",,,,
"USC00168539","30.265","-89.7697","3.0","2021-08-03",,,"1.72",",,7,0800",,,,
"USC00168539","30.265","-89.7697","3.0","2021-08-04",,,"0.31",",,7,0800",,,,
"USC00168539","30.265","-89.7697","3.0","2021-08-05",,,"0.00",",,7,0800",,,,
"USC00168539","30.265","-89.7697","3.0","2021-08-06",,,"0.00",",,7,0800",,,,
"USC00168539","30.265","-89.7697","3.0","2021-08-07",,,"0.00",",,7,0800",,,,
"USC00168539","30.265","-89.7697","3.0","2021-08-08",,,"0.00",",,7,0800",,,,
"USC00168539","30.265","-89.7697","3.0","2021-08-09",,,"0.00",",,7,0800",,,,
"USC00168539","30.265","-89.7697","3.0","2021-08-10",,,"0.00",",,7,0800",,,,
"USC00168539","30.265","-89.7697","3.0","2021-08-11",,,"0.01",",,7,0800",,,,
"USC00168539","30.265","-89.7697","3.0","2021-08-12",,,"0.00","T,,7,0800",,,,
"USC00168539","30.265","-89.7697","3.0","2021-08-13",,,"0.00",",,7,0800",,,,
"USC00168539","30.265","-89.7697","3.0","2021-08-14",,,"0.84",",,7,0800",,,,
"USC00168539","30.265","-89.7697","3.0","2021-08-15",,,"0.00",",,7,0800",,,,
"USC00168539","30.265","-89.7697","3.0","2021-08-16",,,"0.88",",,7,0800",,,,
"USC00168539","30.265","-89.7697","3.0","2021-08-17",,,"0.00",",,7,0800",,,,
"USC00168539","30.265","-89.7697","3.0","2021-08-18",,,"0.00",",,7,0800",,,,
"USC00168539","30.265","-89.7697","3.0","2021-08-19",,,"0.00",",,7,0800",,,,
"USC00168539","30.265","-89.7697","3.0","2021-08-20",,,"0.00",",,7,0800",,,,
"USC00168539","30.265","-89.7697","3.0","2021-08-21",,,"0.00",",,7,0800",,,,
"USC00168539","30.265","-89.7697","3.0","2021-08-22",,,"0.00",",,7,0800",,,,
"USC00168539","30.265","-89.7697","3.0","2021-08-23",,,"0.00",",,7,0800",,,,
"USC00168539","30.265","-89.7697","3.0","2021-08-24",,,"0.00",",,7,0800",,,,
"USC00168539","30.265","-89.7697","3.0","2021-08-25",,,"0.00",",,7,0800",,,,
"USC00168539","30.265","-89.7697","3.0","2021-08-26",,,"0.83",",,7,0800",,,,
"USC00168539","30.265","-89.7697","3.0","2021-08-27",,,"0.57",",,7,0800",,,,
"USC00168539","30.265","-89.7697","3.0","2021-08-28",,,"1.17",",,7,0800",,,,
"USC00168539","30.265","-89.7697","3.0","2021-08-29",,,"1.32",",,7,0800",,,,
"USC00168539","30.265","-89.7697","3.0","2021-08-30",,,"10.00",",,7,0800",,,,
"USC00168539","30.265","-89.7697","3.0","2021-08-31",,,"0.62",",,7,0800",,,,
"USC00168539","30.265","-89.7697","3.0","2021-09-01",,,"0.00",",,7,0800",,,,
"USC00168539","30.265","-89.7697","3.0","2021-09-02",,,"0.10",",,7,0800",,,,
"USC00168539","30.265","-89.7697","3.0","2021-09-03",,,"0.00",",,7,0800",,,,
"USC00168539","30.265","-89.7697","3.0","2021-09-04",,,"0.00",",,7,0800",,,,
"USC00168539","30.265","-89.7697","3.0","2021-09-05",,,"0.00",",,7,0800",,,,
"USC00168539","30.265","-89.7697","3.0","2021-09-06",,,"0.01",",,7,0800",,,,
"USC00168539","30.265","-89.7697","3.0","2021-09-07",,,"0.67",",,7,0800",,,,
"USC00168539","30.265","-89.7697","3.0","2021-09-08",,,"0.00",",,7,0800",,,,
"USC00168539","30.265","-89.7697","3.0","2021-09-09",,,"0.00",",,7,0800",,,,
"USC00168539","30.265","-89.7697","3.0","2021-09-10",,,"0.00",",,7,0800",,,,
"USC00168539","30.265","-89.7697","3.0","2021-09-11",,,"0.00",",,7,0800",,,,
"USC00168539","30.265","-89.7697","3.0","2021-09-12",,,"0.00",",,7,0800",,,,
"USC00168539","30.265","-89.7697","3.0","2021-09-13",,,"0.44",",,7,0800",,,,
"USC00168539","30.265","-89.7697","3.0","2021-09-14",,,"1.29",",,7,0800",,,,
"USC00168539","30.265","-89.7697","3.0","2021-09-15",,,"2.80",",,7,0800",,,,
"USC00168539","30.265","-89.7697","3.0","2021-09-16",,,"0.17",",,7,0800",,,,
"USC00168539","30.265","-89.7697","3.0","2021-09-17",,,"0.10",",,7,0800",,,,
"USC00168539","30.265","-89.7697","3.0","2021-09-18",,,"1.51",",,7,0800",,,,
"USC00168539","30.265","-89.7697","3.0","2021-09-19",,,"0.33",",,7,0800",,,,
"USC00168539","30.265","-89.7697","3.0","2021-09-20",,,"0.05",",,7,0800",,,,
"USC00168539","30.265","-89.7697","3.0","2021-09-21",,,"0.00",",,7,0800",,,,
"USC00168539","30.265","-89.7697","3.0","2021-09-22",,,"0.18",",,7,0800",,,,
"USC00168539","30.265","-89.7697","3.0","2021-09-23",,,"0.00",",,7,0800",,,,
"USC00168539","30.265","-89.7697","3.0","2021-09-24",,,"0.00",",,7,0800",,,,
"USC00168539","30.265","-89.7697","3.0","2021-09-25",,,"0.00",",,7,0800",,,,
"USC00168539","30.265","-89.7697","3.0","2021-09-26",,,"0.00",",,7,0800",,,,
"USC00168539","30.265","-89.7697","3.0","2021-09-27",,,"0.00",",,7,0800",,,,
"USC00168539","30.265","-89.7697","3.0","2021-09-28",,,"0.00",",,7,0800",,,,
"USC00168539","30.265","-89.7697","3.0","2021-09-29",,,"1.56",",,7,0800",,,,
"USC00168539","30.265","-89.7697","3.0","2021-09-30",,,"0.32",",,7,0800",,,,
"USC00168539","30.265","-89.7697","3.0","2021-10-01",,,"0.00",",,H,0800",,,,
"USC00168539","30.265","-89.7697","3.0","2021-10-02",,,"0.00",",,H,0800",,,,
"USC00168539","30.265","-89.7697","3.0","2021-10-03",,,"0.41",",,H,0800",,,,
"USC00168539","30.265","-89.7697","3.0","2021-10-04",,,"0.00",",,H,0800",,,,
"USC00168539","30.265","-89.7697","3.0","2021-10-05",,,"2.65",",,H,0800",,,,
"USC00168539","30.265","-89.7697","3.0","2021-10-06",,,"0.00",",,H,0800",,,,
"USC00168539","30.265","-89.7697","3.0","2021-10-08",,,"0.00",",,H,0800",,,,
"USC00168539","30.265","-89.7697","3.0","2021-10-09",,,"0.00",",,H,0800",,,,
"USC00168539","30.265","-89.7697","3.0","2021-10-10",,,"0.00",",,H,0800",,,,
"USC00168539","30.265","-89.7697","3.0","2021-10-11",,,"0.00",",,H,0800",,,,
"USC00168539","30.265","-89.7697","3.0","2021-10-12",,,"0.00",",,H,0800",,,,
"USC00168539","30.265","-89.7697","3.0","2021-10-13",,,"0.00",",,H,0800",,,,
"USC00168539","30.265","-89.7697","3.0","2021-10-14",,,"0.00",",,H,0800",,,,
"USC00168539","30.265","-89.7697","3.0","2021-10-15",,,"0.00",",,H,0800",,,,
"USC00168539","30.265","-89.7697","3.0","2021-10-18",,,"0.00",",,H,0800",,,,
"USC00168539","30.265","-89.7697","3.0","2021-10-19",,,"0.00",",,H,0800",,,,
"USC00168539","30.265","-89.7697","3.0","2021-10-20",,,"0.00",",,H,0800",,,,
"USC00168539","30.265","-89.7697","3.0","2021-10-21",,,"0.04",",,H,0800",,,,
"USC00168539","30.265","-89.7697","3.0","2021-10-22",,,"0.03",",,H,0800",,,,
"USC00168539","30.265","-89.7697","3.0","2021-10-25",,,"0.00",",,H,0800",,,,
"USC00168539","30.265","-89.7697","3.0","2021-10-26",,,"0.00",",,H,0800",,,,
"USC00168539","30.265","-89.7697","3.0","2021-10-27",,,"0.00",",,H,0800",,,,
"USC00168539","30.265","-89.7697","3.0","2021-10-28",,,"2.12",",,H,0800",,,,
"USC00168539","30.265","-89.7697","3.0","2021-10-29",,,"0.00",",,H,0800",,,,
"USC00168539","30.265","-89.7697","3.0","2021-11-02",,,"0.00",",,H,0800",,,,
"USC00168539","30.265","-89.7697","3.0","2021-11-03",,,"0.00",",,H,0800",,,,
"USC00168539","30.265","-89.7697","3.0","2021-11-04",,,"0.00",",,H,0800",,,,
"USC00168539","30.265","-89.7697","3.0","2021-11-05",,,"0.00",",,H,0800",,,,
"USC00168539","30.265","-89.7697","3.0","2021-11-06",,,"0.00",",,H,0800",,,,
"USC00168539","30.265","-89.7697","3.0","2021-11-07",,,"0.00",",,H,0800",,,,
"USC00168539","30.265","-89.7697","3.0","2021-11-08",,,"0.00",",,H,0800",,,,
"USC00168539","30.265","-89.7697","3.0","2021-11-09",,,"0.00",",,H,0800",,,,
"USC00168539","30.265","-89.7697","3.0","2021-11-10",,,"0.00",",,H,0800",,,,
"USC00168539","30.265","-89.7697","3.0","2021-11-11",,,"0.00",",,H,0800",,,,
"USC00168539","30.265","-89.7697","3.0","2021-11-12",,,"0.00",",,H,0800",,,,
"USC00168539","30.265","-89.7697","3.0","2021-11-13",,,"0.00",",,H,0800",,,,
"USC00168539","30.265","-89.7697","3.0","2021-11-15",,,"0.00",",,H,0800",,,,
"USC00168539","30.265","-89.7697","3.0","2021-11-16",,,"0.00",",,H,0800",,,,
"USC00168539","30.265","-89.7697","3.0","2021-11-17",,,"0.00",",,H,0800",,,,
"USC00168539","30.265","-89.7697","3.0","2021-11-18",,,"0.00",",,H,0800",,,,
"USC00168539","30.265","-89.7697","3.0","2021-11-19",,,"0.03",",,H,0800",,,,
"USC00168539","30.265","-89.7697","3.0","2021-11-20",,,"0.00",",,H,0800",,,,
"USC00168539","30.265","-89.7697","3.0","2021-11-21",,,"0.00",",,H,0800",,,,
"USC00168539","30.265","-89.7697","3.0","2021-11-22",,,"0.24",",,H,0800",,,,
"USC00168539","30.265","-89.7697","3.0","2021-11-23",,,"0.00",",,H,0800",,,,
"USC00168539","30.265","-89.7697","3.0","2021-11-24",,,"0.00",",,H,0800",,,,
"USC00168539","30.265","-89.7697","3.0","2021-11-26",,,"0.01",",,H,0800",,,,
"USC00168539","30.265","-89.7697","3.0","2021-11-27",,,"0.00",",,H,0800",,,,
"USC00168539","30.265","-89.7697","3.0","2021-11-28",,,"0.02",",,H,0800",,,,
"US1MEKX0012","44.213204","-69.341576","98.8","2021-08-01",,,"0.00",",,N","0.0",",,N",,
"US1MEKX0012","44.213204","-69.341576","98.8","2021-08-02",,,"0.02",",,N",,,,
"US1MEKX0012","44.213204","-69.341576","98.8","2021-08-03",,,"0.04",",,N",,,,
"US1MEKX0012","44.213204","-69.341576","98.8","2021-08-04",,,"0.01",",,N",,,,
"US1MEKX0012","44.213204","-69.341576","98.8","2021-08-05",,,"0.18",",,N",,,,
"US1MEKX0012","44.213204","-69.341576","98.8","2021-08-06",,,"0.38",",,N",,,,
"US1MEKX0012","44.213204","-69.341576","98.8","2021-08-07",,,"0.01",",,N",,,,
"US1MEKX0012","44.213204","-69.341576","98.8","2021-08-08",,,"0.00",",,N","0.0",",,N",,
"US1MEKX0012","44.213204","-69.341576","98.8","2021-08-09",,,"0.00",",,N","0.0",",,N",,
"US1MEKX0012","44.213204","-69.341576","98.8","2021-08-10",,,"0.01",",,N",,,,
"US1MEKX0012","44.213204","-69.341576","98.8","2021-08-11",,,"0.00",",,N","0.0",",,N",,
"US1MEKX0012","44.213204","-69.341576","98.8","2021-08-12",,,"0.01",",,N",,,,
"US1MEKX0012","44.213204","-69.341576","98.8","2021-08-13",,,"0.00",",,N","0.0",",,N",,
"US1MEKX0012","44.213204","-69.341576","98.8","2021-08-14",,,"0.00",",,N","0.0",",,N",,
"US1MEKX0012","44.213204","-69.341576","98.8","2021-08-15",,,"0.93",",,N",,,,
"US1MEKX0012","44.213204","-69.341576","98.8","2021-08-16",,,"0.00",",,N","0.0",",,N",,
"US1MEKX0012","44.213204","-69.341576","98.8","2021-08-17",,,"0.00",",,N","0.0",",,N",,
"US1MEKX0012","44.213204","-69.341576","98.8","2021-08-18",,,"0.00",",,N","0.0",",,N",,
"US1MEKX0012","44.213204","-69.341576","98.8","2021-08-19",,,"0.04",",,N",,,,
"US1MEKX0012","44.213204","-69.341576","98.8","2021-08-20",,,"0.66",",,N",,,,
"US1MEKX0012","44.213204","-69.341576","98.8","2021-08-21",,,"0.01",",,N",,,,
"US1MEKX0012","44.213204","-69.341576","98.8","2021-08-22",,,"0.02",",,N",,,,
"US1MEKX0012","44.213204","-69.341576","98.8","2021-08-23",,,"0.47",",,N",,,,
"US1MEKX0012","44.213204","-69.341576","98.8","2021-08-24",,,"0.02",",,N",,,,
"US1MEKX0012","44.213204","-69.341576","98.8","2021-08-25",,,"0.00",",,N","0.0",",,N",,
"US1MEKX0012","44.213204","-69.341576","98.8","2021-08-26",,,"0.00",",,N","0.0",",,N",,
"US1MEKX0012","44.213204","-69.341576","98.8","2021-08-27",,,"0.01",",,N",,,,
"US1MEKX0012","44.213204","-69.341576","98.8","2021-08-28",,,"0.00",",,N","0.0",",,N",,
"US1MEKX0012","44.213204","-69.341576","98.8","2021-08-29",,,"0.19",",,N",,,,
"US1MEKX0012","44.213204","-69.341576","98.8","2021-08-30",,,"0.01",",,N",,,,
"US1MEKX0012","44.213204","-69.341576","98.8","2021-08-31",,,"0.06",",,N",,,,
"US1MEKX0012","44.213204","-69.341576","98.8","2021-09-01",,,"0.00",",,N","0.0",",,N",,
"US1MEKX0012","44.213204","-69.341576","98.8","2021-09-02",,,"1.14",",,N",,,,
"US1MEKX0012","44.213204","-69.341576","98.8","2021-09-03",,,"0.13",",,N",,,,
"US1MEKX0012","44.213204","-69.341576","98.8","2021-09-04",,,"0.04",",,N",,,,
"US1MEKX0012","44.213204","-69.341576","98.8","2021-09-05",,,"0.01",",,N",,,,
"US1MEKX0012","44.213204","-69.341576","98.8","2021-09-06",,,"0.14",",,N",,,,
"US1MEKX0012","44.213204","-69.341576","98.8","2021-09-07",,,"0.24",",,N",,,,
"US1MEKX0012","44.213204","-69.341576","98.8","2021-09-08",,,"0.01",",,N",,,,
"US1MEKX0012","44.213204","-69.341576","98.8","2021-09-09",,,"0.01",",,N",,,,
"US1MEKX0012","44.213204","-69.341576","98.8","2021-09-10",,,"0.94",",,N",,,,
"US1MEKX0012","44.213204","-69.341576","98.8","2021-09-11",,,"0.34",",,N",,,,
"US1MEKX0012","44.213204","-69.341576","98.8","2021-09-12",,,"0.01",",,N",,,,
"US1MEKX0012","44.213204","-69.341576","98.8","2021-09-13",,,"0.01",",,N",,,,
"US1MEKX0012","44.213204","-69.341576","98.8","2021-09-14",,,"0.00",",,N","0.0",",,N",,
"US1MEKX0012","44.213204","-69.341576","98.8","2021-09-15",,,"0.00",",,N","0.0",",,N",,
"US1MEKX0012","44.213204","-69.341576","98.8","2021-09-16",,,"0.15",",,N",,,,
"US1MEKX0012","44.213204","-69.341576","98.8","2021-09-17",,,"0.00",",,N","0.0",",,N",,
"US1MEKX0012","44.213204","-69.341576","98.8","2021-09-18",,,"0.03",",,N",,,,
"US1MEKX0012","44.213204","-69.341576","98.8","2021-09-19",,,"0.96",",,N",,,,
"US1MEKX0012","44.213204","-69.341576","98.8","2021-09-20",,,"0.01",",,N",,,,
"US1MEKX0012","44.213204","-69.341576","98.8","2021-09-21",,,"0.01",",,N",,,,
"US1MEKX0012","44.213204","-69.341576","98.8","2021-09-22",,,"0.01",",,N",,,,
"US1MEKX0012","44.213204","-69.341576","98.8","2021-09-23",,,"0.00",",,N","0.0",",,N",,
"US1MEKX0012","44.213204","-69.341576","98.8","2021-09-24",,,"0.02",",,N",,,,
"US1MEKX0012","44.213204","-69.341576","98.8","2021-09-25",,,"0.63",",,N",,,,
"US1MEKX0012","44.213204","-69.341576","98.8","2021-09-26",,,"0.74",",,N",,,,
"US1MEKX0012","44.213204","-69.341576","98.8","2021-09-27",,,"0.52",",,N",,,,
"US1MEKX0012","44.213204","-69.341576","98.8","2021-09-28",,,"0.03",",,N",,,,
"US1MEKX0012","44.213204","-69.341576","98.8","2021-09-29",,,"0.01",",,N",,,,
"US1MEKX0012","44.213204","-69.341576","98.8","2021-09-30",,,"0.01",",,N",,,,
"US1MEKX0012","44.213204","-69.341576","98.8","2021-10-01",,,"0.27",",,N",,,,
"US1MEKX0012","44.213204","-69.341576","98.8","2021-10-02",,,"0.02",",,N",,,,
"US1MEKX0012","44.213204","-69.341576","98.8","2021-10-03",,,"0.01",",,N",,,,
"US1MEKX0012","44.213204","-69.341576","98.8","2021-10-04",,,"0.07",",,N",,,,
"US1MEKX0012","44.213204","-69.341576","98.8","2021-10-05",,,"0.01",",,N",,,,
"US1MEKX0012","44.213204","-69.341576","98.8","2021-10-06",,,"0.00","T,,N",,,,
"US1MEKX0012","44.213204","-69.341576","98.8","2021-10-07",,,"0.00",",,N","0.0",",,N",,
"US1MEKX0012","44.213204","-69.341576","98.8","2021-10-08",,,"0.00",",,N","0.0",",,N",,
"US1MEKX0012","44.213204","-69.341576","98.8","2021-10-09",,,"0.00",",,N","0.0",",,N",,
"US1MEKX0012","44.213204","-69.341576","98.8","2021-10-10",,,"0.00",",,N","0.0",",,N",,
"US1MEKX0012","44.213204","-69.341576","98.8","2021-10-11",,,"0.01",",,N",,,,
"US1MEKX0012","44.213204","-69.341576","98.8","2021-10-12",,,"0.00",",,N","0.0",",,N",,
"US1MEKX0012","44.213204","-69.341576","98.8","2021-10-13",,,"0.00",",,N","0.0",",,N",,
"US1MEKX0012","44.213204","-69.341576","98.8","2021-10-14",,,"0.00",",,N","0.0",",,N",,
"US1MEKX0012","44.213204","-69.341576","98.8","2021-10-15",,,"0.00",",,N","0.0",",,N",,
"US1MEKX0012","44.213204","-69.341576","98.8","2021-10-16",,,"0.12",",,N",,,,
"US1MEKX0012","44.213204","-69.341576","98.8","2021-10-17",,,"0.98",",,N",,,,
"US1MEKX0012","44.213204","-69.341576","98.8","2021-10-18",,,"0.12",",,N",,,,
"US1MEKX0012","44.213204","-69.341576","98.8","2021-10-19",,,"0.01",",,N",,,,
"US1MEKX0012","44.213204","-69.341576","98.8","2021-10-20",,,"0.03",",,N",,,,
"US1MEKX0012","44.213204","-69.341576","98.8","2021-10-21",,,"0.02",",,N",,,,
"US1MEKX0012","44.213204","-69.341576","98.8","2021-10-22",,,"0.04",",,N",,,,
"US1MEKX0012","44.213204","-69.341576","98.8","2021-10-23",,,"0.05",",,N",,,,
"US1MEKX0012","44.213204","-69.341576","98.8","2021-10-24",,,"0.01",",,N",,,,
"US1MEKX0012","44.213204","-69.341576","98.8","2021-10-25",,,"0.00",",,N","0.0",",,N",,
"US1MEKX0012","44.213204","-69.341576","98.8","2021-10-26",,,"0.28",",,N",,,,
"US1MEKX0012","44.213204","-69.341576","98.8","2021-10-27",,,"0.55",",,N",,,,
"US1MEKX0012","44.213204","-69.341576","98.8","2021-10-28",,,"0.12",",,N",,,,
"US1MEKX0012","44.213204","-69.341576","98.8","2021-10-29",,,"0.00",",,N","0.0",",,N",,
"US1MEKX0012","44.213204","-69.341576","98.8","2021-10-30",,,"0.03",",,N",,,,
"US1MEKX0012","44.213204","-69.341576","98.8","2021-10-31",,,"3.84",",,N",,,,
"US1MEKX0012","44.213204","-69.341576","98.8","2021-11-01",,,"0.18",",,N",,,,
"US1MEKX0012","44.213204","-69.341576","98.8","2021-11-02",,,"0.01",",,N",,,,
"US1MEKX0012","44.213204","-69.341576","98.8","2021-11-03",,,"0.00",",,N","0.0",",,N",,
"US1MEKX0012","44.213204","-69.341576","98.8","2021-11-04",,,"0.00",",,N","0.0",",,N",,
"US1MEKX0012","44.213204","-69.341576","98.8","2021-11-05",,,"0.00",",,N","0.0",",,N",,
"US1MEKX0012","44.213204","-69.341576","98.8","2021-11-06",,,"0.00",",,N","0.0",",,N",,
"US1MEKX0012","44.213204","-69.341576","98.8","2021-11-07",,,"0.00",",,N","0.0",",,N",,
"US1MEKX0012","44.213204","-69.341576","98.8","2021-11-08",,,"0.00",",,N","0.0",",,N",,
"US1MEKX0012","44.213204","-69.341576","98.8","2021-11-09",,,"0.00",",,N","0.0",",,N",,
"US1MEKX0012","44.213204","-69.341576","98.8","2021-11-10",,,"0.10",",,N",,,,
"US1MEKX0012","44.213204","-69.341576","98.8","2021-11-11",,,"0.00",",,N",,,,
"US1MEKX0012","44.213204","-69.341576","98.8","2021-11-12",,,"0.00",",,N","0.0",",,N",,
"US1MEKX0012","44.213204","-69.341576","98.8","2021-11-13",,,"2.18",",,N",,,,
"US1MEKX0012","44.213204","-69.341576","98.8","2021-11-14",,,"0.17",",,N",,,,
"US1MEKX0012","44.213204","-69.341576","98.8","2021-11-15",,,"0.30",",,N",,,,
"US1MEKX0012","44.213204","-69.341576","98.8","2021-11-16",,,"0.01",",,N",,,,
"US1MEKX0012","44.213204","-69.341576","98.8","2021-11-17",,,"0.00",",,N","0.0",",,N",,
"US1MEKX0012","44.213204","-69.341576","98.8","2021-11-18",,,"0.07",",,N",,,,
"US1MEKX0012","44.213204","-69.341576","98.8","2021-11-19",,,"0.24",",,N",,,,
"US1MEKX0012","44.213204","-69.341576","98.8","2021-11-20",,,"0.02",",,N",,,,
"US1MEKX0012","44.213204","-69.341576","98.8","2021-11-21",,,"0.00",",,N","0.0",",,N",,
"US1MEKX0012","44.213204","-69.341576","98.8","2021-11-22",,,"1.58",",,N",,,,
"US1MEKX0012","44.213204","-69.341576","98.8","2021-11-23",,,"0.43",",,N",,,,
"US1MEKX0012","44.213204","-69.341576","98.8","2021-11-24",,,"0.00",",,N","0.0",",,N",,
"US1MEKX0012","44.213204","-69.341576","98.8","2021-11-25",,,"0.00",",,N","0.0",",,N",,
"US1MEKX0012","44.213204","-69.341576","98.8","2021-11-26",,,"0.00","T,,N",,,,
"US1MEKX0012","44.213204","-69.341576","98.8","2021-11-27",,,"0.68",",,N","2.5",",,N",,
"US1MEKX0012","44.213204","-69.341576","98.8","2021-11-28",,,"0.01",",,N","0.0",",,N",,
"USC00169980","31.6598","-93.6633","63.7","2021-08-01",,,"0.00",",,7,0700","0.0",",,7,0700",,
"USC00169980","31.6598","-93.6633","63.7","2021-08-02",,,"1.09",",,7,0700","0.0",",,7,0700",,
"USC00169980","31.6598","-93.6633","63.7","2021-08-03",,,"0.00",",,7,0700","0.0",",,7,0700",,
"USC00169980","31.6598","-93.6633","63.7","2021-08-04",,,"0.00",",,7,0700","0.0",",,7,0700",,
"USC00169980","31.6598","-93.6633","63.7","2021-08-05",,,"0.00",",,7,0700","0.0",",,7,0700",,
"USC00169980","31.6598","-93.6633","63.7","2021-08-06",,,"0.00",",,7,0700","0.0",",,7,0700",,
"USC00169980","31.6598","-93.6633","63.7","2021-08-07",,,"0.00",",,7,0700","0.0",",,7,0700",,
"USC00169980","31.6598","-93.6633","63.7","2021-08-08",,,"0.00",",,7,0700","0.0",",,7,0700",,
"USC00169980","31.6598","-93.6633","63.7","2021-08-09",,,"0.00",",,7,0700","0.0",",,7,0700",,
"USC00169980","31.6598","-93.6633","63.7","2021-08-10",,,"0.00",",,7,0700","0.0",",,7,0700",,
"USC00169980","31.6598","-93.6633","63.7","2021-08-11",,,"0.00",",,7,0700","0.0",",,7,0700",,
"USC00169980","31.6598","-93.6633","63.7","2021-08-12",,,"0.00",",,7,0700","0.0",",,7,0700",,
"USC00169980","31.6598","-93.6633","63.7","2021-08-13",,,"0.00",",,7,0700","0.0",",,7,0700",,
"USC00169980","31.6598","-93.6633","63.7","2021-08-14",,,"0.00",",,7,0700","0.0",",,7,0700",,
"USC00169980","31.6598","-93.6633","63.7","2021-08-15",,,"0.00",",,7,0700","0.0",",,7,0700",,
"USC00169980","31.6598","-93.6633","63.7","2021-08-16",,,"0.17",",,7,0700","0.0",",,7,0700",,
"USC00169980","31.6598","-93.6633","63.7","2021-08-17",,,"0.00",",,7,0700","0.0",",,7,0700",,
"USC00169980","31.6598","-93.6633","63.7","2021-08-18",,,"0.00",",,7,0700","0.0",",,7,0700",,
"USC00169980","31.6598","-93.6633","63.7","2021-08-19",,,"0.00",",,7,0700","0.0",",,7,0700",,
"USC00169980","31.6598","-93.6633","63.7","2021-08-20",,,"0.40",",,7,0700","0.0",",,7,0700",,
"USC00169980","31.6598","-93.6633","63.7","2021-08-21",,,"0.00",",,7,0700","0.0",",,7,0700",,
"USC00169980","31.6598","-93.6633","63.7","2021-08-22",,,"0.00",",,7,0700","0.0",",,7,0700",,
"USC00169980","31.6598","-93.6633","63.7","2021-08-23",,,"0.00",",,7,0700","0.0",",,7,0700",,
"USC00169980","31.6598","-93.6633","63.7","2021-08-24",,,"0.00",",,7,0700","0.0",",,7,0700",,
"USC00169980","31.6598","-93.6633","63.7","2021-08-25",,,"0.00",",,7,0700","0.0",",,7,0700",,
"USC00169980","31.6598","-93.6633","63.7","2021-08-26",,,"0.00",",,7,0700","0.0",",,7,0700",,
"USC00169980","31.6598","-93.6633","63.7","2021-08-27",,,"0.00",",,7,0700","0.0",",,7,0700",,
"USC00169980","31.6598","-93.6633","63.7","2021-08-28",,,"0.00",",,7,0700","0.0",",,7,0700",,
"USC00169980","31.6598","-93.6633","63.7","2021-08-29",,,"0.00",",,7,0700","0.0",",,7,0700",,
"USC00169980","31.6598","-93.6633","63.7","2021-08-30",,,"0.00",",,7,0700","0.0",",,7,0700",,
"USC00169980","31.6598","-93.6633","63.7","2021-08-31",,,"0.00",",,7,0700","0.0",",,7,0700",,
"USC00169980","31.6598","-93.6633","63.7","2021-09-01",,,"0.00",",,7,0700","0.0",",,7,0700",,
"USC00169980","31.6598","-93.6633","63.7","2021-09-02",,,"0.24",",,7,0700","0.0",",,7,0700",,
"USC00169980","31.6598","-93.6633","63.7","2021-09-03",,,"0.00","T,,7,0700","0.0",",,7,0700",,
"USC00169980","31.6598","-93.6633","63.7","2021-09-04",,,"0.00",",,7,0700","0.0",",,7,0700",,
"USC00169980","31.6598","-93.6633","63.7","2021-09-05",,,"0.00",",,7,0700","0.0",",,7,0700",,
"USC00169980","31.6598","-93.6633","63.7","2021-09-06",,,"0.00",",,7,0700","0.0",",,7,0700",,
"USC00169980","31.6598","-93.6633","63.7","2021-09-07",,,"0.00",",,7,0700","0.0",",,7,0700",,
"USC00169980","31.6598","-93.6633","63.7","2021-09-08",,,"0.00",",,7,0700","0.0",",,7,0700",,
"USC00169980","31.6598","-93.6633","63.7","2021-09-09",,,"0.00",",,7,0700","0.0",",,7,0700",,
"USC00169980","31.6598","-93.6633","63.7","2021-09-10",,,"0.00",",,7,0700","0.0",",,7,0700",,
"USC00169980","31.6598","-93.6633","63.7","2021-09-11",,,"0.00",",,7,0700","0.0",",,7,0700",,
"USC00169980","31.6598","-93.6633","63.7","2021-09-12",,,"0.00",",,7,0700","0.0",",,7,0700",,
"USC00169980","31.6598","-93.6633","63.7","2021-09-13",,,"0.00",",,7,0700","0.0",",,7,0700",,
"USC00169980","31.6598","-93.6633","63.7","2021-09-14",,,"0.54",",,7,0700","0.0",",,7,0700",,
"USC00169980","31.6598","-93.6633","63.7","2021-09-15",,,"0.00",",,7,0700","0.0",",,7,0700",,
"USC00169980","31.6598","-93.6633","63.7","2021-09-16",,,"0.00",",,7,0700","0.0",",,7,0700",,
"USC00169980","31.6598","-93.6633","63.7","2021-09-17",,,"0.00",",,7,0700","0.0",",,7,0700",,
"USC00169980","31.6598","-93.6633","63.7","2021-09-18",,,"0.00",",,7,0700","0.0",",,7,0700",,
"USC00169980","31.6598","-93.6633","63.7","2021-09-19",,,"0.00","T,,7,0700","0.0",",,7,0700",,
"USC00169980","31.6598","-93.6633","63.7","2021-09-20",,,"0.00",",,7,0700","0.0",",,7,0700",,
"USC00169980","31.6598","-93.6633","63.7","2021-09-21",,,"0.00",",,7,0700","0.0",",,7,0700",,
"USC00169980","31.6598","-93.6633","63.7","2021-09-22",,,"0.00",",,7,0700","0.0",",,7,0700",,
"USC00169980","31.6598","-93.6633","63.7","2021-09-23",,,"0.00",",,7,0700","0.0",",,7,0700",,
"USC00169980","31.6598","-93.6633","63.7","2021-09-24",,,"0.00",",,7,0700","0.0",",,7,0700",,
"USC00169980","31.6598","-93.6633","63.7","2021-09-25",,,"0.00",",,7,0700","0.0",",,7,0700",,
"USC00169980","31.6598","-93.6633","63.7","2021-09-26",,,"0.00",",,7,0700","0.0",",,7,0700",,
"USC00169980","31.6598","-93.6633","63.7","2021-09-27",,,"0.00",",,7,0700","0.0",",,7,0700",,
"USC00169980","31.6598","-93.6633","63.7","2021-09-28",,,"0.00",",,7,0700","0.0",",,7,0700",,
"USC00169980","31.6598","-93.6633","63.7","2021-09-29",,,"0.22",",,7,0700","0.0",",,7,0700",,
"USC00169980","31.6598","-93.6633","63.7","2021-09-30",,,"0.00",",,7,0700","0.0",",,7,0700",,
"USC00169980","31.6598","-93.6633","63.7","2021-10-01",,,"0.00",",,7,0700","0.0",",,7,0700",,
"USC00169980","31.6598","-93.6633","63.7","2021-10-02",,,"3.42",",,7,0700","0.0",",,7,0700",,
"USC00169980","31.6598","-93.6633","63.7","2021-10-03",,,"0.00",",,7,0700","0.0",",,7,0700",,
"USC00169980","31.6598","-93.6633","63.7","2021-10-04",,,"0.00",",,7,0700","0.0",",,7,0700",,
"USC00169980","31.6598","-93.6633","63.7","2021-10-05",,,"0.00",",,7,0700","0.0",",,7,0700",,
"USC00169980","31.6598","-93.6633","63.7","2021-10-06",,,"0.00",",,7,0700","0.0",",,7,0700",,
"USC00169980","31.6598","-93.6633","63.7","2021-10-07",,,"0.00",",,7,0700","0.0",",,7,0700",,
"USC00169980","31.6598","-93.6633","63.7","2021-10-08",,,"0.00",",,7,0700","0.0",",,7,0700",,
"USC00169980","31.6598","-93.6633","63.7","2021-10-09",,,"0.00",",,7,0700","0.0",",,7,0700",,
"USC00169980","31.6598","-93.6633","63.7","2021-10-10",,,"0.00",",,7,0700","0.0",",,7,0700",,
"USC00169980","31.6598","-93.6633","63.7","2021-10-11",,,"0.00",",,7,0700","0.0",",,7,0700",,
"USC00169980","31.6598","-93.6633","63.7","2021-10-12",,,"0.00",",,7,0700","0.0",",,7,0700",,
"USC00169980","31.6598","-93.6633","63.7","2021-10-13",,,"0.00",",,7,0700","0.0",",,7,0700",,
"USC00169980","31.6598","-93.6633","63.7","2021-10-14",,,"0.00",",,7,0700","0.0",",,7,0700",,
"USC00169980","31.6598","-93.6633","63.7","2021-10-15",,,"0.00",",,7,0700","0.0",",,7,0700",,
"USC00169980","31.6598","-93.6633","63.7","2021-10-16",,,"0.00",",,7,0700","0.0",",,7,0700",,
"USC00169980","31.6598","-93.6633","63.7","2021-10-17",,,"0.00",",,7,0700","0.0",",,7,0700",,
"USC00169980","31.6598","-93.6633","63.7","2021-10-18",,,"0.00",",,7,0700","0.0",",,7,0700",,
"USC00169980","31.6598","-93.6633","63.7","2021-10-19",,,"0.00",",,7,0700","0.0",",,7,0700",,
"USC00169980","31.6598","-93.6633","63.7","2021-10-20",,,"0.00",",,7,0700","0.0",",,7,0700",,
"USC00169980","31.6598","-93.6633","63.7","2021-10-21",,,"0.00",",,7,0700","0.0",",,7,0700",,
"USC00169980","31.6598","-93.6633","63.7","2021-10-22",,,"0.00",",,7,0700","0.0",",,7,0700",,
"USC00169980","31.6598","-93.6633","63.7","2021-10-23",,,"0.00",",,7,0700","0.0",",,7,0700",,
"USC00169980","31.6598","-93.6633","63.7","2021-10-24",,,"0.00",",,7,0700","0.0",",,7,0700",,
"USC00169980","31.6598","-93.6633","63.7","2021-10-25",,,"0.00",",,7,0700","0.0",",,7,0700",,
"USC00169980","31.6598","-93.6633","63.7","2021-10-26",,,"0.00",",,7,0700","0.0",",,7,0700",,
"USC00169980","31.6598","-93.6633","63.7","2021-10-27",,,"0.00",",,7,0700","0.0",",,7,0700",,
"USC00169980","31.6598","-93.6633","63.7","2021-10-28",,,"0.94",",,7,0700","0.0",",,7,0700",,
"USC00169980","31.6598","-93.6633","63.7","2021-10-29",,,"0.00",",,7,0700","0.0",",,7,0700",,
"USC00169980","31.6598","-93.6633","63.7","2021-10-30",,,"0.00",",,7,0700","0.0",",,7,0700",,
"USC00169980","31.6598","-93.6633","63.7","2021-10-31",,,"0.00",",,7,0700","0.0",",,7,0700",,
"USC00165266","31.1416","-93.2397","8.5","2021-08-01",,,"0.00",",,7,0800",,,,
"USC00165266","31.1416","-93.2397","8.5","2021-08-02",,,"0.00","T,,7,0800",,,,
"USC00165266","31.1416","-93.2397","8.5","2021-08-03",,,"1.71",",,7,0800",,,,
"USC00165266","31.1416","-93.2397","8.5","2021-08-04",,,"0.04",",,7,0800",,,,
"USC00165266","31.1416","-93.2397","8.5","2021-08-05",,,"0.00",",,7,0800",,,,
"USC00165266","31.1416","-93.2397","8.5","2021-08-06",,,"0.00",",,7,0800",,,,
"USC00165266","31.1416","-93.2397","8.5","2021-08-07",,,"0.00",",,7,0800",,,,
"USC00165266","31.1416","-93.2397","8.5","2021-08-08",,,"0.02",",,7,0800",,,,
"USC00165266","31.1416","-93.2397","8.5","2021-08-09",,,"0.00",",,7,0800",,,,
"USC00165266","31.1416","-93.2397","8.5","2021-08-10",,,"0.00",",,7,0800",,,,
"USC00165266","31.1416","-93.2397","8.5","2021-08-11",,,"0.00",",,7,0800",,,,
"USC00165266","31.1416","-93.2397","8.5","2021-08-12",,,"0.00",",,7,0800",,,,
"USC00165266","31.1416","-93.2397","8.5","2021-08-13",,,"0.54",",,7,0800",,,,
"USC00165266","31.1416","-93.2397","8.5","2021-08-14",,,"0.00",",,7,0800",,,,
"USC00165266","31.1416","-93.2397","8.5","2021-08-15",,,"0.04",",,7,0800",,,,
"USC00165266","31.1416","-93.2397","8.5","2021-08-16",,,"0.00",",,7,0800",,,,
"USC00165266","31.1416","-93.2397","8.5","2021-08-17",,,"0.03",",,7,0800",,,,
"USC00165266","31.1416","-93.2397","8.5","2021-08-18",,,"0.00",",,7,0800",,,,
"USC00165266","31.1416","-93.2397","8.5","2021-08-19",,,"0.00",",,7,0800",,,,
"USC00165266","31.1416","-93.2397","8.5","2021-08-20",,,"0.47",",,7,0800",,,,
"USC00165266","31.1416","-93.2397","8.5","2021-08-21",,,"0.00",",,7,0800",,,,
"USC00165266","31.1416","-93.2397","8.5","2021-08-22",,,"0.00",",,7,0800",,,,
"USC00165266","31.1416","-93.2397","8.5","2021-08-23",,,"0.00",",,7,0800",,,,
"USC00165266","31.1416","-93.2397","8.5","2021-08-24",,,"0.00",",,7,0800",,,,
"USC00165266","31.1416","-93.2397","8.5","2021-08-25",,,"0.71",",,7,0800",,,,
"USC00165266","31.1416","-93.2397","8.5","2021-08-26",,,"0.01",",,7,0800",,,,
"USC00165266","31.1416","-93.2397","8.5","2021-08-27",,,"0.27",",,7,0800",,,,
"USC00165266","31.1416","-93.2397","8.5","2021-08-28",,,"0.00",",,7,0800",,,,
"USC00165266","31.1416","-93.2397","8.5","2021-08-29",,,"0.34",",,7,0800",,,,
"USC00165266","31.1416","-93.2397","8.5","2021-08-30",,,"0.21",",,7,0800",,,,
"USC00165266","31.1416","-93.2397","8.5","2021-08-31",,,"0.00","T,,7,0800",,,,
"USC00165266","31.1416","-93.2397","8.5","2021-09-01",,,"0.60",",,7,0800",,,,
"USC00165266","31.1416","-93.2397","8.5","2021-09-02",,,"0.31",",,7,0800",,,,
"USC00165266","31.1416","-93.2397","8.5","2021-09-03",,,"0.00",",,7,0800",,,,
"USC00165266","31.1416","-93.2397","8.5","2021-09-04",,,"0.00",",,7,0800",,,,
"USC00165266","31.1416","-93.2397","8.5","2021-09-05",,,"0.00",",,7,0800",,,,
"USC00165266","31.1416","-93.2397","8.5","2021-09-06",,,"0.09",",,7,0800",,,,
"USC00165266","31.1416","-93.2397","8.5","2021-09-07",,,"0.00",",,7,0800",,,,
"USC00165266","31.1416","-93.2397","8.5","2021-09-08",,,"0.00",",,7,0800",,,,
"USC00165266","31.1416","-93.2397","8.5","2021-09-09",,,"0.00",",,7,0800",,,,
"USC00165266","31.1416","-93.2397","8.5","2021-09-10",,,"0.00",",,7,0800",,,,
"USC00165266","31.1416","-93.2397","8.5","2021-09-11",,,"0.00",",,7,0800",,,,
"USC00165266","31.1416","-93.2397","8.5","2021-09-12",,,"0.00",",,7,0800",,,,
"USC00165266","31.1416","-93.2397","8.5","2021-09-13",,,"0.00","T,,7,0800",,,,
"USC00165266","31.1416","-93.2397","8.5","2021-09-14",,,"0.41",",,7,0800",,,,
"USC00165266","31.1416","-93.2397","8.5","2021-09-15",,,"3.67",",,7,0800",,,,
"USC00165266","31.1416","-93.2397","8.5","2021-09-16",,,"0.12",",,7,0800",,,,
"USC00165266","31.1416","-93.2397","8.5","2021-09-17",,,"0.10",",,7,0800",,,,
"USC00165266","31.1416","-93.2397","8.5","2021-09-18",,,"0.07",",,7,0800",,,,
"USC00165266","31.1416","-93.2397","8.5","2021-09-19",,,"0.00",",,7,0800",,,,
"USC00165266","31.1416","-93.2397","8.5","2021-09-20",,,"0.68",",,7,0800",,,,
"USC00165266","31.1416","-93.2397","8.5","2021-09-21",,,"0.00",",,7,0800",,,,
"USC00165266","31.1416","-93.2397","8.5","2021-09-22",,,"0.15",",,7,0800",,,,
"USC00165266","31.1416","-93.2397","8.5","2021-09-23",,,"0.00",",,7,0800",,,,
"USC00165266","31.1416","-93.2397","8.5","2021-09-24",,,"0.00",",,7,0800",,,,
"USC00165266","31.1416","-93.2397","8.5","2021-09-25",,,"0.00",",,7,0800",,,,
"USC00165266","31.1416","-93.2397","8.5","2021-09-26",,,"0.00",",,7,0800",,,,
"USC00165266","31.1416","-93.2397","8.5","2021-09-27",,,"0.00",",,7,0800",,,,
"USC00165266","31.1416","-93.2397","8.5","2021-09-28",,,"3.53",",,7,0800",,,,
"USC00165266","31.1416","-93.2397","8.5","2021-09-29",,,"0.13",",,7,0800",,,,
"USC00165266","31.1416","-93.2397","8.5","2021-09-30",,,"0.03",",,7,0800",,,,
"USC00165266","31.1416","-93.2397","8.5","2021-10-01",,,"0.00",",,7,0800",,,,
"USC00165266","31.1416","-93.2397","8.5","2021-10-02",,,"0.22",",,7,0800",,,,
"USC00165266","31.1416","-93.2397","8.5","2021-10-03",,,"0.00",",,7,0800",,,,
"USC00165266","31.1416","-93.2397","8.5","2021-10-04",,,"0.00","T,,7,0800",,,,
"USC00165266","31.1416","-93.2397","8.5","2021-10-05",,,"0.00",",,7,0800",,,,
"USC00165266","31.1416","-93.2397","8.5","2021-10-06",,,"0.00",",,7,0800",,,,
"USC00165266","31.1416","-93.2397","8.5","2021-10-07",,,"0.00",",,7,0800",,,,
"USC00165266","31.1416","-93.2397","8.5","2021-10-08",,,"0.00",",,7,0800",,,,
"USC00165266","31.1416","-93.2397","8.5","2021-10-09",,,"0.00",",,7,0800",,,,
"USC00165266","31.1416","-93.2397","8.5","2021-10-10",,,"0.00",",,7,0800",,,,
"USC00165266","31.1416","-93.2397","8.5","2021-10-11",,,"0.18",",,7,0800",,,,
"USC00165266","31.1416","-93.2397","8.5","2021-10-12",,,"0.06",",,7,0800",,,,
"USC00165266","31.1416","-93.2397","8.5","2021-10-13",,,"0.08",",,7,0800",,,,
"USC00165266","31.1416","-93.2397","8.5","2021-10-14",,,"0.00",",,7,0800",,,,
"USC00165266","31.1416","-93.2397","8.5","2021-10-15",,,"0.00",",,7,0800",,,,
"USC00165266","31.1416","-93.2397","8.5","2021-10-16",,,"0.01",",,7,0800",,,,
"USC00165266","31.1416","-93.2397","8.5","2021-10-17",,,"0.00",",,7,0800",,,,
"USC00165266","31.1416","-93.2397","8.5","2021-10-18",,,"0.00",",,7,0800",,,,
"USC00165266","31.1416","-93.2397","8.5","2021-10-19",,,"0.00",",,7,0800",,,,
"USC00165266","31.1416","-93.2397","8.5","2021-10-20",,,"0.00",",,7,0800",,,,
"USC00165266","31.1416","-93.2397","8.5","2021-10-21",,,"0.00",",,7,0800",,,,
"USC00165266","31.1416","-93.2397","8.5","2021-10-22",,,"0.00",",,7,0800",,,,
"USC00165266","31.1416","-93.2397","8.5","2021-10-23",,,"0.00",",,7,0800",,,,
"USC00165266","31.1416","-93.2397","8.5","2021-10-24",,,"0.08",",,7,0800",,,,
"USC00165266","31.1416","-93.2397","8.5","2021-10-25",,,"0.00",",,7,0800",,,,
"USC00165266","31.1416","-93.2397","8.5","2021-10-26",,,"0.01",",,7,0800",,,,
"USC00165266","31.1416","-93.2397","8.5","2021-10-27",,,"0.00",",,7,0800",,,,
"USC00165266","31.1416","-93.2397","8.5","2021-10-28",,,"0.60",",,7,0800",,,,
"USC00165266","31.1416","-93.2397","8.5","2021-10-29",,,"0.00",",,7,0800",,,,
"USC00165266","31.1416","-93.2397","8.5","2021-10-30",,,"0.00",",,7,0800",,,,
"USC00165266","31.1416","-93.2397","8.5","2021-10-31",,,"0.00",",,7,0800",,,,
"USC00165266","31.1416","-93.2397","8.5","2021-11-01",,,"0.00",",,H,0800",,,,
"USC00165266","31.1416","-93.2397","8.5","2021-11-02",,,"0.00",",,H,0800",,,,
"USC00165266","31.1416","-93.2397","8.5","2021-11-03",,,"0.00",",,H,0800",,,,
"USC00165266","31.1416","-93.2397","8.5","2021-11-04",,,"0.39",",,H,0800",,,,
"USC00165266","31.1416","-93.2397","8.5","2021-11-05",,,"0.00",",,H,0800",,,,
"USC00165266","31.1416","-93.2397","8.5","2021-11-06",,,"0.00",",,H,0800",,,,
"USC00165266","31.1416","-93.2397","8.5","2021-11-07",,,"0.00",",,H,0800",,,,
"USC00165266","31.1416","-93.2397","8.5","2021-11-08",,,"0.00",",,H,0800",,,,
"USC00165266","31.1416","-93.2397","8.5","2021-11-09",,,"0.00",",,H,0800",,,,
"USC00165266","31.1416","-93.2397","8.5","2021-11-10",,,"0.00",",,H,0800",,,,
"USC00165266","31.1416","-93.2397","8.5","2021-11-11",,,"0.74",",,H,0800",,,,
"USC00165266","31.1416","-93.2397","8.5","2021-11-12",,,"0.01",",,H,0800",,,,
"USC00165266","31.1416","-93.2397","8.5","2021-11-13",,,"0.00",",,H,0800",,,,
"USC00165266","31.1416","-93.2397","8.5","2021-11-14",,,"0.00",",,H,0800",,,,
"USC00165266","31.1416","-93.2397","8.5","2021-11-15",,,"0.00",",,H,0800",,,,
"USC00165266","31.1416","-93.2397","8.5","2021-11-16",,,"0.00",",,H,0800",,,,
"USC00165266","31.1416","-93.2397","8.5","2021-11-17",,,"0.00",",,H,0800",,,,
"USC00165266","31.1416","-93.2397","8.5","2021-11-18",,,"0.08",",,H,0800",,,,
"USC00165266","31.1416","-93.2397","8.5","2021-11-19",,,"0.00",",,H,0800",,,,
"USC00165266","31.1416","-93.2397","8.5","2021-11-20",,,"0.00",",,H,0800",,,,
"USC00165266","31.1416","-93.2397","8.5","2021-11-21",,,"0.00",",,H,0800",,,,
"USC00165266","31.1416","-93.2397","8.5","2021-11-22",,,"0.10",",,H,0800",,,,
"USC00165266","31.1416","-93.2397","8.5","2021-11-23",,,"0.00",",,H,0800",,,,
"USC00165266","31.1416","-93.2397","8.5","2021-11-24",,,"0.00",",,H,0800",,,,
"USC00165266","31.1416","-93.2397","8.5","2021-11-25",,,"0.06",",,H,0800",,,,
"USC00165266","31.1416","-93.2397","8.5","2021-11-26",,,"0.07",",,H,0800",,,,
"USC00165266","31.1416","-93.2397","8.5","2021-11-27",,,"0.00",",,H,0800",,,,
"USC00165266","31.1416","-93.2397","8.5","2021-11-28",,,"0.16",",,H,0800",,,,
"US1MEKX0010","44.2369256168604","-69.2717143893242","52.4","2021-08-01",,,"0.00",",,N","0.0",",,N",,
"US1MEKX0010","44.2369256168604","-69.2717143893242","52.4","2021-08-02",,,"0.00","T,,N","0.0",",,N",,
"US1MEKX0010","44.2369256168604","-69.2717143893242","52.4","2021-08-03",,,"0.00",",,N","0.0",",,N",,
"US1MEKX0010","44.2369256168604","-69.2717143893242","52.4","2021-08-04",,,"0.00",",,N","0.0",",,N",,
"US1MEKX0010","44.2369256168604","-69.2717143893242","52.4","2021-08-05",,,"0.17",",,N","0.0",",,N",,
"US1MEKX0010","44.2369256168604","-69.2717143893242","52.4","2021-08-06",,,"0.38",",,N","0.0",",,N",,
"US1MEKX0010","44.2369256168604","-69.2717143893242","52.4","2021-08-07",,,"0.00",",,N","0.0",",,N",,
"US1MEKX0010","44.2369256168604","-69.2717143893242","52.4","2021-08-08",,,"0.00",",,N","0.0",",,N",,
"US1MEKX0010","44.2369256168604","-69.2717143893242","52.4","2021-08-09",,,"0.00",",,N","0.0",",,N",,
"US1MEKX0010","44.2369256168604","-69.2717143893242","52.4","2021-08-10",,,"0.00",",,N","0.0",",,N",,
"US1MEKX0010","44.2369256168604","-69.2717143893242","52.4","2021-08-11",,,"0.00","T,,N","0.0",",,N",,
"US1MEKX0010","44.2369256168604","-69.2717143893242","52.4","2021-08-12",,,"0.00",",,N","0.0",",,N",,
"US1MEKX0010","44.2369256168604","-69.2717143893242","52.4","2021-08-13",,,"0.00",",,N","0.0",",,N",,
"US1MEKX0010","44.2369256168604","-69.2717143893242","52.4","2021-08-14",,,"0.00",",,N","0.0",",,N",,
"US1MEKX0010","44.2369256168604","-69.2717143893242","52.4","2021-08-15",,,"0.49",",,N","0.0",",,N",,
"US1MEKX0010","44.2369256168604","-69.2717143893242","52.4","2021-08-16",,,"0.00",",,N","0.0",",,N",,
"US1MEKX0010","44.2369256168604","-69.2717143893242","52.4","2021-08-17",,,"0.00",",,N","0.0",",,N",,
"US1MEKX0010","44.2369256168604","-69.2717143893242","52.4","2021-08-18",,,"0.03",",,N","0.0",",,N",,
"US1MEKX0010","44.2369256168604","-69.2717143893242","52.4","2021-08-19",,,"0.05",",,N","0.0",",,N",,
"US1MEKX0010","44.2369256168604","-69.2717143893242","52.4","2021-08-20",,,"0.40",",,N","0.0",",,N",,
"US1MEKX0010","44.2369256168604","-69.2717143893242","52.4","2021-08-21",,,"0.00",",,N","0.0",",,N",,
"US1MEKX0010","44.2369256168604","-69.2717143893242","52.4","2021-08-22",,,"0.01",",,N","0.0",",,N",,
"US1MEKX0010","44.2369256168604","-69.2717143893242","52.4","2021-08-23",,,"0.32",",,N","0.0",",,N",,
"US1MEKX0010","44.2369256168604","-69.2717143893242","52.4","2021-08-24",,,"0.03",",,N","0.0",",,N",,
"US1MEKX0010","44.2369256168604","-69.2717143893242","52.4","2021-08-25",,,"0.00",",,N","0.0",",,N",,
"US1MEKX0010","44.2369256168604","-69.2717143893242","52.4","2021-08-26",,,"0.00",",,N","0.0",",,N",,
"US1MEKX0010","44.2369256168604","-69.2717143893242","52.4","2021-08-27",,,"0.00",",,N","0.0",",,N",,
"US1MEKX0010","44.2369256168604","-69.2717143893242","52.4","2021-08-28",,,"0.00",",,N","0.0",",,N",,
"US1MEKX0010","44.2369256168604","-69.2717143893242","52.4","2021-08-29",,,"0.31",",,N","0.0",",,N",,
"US1MEKX0010","44.2369256168604","-69.2717143893242","52.4","2021-08-30",,,"0.01",",,N","0.0",",,N",,
"US1MEKX0010","44.2369256168604","-69.2717143893242","52.4","2021-08-31",,,"0.06",",,N","0.0",",,N",,
"US1MEKX0010","44.2369256168604","-69.2717143893242","52.4","2021-09-01",,,"0.00",",,N","0.0",",,N",,
"US1MEKX0010","44.2369256168604","-69.2717143893242","52.4","2021-09-02",,,"1.20",",,N","0.0",",,N",,
"US1MEKX0010","44.2369256168604","-69.2717143893242","52.4","2021-09-03",,,"0.13",",,N","0.0",",,N",,
"US1MEKX0010","44.2369256168604","-69.2717143893242","52.4","2021-09-04",,,"0.05",",,N","0.0",",,N",,
"US1MEKX0010","44.2369256168604","-69.2717143893242","52.4","2021-09-05",,,"0.00",",,N","0.0",",,N",,
"US1MEKX0010","44.2369256168604","-69.2717143893242","52.4","2021-09-06",,,"0.15",",,N","0.0",",,N",,
"US1MEKX0010","44.2369256168604","-69.2717143893242","52.4","2021-09-07",,,"0.17",",,N","0.0",",,N",,
"US1MEKX0010","44.2369256168604","-69.2717143893242","52.4","2021-09-08",,,"0.00",",,N","0.0",",,N",,
"US1MEKX0010","44.2369256168604","-69.2717143893242","52.4","2021-09-09",,,"0.02",",,N","0.0",",,N",,
"US1MEKX0010","44.2369256168604","-69.2717143893242","52.4","2021-09-10",,,"1.19",",,N","0.0",",,N",,
"US1MEKX0010","44.2369256168604","-69.2717143893242","52.4","2021-09-11",,,"0.18",",,N","0.0",",,N",,
"US1MEKX0010","44.2369256168604","-69.2717143893242","52.4","2021-09-12",,,"0.00",",,N","0.0",",,N",,
"US1MEKX0010","44.2369256168604","-69.2717143893242","52.4","2021-09-13",,,"0.03",",,N","0.0",",,N",,
"US1MEKX0010","44.2369256168604","-69.2717143893242","52.4","2021-09-14",,,"0.00",",,N","0.0",",,N",,
"US1MEKX0010","44.2369256168604","-69.2717143893242","52.4","2021-09-15",,,"0.00","T,,N","0.0",",,N",,
"US1MEKX0010","44.2369256168604","-69.2717143893242","52.4","2021-09-16",,,"0.16",",,N","0.0",",,N",,
"US1MEKX0010","44.2369256168604","-69.2717143893242","52.4","2021-09-17",,,"0.00",",,N","0.0",",,N",,
"US1MEKX0010","44.2369256168604","-69.2717143893242","52.4","2021-09-18",,,"0.00",",,N","0.0",",,N",,
"US1MEKX0010","44.2369256168604","-69.2717143893242","52.4","2021-09-19",,,"0.52",",,N","0.0",",,N",,
"US1MEKX0010","44.2369256168604","-69.2717143893242","52.4","2021-09-21",,,"0.00",",,N","0.0",",,N",,
"US1MEKX0010","44.2369256168604","-69.2717143893242","52.4","2021-09-22",,,"0.00","T,,N","0.0",",,N",,
"US1MEKX0010","44.2369256168604","-69.2717143893242","52.4","2021-09-23",,,"0.00",",,N","0.0",",,N",,
"US1MEKX0010","44.2369256168604","-69.2717143893242","52.4","2021-09-24",,,"0.00",",,N","0.0",",,N",,
"US1MEKX0010","44.2369256168604","-69.2717143893242","52.4","2021-09-25",,,"1.45",",,N","0.0",",,N",,
"US1MEKX0010","44.2369256168604","-69.2717143893242","52.4","2021-09-26",,,"0.62",",,N","0.0",",,N",,
"US1MEKX0010","44.2369256168604","-69.2717143893242","52.4","2021-09-27",,,"0.60",",,N","0.0",",,N",,
"US1MEKX0010","44.2369256168604","-69.2717143893242","52.4","2021-09-28",,,"0.00",",,N","0.0",",,N",,
"US1MEKX0010","44.2369256168604","-69.2717143893242","52.4","2021-09-29",,,"0.00","T,,N","0.0",",,N",,
"US1MEKX0010","44.2369256168604","-69.2717143893242","52.4","2021-09-30",,,"0.03",",,N","0.0",",,N",,
"US1MEKX0010","44.2369256168604","-69.2717143893242","52.4","2021-10-01",,,"0.40",",,N","0.0",",,N",,
"US1MEKX0010","44.2369256168604","-69.2717143893242","52.4","2021-10-02",,,"0.00",",,N","0.0",",,N",,
"US1MEKX0010","44.2369256168604","-69.2717143893242","52.4","2021-10-03",,,"0.00","T,,N","0.0",",,N",,
"US1MEKX0010","44.2369256168604","-69.2717143893242","52.4","2021-10-04",,,"0.06",",,N","0.0",",,N",,
"US1MEKX0010","44.2369256168604","-69.2717143893242","52.4","2021-10-05",,,"0.00",",,N","0.0",",,N",,
"US1MEKX0010","44.2369256168604","-69.2717143893242","52.4","2021-10-06",,,"0.00",",,N","0.0",",,N",,
"US1MEKX0010","44.2369256168604","-69.2717143893242","52.4","2021-10-07",,,"0.00",",,N","0.0",",,N",,
"US1MEKX0010","44.2369256168604","-69.2717143893242","52.4","2021-10-08",,,"0.00",",,N","0.0",",,N",,
"US1MEKX0010","44.2369256168604","-69.2717143893242","52.4","2021-10-09",,,"0.00",",,N","0.0",",,N",,
"US1MEKX0010","44.2369256168604","-69.2717143893242","52.4","2021-10-10",,,"0.00",",,N","0.0",",,N",,
"US1MEKX0010","44.2369256168604","-69.2717143893242","52.4","2021-10-11",,,"0.02",",,N","0.0",",,N",,
"US1MEKX0010","44.2369256168604","-69.2717143893242","52.4","2021-10-12",,,"0.00",",,N","0.0",",,N",,
"US1MEKX0010","44.2369256168604","-69.2717143893242","52.4","2021-10-13",,,"0.00",",,N","0.0",",,N",,
"US1MEKX0010","44.2369256168604","-69.2717143893242","52.4","2021-10-14",,,"0.00",",,N","0.0",",,N",,
"US1MEKX0010","44.2369256168604","-69.2717143893242","52.4","2021-10-15",,,"0.00",",,N","0.0",",,N",,
"US1MEKX0010","44.2369256168604","-69.2717143893242","52.4","2021-10-16",,,"0.13",",,N","0.0",",,N",,
"US1MEKX0010","44.2369256168604","-69.2717143893242","52.4","2021-10-17",,,"1.06",",,N","0.0",",,N",,
"US1MEKX0010","44.2369256168604","-69.2717143893242","52.4","2021-10-18",,,"0.06",",,N","0.0",",,N",,
"US1MEKX0010","44.2369256168604","-69.2717143893242","52.4","2021-10-19",,,"0.00",",,N","0.0",",,N",,
"US1MEKX0010","44.2369256168604","-69.2717143893242","52.4","2021-10-20",,,"0.05",",,N","0.0",",,N",,
"US1MEKX0010","44.2369256168604","-69.2717143893242","52.4","2021-10-21",,,"0.00",",,N","0.0",",,N",,
"US1MEKX0010","44.2369256168604","-69.2717143893242","52.4","2021-10-22",,,"0.04",",,N","0.0",",,N",,
"US1MEKX0010","44.2369256168604","-69.2717143893242","52.4","2021-10-23",,,"0.06",",,N","0.0",",,N",,
"US1MEKX0010","44.2369256168604","-69.2717143893242","52.4","2021-10-24",,,"0.00",",,N","0.0",",,N",,
"US1MEKX0010","44.2369256168604","-69.2717143893242","52.4","2021-10-25",,,"0.00",",,N","0.0",",,N",,
"US1MEKX0010","44.2369256168604","-69.2717143893242","52.4","2021-10-26",,,"0.29",",,N","0.0",",,N",,
"US1MEKX0010","44.2369256168604","-69.2717143893242","52.4","2021-10-27",,,"0.48",",,N","0.0",",,N",,
"US1MEKX0010","44.2369256168604","-69.2717143893242","52.4","2021-10-28",,,"0.16",",,N","0.0",",,N",,
"US1MEKX0010","44.2369256168604","-69.2717143893242","52.4","2021-10-29",,,"0.00",",,N","0.0",",,N",,
"US1MEKX0010","44.2369256168604","-69.2717143893242","52.4","2021-10-30",,,"0.02",",,N","0.0",",,N",,
"US1MEKX0010","44.2369256168604","-69.2717143893242","52.4","2021-10-31",,,"3.17",",,N","0.0",",,N",,
"US1MEKX0010","44.2369256168604","-69.2717143893242","52.4","2021-11-01",,,"0.13",",,N","0.0",",,N",,
"US1MEKX0010","44.2369256168604","-69.2717143893242","52.4","2021-11-02",,,"0.00",",,N","0.0",",,N",,
"US1MEKX0010","44.2369256168604","-69.2717143893242","52.4","2021-11-03",,,"0.00",",,N","0.0",",,N",,
"US1MEKX0010","44.2369256168604","-69.2717143893242","52.4","2021-11-04",,,"0.00",",,N","0.0",",,N",,
"US1MEKX0010","44.2369256168604","-69.2717143893242","52.4","2021-11-05",,,"0.00",",,N","0.0",",,N",,
"US1MEKX0010","44.2369256168604","-69.2717143893242","52.4","2021-11-06",,,"0.00",",,N","0.0",",,N",,
"US1MEKX0010","44.2369256168604","-69.2717143893242","52.4","2021-11-07",,,"0.00",",,N","0.0",",,N",,
"US1MEKX0010","44.2369256168604","-69.2717143893242","52.4","2021-11-08",,,"0.00",",,N","0.0",",,N",,
"US1MEKX0010","44.2369256168604","-69.2717143893242","52.4","2021-11-09",,,"0.00",",,N","0.0",",,N",,
"US1MEKX0010","44.2369256168604","-69.2717143893242","52.4","2021-11-10",,,"0.11",",,N","0.0",",,N",,
"US1MEKX0010","44.2369256168604","-69.2717143893242","52.4","2021-11-11",,,"0.00",",,N","0.0",",,N",,
"US1MEKX0010","44.2369256168604","-69.2717143893242","52.4","2021-11-12",,,"0.00",",,N","0.0",",,N",,
"US1MEKX0010","44.2369256168604","-69.2717143893242","52.4","2021-11-13",,,"1.84",",,N","0.0",",,N",,
"US1MEKX0010","44.2369256168604","-69.2717143893242","52.4","2021-11-14",,,"0.20",",,N","0.0",",,N",,
"US1MEKX0010","44.2369256168604","-69.2717143893242","52.4","2021-11-15",,,"0.41",",,N","0.0",",,N",,
"US1MEKX0010","44.2369256168604","-69.2717143893242","52.4","2021-11-16",,,"0.02",",,N","0.0",",,N",,
"US1MEKX0010","44.2369256168604","-69.2717143893242","52.4","2021-11-17",,,"0.00",",,N","0.0","T,,N",,
"US1MEKX0010","44.2369256168604","-69.2717143893242","52.4","2021-11-18",,,"0.08",",,N","0.0",",,N",,
"US1MEKX0010","44.2369256168604","-69.2717143893242","52.4","2021-11-19",,,"0.23",",,N","0.0",",,N",,
"US1MEKX0010","44.2369256168604","-69.2717143893242","52.4","2021-11-20",,,"0.00",",,N","0.0",",,N",,
"US1MEKX0010","44.2369256168604","-69.2717143893242","52.4","2021-11-22",,,"1.67",",,N","0.0",",,N",,
"US1MEKX0010","44.2369256168604","-69.2717143893242","52.4","2021-11-23",,,"0.45",",,N","0.0",",,N",,
"US1MEKX0010","44.2369256168604","-69.2717143893242","52.4","2021-11-24",,,"0.00",",,N","0.0",",,N",,
"US1MEKX0010","44.2369256168604","-69.2717143893242","52.4","2021-11-25",,,"0.00",",,N","0.0",",,N",,
"US1MEKX0010","44.2369256168604","-69.2717143893242","52.4","2021-11-26",,,"0.01",",,N","0.0",",,N",,
"US1MEKX0010","44.2369256168604","-69.2717143893242","52.4","2021-11-27",,,"0.73",",,N","1.2",",,N",,
"US1MEKX0010","44.2369256168604","-69.2717143893242","52.4","2021-11-28",,,"0.01",",,N","0.0",",,N",,
"US1MEYK0025","43.766873","-70.865721","161.8","2021-08-01",,,"0.00",",,N","0.0",",,N",,
"US1MEYK0025","43.766873","-70.865721","161.8","2021-08-02",,,"0.91",",,N","0.0",",,N",,
"US1MEYK0025","43.766873","-70.865721","161.8","2021-08-03",,,"0.00","T,,N",,,,
"US1MEYK0025","43.766873","-70.865721","161.8","2021-08-04",,,"0.00",",,N","0.0",",,N",,
"US1MEYK0025","43.766873","-70.865721","161.8","2021-08-05",,,"0.00",",,N","0.0",",,N",,
"US1MEYK0025","43.766873","-70.865721","161.8","2021-08-06",,,"0.05",",,N",,,,
"US1MEYK0025","43.766873","-70.865721","161.8","2021-08-07",,,"0.00",",,N","0.0",",,N",,
"US1MEYK0025","43.766873","-70.865721","161.8","2021-08-08",,,"0.00",",,N","0.0",",,N",,
"US1MEYK0025","43.766873","-70.865721","161.8","2021-08-09",,,"0.00",",,N","0.0",",,N",,
"US1MEYK0025","43.766873","-70.865721","161.8","2021-08-10",,,"0.00",",,N","0.0",",,N",,
"US1MEYK0025","43.766873","-70.865721","161.8","2021-08-11",,,"0.00",",,N","0.0",",,N",,
"US1MEYK0025","43.766873","-70.865721","161.8","2021-08-12",,,"0.00",",,N","0.0",",,N",,
"US1MEYK0025","43.766873","-70.865721","161.8","2021-08-13",,,"0.00",",,N","0.0",",,N",,
"US1MEYK0025","43.766873","-70.865721","161.8","2021-08-14",,,"0.00",",,N","0.0",",,N",,
"US1MEYK0025","43.766873","-70.865721","161.8","2021-08-15",,,"0.00",",,N","0.0",",,N",,
"US1MEYK0025","43.766873","-70.865721","161.8","2021-08-16",,,"0.00",",,N","0.0",",,N",,
"US1MEYK0025","43.766873","-70.865721","161.8","2021-08-17",,,"0.00",",,N","0.0",",,N",,
"US1MEYK0025","43.766873","-70.865721","161.8","2021-08-18",,,"0.02",",,N","0.0",",,N",,
"US1MEYK0025","43.766873","-70.865721","161.8","2021-08-19",,,"0.02",",,N",,,,
"US1MEYK0025","43.766873","-70.865721","161.8","2021-08-20",,,"0.39",",,N",,,,
"US1MEYK0025","43.766873","-70.865721","161.8","2021-08-21",,,"0.01",",,N",,,,
"US1MEYK0025","43.766873","-70.865721","161.8","2021-08-22",,,"0.48",",,N",,,,
"US1MEYK0025","43.766873","-70.865721","161.8","2021-08-23",,,"0.30",",,N",,,,
"US1MEYK0025","43.766873","-70.865721","161.8","2021-08-24",,,"0.63",",,N",,,,
"US1MEYK0025","43.766873","-70.865721","161.8","2021-08-25",,,"0.00","T,,N",,,,
"US1MEYK0025","43.766873","-70.865721","161.8","2021-08-26",,,"0.00",",,N","0.0",",,N",,
"US1MEYK0025","43.766873","-70.865721","161.8","2021-08-27",,,"0.07",",,N",,,,
"US1MEYK0025","43.766873","-70.865721","161.8","2021-08-29",,,"0.00",",,N","0.0",",,N",,
"US1MEYK0025","43.766873","-70.865721","161.8","2021-08-30",,,"0.00",",,N","0.0",",,N",,
"US1MEYK0025","43.766873","-70.865721","161.8","2021-08-31",,,"0.10",",,N",,,,
"US1MEYK0025","43.766873","-70.865721","161.8","2021-09-01",,,"0.01",",,N",,,,
"US1MEYK0025","43.766873","-70.865721","161.8","2021-09-02",,,"1.57",",,N",,,,
"US1MEYK0025","43.766873","-70.865721","161.8","2021-09-03",,,"0.04",",,N",,,,
"US1MEYK0025","43.766873","-70.865721","161.8","2021-09-04",,,"0.03",",,N",,,,
"US1MEYK0025","43.766873","-70.865721","161.8","2021-09-05",,,"0.00",",,N","0.0",",,N",,
"US1MEYK0025","43.766873","-70.865721","161.8","2021-09-06",,,"0.17",",,N",,,,
"US1MEYK0025","43.766873","-70.865721","161.8","2021-09-07",,,"0.10",",,N",,,,
"US1MEYK0025","43.766873","-70.865721","161.8","2021-09-08",,,"0.00","T,,N",,,,
"US1MEYK0025","43.766873","-70.865721","161.8","2021-09-09",,,"0.46",",,N",,,,
"US1MEYK0025","43.766873","-70.865721","161.8","2021-09-10",,,"0.88",",,N",,,,
"US1MEYK0025","43.766873","-70.865721","161.8","2021-09-11",,,"0.00",",,N","0.0",",,N",,
"US1MEYK0025","43.766873","-70.865721","161.8","2021-09-12",,,"0.00",",,N","0.0",",,N",,
"US1MEYK0025","43.766873","-70.865721","161.8","2021-09-13",,,"0.00","T,,N",,,,
"US1MEYK0025","43.766873","-70.865721","161.8","2021-09-14",,,"0.00",",,N","0.0",",,N",,
"US1MEYK0025","43.766873","-70.865721","161.8","2021-09-15",,,"0.00",",,N","0.0",",,N",,
"US1MEYK0025","43.766873","-70.865721","161.8","2021-09-16",,,"0.21",",,N",,,,
"US1MEYK0025","43.766873","-70.865721","161.8","2021-09-17",,,"0.00",",,N","0.0",",,N",,
"US1MEYK0025","43.766873","-70.865721","161.8","2021-09-18",,,"0.02",",,N",,,,
"US1MEYK0025","43.766873","-70.865721","161.8","2021-09-19",,,"0.19",",,N",,,,
"US1MEYK0025","43.766873","-70.865721","161.8","2021-09-20",,,"0.00",",,N","0.0",",,N",,
"US1MEYK0025","43.766873","-70.865721","161.8","2021-09-21",,,"0.00",",,N","0.0",",,N",,
"US1MEYK0025","43.766873","-70.865721","161.8","2021-09-22",,,"0.02",",,N",,,,
"US1MEYK0025","43.766873","-70.865721","161.8","2021-09-23",,,"0.02",",,N",,,,
"US1MEYK0025","43.766873","-70.865721","161.8","2021-09-24",,,"0.03",",,N",,,,
"US1MEYK0025","43.766873","-70.865721","161.8","2021-09-25",,,"0.04",",,N",,,,
"US1MEYK0025","43.766873","-70.865721","161.8","2021-09-26",,,"0.04",",,N",,,,
"US1MEYK0025","43.766873","-70.865721","161.8","2021-09-27",,,"0.04",",,N",,,,
"US1MEYK0025","43.766873","-70.865721","161.8","2021-09-28",,,"0.03",",,N",,,,
"US1MEYK0025","43.766873","-70.865721","161.8","2021-09-29",,,"0.02",",,N",,,,
"US1MEYK0025","43.766873","-70.865721","161.8","2021-09-30",,,"0.00",",,N","0.0",",,N",,
"US1MEYK0025","43.766873","-70.865721","161.8","2021-10-01",,,"0.04",",,N",,,,
"US1MEYK0025","43.766873","-70.865721","161.8","2021-10-02",,,"0.00",",,N","0.0",",,N",,
"US1MEYK0025","43.766873","-70.865721","161.8","2021-10-03",,,"0.04",",,N",,,,
"US1MEYK0025","43.766873","-70.865721","161.8","2021-10-04",,,"0.04",",,N",,,,
"US1MEYK0025","43.766873","-70.865721","161.8","2021-10-05",,,"0.17",",,N",,,,
"US1MEYK0025","43.766873","-70.865721","161.8","2021-10-06",,,"0.00",",,N","0.0",",,N",,
"US1MEYK0025","43.766873","-70.865721","161.8","2021-10-07",,,"0.00",",,N","0.0",",,N",,
"US1MEYK0025","43.766873","-70.865721","161.8","2021-10-08",,,"0.00",",,N","0.0",",,N",,
"US1MEYK0025","43.766873","-70.865721","161.8","2021-10-09",,,"0.01",",,N",,,,
"US1MEYK0025","43.766873","-70.865721","161.8","2021-10-10",,,"0.00",",,N","0.0",",,N",,
"US1MEYK0025","43.766873","-70.865721","161.8","2021-10-11",,,"0.00",",,N","0.0",",,N",,
"US1MEYK0025","43.766873","-70.865721","161.8","2021-10-12",,,"0.00",",,N","0.0",",,N",,
"US1MEYK0025","43.766873","-70.865721","161.8","2021-10-13",,,"0.00",",,N","0.0",",,N",,
"US1MEYK0025","43.766873","-70.865721","161.8","2021-10-14",,,"0.00",",,N","0.0",",,N",,
"US1MEYK0025","43.766873","-70.865721","161.8","2021-10-15",,,"0.00",",,N","0.0",",,N",,
"US1MEYK0025","43.766873","-70.865721","161.8","2021-10-16",,,"0.91",",,N",,,,
"US1MEYK0025","43.766873","-70.865721","161.8","2021-10-17",,,"0.37",",,N",,,,
"US1MEYK0025","43.766873","-70.865721","161.8","2021-10-18",,,"0.00",",,N","0.0",",,N",,
"US1MEYK0025","43.766873","-70.865721","161.8","2021-10-19",,,"0.00",",,N","0.0",",,N",,
"US1MEYK0025","43.766873","-70.865721","161.8","2021-10-20",,,"0.00",",,N","0.0",",,N",,
"US1MEYK0025","43.766873","-70.865721","161.8","2021-10-21",,,"0.00",",,N","0.0",",,N",,
"US1MEYK0025","43.766873","-70.865721","161.8","2021-10-22",,,"0.05",",,N",,,,
"US1MEYK0025","43.766873","-70.865721","161.8","2021-10-23",,,"0.00",",,N","0.0",",,N",,
"US1MEYK0025","43.766873","-70.865721","161.8","2021-10-24",,,"0.00",",,N","0.0",",,N",,
"US1MEYK0025","43.766873","-70.865721","161.8","2021-10-25",,,"0.03",",,N",,,,
"US1MEYK0025","43.766873","-70.865721","161.8","2021-10-26",,,"0.45",",,N",,,,
"US1MEYK0025","43.766873","-70.865721","161.8","2021-10-27",,,"1.02",",,N",,,,
"US1MEYK0025","43.766873","-70.865721","161.8","2021-10-28",,,"0.14",",,N","0.0",",,N",,
"US1MEYK0025","43.766873","-70.865721","161.8","2021-10-29",,,"0.00",",,N","0.0",",,N",,
"US1MEYK0025","43.766873","-70.865721","161.8","2021-10-30",,,"0.07",",,N",,,,
"US1MEYK0025","43.766873","-70.865721","161.8","2021-10-31",,,"2.80",",,N",,,,
"US1MEYK0025","43.766873","-70.865721","161.8","2021-11-01",,,"0.17",",,N",,,,
"US1MEYK0025","43.766873","-70.865721","161.8","2021-11-02",,,"0.00",",,N","0.0",",,N",,
"US1MEYK0025","43.766873","-70.865721","161.8","2021-11-03",,,"0.00",",,N","0.0",",,N",,
"US1MEYK0025","43.766873","-70.865721","161.8","2021-11-04",,,"0.00",",,N","0.0",",,N",,
"US1MEYK0025","43.766873","-70.865721","161.8","2021-11-05",,,"0.00",",,N","0.0",",,N",,
"US1MEYK0025","43.766873","-70.865721","161.8","2021-11-06",,,"0.00",",,N","0.0",",,N",,
"US1MEYK0025","43.766873","-70.865721","161.8","2021-11-07",,,"0.00",",,N","0.0",",,N",,
"US1MEYK0025","43.766873","-70.865721","161.8","2021-11-08",,,"0.00",",,N","0.0",",,N",,
"US1MEYK0025","43.766873","-70.865721","161.8","2021-11-09",,,"0.00",",,N","0.0",",,N",,
"US1MEYK0025","43.766873","-70.865721","161.8","2021-11-10",,,"0.02",",,N",,,,
"US1MEYK0025","43.766873","-70.865721","161.8","2021-11-11",,,"0.00",",,N","0.0",",,N",,
"US1MEYK0025","43.766873","-70.865721","161.8","2021-11-12",,,"0.06",",,N",,,,
"US1MEYK0025","43.766873","-70.865721","161.8","2021-11-13",,,"1.32",",,N",,,,
"US1MEYK0025","43.766873","-70.865721","161.8","2021-11-14",,,"0.50",",,N",,,,
"US1MEYK0025","43.766873","-70.865721","161.8","2021-11-15",,,"0.12",",,N",,,,
"US1MEYK0025","43.766873","-70.865721","161.8","2021-11-16",,,"0.02",",,N",,,,
"US1MEYK0025","43.766873","-70.865721","161.8","2021-11-17",,,"0.00",",,N","0.0",",,N",,
"US1MEYK0025","43.766873","-70.865721","161.8","2021-11-18",,,"0.00",",,N","0.0",",,N",,
"US1MEYK0025","43.766873","-70.865721","161.8","2021-11-19",,,"0.12",",,N",,,,
"US1MEYK0025","43.766873","-70.865721","161.8","2021-11-20",,,"0.00",",,N","0.0",",,N",,
"US1MEYK0025","43.766873","-70.865721","161.8","2021-11-21",,,"0.00",",,N","0.0",",,N",,
"US1MEYK0025","43.766873","-70.865721","161.8","2021-11-22",,,"0.08",",,N",,,,
"US1MEYK0025","43.766873","-70.865721","161.8","2021-11-23",,,"0.03",",,N","0.0",",,N",,
"US1MEYK0025","43.766873","-70.865721","161.8","2021-11-24",,,"0.00",",,N","0.0",",,N",,
"US1MEYK0025","43.766873","-70.865721","161.8","2021-11-25",,,"0.00",",,N","0.0",",,N",,
"US1MEYK0025","43.766873","-70.865721","161.8","2021-11-26",,,"0.00","T,,N",,,,
"US1MEYK0025","43.766873","-70.865721","161.8","2021-11-27",,,"0.23",",,N",,,,
"US1MEYK0025","43.766873","-70.865721","161.8","2021-11-28",,,"0.00",",,N","0.0",",,N",,
"US1MEKB0010","44.3024727","-70.0554619","115.8","2021-08-01",,,"0.00",",,N","0.0",",,N",,
"US1MEKB0010","44.3024727","-70.0554619","115.8","2021-08-02",,,"0.32",",,N",,,,
"US1MEKB0010","44.3024727","-70.0554619","115.8","2021-08-03",,,"0.02",",,N","0.0",",,N",,
"US1MEKB0010","44.3024727","-70.0554619","115.8","2021-08-04",,,"0.00",",,N","0.0",",,N",,
"US1MEKB0010","44.3024727","-70.0554619","115.8","2021-08-05",,,"0.01",",,N",,,,
"US1MEKB0010","44.3024727","-70.0554619","115.8","2021-08-06",,,"0.24",",,N",,,,
"US1MEKB0010","44.3024727","-70.0554619","115.8","2021-08-07",,,"0.00",",,N","0.0",",,N",,
"US1MEKB0010","44.3024727","-70.0554619","115.8","2021-08-08",,,"0.00",",,N","0.0",",,N",,
"US1MEKB0010","44.3024727","-70.0554619","115.8","2021-08-09",,,"0.00",",,N","0.0",",,N",,
"US1MEKB0010","44.3024727","-70.0554619","115.8","2021-08-10",,,"0.00",",,N","0.0",",,N",,
"US1MEKB0010","44.3024727","-70.0554619","115.8","2021-08-11",,,"0.00",",,N","0.0",",,N",,
"US1MEKB0010","44.3024727","-70.0554619","115.8","2021-08-12",,,"0.02",",,N",,,,
"US1MEKB0010","44.3024727","-70.0554619","115.8","2021-08-13",,,"0.00",",,N","0.0",",,N",,
"US1MEKB0010","44.3024727","-70.0554619","115.8","2021-08-14",,,"0.00",",,N","0.0",",,N",,
"US1MEKB0010","44.3024727","-70.0554619","115.8","2021-08-15",,,"0.47",",,N",,,,
"US1MEKB0010","44.3024727","-70.0554619","115.8","2021-08-16",,,"0.00",",,N","0.0",",,N",,
"US1MEKB0010","44.3024727","-70.0554619","115.8","2021-08-17",,,"0.00",",,N","0.0",",,N",,
"US1MEKB0010","44.3024727","-70.0554619","115.8","2021-08-18",,,"0.06",",,N",,,,
"US1MEKB0010","44.3024727","-70.0554619","115.8","2021-08-19",,,"1.90",",,N",,,,
"US1MEKB0010","44.3024727","-70.0554619","115.8","2021-08-20",,,"0.65",",,N",,,,
"US1MEKB0010","44.3024727","-70.0554619","115.8","2021-08-21",,,"0.00",",,N","0.0",",,N",,
"US1MEKB0010","44.3024727","-70.0554619","115.8","2021-08-22",,,"0.00","T,,N",,,,
"US1MEKB0010","44.3024727","-70.0554619","115.8","2021-08-23",,,"0.44",",,N",,,,
"US1MEKB0010","44.3024727","-70.0554619","115.8","2021-08-24",,,"0.02",",,N",,,,
"US1MEKB0010","44.3024727","-70.0554619","115.8","2021-08-25",,,"0.00",",,N","0.0",",,N",,
"US1MEKB0010","44.3024727","-70.0554619","115.8","2021-08-26",,,"0.00",",,N","0.0",",,N",,
"US1MEKB0010","44.3024727","-70.0554619","115.8","2021-08-27",,,"0.00",",,N","0.0",",,N",,
"US1MEKB0010","44.3024727","-70.0554619","115.8","2021-08-28",,,"0.00",",,N","0.0",",,N",,
"US1MEKB0010","44.3024727","-70.0554619","115.8","2021-08-29",,,"0.17",",,N",,,,
"US1MEKB0010","44.3024727","-70.0554619","115.8","2021-08-30",,,"0.00","T,,N",,,,
"US1MEKB0010","44.3024727","-70.0554619","115.8","2021-08-31",,,"0.10",",,N",,,,
"US1MEKB0010","44.3024727","-70.0554619","115.8","2021-09-01",,,"0.00",",,N","0.0",",,N",,
"US1MEKB0010","44.3024727","-70.0554619","115.8","2021-09-02",,,"0.99",",,N",,,,
"US1MEKB0010","44.3024727","-70.0554619","115.8","2021-09-03",,,"0.05",",,N",,,,
"US1MEKB0010","44.3024727","-70.0554619","115.8","2021-09-04",,,"0.06",",,N",,,,
"US1MEKB0010","44.3024727","-70.0554619","115.8","2021-09-05",,,"0.00","T,,N",,,,
"US1MEKB0010","44.3024727","-70.0554619","115.8","2021-09-06",,,"0.07",",,N",,,,
"US1MEKB0010","44.3024727","-70.0554619","115.8","2021-09-07",,,"0.08",",,N",,,,
"US1MEKB0010","44.3024727","-70.0554619","115.8","2021-09-08",,,"0.00",",,N","0.0",",,N",,
"US1MEKB0010","44.3024727","-70.0554619","115.8","2021-09-09",,,"0.19",",,N",,,,
"US1MEKB0010","44.3024727","-70.0554619","115.8","2021-09-23",,,,,,,,
"US1MEKB0010","44.3024727","-70.0554619","115.8","2021-09-24",,,"0.07",",,N",,,,
"US1MEKB0010","44.3024727","-70.0554619","115.8","2021-09-25",,,"0.58",",,N",,,,
"US1MEKB0010","44.3024727","-70.0554619","115.8","2021-09-26",,,"0.30",",,N",,,,
"US1MEKB0010","44.3024727","-70.0554619","115.8","2021-09-27",,,"0.37",",,N",,,,
"US1MEKB0010","44.3024727","-70.0554619","115.8","2021-09-28",,,"0.00",",,N","0.0",",,N",,
"US1MEKB0010","44.3024727","-70.0554619","115.8","2021-09-29",,,"0.00",",,N","0.0",",,N",,
"US1MEKB0010","44.3024727","-70.0554619","115.8","2021-09-30",,,"0.13",",,N",,,,
"US1MEKB0010","44.3024727","-70.0554619","115.8","2021-10-01",,,"0.19",",,N",,,,
"US1MEKB0010","44.3024727","-70.0554619","115.8","2021-10-02",,,"0.00",",,N","0.0",",,N",,
"US1MEKB0010","44.3024727","-70.0554619","115.8","2021-10-03",,,"0.02",",,N",,,,
"US1MEKB0010","44.3024727","-70.0554619","115.8","2021-10-04",,,"0.13",",,N",,,,
"US1MEKB0010","44.3024727","-70.0554619","115.8","2021-10-05",,,"0.00",",,N","0.0",",,N",,
"US1MEKB0010","44.3024727","-70.0554619","115.8","2021-10-06",,,"0.00",",,N","0.0",",,N",,
"US1MEKB0010","44.3024727","-70.0554619","115.8","2021-10-07",,,"0.00",",,N","0.0",",,N",,
"US1MEKB0010","44.3024727","-70.0554619","115.8","2021-10-08",,,"0.00",",,N","0.0",",,N",,
"US1MEKB0010","44.3024727","-70.0554619","115.8","2021-10-09",,,"0.00",",,N","0.0",",,N",,
"US1MEKB0010","44.3024727","-70.0554619","115.8","2021-10-10",,,"0.00",",,N","0.0",",,N",,
"US1MEKB0010","44.3024727","-70.0554619","115.8","2021-10-11",,,"0.00",",,N","0.0",",,N",,
"US1MEKB0010","44.3024727","-70.0554619","115.8","2021-10-12",,,"0.00",",,N","0.0",",,N",,
"US1MEKB0010","44.3024727","-70.0554619","115.8","2021-10-13",,,"0.00",",,N","0.0",",,N",,
"US1MEKB0010","44.3024727","-70.0554619","115.8","2021-10-14",,,"0.00",",,N","0.0",",,N",,
"US1MEKB0010","44.3024727","-70.0554619","115.8","2021-10-15",,,"0.00",",,N","0.0",",,N",,
"US1MEKB0010","44.3024727","-70.0554619","115.8","2021-10-16",,,"0.28",",,N",,,,
"US1MEKB0010","44.3024727","-70.0554619","115.8","2021-10-17",,,"0.36",",,N",,,,
"US1MEKB0010","44.3024727","-70.0554619","115.8","2021-10-18",,,"0.00",",,N","0.0",",,N",,
"US1MEKB0010","44.3024727","-70.0554619","115.8","2021-10-19",,,"0.02",",,N",,,,
"US1MEKB0010","44.3024727","-70.0554619","115.8","2021-10-20",,,"0.00","T,,N",,,,
"US1MEKB0010","44.3024727","-70.0554619","115.8","2021-10-21",,,"0.01",",,N",,,,
"US1MEKB0010","44.3024727","-70.0554619","115.8","2021-10-22",,,"0.14",",,N",,,,
"US1MEKB0010","44.3024727","-70.0554619","115.8","2021-10-23",,,"0.01",",,N",,,,
"US1MEKB0010","44.3024727","-70.0554619","115.8","2021-10-24",,,"0.00",",,N","0.0",",,N",,
"US1MEKB0010","44.3024727","-70.0554619","115.8","2021-10-25",,,"0.00",",,N","0.0",",,N",,
"US1MEKB0010","44.3024727","-70.0554619","115.8","2021-10-26",,,"0.30",",,N",,,,
"US1MEKB0010","44.3024727","-70.0554619","115.8","2021-10-27",,,"0.33",",,N",,,,
"US1MEKB0010","44.3024727","-70.0554619","115.8","2021-10-28",,,"0.05",",,N",,,,
"US1MEKB0010","44.3024727","-70.0554619","115.8","2021-10-29",,,"0.00",",,N","0.0",",,N",,
"US1MEKB0010","44.3024727","-70.0554619","115.8","2021-10-30",,,"0.00","T,,N",,,,
"US1MEKB0010","44.3024727","-70.0554619","115.8","2021-10-31",,,"2.26",",,N",,,,
"US1MEKB0010","44.3024727","-70.0554619","115.8","2021-11-01",,,"0.41",",,N",,,,
"US1MEKB0010","44.3024727","-70.0554619","115.8","2021-11-02",,,"0.00",",,N","0.0",",,N",,
"US1MEKB0010","44.3024727","-70.0554619","115.8","2021-11-03",,,"0.00",",,N","0.0",",,N",,
"US1MEKB0010","44.3024727","-70.0554619","115.8","2021-11-04",,,"0.02",",,N",,,,
"US1MEKB0010","44.3024727","-70.0554619","115.8","2021-11-05",,,"0.00",",,N","0.0",",,N",,
"US1MEKB0010","44.3024727","-70.0554619","115.8","2021-11-06",,,"0.00",",,N","0.0",",,N",,
"US1MEKB0010","44.3024727","-70.0554619","115.8","2021-11-07",,,"0.00",",,N","0.0",",,N",,
"US1MEKB0010","44.3024727","-70.0554619","115.8","2021-11-08",,,"0.00",",,N","0.0",",,N",,
"US1MEKB0010","44.3024727","-70.0554619","115.8","2021-11-09",,,"0.00",",,N","0.0",",,N",,
"US1MEKB0010","44.3024727","-70.0554619","115.8","2021-11-10",,,"0.05",",,N",,,,
"US1MEKB0010","44.3024727","-70.0554619","115.8","2021-11-11",,,"0.03",",,N",,,,
"US1MEKB0010","44.3024727","-70.0554619","115.8","2021-11-12",,,"0.00",",,N","0.0",",,N",,
"US1MEKB0010","44.3024727","-70.0554619","115.8","2021-11-13",,,"1.55",",,N",,,,
"US1MEKB0010","44.3024727","-70.0554619","115.8","2021-11-14",,,"0.44",",,N",,,,
"US1MEKB0010","44.3024727","-70.0554619","115.8","2021-11-15",,,"0.22",",,N",,,,
"US1MEKB0010","44.3024727","-70.0554619","115.8","2021-11-16",,,"0.00","T,,N",,,,
"US1MEKB0010","44.3024727","-70.0554619","115.8","2021-11-17",,,"0.00","T,,N","0.0","T,,N",,
"US1MEKB0010","44.3024727","-70.0554619","115.8","2021-11-18",,,"0.02",",,N",,,,
"US1MEKB0010","44.3024727","-70.0554619","115.8","2021-11-19",,,"0.16",",,N",,,,
"US1MEKB0010","44.3024727","-70.0554619","115.8","2021-11-20",,,"0.00","T,,N","0.0","T,,N",,
"US1MEKB0010","44.3024727","-70.0554619","115.8","2021-11-21",,,"0.00",",,N","0.0",",,N",,
"US1MEKB0010","44.3024727","-70.0554619","115.8","2021-11-22",,,"0.15",",,N",,,,
"US1MEKB0010","44.3024727","-70.0554619","115.8","2021-11-23",,,"0.08",",,N",,,,
"US1MEKB0010","44.3024727","-70.0554619","115.8","2021-11-24",,,"0.00",",,N","0.0",",,N",,
"US1MEKB0010","44.3024727","-70.0554619","115.8","2021-11-25",,,"0.00",",,N","0.0",",,N",,
"US1MEKB0010","44.3024727","-70.0554619","115.8","2021-11-26",,,"0.00",",,N","0.0",",,N",,
"US1MEKB0010","44.3024727","-70.0554619","115.8","2021-11-27",,,"0.47",",,N","0.3",",,N",,
"USR0000MRCA","43.3472","-70.5475","6.1","2021-08-01",,,,,,,"65",",,U"
"USR0000MRCA","43.3472","-70.5475","6.1","2021-08-02",,,,,,,"69",",,U"
"USR0000MRCA","43.3472","-70.5475","6.1","2021-08-03",,,,,,,"67",",,U"
"USR0000MRCA","43.3472","-70.5475","6.1","2021-08-04",,,,,,,"67",",,U"
"USR0000MRCA","43.3472","-70.5475","6.1","2021-08-05",,,,,,,"65",",,U"
"USR0000MRCA","43.3472","-70.5475","6.1","2021-08-06",,,,,,,"72",",,U"
"USR0000MRCA","43.3472","-70.5475","6.1","2021-08-07",,,,,,,"75",",,U"
"USR0000MRCA","43.3472","-70.5475","6.1","2021-08-08",,,,,,,"73",",,U"
"USR0000MRCA","43.3472","-70.5475","6.1","2021-08-09",,,,,,,"65",",,U"
"USR0000MRCA","43.3472","-70.5475","6.1","2021-08-10",,,,,,,"66",",,U"
"USR0000MRCA","43.3472","-70.5475","6.1","2021-08-11",,,,,,,"73",",,U"
"USR0000MRCA","43.3472","-70.5475","6.1","2021-08-12",,,,,,,"80",",,U"
"USR0000MRCA","43.3472","-70.5475","6.1","2021-08-13",,,,,,,"79",",,U"
"USR0000MRCA","43.3472","-70.5475","6.1","2021-08-14",,,,,,,"78",",,U"
"USR0000MRCA","43.3472","-70.5475","6.1","2021-08-15",,,,,,,"68",",,U"
"USR0000MRCA","43.3472","-70.5475","6.1","2021-08-16",,,,,,,"67",",,U"
"USR0000MRCA","43.3472","-70.5475","6.1","2021-08-17",,,,,,,"69",",,U"
"USR0000MRCA","43.3472","-70.5475","6.1","2021-08-18",,,,,,,"75",",,U"
"USR0000MRCA","43.3472","-70.5475","6.1","2021-08-19",,,,,,,"71",",,U"
"USR0000MRCA","43.3472","-70.5475","6.1","2021-08-20",,,,,,,"74",",,U"
"USR0000MRCA","43.3472","-70.5475","6.1","2021-08-21",,,,,,,"71",",,U"
"USR0000MRCA","43.3472","-70.5475","6.1","2021-08-22",,,,,,,"66",",,U"
"USR0000MRCA","43.3472","-70.5475","6.1","2021-08-23",,,,,,,"67",",,U"
"USR0000MRCA","43.3472","-70.5475","6.1","2021-08-24",,,,,,,"74",",,U"
"USR0000MRCA","43.3472","-70.5475","6.1","2021-08-25",,,,,,,"77",",,U"
"USR0000MRCA","43.3472","-70.5475","6.1","2021-08-26",,,,,,,"79",",,U"
"USR0000MRCA","43.3472","-70.5475","6.1","2021-08-27",,,,,,,"76",",,U"
"USR0000MRCA","43.3472","-70.5475","6.1","2021-08-28",,,,,,,"65",",,U"
"USR0000MRCA","43.3472","-70.5475","6.1","2021-08-29",,,,,,,"65",",,U"
"USR0000MRCA","43.3472","-70.5475","6.1","2021-08-30",,,,,,,"74",",,U"
"USR0000MRCA","43.3472","-70.5475","6.1","2021-08-31",,,,,,,"72",",,U"
"USR0000MRCA","43.3472","-70.5475","6.1","2021-09-01",,,,,,,"67",",,U"
"USR0000MRCA","43.3472","-70.5475","6.1","2021-09-02",,,,,,,"63",",,U"
"USR0000MRCA","43.3472","-70.5475","6.1","2021-09-03",,,,,,,"65",",,U"
"USR0000MRCA","43.3472","-70.5475","6.1","2021-09-04",,,,,,,"67",",,U"
"USR0000MRCA","43.3472","-70.5475","6.1","2021-09-05",,,,,,,"62",",,U"
"USR0000MRCA","43.3472","-70.5475","6.1","2021-09-06",,,,,,,"68",",,U"
"USR0000MRCA","43.3472","-70.5475","6.1","2021-09-07",,,,,,,"66",",,U"
"USR0000MRCA","43.3472","-70.5475","6.1","2021-09-08",,,,,,,"69",",,U"
"USR0000MRCA","43.3472","-70.5475","6.1","2021-09-09",,,,,,,"68",",,U"
"USR0000MRCA","43.3472","-70.5475","6.1","2021-09-10",,,,,,,"67",",,U"
"USR0000MRCA","43.3472","-70.5475","6.1","2021-09-11",,,,,,,"63",",,U"
"USR0000MRCA","43.3472","-70.5475","6.1","2021-09-12",,,,,,,"70",",,U"
"USR0000MRCA","43.3472","-70.5475","6.1","2021-09-13",,,,,,,"68",",,U"
"USR0000MRCA","43.3472","-70.5475","6.1","2021-09-14",,,,,,,"63",",,U"
"USR0000MRCA","43.3472","-70.5475","6.1","2021-09-15",,,,,,,"71",",,U"
"USR0000MRCA","43.3472","-70.5475","6.1","2021-09-16",,,,,,,"65",",,U"
"USR0000MRCA","43.3472","-70.5475","6.1","2021-09-17",,,,,,,"62",",,U"
"USR0000MRCA","43.3472","-70.5475","6.1","2021-09-18",,,,,,,"65",",,U"
"USR0000MRCA","43.3472","-70.5475","6.1","2021-09-19",,,,,,,"63",",,U"
"USR0000MRCA","43.3472","-70.5475","6.1","2021-09-20",,,,,,,"59",",,U"
"USR0000MRCA","43.3472","-70.5475","6.1","2021-09-21",,,,,,,"60",",,U"
"USR0000MRCA","43.3472","-70.5475","6.1","2021-09-22",,,,,,,"67",",,U"
"USR0000MRCA","43.3472","-70.5475","6.1","2021-09-23",,,,,,,"68",",,U"
"USR0000MRCA","43.3472","-70.5475","6.1","2021-09-24",,,,,,,"68",",,U"
"USR0000MRCA","43.3472","-70.5475","6.1","2021-09-25",,,,,,,"65",",,U"
"USR0000MRCA","43.3472","-70.5475","6.1","2021-09-26",,,,,,,"63",",,U"
"USR0000MRCA","43.3472","-70.5475","6.1","2021-09-27",,,,,,,"61",",,U"
"USR0000MRCA","43.3472","-70.5475","6.1","2021-09-28",,,,,,,"60",",,U"
"USR0000MRCA","43.3472","-70.5475","6.1","2021-09-29",,,,,,,"57",",,U"
"USR0000MRCA","43.3472","-70.5475","6.1","2021-09-30",,,,,,,"53",",,U"
"USR0000MRCA","43.3472","-70.5475","6.1","2021-10-01",,,,,,,"54",",,U"
"USR0000MRCA","43.3472","-70.5475","6.1","2021-10-02",,,,,,,"56",",,U"
"USR0000MRCA","43.3472","-70.5475","6.1","2021-10-03",,,,,,,"57",",,U"
"USR0000MRCA","43.3472","-70.5475","6.1","2021-10-04",,,,,,,"56",",,U"
"USR0000MRCA","43.3472","-70.5475","6.1","2021-10-05",,,,,,,"57",",,U"
"USR0000MRCA","43.3472","-70.5475","6.1","2021-10-06",,,,,,,"57",",,U"
"USR0000MRCA","43.3472","-70.5475","6.1","2021-10-07",,,,,,,"60",",,U"
"USR0000MRCA","43.3472","-70.5475","6.1","2021-10-08",,,,,,,"59",",,U"
"USR0000MRCA","43.3472","-70.5475","6.1","2021-10-09",,,,,,,"54",",,U"
"USR0000MRCA","43.3472","-70.5475","6.1","2021-10-10",,,,,,,"56",",,U"
"USR0000MRCA","43.3472","-70.5475","6.1","2021-10-11",,,,,,,"58",",,U"
"USR0000MRCA","43.3472","-70.5475","6.1","2021-10-12",,,,,,,"62",",,U"
"USR0000MRCA","43.3472","-70.5475","6.1","2021-10-13",,,,,,,"62",",,U"
"USR0000MRCA","43.3472","-70.5475","6.1","2021-10-14",,,,,,,"63",",,U"
"USR0000MRCA","43.3472","-70.5475","6.1","2021-10-15",,,,,,,"61",",,U"
"USR0000MRCA","43.3472","-70.5475","6.1","2021-10-16",,,,,,,"66",",,U"
"USR0000MRCA","43.3472","-70.5475","6.1","2021-10-17",,,,,,,"56",",,U"
"USR0000MRCA","43.3472","-70.5475","6.1","2021-10-18",,,,,,,"51",",,U"
"USR0000MRCA","43.3472","-70.5475","6.1","2021-10-19",,,,,,,"49",",,U"
"USR0000MRCA","43.3472","-70.5475","6.1","2021-10-20",,,,,,,"53",",,U"
"USR0000MRCA","43.3472","-70.5475","6.1","2021-10-21",,,,,,,"55",",,U"
"USR0000MRCA","43.3472","-70.5475","6.1","2021-10-22",,,,,,,"60",",,U"
"USR0000MRCA","43.3472","-70.5475","6.1","2021-10-23",,,,,,,"49",",,U"
"USR0000MRCA","43.3472","-70.5475","6.1","2021-10-24",,,,,,,"45",",,U"
"USR0000MRCA","43.3472","-70.5475","6.1","2021-10-25",,,,,,,"46",",,U"
"USR0000MRCA","43.3472","-70.5475","6.1","2021-10-26",,,,,,,"49",",,U"
"USR0000MRCA","43.3472","-70.5475","6.1","2021-10-27",,,,,,,"48",",,U"
"USR0000MRCA","43.3472","-70.5475","6.1","2021-10-28",,,,,,,"45",",,U"
"USR0000MRCA","43.3472","-70.5475","6.1","2021-10-29",,,,,,,"46",",,U"
"USR0000MRCA","43.3472","-70.5475","6.1","2021-10-30",,,,,,,"52",",,U"
"USR0000MRCA","43.3472","-70.5475","6.1","2021-10-31",,,,,,,"59",",,U"
"USR0000MRCA","43.3472","-70.5475","6.1","2021-11-01",,,,,,,"52",",,U"
"USR0000MRCA","43.3472","-70.5475","6.1","2021-11-02",,,,,,,"47",",,U"
"USR0000MRCA","43.3472","-70.5475","6.1","2021-11-03",,,,,,,"42",",,U"
"USR0000MRCA","43.3472","-70.5475","6.1","2021-11-04",,,,,,,"37",",,U"
"USR0000MRCA","43.3472","-70.5475","6.1","2021-11-05",,,,,,,"38",",,U"
"USR0000MRCA","43.3472","-70.5475","6.1","2021-11-06",,,,,,,"38",",,U"
"USR0000MRCA","43.3472","-70.5475","6.1","2021-11-07",,,,,,,"38",",,U"
"USR0000MRCA","43.3472","-70.5475","6.1","2021-11-08",,,,,,,"43",",,U"
"USR0000MRCA","43.3472","-70.5475","6.1","2021-11-09",,,,,,,"47",",,U"
"USR0000MRCA","43.3472","-70.5475","6.1","2021-11-10",,,,,,,"48",",,U"
"USR0000MRCA","43.3472","-70.5475","6.1","2021-11-11",,,,,,,"45",",,U"
"USR0000MRCA","43.3472","-70.5475","6.1","2021-11-12",,,,,,,"52",",,U"
"USR0000MRCA","43.3472","-70.5475","6.1","2021-11-13",,,,,,,"47",",,U"
"USR0000MRCA","43.3472","-70.5475","6.1","2021-11-14",,,,,,,"43",",,U"
"USR0000MRCA","43.3472","-70.5475","6.1","2021-11-15",,,,,,,"41",",,U"
"USR0000MRCA","43.3472","-70.5475","6.1","2021-11-16",,,,,,,"39",",,U"
"USR0000MRCA","43.3472","-70.5475","6.1","2021-11-17",,,,,,,"38",",,U"
"USR0000MRCA","43.3472","-70.5475","6.1","2021-11-18",,,,,,,"54",",,U"
"USR0000MRCA","43.3472","-70.5475","6.1","2021-11-19",,,,,,,"41",",,U"
"USR0000MRCA","43.3472","-70.5475","6.1","2021-11-20",,,,,,,"36",",,U"
"USR0000MRCA","43.3472","-70.5475","6.1","2021-11-21",,,,,,,"42",",,U"
"USR0000MRCA","43.3472","-70.5475","6.1","2021-11-22",,,,,,,"48",",,U"
"USR0000MRCA","43.3472","-70.5475","6.1","2021-11-23",,,,,,,"31",",,U"
"USR0000MRCA","43.3472","-70.5475","6.1","2021-11-24",,,,,,,"32",",,U"
"USR0000MRCA","43.3472","-70.5475","6.1","2021-11-25",,,,,,,"39",",,U"
"USR0000MRCA","43.3472","-70.5475","6.1","2021-11-26",,,,,,,"40",",,U"
"USR0000MRCA","43.3472","-70.5475","6.1","2021-11-27",,,,,,,"33",",,U"
"USR0000MRCA","43.3472","-70.5475","6.1","2021-11-28",,,,,,,"31",",,U"
"US1MEKB0016","44.321647","-69.757411","50.0","2021-08-02",,,"0.17",",,N",,,,
"US1MEKB0016","44.321647","-69.757411","50.0","2021-08-05",,,"0.06",",,N",,,,
"US1MEKB0016","44.321647","-69.757411","50.0","2021-08-06",,,"0.25",",,N",,,,
"US1MEKB0016","44.321647","-69.757411","50.0","2021-08-12",,,"0.02",",,N",,,,
"US1MEKB0016","44.321647","-69.757411","50.0","2021-08-13",,,"0.00",",,N","0.0",",,N",,
"US1MEKB0016","44.321647","-69.757411","50.0","2021-08-15",,,"0.15",",,N",,,,
"US1MEKB0016","44.321647","-69.757411","50.0","2021-08-19",,,"0.35",",,N","0.0",",,N",,
"US1MEKB0016","44.321647","-69.757411","50.0","2021-08-20",,,"0.61",",,N",,,,
"US1MEKB0016","44.321647","-69.757411","50.0","2021-08-24",,,"0.04",",,N",,,,
"US1MEKB0016","44.321647","-69.757411","50.0","2021-08-26",,,"0.00",",,N","0.0",",,N",,
"US1MEKB0016","44.321647","-69.757411","50.0","2021-08-27",,,"0.00",",,N","0.0",",,N",,
"US1MEKB0016","44.321647","-69.757411","50.0","2021-08-28",,,"0.00",",,N","0.0",",,N",,
"US1MEKB0016","44.321647","-69.757411","50.0","2021-08-29",,,"0.20",",,N",,,,
"US1MEKB0016","44.321647","-69.757411","50.0","2021-08-30",,,"0.00",",,N","0.0",",,N",,
"US1MEKB0016","44.321647","-69.757411","50.0","2021-08-31",,,"0.00",",,N","0.0",",,N",,
"US1MEKB0016","44.321647","-69.757411","50.0","2021-09-01",,,"0.00",",,N","0.0",",,N",,
"US1MEKB0016","44.321647","-69.757411","50.0","2021-09-02",,,"0.92",",,N",,,,
"US1MEKB0016","44.321647","-69.757411","50.0","2021-09-03",,,"0.05",",,N",,,,
"US1MEKB0016","44.321647","-69.757411","50.0","2021-09-04",,,"0.06",",,N",,,,
"US1MEKB0016","44.321647","-69.757411","50.0","2021-09-07",,,"0.26",",,N",,,,
"US1MEKB0016","44.321647","-69.757411","50.0","2021-09-08",,,"0.00",",,N","0.0",",,N",,
"US1MEKB0016","44.321647","-69.757411","50.0","2021-09-09",,,"0.09",",,N",,,,
"US1MEKB0016","44.321647","-69.757411","50.0","2021-09-10",,,"1.32",",,N",,,,
"US1MEKB0016","44.321647","-69.757411","50.0","2021-09-11",,,"0.06",",,N",,,,
"US1MEKB0016","44.321647","-69.757411","50.0","2021-09-16",,,"0.25",",,N",,,,
"US1MEKB0016","44.321647","-69.757411","50.0","2021-09-19",,,"0.52",",,N",,,,
"US1MEKB0016","44.321647","-69.757411","50.0","2021-09-23",,,"0.06",",,N",,,,
"US1MEKB0016","44.321647","-69.757411","50.0","2021-09-24",,,"0.00","T,,N",,,,
"US1MEKB0016","44.321647","-69.757411","50.0","2021-09-26",,,"1.81",",,N",,,,
"US1MEKB0016","44.321647","-69.757411","50.0","2021-09-27",,,"0.33",",,N",,,,
"US1MEKB0016","44.321647","-69.757411","50.0","2021-09-28",,,"0.00",",,N","0.0",",,N",,
"US1MEKB0016","44.321647","-69.757411","50.0","2021-09-29",,,"0.00",",,N","0.0",",,N",,
"US1MEKB0016","44.321647","-69.757411","50.0","2021-09-30",,,"0.16",",,N",,,,
"US1MEKB0016","44.321647","-69.757411","50.0","2021-10-01",,,"0.13",",,N",,,,
"US1MEKB0016","44.321647","-69.757411","50.0","2021-10-04",,,"0.15",",,N",,,,
"US1MEKB0016","44.321647","-69.757411","50.0","2021-10-05",,,"0.00",",,N","0.0",",,N",,
"US1MEKB0016","44.321647","-69.757411","50.0","2021-10-12",,,"0.00",",,N","0.0",",,N",,
"US1MEKB0016","44.321647","-69.757411","50.0","2021-10-17",,,"0.58",",,N",,,,
"US1MEKB0016","44.321647","-69.757411","50.0","2021-10-18",,,"0.20",",,N",,,,
"US1MEKB0016","44.321647","-69.757411","50.0","2021-10-19",,,"0.00",",,N","0.0",",,N",,
"US1MEKB0016","44.321647","-69.757411","50.0","2021-10-20",,,"0.00",",,N","0.0",",,N",,
"US1MEKB0016","44.321647","-69.757411","50.0","2021-10-21",,,"0.00",",,N","0.0",",,N",,
"US1MEKB0016","44.321647","-69.757411","50.0","2021-10-22",,,"0.09",",,N",,,,
"US1MEKB0016","44.321647","-69.757411","50.0","2021-10-26",,,"0.27",",,N",,,,
"US1MEKB0016","44.321647","-69.757411","50.0","2021-10-27",,,"0.40",",,N",,,,
"US1MEKB0016","44.321647","-69.757411","50.0","2021-10-29",,,"0.00",",,N","0.0",",,N",,
"US1MEKB0016","44.321647","-69.757411","50.0","2021-10-31",,,"2.81",",,N",,,,
"US1MEKB0016","44.321647","-69.757411","50.0","2021-11-13",,,"1.59",",,N",,,,
"US1MEKB0016","44.321647","-69.757411","50.0","2021-11-14",,,"0.50",",,N",,,,
"US1MEKB0016","44.321647","-69.757411","50.0","2021-11-15",,,"0.27",",,N",,,,
"US1MEKB0016","44.321647","-69.757411","50.0","2021-11-17",,,"0.00",",,N","0.0",",,N",,
"US1MEKB0016","44.321647","-69.757411","50.0","2021-11-18",,,"0.07",",,N",,,,
"US1MEKB0016","44.321647","-69.757411","50.0","2021-11-27",,,"0.50",",,N",,,,
"US1MEKX0005","44.15192","-69.11159","45.1","2021-08-02",,,"0.00",",,N","0.0",",,N",,
"US1MEKX0005","44.15192","-69.11159","45.1","2021-08-03",,,"0.03",",,N",,,,
"US1MEKX0005","44.15192","-69.11159","45.1","2021-08-04",,,"0.00",",,N","0.0",",,N",,
"US1MEKX0005","44.15192","-69.11159","45.1","2021-08-05",,,"0.34",",,N",,,,
"US1MEKX0005","44.15192","-69.11159","45.1","2021-08-06",,,"0.59",",,N",,,,
"US1MEKX0005","44.15192","-69.11159","45.1","2021-08-08",,,"0.00",",,N","0.0",",,N",,
"US1MEKX0005","44.15192","-69.11159","45.1","2021-08-09",,,"0.00",",,N","0.0",",,N",,
"US1MEKX0005","44.15192","-69.11159","45.1","2021-08-10",,,"0.03",",,N",,,,
"US1MEKX0005","44.15192","-69.11159","45.1","2021-08-11",,,"0.00","T,,N",,,,
"US1MEKX0005","44.15192","-69.11159","45.1","2021-08-12",,,"0.00",",,N","0.0",",,N",,
"US1MEKX0005","44.15192","-69.11159","45.1","2021-08-13",,,"0.00",",,N","0.0",",,N",,
"US1MEKX0005","44.15192","-69.11159","45.1","2021-08-15",,,"0.15",",,N",,,,
"US1MEKX0005","44.15192","-69.11159","45.1","2021-08-16",,,"0.00",",,N","0.0",",,N",,
"US1MEKX0005","44.15192","-69.11159","45.1","2021-08-17",,,"0.00",",,N","0.0",",,N",,
"US1MEKX0005","44.15192","-69.11159","45.1","2021-08-18",,,"0.00","T,,N",,,,
"US1MEKX0005","44.15192","-69.11159","45.1","2021-08-19",,,"0.00","T,,N",,,,
"US1MEKX0005","44.15192","-69.11159","45.1","2021-08-20",,,"0.86",",,N",,,,
"US1MEKX0005","44.15192","-69.11159","45.1","2021-08-21",,,"0.00",",,N","0.0",",,N",,
"US1MEKX0005","44.15192","-69.11159","45.1","2021-08-22",,,"0.05",",,N",,,,
"US1MEKX0005","44.15192","-69.11159","45.1","2021-08-23",,,"0.87",",,N",,,,
"US1MEKX0005","44.15192","-69.11159","45.1","2021-08-25",,,"0.00","T,,N",,,,
"US1MEKX0005","44.15192","-69.11159","45.1","2021-08-26",,,"0.00",",,N","0.0",",,N",,
"US1MEKX0005","44.15192","-69.11159","45.1","2021-08-27",,,"0.00",",,N","0.0",",,N",,
"US1MEKX0005","44.15192","-69.11159","45.1","2021-08-29",,,,,,,,
"US1MEKX0005","44.15192","-69.11159","45.1","2021-08-30",,,"0.00",",,N","0.0",",,N",,
"US1MEKX0005","44.15192","-69.11159","45.1","2021-09-01",,,"0.00",",,N","0.0",",,N",,
"US1MEKX0005","44.15192","-69.11159","45.1","2021-09-02",,,"1.48",",,N",,,,
"US1MEKX0005","44.15192","-69.11159","45.1","2021-09-03",,,"0.00",",,N","0.0",",,N",,
"US1MEKX0005","44.15192","-69.11159","45.1","2021-09-06",,,"0.14",",,N",,,,
"US1MEKX0005","44.15192","-69.11159","45.1","2021-09-07",,,"0.04",",,N",,,,
"US1MEKX0005","44.15192","-69.11159","45.1","2021-09-08",,,"0.00",",,N","0.0",",,N",,
"US1MEKX0005","44.15192","-69.11159","45.1","2021-09-09",,,"0.05",",,N",,,,
"US1MEKX0005","44.15192","-69.11159","45.1","2021-09-10",,,"1.95",",,N",,,,
"US1MEKX0005","44.15192","-69.11159","45.1","2021-09-11",,,"0.18",",,N",,,,
"US1MEKX0005","44.15192","-69.11159","45.1","2021-09-13",,,"0.00","T,,N",,,,
"US1MEKX0005","44.15192","-69.11159","45.1","2021-09-15",,,"0.00","T,,N",,,,
"US1MEKX0005","44.15192","-69.11159","45.1","2021-09-16",,,"0.04",",,N",,,,
"US1MEKX0005","44.15192","-69.11159","45.1","2021-09-17",,,"0.00",",,N","0.0",",,N",,
"US1MEKX0005","44.15192","-69.11159","45.1","2021-09-19",,,"0.04",",,N",,,,
"US1MEKX0005","44.15192","-69.11159","45.1","2021-09-21",,,"0.00",",,N","0.0",",,N",,
"US1MEKX0005","44.15192","-69.11159","45.1","2021-09-22",,,"0.00","T,,N",,,,
"US1MEKX0005","44.15192","-69.11159","45.1","2021-09-24",,,"0.00",",,N","0.0",",,N",,
"US1MEKX0005","44.15192","-69.11159","45.1","2021-09-25",,,"1.83",",,N",,,,
"US1MEKX0005","44.15192","-69.11159","45.1","2021-09-27",,,"0.85",",,N",,,,
"US1MEKX0005","44.15192","-69.11159","45.1","2021-09-28",,,"0.00","T,,N",,,,
"US1MEKX0005","44.15192","-69.11159","45.1","2021-09-29",,,"0.00",",,N","0.0",",,N",,
"US1MEKX0005","44.15192","-69.11159","45.1","2021-09-30",,,"0.12",",,N",,,,
"US1MEKX0005","44.15192","-69.11159","45.1","2021-10-01",,,"0.39",",,N",,,,
"US1MEKX0005","44.15192","-69.11159","45.1","2021-10-04",,,"0.02",",,N",,,,
"US1MEKX0005","44.15192","-69.11159","45.1","2021-10-06",,,"0.00",",,N","0.0",",,N",,
"US1MEKX0005","44.15192","-69.11159","45.1","2021-10-07",,,"0.00",",,N","0.0",",,N",,
"US1MEKX0005","44.15192","-69.11159","45.1","2021-10-08",,,"0.00",",,N","0.0",",,N",,
"US1MEKX0005","44.15192","-69.11159","45.1","2021-10-09",,,"0.00",",,N","0.0",",,N",,
"US1MEKX0005","44.15192","-69.11159","45.1","2021-10-10",,,"0.00",",,N","0.0",",,N",,
"US1MEKX0005","44.15192","-69.11159","45.1","2021-10-11",,,"0.00",",,N","0.0",",,N",,
"US1MEKX0005","44.15192","-69.11159","45.1","2021-10-12",,,"0.00",",,N","0.0",",,N",,
"US1MEKX0005","44.15192","-69.11159","45.1","2021-10-14",,,"0.00",",,N","0.0",",,N",,
"US1MEKX0005","44.15192","-69.11159","45.1","2021-10-16",,,"0.75",",,N",,,,
"US1MEKX0005","44.15192","-69.11159","45.1","2021-10-17",,,"0.95",",,N",,,,
"US1MEKX0005","44.15192","-69.11159","45.1","2021-10-18",,,"0.00",",,N","0.0",",,N",,
"US1MEKX0005","44.15192","-69.11159","45.1","2021-10-20",,,"0.04",",,N",,,,
"US1MEKX0005","44.15192","-69.11159","45.1","2021-10-21",,,"0.00",",,N","0.0",",,N",,
"US1MEKX0005","44.15192","-69.11159","45.1","2021-10-22",,,"0.00","T,,N",,,,
"US1MEKX0005","44.15192","-69.11159","45.1","2021-10-23",,,"0.00",",,N","0.0",",,N",,
"US1MEKX0005","44.15192","-69.11159","45.1","2021-10-24",,,"0.00",",,N","0.0",",,N",,
"US1MEKX0005","44.15192","-69.11159","45.1","2021-10-25",,,"0.00",",,N","0.0",",,N",,
"US1MEKX0005","44.15192","-69.11159","45.1","2021-10-26",,,"0.00","T,,N",,,,
"US1MEKX0005","44.15192","-69.11159","45.1","2021-10-27",,,"1.27",",,N",,,,
"US1MEKX0005","44.15192","-69.11159","45.1","2021-10-28",,,"0.17",",,N",,,,
"US1MEKX0005","44.15192","-69.11159","45.1","2021-10-30",,,"0.02",",,N",,,,
"US1MEKX0005","44.15192","-69.11159","45.1","2021-10-31",,,"5.60",",,N",,,,
"US1MEKX0005","44.15192","-69.11159","45.1","2021-11-01",,,"0.00",",,N","0.0",",,N",,
"US1MEKX0005","44.15192","-69.11159","45.1","2021-11-02",,,"0.00",",,N","0.0",",,N",,
"US1MEKX0005","44.15192","-69.11159","45.1","2021-11-04",,,"0.00",",,N","0.0",",,N",,
"US1MEKX0005","44.15192","-69.11159","45.1","2021-11-06",,,"0.00",",,N","0.0",",,N",,
"US1MEKX0005","44.15192","-69.11159","45.1","2021-11-07",,,"0.00",",,N","0.0",",,N",,
"US1MEKX0005","44.15192","-69.11159","45.1","2021-11-08",,,"0.00",",,N","0.0",",,N",,
"US1MEKX0005","44.15192","-69.11159","45.1","2021-11-09",,,"0.00",",,N","0.0",",,N",,
"US1MEKX0005","44.15192","-69.11159","45.1","2021-11-10",,,"0.28",",,N",,,,
"US1MEKX0005","44.15192","-69.11159","45.1","2021-11-13",,,"1.57",",,N",,,,
"US1MEKX0005","44.15192","-69.11159","45.1","2021-11-14",,,"0.23",",,N",,,,
"US1MEKX0005","44.15192","-69.11159","45.1","2021-11-15",,,"0.42",",,N",,,,
"US1MEKX0005","44.15192","-69.11159","45.1","2021-11-16",,,"0.00",",,N","0.0",",,N",,
"US1MEKX0005","44.15192","-69.11159","45.1","2021-11-17",,,"0.00",",,N","0.0",",,N",,
"US1MEKX0005","44.15192","-69.11159","45.1","2021-11-18",,,"0.05",",,N",,,,
"US1MEKX0005","44.15192","-69.11159","45.1","2021-11-19",,,"0.20",",,N",,,,
"US1MEKX0005","44.15192","-69.11159","45.1","2021-11-22",,,"1.12",",,N",,,,
"US1MEKX0005","44.15192","-69.11159","45.1","2021-11-23",,,"0.10",",,N",,,,
"US1MEKX0005","44.15192","-69.11159","45.1","2021-11-26",,,"0.00",",,N","0.0",",,N",,
"US1MEKX0005","44.15192","-69.11159","45.1","2021-11-27",,,"0.54",",,N","0.5",",,N",,
"US1MEKX0005","44.15192","-69.11159","45.1","2021-11-28",,,"0.00",",,N","0.0",",,N",,
"US1LAEB0009","30.60694","-91.0533","32.0","2021-08-01",,,"0.92",",,N",,,,
"US1LAEB0009","30.60694","-91.0533","32.0","2021-08-02",,,"0.09",",,N",,,,
"US1LAEB0009","30.60694","-91.0533","32.0","2021-08-03",,,"0.15",",,N",,,,
"US1LAEB0009","30.60694","-91.0533","32.0","2021-08-04",,,"0.58",",,N",,,,
"US1LAEB0009","30.60694","-91.0533","32.0","2021-08-05",,,"0.00",",,N","0.0",",,N",,
"US1LAEB0009","30.60694","-91.0533","32.0","2021-08-06",,,"0.00",",,N","0.0",",,N",,
"US1LAEB0009","30.60694","-91.0533","32.0","2021-08-07",,,"0.00",",,N","0.0",",,N",,
"US1LAEB0009","30.60694","-91.0533","32.0","2021-08-08",,,"0.00",",,N","0.0",",,N",,
"US1LAEB0009","30.60694","-91.0533","32.0","2021-08-09",,,"0.01",",,N",,,,
"US1LAEB0009","30.60694","-91.0533","32.0","2021-08-10",,,"0.00",",,N","0.0",",,N",,
"US1LAEB0009","30.60694","-91.0533","32.0","2021-08-11",,,"0.00",",,N","0.0",",,N",,
"US1LAEB0009","30.60694","-91.0533","32.0","2021-08-12",,,"0.00",",,N","0.0",",,N",,
"US1LAEB0009","30.60694","-91.0533","32.0","2021-08-13",,,"0.01",",,N",,,,
"US1LAEB0009","30.60694","-91.0533","32.0","2021-08-14",,,"0.02",",,N",,,,
"US1LAEB0009","30.60694","-91.0533","32.0","2021-08-15",,,"0.01",",,N",,,,
"US1LAEB0009","30.60694","-91.0533","32.0","2021-08-16",,,"0.03",",,N",,,,
"US1LAEB0009","30.60694","-91.0533","32.0","2021-08-17",,,"0.00",",,N","0.0",",,N",,
"US1LAEB0009","30.60694","-91.0533","32.0","2021-08-18",,,"0.37",",,N",,,,
"US1LAEB0009","30.60694","-91.0533","32.0","2021-08-19",,,"0.00",",,N","0.0",",,N",,
"US1LAEB0009","30.60694","-91.0533","32.0","2021-08-20",,,"0.00",",,N","0.0",",,N",,
"US1LAEB0009","30.60694","-91.0533","32.0","2021-08-21",,,"0.00",",,N","0.0",",,N",,
"US1LAEB0009","30.60694","-91.0533","32.0","2021-08-22",,,"0.00",",,N","0.0",",,N",,
"US1LAEB0009","30.60694","-91.0533","32.0","2021-08-23",,,"0.00",",,N","0.0",",,N",,
"US1LAEB0009","30.60694","-91.0533","32.0","2021-08-24",,,"0.00",",,N","0.0",",,N",,
"US1LAEB0009","30.60694","-91.0533","32.0","2021-08-25",,,"0.14",",,N",,,,
"US1LAEB0009","30.60694","-91.0533","32.0","2021-08-26",,,"0.07",",,N",,,,
"US1LAEB0009","30.60694","-91.0533","32.0","2021-08-27",,,"0.04",",,N",,,,
"US1LAEB0009","30.60694","-91.0533","32.0","2021-08-28",,,"0.35",",,N",,,,
"US1LAEB0009","30.60694","-91.0533","32.0","2021-08-29",,,"0.15",",,N",,,,
"US1LAEB0009","30.60694","-91.0533","32.0","2021-08-30",,,"1.09",",,N",,,,
"US1LAEB0009","30.60694","-91.0533","32.0","2021-08-31",,,"0.00",",,N","0.0",",,N",,
"US1LAEB0009","30.60694","-91.0533","32.0","2021-09-01",,,"0.00",",,N","0.0",",,N",,
"US1LAEB0009","30.60694","-91.0533","32.0","2021-09-02",,,"0.00",",,N","0.0",",,N",,
"US1LAEB0009","30.60694","-91.0533","32.0","2021-09-03",,,"0.00",",,N","0.0",",,N",,
"US1LAEB0009","30.60694","-91.0533","32.0","2021-09-16",,,"0.92",",,N",,,,
"US1LAEB0009","30.60694","-91.0533","32.0","2021-09-17",,,"0.08",",,N",,,,
"US1LAEB0009","30.60694","-91.0533","32.0","2021-09-18",,,"0.47",",,N",,,,
"US1LAEB0009","30.60694","-91.0533","32.0","2021-09-19",,,"0.02",",,N",,,,
"US1LAEB0009","30.60694","-91.0533","32.0","2021-09-20",,,"0.00",",,N","0.0",",,N",,
"US1LAEB0009","30.60694","-91.0533","32.0","2021-09-21",,,"0.02",",,N",,,,
"US1LAEB0009","30.60694","-91.0533","32.0","2021-09-22",,,"0.08",",,N",,,,
"US1LAEB0009","30.60694","-91.0533","32.0","2021-09-23",,,"0.00",",,N","0.0",",,N",,
"US1LAEB0009","30.60694","-91.0533","32.0","2021-09-24",,,"0.00",",,N","0.0",",,N",,
"US1LAEB0009","30.60694","-91.0533","32.0","2021-09-25",,,"0.00",",,N","0.0",",,N",,
"US1LAEB0009","30.60694","-91.0533","32.0","2021-09-26",,,"0.00",",,N","0.0",",,N",,
"US1LAEB0009","30.60694","-91.0533","32.0","2021-09-27",,,"0.00",",,N","0.0",",,N",,
"US1LAEB0009","30.60694","-91.0533","32.0","2021-09-28",,,"0.00",",,N","0.0",",,N",,
"US1LAEB0009","30.60694","-91.0533","32.0","2021-10-26",,,"0.21",",,N",,,,
"US1LAEB0009","30.60694","-91.0533","32.0","2021-10-27",,,"0.00",",,N","0.0",",,N",,
"US1LAEB0009","30.60694","-91.0533","32.0","2021-10-28",,,"1.62",",,N",,,,
"US1LAEB0009","30.60694","-91.0533","32.0","2021-10-29",,,"0.00",",,N","0.0",",,N",,
"US1LAEB0009","30.60694","-91.0533","32.0","2021-10-30",,,"0.00",",,N","0.0",",,N",,
"US1LAEB0009","30.60694","-91.0533","32.0","2021-10-31",,,"0.00",",,N","0.0",",,N",,
"US1LAEB0009","30.60694","-91.0533","32.0","2021-11-01",,,"0.00",",,N","0.0",",,N",,
"US1LAEB0009","30.60694","-91.0533","32.0","2021-11-02",,,"0.00",",,N","0.0",",,N",,
"US1LAEB0009","30.60694","-91.0533","32.0","2021-11-03",,,"0.00",",,N","0.0",",,N",,
"US1LAEB0009","30.60694","-91.0533","32.0","2021-11-04",,,"0.00",",,N","0.0",",,N",,
"US1LAEB0009","30.60694","-91.0533","32.0","2021-11-05",,,"0.00",",,N","0.0",",,N",,
"US1LAEB0009","30.60694","-91.0533","32.0","2021-11-06",,,"0.00",",,N","0.0",",,N",,
"US1LAEB0009","30.60694","-91.0533","32.0","2021-11-07",,,"0.00",",,N","0.0",",,N",,
"US1LAEB0009","30.60694","-91.0533","32.0","2021-11-08",,,"0.00",",,N","0.0",",,N",,
"US1LAEB0009","30.60694","-91.0533","32.0","2021-11-09",,,"0.00",",,N","0.0",",,N",,
"US1LAEB0009","30.60694","-91.0533","32.0","2021-11-10",,,"0.00",",,N","0.0",",,N",,
"US1LAEB0009","30.60694","-91.0533","32.0","2021-11-11",,,"0.00",",,N","0.0",",,N",,
"US1LAEB0009","30.60694","-91.0533","32.0","2021-11-12",,,"0.15",",,N",,,,
"US1LAEB0009","30.60694","-91.0533","32.0","2021-11-13",,,"0.00",",,N","0.0",",,N",,
"US1LAEB0009","30.60694","-91.0533","32.0","2021-11-14",,,"0.00",",,N","0.0",",,N",,
"US1LAEB0009","30.60694","-91.0533","32.0","2021-11-15",,,"0.00",",,N","0.0",",,N",,
"US1LAEB0009","30.60694","-91.0533","32.0","2021-11-16",,,"0.00",",,N","0.0",",,N",,
"US1LAEB0009","30.60694","-91.0533","32.0","2021-11-17",,,"0.00",",,N","0.0",",,N",,
"US1LAEB0009","30.60694","-91.0533","32.0","2021-11-18",,,"0.02",",,N",,,,
"US1LAEB0009","30.60694","-91.0533","32.0","2021-11-19",,,"0.00",",,N","0.0",",,N",,
"US1LAEB0009","30.60694","-91.0533","32.0","2021-11-20",,,"0.00",",,N","0.0",",,N",,
"US1LAEB0009","30.60694","-91.0533","32.0","2021-11-21",,,"0.00",",,N","0.0",",,N",,
"US1LAEB0009","30.60694","-91.0533","32.0","2021-11-22",,,"0.36",",,N",,,,
"US1LAEB0009","30.60694","-91.0533","32.0","2021-11-23",,,"0.00",",,N","0.0",",,N",,
"US1LAEB0009","30.60694","-91.0533","32.0","2021-11-24",,,"0.00",",,N","0.0",",,N",,
"US1LAEB0009","30.60694","-91.0533","32.0","2021-11-25",,,"0.00",",,N","0.0",",,N",,
"US1LAEB0009","30.60694","-91.0533","32.0","2021-11-26",,,"0.04",",,N",,,,
"US1LAEB0009","30.60694","-91.0533","32.0","2021-11-27",,,"0.00",",,N","0.0",",,N",,
"US1LAEB0009","30.60694","-91.0533","32.0","2021-11-28",,,"0.06",",,N",,,,
"US1MEHN0042","44.64983333","-68.82333333","45.1","2021-08-01",,,"0.00",",,N","0.0",",,N",,
"US1MEHN0042","44.64983333","-68.82333333","45.1","2021-08-02",,,"0.01",",,N",,,,
"US1MEHN0042","44.64983333","-68.82333333","45.1","2021-08-03",,,"0.00",",,N","0.0",",,N",,
"US1MEHN0042","44.64983333","-68.82333333","45.1","2021-08-04",,,"0.00",",,N","0.0",",,N",,
"US1MEHN0042","44.64983333","-68.82333333","45.1","2021-08-05",,,"0.18",",,N",,,,
"US1MEHN0042","44.64983333","-68.82333333","45.1","2021-08-06",,,"0.47",",,N",,,,
"US1MEHN0042","44.64983333","-68.82333333","45.1","2021-08-07",,,"0.00","T,,N",,,,
"US1MEHN0042","44.64983333","-68.82333333","45.1","2021-08-08",,,"0.00",",,N","0.0",",,N",,
"US1MEHN0042","44.64983333","-68.82333333","45.1","2021-08-09",,,"0.00",",,N","0.0",",,N",,
"US1MEHN0042","44.64983333","-68.82333333","45.1","2021-08-10",,,"0.00",",,N","0.0",",,N",,
"US1MEHN0042","44.64983333","-68.82333333","45.1","2021-08-11",,,"0.00",",,N","0.0",",,N",,
"US1MEHN0042","44.64983333","-68.82333333","45.1","2021-08-12",,,"0.00",",,N","0.0",",,N",,
"US1MEHN0042","44.64983333","-68.82333333","45.1","2021-08-13",,,"0.00",",,N","0.0",",,N",,
"US1MEHN0042","44.64983333","-68.82333333","45.1","2021-08-14",,,"0.00",",,N","0.0",",,N",,
"US1MEHN0042","44.64983333","-68.82333333","45.1","2021-08-15",,,"0.65",",,N",,,,
"US1MEHN0042","44.64983333","-68.82333333","45.1","2021-08-16",,,"0.00",",,N","0.0",",,N",,
"US1MEHN0042","44.64983333","-68.82333333","45.1","2021-08-17",,,"0.00",",,N","0.0",",,N",,
"US1MEHN0042","44.64983333","-68.82333333","45.1","2021-08-18",,,"0.00","T,,N",,,,
"US1MEHN0042","44.64983333","-68.82333333","45.1","2021-08-19",,,"0.07",",,N",,,,
"US1MEHN0042","44.64983333","-68.82333333","45.1","2021-08-20",,,"0.10",",,N",,,,
"US1MEHN0042","44.64983333","-68.82333333","45.1","2021-08-21",,,"0.00",",,N","0.0",",,N",,
"US1MEHN0042","44.64983333","-68.82333333","45.1","2021-08-22",,,"0.00",",,N","0.0",",,N",,
"US1MEHN0042","44.64983333","-68.82333333","45.1","2021-08-23",,,"0.12",",,N",,,,
"US1MEHN0042","44.64983333","-68.82333333","45.1","2021-08-24",,,"0.54",",,N",,,,
"US1MEHN0042","44.64983333","-68.82333333","45.1","2021-08-25",,,"0.00",",,N","0.0",",,N",,
"US1MEHN0042","44.64983333","-68.82333333","45.1","2021-08-26",,,"0.00",",,N","0.0",",,N",,
"US1MEHN0042","44.64983333","-68.82333333","45.1","2021-08-27",,,"0.00",",,N","0.0",",,N",,
"US1MEHN0042","44.64983333","-68.82333333","45.1","2021-08-28",,,"0.00",",,N","0.0",",,N",,
"US1MEHN0042","44.64983333","-68.82333333","45.1","2021-08-29",,,"0.13",",,N",,,,
"US1MEHN0042","44.64983333","-68.82333333","45.1","2021-08-30",,,"0.01",",,N",,,,
"US1MEHN0042","44.64983333","-68.82333333","45.1","2021-08-31",,,"0.04",",,N","0.0",",,N",,
"US1MEHN0042","44.64983333","-68.82333333","45.1","2021-09-01",,,"0.00",",,N","0.0",",,N",,
"US1MEHN0042","44.64983333","-68.82333333","45.1","2021-09-02",,,"0.71",",,N",,,,
"US1MEHN0042","44.64983333","-68.82333333","45.1","2021-09-03",,,"0.31",",,N",,,,
"US1MEHN0042","44.64983333","-68.82333333","45.1","2021-09-04",,,"0.25",",,N",,,,
"US1MEHN0042","44.64983333","-68.82333333","45.1","2021-09-05",,,"0.00",",,N","0.0",",,N",,
"US1MEHN0042","44.64983333","-68.82333333","45.1","2021-09-06",,,"0.11",",,N",,,,
"US1MEHN0042","44.64983333","-68.82333333","45.1","2021-09-07",,,"0.30",",,N",,,,
"US1MEHN0042","44.64983333","-68.82333333","45.1","2021-09-10",,,"2.15",",,N",,,,
"US1MEHN0042","44.64983333","-68.82333333","45.1","2021-09-11",,,"0.57",",,N",,,,
"US1MEHN0042","44.64983333","-68.82333333","45.1","2021-09-12",,,"0.00",",,N","0.0",",,N",,
"US1MEHN0042","44.64983333","-68.82333333","45.1","2021-09-13",,,"0.02",",,N",,,,
"US1MEHN0042","44.64983333","-68.82333333","45.1","2021-09-14",,,"0.00",",,N","0.0",",,N",,
"US1MEHN0042","44.64983333","-68.82333333","45.1","2021-09-15",,,"0.00",",,N","0.0",",,N",,
"US1MEHN0042","44.64983333","-68.82333333","45.1","2021-09-16",,,"0.37",",,N",,,,
"US1MEHN0042","44.64983333","-68.82333333","45.1","2021-09-17",,,"0.00",",,N","0.0",",,N",,
"US1MEHN0042","44.64983333","-68.82333333","45.1","2021-09-18",,,"0.02",",,N",,,,
"US1MEHN0042","44.64983333","-68.82333333","45.1","2021-09-19",,,"0.02",",,N",,,,
"US1MEHN0042","44.64983333","-68.82333333","45.1","2021-09-20",,,"0.00",",,N","0.0",",,N",,
"US1MEHN0042","44.64983333","-68.82333333","45.1","2021-09-21",,,"0.00",",,N","0.0",",,N",,
"US1MEHN0042","44.64983333","-68.82333333","45.1","2021-09-24",,,"0.06",",,N",,,,
"US1MEHN0042","44.64983333","-68.82333333","45.1","2021-09-25",,,"2.59",",,N",,,,
"US1MEHN0042","44.64983333","-68.82333333","45.1","2021-09-26",,,"0.72",",,N",,,,
"US1MEHN0042","44.64983333","-68.82333333","45.1","2021-09-27",,,"2.24",",,N",,,,
"US1MEHN0042","44.64983333","-68.82333333","45.1","2021-09-28",,,"0.00",",,N","0.0",",,N",,
"US1MEHN0042","44.64983333","-68.82333333","45.1","2021-09-29",,,"0.00",",,N","0.0",",,N",,
"US1MEHN0042","44.64983333","-68.82333333","45.1","2021-09-30",,,"0.00","T,,N",,,,
"US1MEHN0042","44.64983333","-68.82333333","45.1","2021-10-01",,,"0.10",",,N",,,,
"US1MEHN0042","44.64983333","-68.82333333","45.1","2021-10-02",,,"0.00",",,N","0.0",",,N",,
"US1MEHN0042","44.64983333","-68.82333333","45.1","2021-10-03",,,"0.00",",,N","0.0",",,N",,
"US1MEHN0042","44.64983333","-68.82333333","45.1","2021-10-04",,,"0.00",",,N","0.0",",,N",,
"US1MEHN0042","44.64983333","-68.82333333","45.1","2021-10-05",,,"0.00",",,N","0.0",",,N",,
"US1MEHN0042","44.64983333","-68.82333333","45.1","2021-10-06",,,"0.00",",,N","0.0",",,N",,
"US1MEHN0042","44.64983333","-68.82333333","45.1","2021-10-07",,,"0.00",",,N","0.0",",,N",,
"US1MEHN0042","44.64983333","-68.82333333","45.1","2021-10-08",,,"0.00",",,N","0.0",",,N",,
"US1MEHN0042","44.64983333","-68.82333333","45.1","2021-10-09",,,"0.00",",,N","0.0",",,N",,
"US1MEHN0042","44.64983333","-68.82333333","45.1","2021-10-10",,,"0.00",",,N","0.0",",,N",,
"US1MEHN0042","44.64983333","-68.82333333","45.1","2021-10-11",,,"0.00",",,N","0.0",",,N",,
"US1MEHN0042","44.64983333","-68.82333333","45.1","2021-10-12",,,"0.00",",,N","0.0",",,N",,
"US1MEHN0042","44.64983333","-68.82333333","45.1","2021-10-13",,,"0.00",",,N","0.0",",,N",,
"US1MEHN0042","44.64983333","-68.82333333","45.1","2021-10-14",,,"0.00",",,N","0.0",",,N",,
"US1MEHN0042","44.64983333","-68.82333333","45.1","2021-10-15",,,"0.00",",,N","0.0",",,N",,
"US1MEHN0042","44.64983333","-68.82333333","45.1","2021-10-16",,,"0.07",",,N",,,,
"US1MEHN0042","44.64983333","-68.82333333","45.1","2021-10-17",,,"1.20",",,N",,,,
"US1MEHN0042","44.64983333","-68.82333333","45.1","2021-10-18",,,"0.12",",,N",,,,
"US1MEHN0042","44.64983333","-68.82333333","45.1","2021-10-19",,,"0.00",",,N","0.0",",,N",,
"US1MEHN0042","44.64983333","-68.82333333","45.1","2021-10-20",,,"0.04",",,N",,,,
"US1MEHN0042","44.64983333","-68.82333333","45.1","2021-10-21",,,"0.00",",,N","0.0",",,N",,
"US1MEHN0042","44.64983333","-68.82333333","45.1","2021-10-22",,,"0.03",",,N",,,,
"US1MEHN0042","44.64983333","-68.82333333","45.1","2021-10-23",,,"0.02",",,N",,,,
"US1MEHN0042","44.64983333","-68.82333333","45.1","2021-10-24",,,"0.00",",,N","0.0",",,N",,
"US1MEHN0042","44.64983333","-68.82333333","45.1","2021-10-25",,,"0.00",",,N","0.0",",,N",,
"US1MEHN0042","44.64983333","-68.82333333","45.1","2021-10-26",,,"0.03",",,N",,,,
"US1MEHN0042","44.64983333","-68.82333333","45.1","2021-10-27",,,"0.30",",,N",,,,
"US1MEHN0042","44.64983333","-68.82333333","45.1","2021-10-28",,,"0.06",",,N",,,,
"US1MEHN0042","44.64983333","-68.82333333","45.1","2021-10-29",,,"0.00",",,N","0.0",",,N",,
"US1MEHN0042","44.64983333","-68.82333333","45.1","2021-10-30",,,"0.00",",,N","0.0",",,N",,
"US1MEHN0042","44.64983333","-68.82333333","45.1","2021-10-31",,,"2.95",",,N",,,,
"US1MEHN0042","44.64983333","-68.82333333","45.1","2021-11-01",,,"0.47",",,N",,,,
"US1MEHN0042","44.64983333","-68.82333333","45.1","2021-11-02",,,"0.00",",,N","0.0",",,N",,
"US1MEHN0042","44.64983333","-68.82333333","45.1","2021-11-03",,,"0.00",",,N","0.0",",,N",,
"US1MEHN0042","44.64983333","-68.82333333","45.1","2021-11-04",,,"0.00",",,N","0.0",",,N",,
"US1MEHN0042","44.64983333","-68.82333333","45.1","2021-11-05",,,"0.00",",,N","0.0",",,N",,
"US1MEHN0042","44.64983333","-68.82333333","45.1","2021-11-06",,,"0.00",",,N","0.0",",,N",,
"US1MEHN0042","44.64983333","-68.82333333","45.1","2021-11-07",,,"0.00",",,N","0.0",",,N",,
"US1MEHN0042","44.64983333","-68.82333333","45.1","2021-11-08",,,"0.00",",,N","0.0",",,N",,
"US1MEHN0042","44.64983333","-68.82333333","45.1","2021-11-09",,,"0.00",",,N","0.0",",,N",,
"US1MEHN0042","44.64983333","-68.82333333","45.1","2021-11-10",,,"0.05",",,N",,,,
"US1MEHN0042","44.64983333","-68.82333333","45.1","2021-11-11",,,"0.20",",,N",,,,
"US1MEHN0042","44.64983333","-68.82333333","45.1","2021-11-12",,,"0.00",",,N","0.0",",,N",,
"US1MEHN0042","44.64983333","-68.82333333","45.1","2021-11-13",,,"1.65",",,N",,,,
"US1MEHN0042","44.64983333","-68.82333333","45.1","2021-11-14",,,"0.18",",,N",,,,
"US1MEHN0042","44.64983333","-68.82333333","45.1","2021-11-15",,,"0.17",",,N",,,,
"US1MEHN0042","44.64983333","-68.82333333","45.1","2021-11-16",,,"0.01",",,N",,,,
"US1MEHN0042","44.64983333","-68.82333333","45.1","2021-11-17",,,"0.00",",,N","0.0",",,N",,
"US1MEHN0042","44.64983333","-68.82333333","45.1","2021-11-18",,,"0.17",",,N",,,,
"US1MEHN0042","44.64983333","-68.82333333","45.1","2021-11-19",,,"0.21",",,N",,,,
"US1MEHN0042","44.64983333","-68.82333333","45.1","2021-11-20",,,"0.00",",,N","0.0",",,N",,
"US1MEHN0042","44.64983333","-68.82333333","45.1","2021-11-21",,,"0.00",",,N","0.0",",,N",,
"US1MEHN0042","44.64983333","-68.82333333","45.1","2021-11-22",,,"1.00",",,N",,,,
"US1MEHN0042","44.64983333","-68.82333333","45.1","2021-11-23",,,"0.52",",,N",,,,
"US1MEHN0042","44.64983333","-68.82333333","45.1","2021-11-24",,,"0.00",",,N","0.0",",,N",,
"US1MEHN0042","44.64983333","-68.82333333","45.1","2021-11-25",,,"0.00",",,N","0.0",",,N",,
"US1MEHN0042","44.64983333","-68.82333333","45.1","2021-11-26",,,"0.00",",,N","0.0",",,N",,
"US1MEHN0042","44.64983333","-68.82333333","45.1","2021-11-27",,,"0.64",",,N","2.7",",,N",,
"US1MEYK0008","43.260797","-70.734544","43.6","2021-08-05",,,"0.25",",,N",,,,
"US1MEYK0008","43.260797","-70.734544","43.6","2021-08-06",,,"0.29",",,N",,,,
"US1MEYK0008","43.260797","-70.734544","43.6","2021-08-20",,,"1.83",",,N",,,,
"US1MEYK0008","43.260797","-70.734544","43.6","2021-08-23",,,"0.92",",,N",,,,
"US1MEYK0008","43.260797","-70.734544","43.6","2021-08-24",,,"1.10",",,N",,,,
"US1MEYK0008","43.260797","-70.734544","43.6","2021-09-02",,,"2.50",",,N",,,,
"US1MEYK0008","43.260797","-70.734544","43.6","2021-09-06",,,"0.12",",,N",,,,
"US1MEYK0008","43.260797","-70.734544","43.6","2021-09-10",,,"0.90",",,N",,,,
"US1MEYK0008","43.260797","-70.734544","43.6","2021-09-13",,,"0.25",",,N",,,,
"US1MEYK0008","43.260797","-70.734544","43.6","2021-09-16",,,"0.11",",,N",,,,
"US1MEYK0008","43.260797","-70.734544","43.6","2021-09-26",,,"0.35",",,N",,,,
"US1MEYK0008","43.260797","-70.734544","43.6","2021-10-04",,,"0.07",",,N",,,,
"US1MEYK0008","43.260797","-70.734544","43.6","2021-10-05",,,"0.37",",,N",,,,
"US1MEYK0008","43.260797","-70.734544","43.6","2021-10-17",,,"0.47",",,N",,,,
"US1MEYK0008","43.260797","-70.734544","43.6","2021-10-26",,,"0.41",",,N",,,,
"US1MEYK0008","43.260797","-70.734544","43.6","2021-10-27",,,"1.44",",,N",,,,
"US1MEYK0008","43.260797","-70.734544","43.6","2021-10-28",,,"0.47",",,N",,,,
"US1MEYK0008","43.260797","-70.734544","43.6","2021-10-30",,,"0.15",",,N",,,,
"US1MEYK0008","43.260797","-70.734544","43.6","2021-10-31",,,"4.80",",,N",,,,
"US1MEYK0008","43.260797","-70.734544","43.6","2021-11-13",,,"1.62",",,N",,,,
"US1MEYK0008","43.260797","-70.734544","43.6","2021-11-22",,,"0.72",",,N",,,,
"USW00004836","47.28556","-68.31333","301.1","2021-08-01","6.93",",,W","0.00","T,,W",,,,
"USW00004836","47.28556","-68.31333","301.1","2021-08-02","4.47",",,W","0.42",",,W",,,,
"USW00004836","47.28556","-68.31333","301.1","2021-08-03","9.40",",,W","0.11",",,W",,,,
"USW00004836","47.28556","-68.31333","301.1","2021-08-04","4.25",",,W","0.00",",,W",,,,
"USW00004836","47.28556","-68.31333","301.1","2021-08-05","6.71",",,W","0.00",",,W",,,,
"USW00004836","47.28556","-68.31333","301.1","2021-08-06","6.04",",,W","0.00",",,W",,,,
"USW00004836","47.28556","-68.31333","301.1","2021-08-07","7.16",",,W","0.00","T,,W",,,,
"USW00004836","47.28556","-68.31333","301.1","2021-08-08","5.82",",,W","0.00",",,W",,,,
"USW00004836","47.28556","-68.31333","301.1","2021-08-09","6.93",",,W","0.02",",,W",,,,
"USW00004836","47.28556","-68.31333","301.1","2021-08-10","7.83",",,W","0.00",",,W",,,,
"USW00004836","47.28556","-68.31333","301.1","2021-08-11","9.84",",,W","0.00","T,,W",,,,
"USW00004836","47.28556","-68.31333","301.1","2021-08-12","8.28",",,W","0.00","T,,W",,,,
"USW00004836","47.28556","-68.31333","301.1","2021-08-13","6.26",",,W","0.00",",,W",,,,
"USW00004836","47.28556","-68.31333","301.1","2021-08-14","5.82",",,W","0.40",",,W",,,,
"USW00004836","47.28556","-68.31333","301.1","2021-08-15","10.51",",,W","0.00","T,,W",,,,
"USW00004836","47.28556","-68.31333","301.1","2021-08-16","6.71",",,W","0.00",",,W",,,,
"USW00004836","47.28556","-68.31333","301.1","2021-08-17","5.59",",,W","0.00",",,W",,,,
"USW00004836","47.28556","-68.31333","301.1","2021-08-18","6.26",",,W","0.00",",,W",,,,
"USW00004836","47.28556","-68.31333","301.1","2021-08-19","5.59",",,W","0.00",",,W",,,,
"USW00004836","47.28556","-68.31333","301.1","2021-08-20","7.61",",,W","0.00",",,W",,,,
"USW00004836","47.28556","-68.31333","301.1","2021-08-21","5.37",",,W","0.00",",,W",,,,
"USW00004836","47.28556","-68.31333","301.1","2021-08-22","6.93",",,W","0.00",",,W",,,,
"USW00004836","47.28556","-68.31333","301.1","2021-08-23","6.71",",,W","0.04",",,W",,,,
"USW00004836","47.28556","-68.31333","301.1","2021-08-24","6.26",",,W","0.14",",,W",,,,
"USW00004836","47.28556","-68.31333","301.1","2021-08-25","4.25",",,W","0.00",",,W",,,,
"USW00004836","47.28556","-68.31333","301.1","2021-08-26","8.95",",,W","0.14",",,W",,,,
"USW00004836","47.28556","-68.31333","301.1","2021-08-27","12.75",",,W","0.00",",,W",,,,
"USW00004836","47.28556","-68.31333","301.1","2021-08-28","4.92",",,W","0.00",",,W",,,,
"USW00004836","47.28556","-68.31333","301.1","2021-08-29","6.71",",,W","0.00","T,,W",,,,
"USW00004836","47.28556","-68.31333","301.1","2021-08-30","8.28",",,W","0.30",",,W",,,,
"USW00004836","47.28556","-68.31333","301.1","2021-08-31","10.07",",,W","0.00",",,W",,,,
"USW00004836","47.28556","-68.31333","301.1","2021-09-01","7.38",",,W","0.00","T,,W",,,,
"USW00004836","47.28556","-68.31333","301.1","2021-09-02","6.49",",,W","0.30",",,W",,,,
"USW00004836","47.28556","-68.31333","301.1","2021-09-03","14.99",",,W","0.06",",,W",,,,
"USW00004836","47.28556","-68.31333","301.1","2021-09-04","9.62",",,W","0.00",",,W",,,,
"USW00004836","47.28556","-68.31333","301.1","2021-09-05","8.95",",,W","0.28",",,W",,,,
"USW00004836","47.28556","-68.31333","301.1","2021-09-06","7.61",",,W","1.01",",,W",,,,
"USW00004836","47.28556","-68.31333","301.1","2021-09-07","9.40",",,W","0.01",",,W",,,,
"USW00004836","47.28556","-68.31333","301.1","2021-09-08","11.41",",,W","0.00",",,W",,,,
"USW00004836","47.28556","-68.31333","301.1","2021-09-09","6.26",",,W","0.11",",,W",,,,
"USW00004836","47.28556","-68.31333","301.1","2021-09-10","9.62",",,W","0.46",",,W",,,,
"USW00004836","47.28556","-68.31333","301.1","2021-09-11","10.29",",,W","0.00",",,W",,,,
"USW00004836","47.28556","-68.31333","301.1","2021-09-12","9.62",",,W","0.20",",,W",,,,
"USW00004836","47.28556","-68.31333","301.1","2021-09-13","10.96",",,W","0.00",",,W",,,,
"USW00004836","47.28556","-68.31333","301.1","2021-09-14","7.38",",,W","0.00","T,,W",,,,
"USW00004836","47.28556","-68.31333","301.1","2021-09-15","12.97",",,W","1.19",",,W",,,,
"USW00004836","47.28556","-68.31333","301.1","2021-09-16","6.26",",,W","0.00",",,W",,,,
"USW00004836","47.28556","-68.31333","301.1","2021-09-17","7.61",",,W","0.00",",,W",,,,
"USW00004836","47.28556","-68.31333","301.1","2021-09-18","10.07",",,W","0.17",",,W",,,,
"USW00004836","47.28556","-68.31333","301.1","2021-09-19","8.50",",,W","0.00",",,W",,,,
"USW00004836","47.28556","-68.31333","301.1","2021-09-20","5.14",",,W","0.00",",,W",,,,
"USW00004836","47.28556","-68.31333","301.1","2021-09-21","9.17",",,W","0.00",",,W",,,,
"USW00004836","47.28556","-68.31333","301.1","2021-09-22","9.17",",,W","0.00",",,W",,,,
"USW00004836","47.28556","-68.31333","301.1","2021-09-23","9.17",",,W","0.00",",,W",,,,
"USW00004836","47.28556","-68.31333","301.1","2021-09-24","13.20",",,W","0.99",",,W",,,,
"USW00004836","47.28556","-68.31333","301.1","2021-09-25","3.80",",,W","0.13",",,W",,,,
"USW00004836","47.28556","-68.31333","301.1","2021-09-26","6.26",",,W","2.66",",,W",,,,
"USW00004836","47.28556","-68.31333","301.1","2021-09-27","9.84",",,W","0.14",",,W",,,,
"USW00004836","47.28556","-68.31333","301.1","2021-09-28","6.04",",,W","0.00","T,,W",,,,
"USW00004836","47.28556","-68.31333","301.1","2021-09-29","4.25",",,W","0.00","T,,W",,,,
"USW00004836","47.28556","-68.31333","301.1","2021-09-30","10.07",",,W","0.08",",,W",,,,
"USW00004836","47.28556","-68.31333","301.1","2021-10-01","7.38",",,W","0.03",",,W",,,,
"USW00004836","47.28556","-68.31333","301.1","2021-10-02","7.38",",,W","0.00",",,W",,,,
"USW00004836","47.28556","-68.31333","301.1","2021-10-03","6.49",",,W","0.00",",,W",,,,
"USW00004836","47.28556","-68.31333","301.1","2021-10-04","6.71",",,W","0.00",",,W",,,,
"USW00004836","47.28556","-68.31333","301.1","2021-10-05","4.03",",,W","0.00",",,W",,,,
"USW00004836","47.28556","-68.31333","301.1","2021-10-06","6.71",",,W","0.00",",,W",,,,
"USW00004836","47.28556","-68.31333","301.1","2021-10-07","6.26",",,W","0.00",",,W",,,,
"USW00004836","47.28556","-68.31333","301.1","2021-10-08","6.71",",,W","0.00",",,W",,,,
"USW00004836","47.28556","-68.31333","301.1","2021-10-09","6.93",",,W","0.00",",,W",,,,
"USW00004836","47.28556","-68.31333","301.1","2021-10-10","5.59",",,W","0.00",",,W",,,,
"USW00004836","47.28556","-68.31333","301.1","2021-10-11","2.68",",,W","0.00","T,,W",,,,
"USW00004836","47.28556","-68.31333","301.1","2021-10-12","3.13",",,W","0.00","T,,W",,,,
"USW00004836","47.28556","-68.31333","301.1","2021-10-13","2.24",",,W","0.03",",,W",,,,
"USW00004836","47.28556","-68.31333","301.1","2021-10-14","5.82",",,W","0.00",",,W",,,,
"USW00004836","47.28556","-68.31333","301.1","2021-10-15","5.82",",,W","0.03",",,W",,,,
"USW00004836","47.28556","-68.31333","301.1","2021-10-16","11.86",",,W","0.88",",,W",,,,
"USW00004836","47.28556","-68.31333","301.1","2021-10-17","8.72",",,W","0.96",",,W",,,,
"USW00004836","47.28556","-68.31333","301.1","2021-10-18","10.96",",,W","0.00","T,,W",,,,
"USW00004836","47.28556","-68.31333","301.1","2021-10-19","14.32",",,W","0.00","T,,W",,,,
"USW00004836","47.28556","-68.31333","301.1","2021-10-20","7.38",",,W","0.00","T,,W",,,,
"USW00004836","47.28556","-68.31333","301.1","2021-10-21","4.47",",,W","0.07",",,W",,,,
"USW00004836","47.28556","-68.31333","301.1","2021-10-22","9.62",",,W","0.08",",,W",,,,
"USW00004836","47.28556","-68.31333","301.1","2021-10-23","7.61",",,W","0.00",",,W",,,,
"USW00004836","47.28556","-68.31333","301.1","2021-10-24","13.87",",,W","0.00",",,W",,,,
"USW00004836","47.28556","-68.31333","301.1","2021-10-25","5.82",",,W","0.00",",,W",,,,
"USW00004836","47.28556","-68.31333","301.1","2021-10-26","8.50",",,W","0.00",",,W",,,,
"USW00004836","47.28556","-68.31333","301.1","2021-10-27","10.74",",,W","0.00",",,W",,,,
"USW00004836","47.28556","-68.31333","301.1","2021-10-28","8.50",",,W","0.00",",,W",,,,
"USW00004836","47.28556","-68.31333","301.1","2021-10-29","6.04",",,W","0.00",",,W",,,,
"USW00004836","47.28556","-68.31333","301.1","2021-10-30","5.37",",,W","0.00","T,,W",,,,
"USW00004836","47.28556","-68.31333","301.1","2021-10-31","12.97",",,W","0.69",",,W",,,,
"USW00004836","47.28556","-68.31333","301.1","2021-11-01","12.30",",,W","0.00","T,,W",,,,
"USW00004836","47.28556","-68.31333","301.1","2021-11-02","9.40",",,W","0.00",",,W",,,,
"USW00004836","47.28556","-68.31333","301.1","2021-11-03","4.92",",,W","0.00",",,W",,,,
"USW00004836","47.28556","-68.31333","301.1","2021-11-04","6.71",",,W","0.00",",,W",,,,
"USW00004836","47.28556","-68.31333","301.1","2021-11-05","7.83",",,W","0.00",",,W",,,,
"USW00004836","47.28556","-68.31333","301.1","2021-11-06","9.17",",,W","0.00",",,W",,,,
"USW00004836","47.28556","-68.31333","301.1","2021-11-07","6.04",",,W","0.00",",,W",,,,
"USW00004836","47.28556","-68.31333","301.1","2021-11-08","3.80",",,W","0.00",",,W",,,,
"USW00004836","47.28556","-68.31333","301.1","2021-11-09","8.95",",,W","0.00",",,W",,,,
"USW00004836","47.28556","-68.31333","301.1","2021-11-10","5.37",",,W","0.00","T,,W",,,,
"USW00004836","47.28556","-68.31333","301.1","2021-11-11","7.61",",,W","0.00","T,,W",,,,
"USW00004836","47.28556","-68.31333","301.1","2021-11-12","11.41",",,W","0.40",",,W",,,,
"USW00004836","47.28556","-68.31333","301.1","2021-11-13","5.14",",,W","0.01",",,W",,,,
"USW00004836","47.28556","-68.31333","301.1","2021-11-14","6.93",",,W","0.16",",,W",,,,
"USW00004836","47.28556","-68.31333","301.1","2021-11-15","12.53",",,W","0.23",",,W",,,,
"USW00004836","47.28556","-68.31333","301.1","2021-11-16","16.55",",,W","0.00","T,,W",,,,
"USW00004836","47.28556","-68.31333","301.1","2021-11-17","8.95",",,W","0.00","T,,W",,,,
"USW00004836","47.28556","-68.31333","301.1","2021-11-18","10.74",",,W","0.38",",,W",,,,
"USW00004836","47.28556","-68.31333","301.1","2021-11-19","10.74",",,W","0.02",",,W",,,,
"USW00004836","47.28556","-68.31333","301.1","2021-11-20","8.50",",,W","0.00","T,,W",,,,
"USW00004836","47.28556","-68.31333","301.1","2021-11-21","6.71",",,W","0.00",",,W",,,,
"USW00004836","47.28556","-68.31333","301.1","2021-11-22","9.84",",,W","0.26",",,W",,,,
"USW00004836","47.28556","-68.31333","301.1","2021-11-23","14.99",",,W","0.00",",,W",,,,
"USW00004836","47.28556","-68.31333","301.1","2021-11-24","15.21",",,W","0.00",",,W",,,,
"USW00004836","47.28556","-68.31333","301.1","2021-11-25","10.51",",,W","0.00",",,D",,,,
"USW00004836","47.28556","-68.31333","301.1","2021-11-26","8.28",",,W","0.21",",,D",,,,
"USW00004836","47.28556","-68.31333","301.1","2021-11-27","17.00",",,W","0.01",",,D",,,,
"USW00004836","47.28556","-68.31333","301.1","2021-11-28","10.29",",,W","0.00","T,,D",,,,
"US1LAUN0002","32.680494","-92.223631","39.0","2021-08-01",,,"0.00",",,N","0.0",",,N",,
"US1LAUN0002","32.680494","-92.223631","39.0","2021-08-02",,,"1.08",",,N",,,,
"US1LAUN0002","32.680494","-92.223631","39.0","2021-08-03",,,"0.08",",,N",,,,
"US1LAUN0002","32.680494","-92.223631","39.0","2021-08-04",,,"0.00",",,N","0.0",",,N",,
"US1LAUN0002","32.680494","-92.223631","39.0","2021-08-05",,,"0.00",",,N","0.0",",,N",,
"US1LAUN0002","32.680494","-92.223631","39.0","2021-08-06",,,"0.00",",,N","0.0",",,N",,
"US1LAUN0002","32.680494","-92.223631","39.0","2021-08-07",,,"0.00",",,N","0.0",",,N",,
"US1LAUN0002","32.680494","-92.223631","39.0","2021-08-08",,,"0.00",",,N","0.0",",,N",,
"US1LAUN0002","32.680494","-92.223631","39.0","2021-08-09",,,"0.00",",,N","0.0",",,N",,
"US1LAUN0002","32.680494","-92.223631","39.0","2021-08-10",,,"0.00",",,N","0.0",",,N",,
"US1LAUN0002","32.680494","-92.223631","39.0","2021-08-11",,,"0.00",",,N","0.0",",,N",,
"US1LAUN0002","32.680494","-92.223631","39.0","2021-08-12",,,"0.00",",,N","0.0",",,N",,
"US1LAUN0002","32.680494","-92.223631","39.0","2021-08-13",,,"0.00",",,N","0.0",",,N",,
"US1LAUN0002","32.680494","-92.223631","39.0","2021-08-14",,,"0.00",",,N","0.0",",,N",,
"US1LAUN0002","32.680494","-92.223631","39.0","2021-08-15",,,"0.12",",,N",,,,
"US1LAUN0002","32.680494","-92.223631","39.0","2021-08-16",,,"0.00",",,N","0.0",",,N",,
"US1LAUN0002","32.680494","-92.223631","39.0","2021-08-17",,,"0.00",",,N","0.0",",,N",,
"US1LAUN0002","32.680494","-92.223631","39.0","2021-08-18",,,"0.03",",,N",,,,
"US1LAUN0002","32.680494","-92.223631","39.0","2021-08-19",,,"0.00",",,N","0.0",",,N",,
"US1LAUN0002","32.680494","-92.223631","39.0","2021-08-20",,,"0.48",",,N",,,,
"US1LAUN0002","32.680494","-92.223631","39.0","2021-08-21",,,"0.03",",,N",,,,
"US1LAUN0002","32.680494","-92.223631","39.0","2021-08-22",,,"0.00",",,N","0.0",",,N",,
"US1LAUN0002","32.680494","-92.223631","39.0","2021-08-23",,,"0.08",",,N",,,,
"US1LAUN0002","32.680494","-92.223631","39.0","2021-08-24",,,"0.00",",,N","0.0",",,N",,
"US1LAUN0002","32.680494","-92.223631","39.0","2021-08-25",,,"0.00",",,N","0.0",",,N",,
"US1LAUN0002","32.680494","-92.223631","39.0","2021-08-26",,,"0.00",",,N","0.0",",,N",,
"US1LAUN0002","32.680494","-92.223631","39.0","2021-08-27",,,"0.00",",,N","0.0",",,N",,
"US1LAUN0002","32.680494","-92.223631","39.0","2021-08-28",,,"0.00",",,N","0.0",",,N",,
"US1LAUN0002","32.680494","-92.223631","39.0","2021-08-29",,,"0.10",",,N",,,,
"US1LAUN0002","32.680494","-92.223631","39.0","2021-08-30",,,"0.30",",,N",,,,
"US1LAUN0002","32.680494","-92.223631","39.0","2021-09-09",,,,,,,,
"US1LAUN0002","32.680494","-92.223631","39.0","2021-09-10",,,"0.00",",,N","0.0",",,N",,
"US1LAUN0002","32.680494","-92.223631","39.0","2021-09-11",,,"0.00",",,N","0.0",",,N",,
"US1LAUN0002","32.680494","-92.223631","39.0","2021-09-12",,,"0.00",",,N","0.0",",,N",,
"US1LAUN0002","32.680494","-92.223631","39.0","2021-09-13",,,"0.00",",,N","0.0",",,N",,
"US1LAUN0002","32.680494","-92.223631","39.0","2021-09-14",,,"0.02",",,N",,,,
"US1LAUN0002","32.680494","-92.223631","39.0","2021-09-15",,,"0.02",",,N",,,,
"US1LAUN0002","32.680494","-92.223631","39.0","2021-09-16",,,"0.00",",,N","0.0",",,N",,
"US1LAUN0002","32.680494","-92.223631","39.0","2021-09-17",,,"0.00",",,N","0.0",",,N",,
"US1LAUN0002","32.680494","-92.223631","39.0","2021-09-18",,,"0.61",",,N",,,,
"US1LAUN0002","32.680494","-92.223631","39.0","2021-09-19",,,"0.00",",,N","0.0",",,N",,
"US1LAUN0002","32.680494","-92.223631","39.0","2021-09-20",,,"0.12",",,N",,,,
"US1LAUN0002","32.680494","-92.223631","39.0","2021-09-21",,,"0.28",",,N",,,,
"US1LAUN0002","32.680494","-92.223631","39.0","2021-09-22",,,"0.66",",,N",,,,
"US1LAUN0002","32.680494","-92.223631","39.0","2021-09-23",,,"0.00",",,N","0.0",",,N",,
"US1LAUN0002","32.680494","-92.223631","39.0","2021-09-24",,,"0.00",",,N","0.0",",,N",,
"US1LAUN0002","32.680494","-92.223631","39.0","2021-09-25",,,"0.00",",,N","0.0",",,N",,
"US1LAUN0002","32.680494","-92.223631","39.0","2021-09-26",,,"0.00",",,N","0.0",",,N",,
"US1LAUN0002","32.680494","-92.223631","39.0","2021-09-27",,,"0.00",",,N","0.0",",,N",,
"US1LAUN0002","32.680494","-92.223631","39.0","2021-09-28",,,"0.00",",,N","0.0",",,N",,
"US1LAUN0002","32.680494","-92.223631","39.0","2021-09-29",,,"0.00","T,,N",,,,
"US1LAUN0002","32.680494","-92.223631","39.0","2021-09-30",,,"0.11",",,N",,,,
"US1LAUN0002","32.680494","-92.223631","39.0","2021-10-01",,,"0.00","T,,N",,,,
"US1LAUN0002","32.680494","-92.223631","39.0","2021-10-02",,,"0.14",",,N",,,,
"US1LAUN0002","32.680494","-92.223631","39.0","2021-10-03",,,"0.70",",,N",,,,
"US1LAUN0002","32.680494","-92.223631","39.0","2021-10-04",,,"0.40",",,N","0.0",",,N",,
"US1LAUN0002","32.680494","-92.223631","39.0","2021-10-05",,,"0.00",",,N","0.0",",,N",,
"US1LAUN0002","32.680494","-92.223631","39.0","2021-10-06",,,"0.00",",,N","0.0",",,N",,
"US1LAUN0002","32.680494","-92.223631","39.0","2021-10-07",,,"0.00",",,N","0.0",",,N",,
"US1LAUN0002","32.680494","-92.223631","39.0","2021-10-08",,,"0.00",",,N","0.0",",,N",,
"US1LAUN0002","32.680494","-92.223631","39.0","2021-10-09",,,"0.00",",,N","0.0",",,N",,
"US1LAUN0002","32.680494","-92.223631","39.0","2021-10-10",,,"0.00",",,N","0.0",",,N",,
"US1LAUN0002","32.680494","-92.223631","39.0","2021-10-17",,,,,,,,
"US1LAUN0002","32.680494","-92.223631","39.0","2021-10-18",,,"0.00",",,N","0.0",",,N",,
"US1LAUN0002","32.680494","-92.223631","39.0","2021-10-19",,,"0.00",",,N","0.0",",,N",,
"US1LAUN0002","32.680494","-92.223631","39.0","2021-10-20",,,"0.00",",,N","0.0",",,N",,
"US1LAUN0002","32.680494","-92.223631","39.0","2021-10-21",,,"0.00",",,N","0.0",",,N",,
"US1LAUN0002","32.680494","-92.223631","39.0","2021-10-22",,,"0.00",",,N","0.0",",,N",,
"US1LAUN0002","32.680494","-92.223631","39.0","2021-10-23",,,"0.00",",,N","0.0",",,N",,
"US1LAUN0002","32.680494","-92.223631","39.0","2021-10-24",,,"0.00",",,N","0.0",",,N",,
"US1LAUN0002","32.680494","-92.223631","39.0","2021-10-25",,,"0.00",",,N","0.0",",,N",,
"US1LAUN0002","32.680494","-92.223631","39.0","2021-10-26",,,"0.00",",,N","0.0",",,N",,
"US1LAUN0002","32.680494","-92.223631","39.0","2021-10-27",,,"0.00",",,N","0.0",",,N",,
"US1LAUN0002","32.680494","-92.223631","39.0","2021-10-28",,,"1.35",",,N",,,,
"US1LAUN0002","32.680494","-92.223631","39.0","2021-10-29",,,"0.03",",,N",,,,
"US1LAUN0002","32.680494","-92.223631","39.0","2021-10-30",,,"0.00",",,N","0.0",",,N",,
"US1LAUN0002","32.680494","-92.223631","39.0","2021-10-31",,,"0.00",",,N","0.0",",,N",,
"US1LAUN0002","32.680494","-92.223631","39.0","2021-11-01",,,"0.00",",,N","0.0",",,N",,
"US1LAUN0002","32.680494","-92.223631","39.0","2021-11-02",,,"0.00",",,N","0.0",",,N",,
"US1LAUN0002","32.680494","-92.223631","39.0","2021-11-03",,,"0.06",",,N",,,,
"US1LAUN0002","32.680494","-92.223631","39.0","2021-11-04",,,"0.24",",,N",,,,
"US1LAUN0002","32.680494","-92.223631","39.0","2021-11-05",,,"0.00",",,N","0.0",",,N",,
"US1LAUN0002","32.680494","-92.223631","39.0","2021-11-06",,,"0.00",",,N","0.0",",,N",,
"US1LAUN0002","32.680494","-92.223631","39.0","2021-11-07",,,"0.00",",,N","0.0",",,N",,
"US1LAUN0002","32.680494","-92.223631","39.0","2021-11-09",,,"0.00",",,N","0.0",",,N",,
"US1LAUN0002","32.680494","-92.223631","39.0","2021-11-10",,,"0.00",",,N","0.0",",,N",,
"US1LAUN0002","32.680494","-92.223631","39.0","2021-11-11",,,"0.51",",,N",,,,
"US1LAUN0002","32.680494","-92.223631","39.0","2021-11-12",,,"0.00",",,N","0.0",",,N",,
"US1LAUN0002","32.680494","-92.223631","39.0","2021-11-13",,,"0.00",",,N","0.0",",,N",,
"US1LAUN0002","32.680494","-92.223631","39.0","2021-11-14",,,"0.00",",,N","0.0",",,N",,
"US1LAUN0002","32.680494","-92.223631","39.0","2021-11-15",,,"0.00",",,N","0.0",",,N",,
"US1LAUN0002","32.680494","-92.223631","39.0","2021-11-16",,,"0.00",",,N","0.0",",,N",,
"US1LAUN0002","32.680494","-92.223631","39.0","2021-11-17",,,"0.00",",,N","0.0",",,N",,
"US1LAUN0002","32.680494","-92.223631","39.0","2021-11-18",,,"0.06",",,N",,,,
"US1LAUN0002","32.680494","-92.223631","39.0","2021-11-19",,,"0.00",",,N","0.0",",,N",,
"US1LAUN0002","32.680494","-92.223631","39.0","2021-11-20",,,"0.00",",,N","0.0",",,N",,
"US1LAUN0002","32.680494","-92.223631","39.0","2021-11-21",,,"0.00",",,N","0.0",",,N",,
"US1LAUN0002","32.680494","-92.223631","39.0","2021-11-22",,,"0.79",",,N",,,,
"US1LAUN0002","32.680494","-92.223631","39.0","2021-11-23",,,"0.00",",,N","0.0",",,N",,
"US1LAUN0002","32.680494","-92.223631","39.0","2021-11-24",,,"0.00",",,N","0.0",",,N",,
"US1LAUN0002","32.680494","-92.223631","39.0","2021-11-25",,,"0.09",",,N",,,,
"US1LAUN0002","32.680494","-92.223631","39.0","2021-11-26",,,"0.21",",,N",,,,
"US1LAUN0002","32.680494","-92.223631","39.0","2021-11-27",,,"0.00",",,N","0.0",",,N",,
"US1LAUN0002","32.680494","-92.223631","39.0","2021-11-28",,,"0.21",",,N",,,,
"US1MEKX0006","44.24435","-69.315389","167.3","2021-08-01",,,"0.00",",,N","0.0",",,N",,
"US1MEKX0006","44.24435","-69.315389","167.3","2021-08-02",,,"0.01",",,N",,,,
"US1MEKX0006","44.24435","-69.315389","167.3","2021-08-03",,,"0.02",",,N",,,,
"US1MEKX0006","44.24435","-69.315389","167.3","2021-08-04",,,"0.00",",,N","0.0",",,N",,
"US1MEKX0006","44.24435","-69.315389","167.3","2021-08-05",,,"0.20",",,N",,,,
"US1MEKX0006","44.24435","-69.315389","167.3","2021-08-06",,,"0.38",",,N",,,,
"US1MEKX0006","44.24435","-69.315389","167.3","2021-08-07",,,"0.00",",,N","0.0",",,N",,
"US1MEKX0006","44.24435","-69.315389","167.3","2021-08-08",,,"0.00",",,N","0.0",",,N",,
"US1MEKX0006","44.24435","-69.315389","167.3","2021-08-09",,,"0.00",",,N","0.0",",,N",,
"US1MEKX0006","44.24435","-69.315389","167.3","2021-08-10",,,"0.00",",,N","0.0",",,N",,
"US1MEKX0006","44.24435","-69.315389","167.3","2021-08-11",,,"0.00",",,N","0.0",",,N",,
"US1MEKX0006","44.24435","-69.315389","167.3","2021-08-12",,,"0.00",",,N","0.0",",,N",,
"US1MEKX0006","44.24435","-69.315389","167.3","2021-08-13",,,"0.00",",,N","0.0",",,N",,
"US1MEKX0006","44.24435","-69.315389","167.3","2021-08-14",,,"0.00",",,N","0.0",",,N",,
"US1MEKX0006","44.24435","-69.315389","167.3","2021-08-15",,,"0.48",",,N",,,,
"US1MEKX0006","44.24435","-69.315389","167.3","2021-08-16",,,"0.00",",,N","0.0",",,N",,
"US1MEKX0006","44.24435","-69.315389","167.3","2021-08-17",,,"0.00",",,N","0.0",",,N",,
"US1MEKX0006","44.24435","-69.315389","167.3","2021-08-18",,,"0.03",",,N",,,,
"US1MEKX0006","44.24435","-69.315389","167.3","2021-08-19",,,"0.07",",,N",,,,
"US1MEKX0006","44.24435","-69.315389","167.3","2021-08-20",,,"0.52",",,N",,,,
"US1MEKX0006","44.24435","-69.315389","167.3","2021-08-21",,,"0.01",",,N",,,,
"US1MEKX0006","44.24435","-69.315389","167.3","2021-08-22",,,"0.02",",,N",,,,
"US1MEKX0006","44.24435","-69.315389","167.3","2021-08-23",,,"0.32",",,N",,,,
"US1MEKX0006","44.24435","-69.315389","167.3","2021-08-24",,,"0.02",",,N",,,,
"US1MEKX0006","44.24435","-69.315389","167.3","2021-08-25",,,"0.00",",,N","0.0",",,N",,
"US1MEKX0006","44.24435","-69.315389","167.3","2021-08-26",,,"0.00",",,N","0.0",",,N",,
"US1MEKX0006","44.24435","-69.315389","167.3","2021-08-27",,,"0.00",",,N","0.0",",,N",,
"US1MEKX0006","44.24435","-69.315389","167.3","2021-08-28",,,"0.00",",,N","0.0",",,N",,
"US1MEKX0006","44.24435","-69.315389","167.3","2021-08-29",,,"0.23",",,N",,,,
"US1MEKX0006","44.24435","-69.315389","167.3","2021-08-30",,,"0.01",",,N",,,,
"US1MEKX0006","44.24435","-69.315389","167.3","2021-08-31",,,"0.03",",,N",,,,
"US1MEKX0006","44.24435","-69.315389","167.3","2021-09-01",,,"0.00",",,N","0.0",",,N",,
"US1MEKX0006","44.24435","-69.315389","167.3","2021-09-02",,,"1.15",",,N",,,,
"US1MEKX0006","44.24435","-69.315389","167.3","2021-09-03",,,"0.11",",,N",,,,
"US1MEKX0006","44.24435","-69.315389","167.3","2021-09-04",,,"0.03",",,N",,,,
"US1MEKX0006","44.24435","-69.315389","167.3","2021-09-05",,,"0.00",",,N","0.0",",,N",,
"US1MEKX0006","44.24435","-69.315389","167.3","2021-09-06",,,"0.10",",,N",,,,
"US1MEKX0006","44.24435","-69.315389","167.3","2021-09-07",,,"0.26",",,N",,,,
"US1MEKX0006","44.24435","-69.315389","167.3","2021-09-08",,,"0.01",",,N",,,,
"US1MEKX0006","44.24435","-69.315389","167.3","2021-09-09",,,"0.00","T,,N",,,,
"US1MEKX0006","44.24435","-69.315389","167.3","2021-09-10",,,"1.06",",,N",,,,
"US1MEKX0006","44.24435","-69.315389","167.3","2021-09-11",,,"0.25",",,N",,,,
"US1MEKX0006","44.24435","-69.315389","167.3","2021-09-12",,,"0.00",",,N","0.0",",,N",,
"US1MEKX0006","44.24435","-69.315389","167.3","2021-09-13",,,"0.01",",,N",,,,
"US1MEKX0006","44.24435","-69.315389","167.3","2021-09-14",,,"0.00",",,N","0.0",",,N",,
"US1MEKX0006","44.24435","-69.315389","167.3","2021-09-15",,,"0.01",",,N",,,,
"US1MEKX0006","44.24435","-69.315389","167.3","2021-09-16",,,"0.18",",,N",,,,
"US1MEKX0006","44.24435","-69.315389","167.3","2021-09-17",,,"0.00",",,N","0.0",",,N",,
"US1MEKX0006","44.24435","-69.315389","167.3","2021-09-18",,,"0.01",",,N",,,,
"US1MEKX0006","44.24435","-69.315389","167.3","2021-09-19",,,"0.51",",,N",,,,
"US1MEKX0006","44.24435","-69.315389","167.3","2021-09-20",,,"0.00",",,N","0.0",",,N",,
"US1MEKX0006","44.24435","-69.315389","167.3","2021-09-21",,,"0.00",",,N","0.0",",,N",,
"US1MEKX0006","44.24435","-69.315389","167.3","2021-09-22",,,"0.03",",,N",,,,
"US1MEKX0006","44.24435","-69.315389","167.3","2021-09-23",,,"0.00",",,N","0.0",",,N",,
"US1MEKX0006","44.24435","-69.315389","167.3","2021-09-24",,,"0.00",",,N","0.0",",,N",,
"US1MEKX0006","44.24435","-69.315389","167.3","2021-09-25",,,"0.72",",,N",,,,
"US1MEKX0006","44.24435","-69.315389","167.3","2021-09-26",,,"0.64",",,N",,,,
"US1MEKX0006","44.24435","-69.315389","167.3","2021-09-27",,,"0.63",",,N",,,,
"US1MEKX0006","44.24435","-69.315389","167.3","2021-09-28",,,"0.00",",,N","0.0",",,N",,
"US1MEKX0006","44.24435","-69.315389","167.3","2021-09-29",,,"0.01",",,N",,,,
"US1MEKX0006","44.24435","-69.315389","167.3","2021-09-30",,,"0.04",",,N",,,,
"US1MEKX0006","44.24435","-69.315389","167.3","2021-10-01",,,"0.24",",,N",,,,
"US1MEKX0006","44.24435","-69.315389","167.3","2021-10-02",,,"0.01",",,N",,,,
"US1MEKX0006","44.24435","-69.315389","167.3","2021-10-03",,,"0.01",",,N",,,,
"US1MEKX0006","44.24435","-69.315389","167.3","2021-10-04",,,"0.05",",,N",,,,
"US1MEKX0006","44.24435","-69.315389","167.3","2021-10-05",,,"0.00",",,N","0.0",",,N",,
"US1MEKX0006","44.24435","-69.315389","167.3","2021-10-06",,,"0.00",",,N","0.0",",,N",,
"US1MEKX0006","44.24435","-69.315389","167.3","2021-10-07",,,"0.00",",,N","0.0",",,N",,
"US1MEKX0006","44.24435","-69.315389","167.3","2021-10-08",,,"0.00",",,N","0.0",",,N",,
"US1MEKX0006","44.24435","-69.315389","167.3","2021-10-09",,,"0.00",",,N","0.0",",,N",,
"US1MEKX0006","44.24435","-69.315389","167.3","2021-10-10",,,"0.00",",,N","0.0",",,N",,
"US1MEKX0006","44.24435","-69.315389","167.3","2021-10-11",,,"0.02",",,N",,,,
"US1MEKX0006","44.24435","-69.315389","167.3","2021-10-12",,,"0.00",",,N","0.0",",,N",,
"US1MEKX0006","44.24435","-69.315389","167.3","2021-10-13",,,"0.00",",,N","0.0",",,N",,
"US1MEKX0006","44.24435","-69.315389","167.3","2021-10-14",,,"0.00",",,N","0.0",",,N",,
"US1MEKX0006","44.24435","-69.315389","167.3","2021-10-15",,,"0.00",",,N","0.0",",,N",,
"US1MEKX0006","44.24435","-69.315389","167.3","2021-10-18",,,,,,,,
"US1MEKX0006","44.24435","-69.315389","167.3","2021-10-19",,,"0.01",",,N",,,,
"US1MEKX0006","44.24435","-69.315389","167.3","2021-10-20",,,"0.03",",,N",,,,
"US1MEKX0006","44.24435","-69.315389","167.3","2021-10-21",,,"0.00",",,N","0.0",",,N",,
"US1MEKX0006","44.24435","-69.315389","167.3","2021-10-22",,,"0.03",",,N",,,,
"US1MEKX0006","44.24435","-69.315389","167.3","2021-10-23",,,"0.07",",,N",,,,
"US1MEKX0006","44.24435","-69.315389","167.3","2021-10-24",,,"0.00",",,N","0.0",",,N",,
"US1MEKX0006","44.24435","-69.315389","167.3","2021-10-25",,,"0.00",",,N","0.0",",,N",,
"US1MEKX0006","44.24435","-69.315389","167.3","2021-10-26",,,"0.31",",,N",,,,
"US1MEKX0006","44.24435","-69.315389","167.3","2021-10-27",,,"0.63",",,N",,,,
"US1MEKX0006","44.24435","-69.315389","167.3","2021-10-28",,,"0.18",",,N",,,,
"US1MEKX0006","44.24435","-69.315389","167.3","2021-10-29",,,"0.00",",,N","0.0",",,N",,
"US1MEKX0006","44.24435","-69.315389","167.3","2021-10-30",,,"0.02",",,N",,,,
"US1MEKX0006","44.24435","-69.315389","167.3","2021-10-31",,,"3.23",",,N",,,,
"US1MEKX0006","44.24435","-69.315389","167.3","2021-11-01",,,"0.06",",,N",,,,
"US1MEKX0006","44.24435","-69.315389","167.3","2021-11-02",,,"0.00",",,N","0.0",",,N",,
"US1MEKX0006","44.24435","-69.315389","167.3","2021-11-03",,,"0.00",",,N","0.0",",,N",,
"US1MEKX0006","44.24435","-69.315389","167.3","2021-11-04",,,"0.00",",,N","0.0",",,N",,
"US1MEKX0006","44.24435","-69.315389","167.3","2021-11-05",,,"0.00",",,N","0.0",",,N",,
"US1MEKX0006","44.24435","-69.315389","167.3","2021-11-06",,,"0.00",",,N","0.0",",,N",,
"US1MEKX0006","44.24435","-69.315389","167.3","2021-11-07",,,"0.00",",,N","0.0",",,N",,
"US1MEKX0006","44.24435","-69.315389","167.3","2021-11-08",,,"0.00",",,N","0.0",",,N",,
"US1MEKX0006","44.24435","-69.315389","167.3","2021-11-09",,,"0.00",",,N","0.0",",,N",,
"US1MEKX0006","44.24435","-69.315389","167.3","2021-11-10",,,"0.07",",,N",,,,
"US1MEKX0006","44.24435","-69.315389","167.3","2021-11-11",,,"0.24",",,N",,,,
"US1MEKX0006","44.24435","-69.315389","167.3","2021-11-12",,,"0.00",",,N","0.0",",,N",,
"US1MEKX0006","44.24435","-69.315389","167.3","2021-11-13",,,"1.38",",,N",,,,
"US1MEKX0006","44.24435","-69.315389","167.3","2021-11-14",,,"0.19",",,N",,,,
"US1MEKX0006","44.24435","-69.315389","167.3","2021-11-15",,,"0.30",",,N",,,,
"US1MEKX0006","44.24435","-69.315389","167.3","2021-11-16",,,"0.00",",,N","0.0",",,N",,
"US1MEKX0006","44.24435","-69.315389","167.3","2021-11-17",,,"0.00","T,,N",,,,
"US1MEKX0006","44.24435","-69.315389","167.3","2021-11-18",,,"0.03",",,N",,,,
"US1MEKX0006","44.24435","-69.315389","167.3","2021-11-19",,,"0.19",",,N",,,,
"US1MEKX0006","44.24435","-69.315389","167.3","2021-11-20",,,"0.00","T,,N","0.0","T,,N",,
"US1MEKX0006","44.24435","-69.315389","167.3","2021-11-21",,,"0.00",",,N","0.0",",,N",,
"US1MEKX0006","44.24435","-69.315389","167.3","2021-11-22",,,"1.53",",,N",,,,
"US1MEKX0006","44.24435","-69.315389","167.3","2021-11-23",,,"0.34",",,N",,,,
"US1MEKX0006","44.24435","-69.315389","167.3","2021-11-24",,,"0.00",",,N","0.0",",,N",,
"US1MEKX0006","44.24435","-69.315389","167.3","2021-11-25",,,"0.00",",,N","0.0",",,N",,
"US1MEKX0006","44.24435","-69.315389","167.3","2021-11-26",,,"0.00","T,,N",,,,
"US1MEKX0006","44.24435","-69.315389","167.3","2021-11-27",,,"0.51",",,N","3.5",",,N",,
"US1MEKX0006","44.24435","-69.315389","167.3","2021-11-28",,,"0.00","T,,N","0.0","T,,N",,
"US1MEYK0005","43.3932","-70.58057","42.4","2021-08-01",,,"0.00",",,N","0.0",",,N",,
"US1MEYK0005","43.3932","-70.58057","42.4","2021-08-02",,,"0.00","T,,N",,,,
"US1MEYK0005","43.3932","-70.58057","42.4","2021-08-03",,,"0.00",",,N","0.0",",,N",,
"US1MEYK0005","43.3932","-70.58057","42.4","2021-08-04",,,"0.00",",,N","0.0",",,N",,
"US1MEYK0005","43.3932","-70.58057","42.4","2021-08-05",,,"0.25",",,N",,,,
"US1MEYK0005","43.3932","-70.58057","42.4","2021-08-06",,,"0.25",",,N","0.0",",,N",,
"US1MEYK0005","43.3932","-70.58057","42.4","2021-08-07",,,"0.00",",,N","0.0",",,N",,
"US1MEYK0005","43.3932","-70.58057","42.4","2021-08-08",,,"0.00",",,N","0.0",",,N",,
"US1MEYK0005","43.3932","-70.58057","42.4","2021-08-09",,,"0.00",",,N","0.0",",,N",,
"US1MEYK0005","43.3932","-70.58057","42.4","2021-08-10",,,"0.00","T,,N",,,,
"US1MEYK0005","43.3932","-70.58057","42.4","2021-08-11",,,"0.01",",,N",,,,
"US1MEYK0005","43.3932","-70.58057","42.4","2021-08-12",,,"0.00",",,N","0.0",",,N",,
"US1MEYK0005","43.3932","-70.58057","42.4","2021-08-13",,,"0.00",",,N","0.0",",,N",,
"US1MEYK0005","43.3932","-70.58057","42.4","2021-08-14",,,"0.00",",,N","0.0",",,N",,
"US1MEYK0005","43.3932","-70.58057","42.4","2021-08-15",,,"0.00",",,N","0.0",",,N",,
"US1MEYK0005","43.3932","-70.58057","42.4","2021-08-16",,,"0.00",",,N","0.0",",,N",,
"US1MEYK0005","43.3932","-70.58057","42.4","2021-08-17",,,"0.00",",,N","0.0",",,N",,
"US1MEYK0005","43.3932","-70.58057","42.4","2021-08-18",,,"0.00","T,,N",,,,
"US1MEYK0005","43.3932","-70.58057","42.4","2021-08-19",,,"0.00",",,N","0.0",",,N",,
"US1MEYK0005","43.3932","-70.58057","42.4","2021-08-20",,,"1.48",",,N",,,,
"US1MEYK0005","43.3932","-70.58057","42.4","2021-08-21",,,"0.00",",,N","0.0",",,N",,
"US1MEYK0005","43.3932","-70.58057","42.4","2021-08-22",,,"0.00",",,N","0.0",",,N",,
"US1MEYK0005","43.3932","-70.58057","42.4","2021-08-23",,,"0.40",",,N",,,,
"US1MEYK0005","43.3932","-70.58057","42.4","2021-08-24",,,"3.00",",,N",,,,
"US1MEYK0005","43.3932","-70.58057","42.4","2021-08-25",,,"0.00",",,N","0.0",",,N",,
"US1MEYK0005","43.3932","-70.58057","42.4","2021-08-26",,,"0.00",",,N","0.0",",,N",,
"US1MEYK0005","43.3932","-70.58057","42.4","2021-08-27",,,"0.00",",,N","0.0",",,N",,
"US1MEYK0005","43.3932","-70.58057","42.4","2021-08-28",,,"0.00",",,N","0.0",",,N",,
"US1MEYK0005","43.3932","-70.58057","42.4","2021-08-29",,,"0.00",",,N","0.0",",,N",,
"US1MEYK0005","43.3932","-70.58057","42.4","2021-08-30",,,"0.00",",,N","0.0",",,N",,
"US1MEYK0005","43.3932","-70.58057","42.4","2021-09-01",,,"0.00",",,N","0.0",",,N",,
"US1MEYK0005","43.3932","-70.58057","42.4","2021-09-02",,,"2.31",",,N",,,,
"US1MEYK0005","43.3932","-70.58057","42.4","2021-09-03",,,"0.00","T,,N",,,,
"US1MEYK0005","43.3932","-70.58057","42.4","2021-09-04",,,"0.00",",,N","0.0",",,N",,
"US1MEYK0005","43.3932","-70.58057","42.4","2021-09-05",,,"0.00",",,N","0.0",",,N",,
"US1MEYK0005","43.3932","-70.58057","42.4","2021-09-06",,,"0.20",",,N",,,,
"US1MEYK0005","43.3932","-70.58057","42.4","2021-09-07",,,"0.00","T,,N",,,,
"US1MEYK0005","43.3932","-70.58057","42.4","2021-09-08",,,"0.00",",,N","0.0",",,N",,
"US1MEYK0005","43.3932","-70.58057","42.4","2021-09-09",,,"0.05",",,N",,,,
"US1MEYK0005","43.3932","-70.58057","42.4","2021-09-10",,,"0.70",",,N",,,,
"US1MEYK0005","43.3932","-70.58057","42.4","2021-09-11",,,"0.00",",,N","0.0",",,N",,
"US1MEYK0005","43.3932","-70.58057","42.4","2021-09-12",,,"0.00",",,N","0.0",",,N",,
"US1MEYK0005","43.3932","-70.58057","42.4","2021-09-13",,,"0.08",",,N",,,,
"US1MEYK0005","43.3932","-70.58057","42.4","2021-09-14",,,"0.00",",,N","0.0",",,N",,
"US1MEYK0005","43.3932","-70.58057","42.4","2021-09-15",,,"0.00",",,N","0.0",",,N",,
"US1MEYK0005","43.3932","-70.58057","42.4","2021-09-16",,,"0.74",",,N",,,,
"US1MEYK0005","43.3932","-70.58057","42.4","2021-09-17",,,"0.00",",,N","0.0",",,N",,
"US1MEYK0005","43.3932","-70.58057","42.4","2021-09-18",,,"0.00","T,,N",,,,
"US1MEYK0005","43.3932","-70.58057","42.4","2021-09-19",,,"0.00",",,N","0.0",",,N",,
"US1MEYK0005","43.3932","-70.58057","42.4","2021-09-20",,,"0.00",",,N","0.0",",,N",,
"US1MEYK0005","43.3932","-70.58057","42.4","2021-09-21",,,"0.00",",,N","0.0",",,N",,
"US1MEYK0005","43.3932","-70.58057","42.4","2021-09-22",,,"0.00",",,N","0.0",",,N",,
"US1MEYK0005","43.3932","-70.58057","42.4","2021-09-23",,,"0.00",",,N","0.0",",,N",,
"US1MEYK0005","43.3932","-70.58057","42.4","2021-09-24",,,"0.00","T,,N","0.0",",,N",,
"US1MEYK0005","43.3932","-70.58057","42.4","2021-09-25",,,"0.25",",,N",,,,
"US1MEYK0005","43.3932","-70.58057","42.4","2021-09-26",,,"0.20",",,N",,,,
"US1MEYK0005","43.3932","-70.58057","42.4","2021-09-27",,,"0.00",",,N","0.0",",,N",,
"US1MEYK0005","43.3932","-70.58057","42.4","2021-09-28",,,"0.00",",,N","0.0",",,N",,
"US1MEYK0005","43.3932","-70.58057","42.4","2021-09-29",,,"0.03",",,N",,,,
"US1MEYK0005","43.3932","-70.58057","42.4","2021-09-30",,,"0.00",",,N","0.0",",,N",,
"US1MEYK0005","43.3932","-70.58057","42.4","2021-10-01",,,"0.02",",,N",,,,
"US1MEYK0005","43.3932","-70.58057","42.4","2021-10-02",,,"0.00",",,N","0.0",",,N",,
"US1MEYK0005","43.3932","-70.58057","42.4","2021-10-03",,,"0.00","T,,N",,,,
"US1MEYK0005","43.3932","-70.58057","42.4","2021-10-04",,,"0.01",",,N",,,,
"US1MEYK0005","43.3932","-70.58057","42.4","2021-10-05",,,"0.09",",,N",,,,
"US1MEYK0005","43.3932","-70.58057","42.4","2021-10-06",,,"0.00",",,N","0.0",",,N",,
"US1MEYK0005","43.3932","-70.58057","42.4","2021-10-07",,,"0.00",",,N","0.0",",,N",,
"US1MEYK0005","43.3932","-70.58057","42.4","2021-10-08",,,"0.00",",,N","0.0",",,N",,
"US1MEYK0005","43.3932","-70.58057","42.4","2021-10-09",,,"0.00",",,N","0.0",",,N",,
"US1MEYK0005","43.3932","-70.58057","42.4","2021-10-10",,,"0.00","T,,N",,,,
"US1MEYK0005","43.3932","-70.58057","42.4","2021-10-11",,,"0.00","T,,N",,,,
"US1MEYK0005","43.3932","-70.58057","42.4","2021-10-12",,,"0.00",",,N","0.0",",,N",,
"US1MEYK0005","43.3932","-70.58057","42.4","2021-10-13",,,"0.00",",,N","0.0",",,N",,
"US1MEYK0005","43.3932","-70.58057","42.4","2021-10-14",,,"0.00",",,N","0.0",",,N",,
"US1MEYK0005","43.3932","-70.58057","42.4","2021-10-15",,,"0.00",",,N","0.0",",,N",,
"US1MEYK0005","43.3932","-70.58057","42.4","2021-10-16",,,"0.02",",,N",,,,
"US1MEYK0005","43.3932","-70.58057","42.4","2021-10-17",,,"0.40",",,N",,,,
"US1MEYK0005","43.3932","-70.58057","42.4","2021-10-18",,,"0.00",",,N","0.0",",,N",,
"US1MEYK0005","43.3932","-70.58057","42.4","2021-10-19",,,"0.06",",,N",,,,
"US1MEYK0005","43.3932","-70.58057","42.4","2021-10-20",,,"0.00",",,N","0.0",",,N",,
"US1MEYK0005","43.3932","-70.58057","42.4","2021-10-21",,,"0.00",",,N","0.0",",,N",,
"US1MEYK0005","43.3932","-70.58057","42.4","2021-10-22",,,"0.00","T,,N","0.0",",,N",,
"US1MEYK0005","43.3932","-70.58057","42.4","2021-10-23",,,"0.00",",,N","0.0",",,N",,
"US1MEYK0005","43.3932","-70.58057","42.4","2021-10-24",,,"0.00",",,N","0.0",",,N",,
"US1MEYK0005","43.3932","-70.58057","42.4","2021-10-25",,,"0.00","T,,N",,,,
"US1MEYK0005","43.3932","-70.58057","42.4","2021-10-26",,,"0.40",",,N",,,,
"US1MEYK0005","43.3932","-70.58057","42.4","2021-10-27",,,"1.85",",,N",,,,
"US1MEYK0005","43.3932","-70.58057","42.4","2021-10-28",,,"0.51",",,N",,,,
"US1MEYK0005","43.3932","-70.58057","42.4","2021-10-29",,,"0.00",",,N","0.0",",,N",,
"US1MEYK0005","43.3932","-70.58057","42.4","2021-10-30",,,"0.10",",,N",,,,
"US1MEYK0005","43.3932","-70.58057","42.4","2021-10-31",,,"6.88",",,N",,,,
"US1MEYK0005","43.3932","-70.58057","42.4","2021-11-01",,,"0.00",",,N","0.0",",,N",,
"US1MEYK0005","43.3932","-70.58057","42.4","2021-11-02",,,"0.00",",,N","0.0",",,N",,
"US1MEYK0005","43.3932","-70.58057","42.4","2021-11-03",,,"0.00",",,N","0.0",",,N",,
"US1MEYK0005","43.3932","-70.58057","42.4","2021-11-04",,,"0.00","T,,N",,,,
"US1MEYK0005","43.3932","-70.58057","42.4","2021-11-05",,,"0.00",",,N","0.0",",,N",,
"US1MEYK0005","43.3932","-70.58057","42.4","2021-11-06",,,"0.00",",,N","0.0",",,N",,
"US1MEYK0005","43.3932","-70.58057","42.4","2021-11-07",,,"0.00",",,N","0.0",",,N",,
"US1MEYK0005","43.3932","-70.58057","42.4","2021-11-08",,,"0.00",",,N","0.0",",,N",,
"US1MEYK0005","43.3932","-70.58057","42.4","2021-11-09",,,"0.00",",,N","0.0",",,N",,
"US1MEYK0005","43.3932","-70.58057","42.4","2021-11-10",,,"0.00",",,N","0.0",",,N",,
"US1MEYK0005","43.3932","-70.58057","42.4","2021-11-11",,,"0.06",",,N",,,,
"US1MEYK0005","43.3932","-70.58057","42.4","2021-11-12",,,"0.00",",,N","0.0",",,N",,
"US1MEYK0005","43.3932","-70.58057","42.4","2021-11-13",,,"1.50",",,N",,,,
"US1MEYK0005","43.3932","-70.58057","42.4","2021-11-14",,,"0.23",",,N",,,,
"US1MEYK0005","43.3932","-70.58057","42.4","2021-11-15",,,"0.11",",,N",,,,
"US1MEYK0005","43.3932","-70.58057","42.4","2021-11-16",,,"0.00",",,N","0.0",",,N",,
"US1MEYK0005","43.3932","-70.58057","42.4","2021-11-17",,,"0.00",",,N","0.0",",,N",,
"US1MEYK0005","43.3932","-70.58057","42.4","2021-11-18",,,"0.00",",,N","0.0",",,N",,
"US1MEYK0005","43.3932","-70.58057","42.4","2021-11-19",,,"0.13",",,N",,,,
"US1MEYK0005","43.3932","-70.58057","42.4","2021-11-20",,,"0.00",",,N","0.0",",,N",,
"US1MEYK0005","43.3932","-70.58057","42.4","2021-11-21",,,"0.00",",,N","0.0",",,N",,
"US1MEYK0005","43.3932","-70.58057","42.4","2021-11-22",,,"0.48",",,N",,,,
"US1MEYK0005","43.3932","-70.58057","42.4","2021-11-23",,,"0.05",",,N",,,,
"US1MEYK0005","43.3932","-70.58057","42.4","2021-11-24",,,"0.00",",,N","0.0",",,N",,
"US1MEYK0005","43.3932","-70.58057","42.4","2021-11-25",,,"0.00",",,N","0.0",",,N",,
"US1MEYK0005","43.3932","-70.58057","42.4","2021-11-26",,,"0.00",",,N","0.0",",,N",,
"US1MEYK0005","43.3932","-70.58057","42.4","2021-11-27",,,"0.30",",,N",,,,
"US1MEYK0005","43.3932","-70.58057","42.4","2021-11-28",,,"0.00",",,N","0.0",",,N",,
"USC00166584","31.8142","-93.0856","43.0","2021-08-01",,,"0.00",",,7,0700","0.0",",,7,0700",,
"USC00166584","31.8142","-93.0856","43.0","2021-08-02",,,"0.11",",,7,0700","0.0",",,7,0700",,
"USC00166584","31.8142","-93.0856","43.0","2021-08-03",,,"0.65",",,7,0700","0.0",",,7,0700",,
"USC00166584","31.8142","-93.0856","43.0","2021-08-04",,,"0.05",",,7,0700","0.0",",,7,0700",,
"USC00166584","31.8142","-93.0856","43.0","2021-08-05",,,"0.00",",,7,0700","0.0",",,7,0700",,
"USC00166584","31.8142","-93.0856","43.0","2021-08-06",,,"0.00",",,7,0700","0.0",",,7,0700",,
"USC00166584","31.8142","-93.0856","43.0","2021-08-07",,,"0.00",",,7,0700","0.0",",,7,0700",,
"USC00166584","31.8142","-93.0856","43.0","2021-08-08",,,"0.00",",,7,0700","0.0",",,7,0700",,
"USC00166584","31.8142","-93.0856","43.0","2021-08-09",,,"0.00",",,7,0700","0.0",",,7,0700",,
"USC00166584","31.8142","-93.0856","43.0","2021-08-10",,,"0.00",",,7,0700","0.0",",,7,0700",,
"USC00166584","31.8142","-93.0856","43.0","2021-08-11",,,"0.00",",,7,0700","0.0",",,7,0700",,
"USC00166584","31.8142","-93.0856","43.0","2021-08-12",,,"0.00","T,,7,0700","0.0",",,7,0700",,
"USC00166584","31.8142","-93.0856","43.0","2021-08-13",,,"0.04",",,7,0700","0.0",",,7,0700",,
"USC00166584","31.8142","-93.0856","43.0","2021-08-14",,,"0.00",",,7,0700","0.0",",,7,0700",,
"USC00166584","31.8142","-93.0856","43.0","2021-08-15",,,"0.77",",,7,0700","0.0",",,7,0700",,
"USC00166584","31.8142","-93.0856","43.0","2021-08-16",,,"0.00",",,7,0700","0.0",",,7,0700",,
"USC00166584","31.8142","-93.0856","43.0","2021-08-17",,,"0.86",",,7,0700","0.0",",,7,0700",,
"USC00166584","31.8142","-93.0856","43.0","2021-08-18",,,"0.00","T,,7,0700","0.0",",,7,0700",,
"USC00166584","31.8142","-93.0856","43.0","2021-08-19",,,"0.36",",,7,0700","0.0",",,7,0700",,
"USC00166584","31.8142","-93.0856","43.0","2021-08-20",,,"0.57",",,7,0700","0.0",",,7,0700",,
"USC00166584","31.8142","-93.0856","43.0","2021-08-21",,,"0.00",",,7,0700","0.0",",,7,0700",,
"USC00166584","31.8142","-93.0856","43.0","2021-08-22",,,"0.00",",,7,0700","0.0",",,7,0700",,
"USC00166584","31.8142","-93.0856","43.0","2021-08-23",,,"0.00",",,7,0700","0.0",",,7,0700",,
"USC00166584","31.8142","-93.0856","43.0","2021-08-24",,,"0.00",",,7,0700","0.0",",,7,0700",,
"USC00166584","31.8142","-93.0856","43.0","2021-08-25",,,"0.00",",,7,0700","0.0",",,7,0700",,
"USC00166584","31.8142","-93.0856","43.0","2021-08-26",,,"0.00",",,7,0700","0.0",",,7,0700",,
"USC00166584","31.8142","-93.0856","43.0","2021-08-27",,,"0.00","T,,7,0700","0.0",",,7,0700",,
"USC00166584","31.8142","-93.0856","43.0","2021-08-28",,,"0.00",",,7,0700","0.0",",,7,0700",,
"USC00166584","31.8142","-93.0856","43.0","2021-08-29",,,"0.00","T,,7,0700","0.0",",,7,0700",,
"USC00166584","31.8142","-93.0856","43.0","2021-08-30",,,"0.16",",,7,0700","0.0",",,7,0700",,
"USC00166584","31.8142","-93.0856","43.0","2021-08-31",,,"0.01",",,7,0700","0.0",",,7,0700",,
"USC00166584","31.8142","-93.0856","43.0","2021-09-01",,,"0.00","T,,7,0700","0.0",",,7,0700",,
"USC00166584","31.8142","-93.0856","43.0","2021-09-02",,,"0.00",",,7,0700","0.0",",,7,0700",,
"USC00166584","31.8142","-93.0856","43.0","2021-09-03",,,"0.55",",,7,0700","0.0",",,7,0700",,
"USC00166584","31.8142","-93.0856","43.0","2021-09-04",,,"0.00",",,7,0700","0.0",",,7,0700",,
"USC00166584","31.8142","-93.0856","43.0","2021-09-05",,,"0.00",",,7,0700","0.0",",,7,0700",,
"USC00166584","31.8142","-93.0856","43.0","2021-09-06",,,"0.26",",,7,0700","0.0",",,7,0700",,
"USC00166584","31.8142","-93.0856","43.0","2021-09-07",,,"0.00",",,7,0700","0.0",",,7,0700",,
"USC00166584","31.8142","-93.0856","43.0","2021-09-08",,,"0.00",",,7,0700","0.0",",,7,0700",,
"USC00166584","31.8142","-93.0856","43.0","2021-09-09",,,"0.00",",,7,0700","0.0",",,7,0700",,
"USC00166584","31.8142","-93.0856","43.0","2021-09-10",,,"0.00",",,7,0700","0.0",",,7,0700",,
"USC00166584","31.8142","-93.0856","43.0","2021-09-11",,,"0.00",",,7,0700","0.0",",,7,0700",,
"USC00166584","31.8142","-93.0856","43.0","2021-09-12",,,"0.00",",,7,0700","0.0",",,7,0700",,
"USC00166584","31.8142","-93.0856","43.0","2021-09-13",,,"0.00","T,,7,0700","0.0",",,7,0700",,
"USC00166584","31.8142","-93.0856","43.0","2021-09-14",,,"0.01",",,7,0700","0.0",",,7,0700",,
"USC00166584","31.8142","-93.0856","43.0","2021-09-15",,,"0.42",",,7,0700","0.0",",,7,0700",,
"USC00166584","31.8142","-93.0856","43.0","2021-09-16",,,"0.00",",,7,0700","0.0",",,7,0700",,
"USC00166584","31.8142","-93.0856","43.0","2021-09-17",,,"0.10",",,7,0700","0.0",",,7,0700",,
"USC00166584","31.8142","-93.0856","43.0","2021-09-18",,,"0.17",",,7,0700","0.0",",,7,0700",,
"USC00166584","31.8142","-93.0856","43.0","2021-09-19",,,"0.00",",,7,0700","0.0",",,7,0700",,
"USC00166584","31.8142","-93.0856","43.0","2021-09-20",,,"0.00",",,7,0700","0.0",",,7,0700",,
"USC00166584","31.8142","-93.0856","43.0","2021-09-21",,,"0.00",",,7,0700","0.0",",,7,0700",,
"USC00166584","31.8142","-93.0856","43.0","2021-09-22",,,"0.06",",,7,0700","0.0",",,7,0700",,
"USC00166584","31.8142","-93.0856","43.0","2021-09-23",,,"0.00",",,7,0700","0.0",",,7,0700",,
"USC00166584","31.8142","-93.0856","43.0","2021-09-24",,,"0.00",",,7,0700","0.0",",,7,0700",,
"USC00166584","31.8142","-93.0856","43.0","2021-09-25",,,"0.00",",,7,0700","0.0",",,7,0700",,
"USC00166584","31.8142","-93.0856","43.0","2021-09-26",,,"0.00",",,7,0700","0.0",",,7,0700",,
"USC00166584","31.8142","-93.0856","43.0","2021-09-27",,,"0.00",",,7,0700","0.0",",,7,0700",,
"USC00166584","31.8142","-93.0856","43.0","2021-09-28",,,"0.02",",,7,0700","0.0",",,7,0700",,
"USC00166584","31.8142","-93.0856","43.0","2021-09-29",,,"0.12",",,7,0700","0.0",",,7,0700",,
"USC00166584","31.8142","-93.0856","43.0","2021-09-30",,,"0.02",",,7,0700","0.0",",,7,0700",,
"USC00166584","31.8142","-93.0856","43.0","2021-10-01",,,"0.02",",,7,0700","0.0",",,7,0700",,
"USC00166584","31.8142","-93.0856","43.0","2021-10-02",,,"0.05",",,7,0700","0.0",",,7,0700",,
"USC00166584","31.8142","-93.0856","43.0","2021-10-03",,,"0.00",",,7,0700","0.0",",,7,0700",,
"USC00166584","31.8142","-93.0856","43.0","2021-10-04",,,"0.01",",,7,0700","0.0",",,7,0700",,
"USC00166584","31.8142","-93.0856","43.0","2021-10-05",,,"0.00",",,7,0700","0.0",",,7,0700",,
"USC00166584","31.8142","-93.0856","43.0","2021-10-06",,,"0.00","T,,7,0700","0.0",",,7,0700",,
"USC00166584","31.8142","-93.0856","43.0","2021-10-07",,,"0.00",",,7,0700","0.0",",,7,0700",,
"USC00166584","31.8142","-93.0856","43.0","2021-10-08",,,"0.00",",,7,0700","0.0",",,7,0700",,
"USC00166584","31.8142","-93.0856","43.0","2021-10-09",,,"0.00",",,7,0700","0.0",",,7,0700",,
"USC00166584","31.8142","-93.0856","43.0","2021-10-10",,,"0.00",",,7,0700","0.0",",,7,0700",,
"USC00166584","31.8142","-93.0856","43.0","2021-10-11",,,"0.01",",,7,0700","0.0",",,7,0700",,
"USC00166584","31.8142","-93.0856","43.0","2021-10-12",,,"0.00","T,,7,0700","0.0",",,7,0700",,
"USC00166584","31.8142","-93.0856","43.0","2021-10-13",,,"0.01",",,7,0700","0.0",",,7,0700",,
"USC00166584","31.8142","-93.0856","43.0","2021-10-14",,,"0.00",",,7,0700","0.0",",,7,0700",,
"USC00166584","31.8142","-93.0856","43.0","2021-10-15",,,"0.00",",,7,0700","0.0",",,7,0700",,
"USC00166584","31.8142","-93.0856","43.0","2021-10-16",,,"0.00","T,,7,0700","0.0",",,7,0700",,
"USC00166584","31.8142","-93.0856","43.0","2021-10-17",,,"0.00",",,7,0700","0.0",",,7,0700",,
"USC00166584","31.8142","-93.0856","43.0","2021-10-18",,,"0.00",",,7,0700","0.0",",,7,0700",,
"USC00166584","31.8142","-93.0856","43.0","2021-10-19",,,"0.00",",,7,0700","0.0",",,7,0700",,
"USC00166584","31.8142","-93.0856","43.0","2021-10-20",,,"0.00",",,7,0700","0.0",",,7,0700",,
"USC00166584","31.8142","-93.0856","43.0","2021-10-21",,,"0.00",",,7,0700","0.0",",,7,0700",,
"USC00166584","31.8142","-93.0856","43.0","2021-10-22",,,"0.00",",,7,0700","0.0",",,7,0700",,
"USC00166584","31.8142","-93.0856","43.0","2021-10-23",,,"0.00",",,7,0700","0.0",",,7,0700",,
"USC00166584","31.8142","-93.0856","43.0","2021-10-24",,,"0.00",",,7,0700","0.0",",,7,0700",,
"USC00166584","31.8142","-93.0856","43.0","2021-10-25",,,"0.00","T,,7,0700","0.0",",,7,0700",,
"USC00166584","31.8142","-93.0856","43.0","2021-10-26",,,"0.00",",,7,0700","0.0",",,7,0700",,
"USC00166584","31.8142","-93.0856","43.0","2021-10-27",,,"0.00","T,,7,0700","0.0",",,7,0700",,
"USC00166584","31.8142","-93.0856","43.0","2021-10-28",,,"0.89",",,7,0700","0.0",",,7,0700",,
"USC00166584","31.8142","-93.0856","43.0","2021-10-29",,,"0.00",",,7,0700","0.0",",,7,0700",,
"USC00166584","31.8142","-93.0856","43.0","2021-10-30",,,"0.00",",,7,0700","0.0",",,7,0700",,
"USC00166584","31.8142","-93.0856","43.0","2021-10-31",,,"0.00",",,7,0700","0.0",",,7,0700",,
"USC00166584","31.8142","-93.0856","43.0","2021-11-01",,,"0.00",",,N,0700","0.0",",,N,0700",,
"USC00166584","31.8142","-93.0856","43.0","2021-11-02",,,"0.00",",,N,0700","0.0",",,N,0700",,
"USC00166584","31.8142","-93.0856","43.0","2021-11-03",,,"0.00",",,N,0700","0.0",",,N,0700",,
"USC00166584","31.8142","-93.0856","43.0","2021-11-04",,,"0.39",",,N,0700","0.0",",,N,0700",,
"USC00166584","31.8142","-93.0856","43.0","2021-11-05",,,"0.00",",,N,0700","0.0",",,N,0700",,
"USC00166584","31.8142","-93.0856","43.0","2021-11-06",,,"0.00",",,N,0700","0.0",",,N,0700",,
"USC00166584","31.8142","-93.0856","43.0","2021-11-07",,,"0.00",",,N,0700","0.0",",,N,0700",,
"USC00166584","31.8142","-93.0856","43.0","2021-11-08",,,"0.00",",,N,0700","0.0",",,N,0700",,
"USC00166584","31.8142","-93.0856","43.0","2021-11-09",,,"0.00",",,N,0700","0.0",",,N,0700",,
"USC00166584","31.8142","-93.0856","43.0","2021-11-10",,,"0.00",",,N,0700","0.0",",,N,0700",,
"USC00166584","31.8142","-93.0856","43.0","2021-11-11",,,"0.70",",,N,0700","0.0",",,N,0700",,
"USC00166584","31.8142","-93.0856","43.0","2021-11-12",,,"0.00",",,N,0700","0.0",",,N,0700",,
"USC00166584","31.8142","-93.0856","43.0","2021-11-13",,,"0.00",",,N,0700","0.0",",,N,0700",,
"USC00166584","31.8142","-93.0856","43.0","2021-11-14",,,"0.00",",,N,0700","0.0",",,N,0700",,
"USC00166584","31.8142","-93.0856","43.0","2021-11-15",,,"0.00",",,N,0700","0.0",",,N,0700",,
"USC00166584","31.8142","-93.0856","43.0","2021-11-16",,,"0.00",",,N,0700","0.0",",,N,0700",,
"USC00166584","31.8142","-93.0856","43.0","2021-11-17",,,"0.00",",,N,0700","0.0",",,N,0700",,
"USC00166584","31.8142","-93.0856","43.0","2021-11-18",,,"0.10",",,N,0700","0.0",",,N,0700",,
"USC00166584","31.8142","-93.0856","43.0","2021-11-19",,,"0.04",",,N,0700","0.0",",,N,0700",,
"USC00166584","31.8142","-93.0856","43.0","2021-11-20",,,"0.00",",,N,0700","0.0",",,N,0700",,
"USC00166584","31.8142","-93.0856","43.0","2021-11-21",,,"0.00",",,N,0700","0.0",",,N,0700",,
"USC00166584","31.8142","-93.0856","43.0","2021-11-22",,,"0.09",",,N,0700","0.0",",,N,0700",,
"USC00166584","31.8142","-93.0856","43.0","2021-11-23",,,"0.00",",,N,0700","0.0",",,N,0700",,
"USC00166584","31.8142","-93.0856","43.0","2021-11-24",,,"0.00",",,N,0700","0.0",",,N,0700",,
"USC00166584","31.8142","-93.0856","43.0","2021-11-25",,,"0.30",",,N,0700","0.0",",,N,0700",,
"USC00166584","31.8142","-93.0856","43.0","2021-11-26",,,"0.07",",,N,0700","0.0",",,N,0700",,
"USC00166584","31.8142","-93.0856","43.0","2021-11-27",,,"0.00",",,N,0700","0.0",",,N,0700",,
"USC00166584","31.8142","-93.0856","43.0","2021-11-28",,,"0.20",",,N,0700","0.0",",,N,0700",,
"US1MEKX0001","44.183903","-69.078577","18.3","2021-08-01",,,"0.00",",,N","0.0",",,N",,
"US1MEKX0001","44.183903","-69.078577","18.3","2021-08-02",,,"0.00",",,N","0.0",",,N",,
"US1MEKX0001","44.183903","-69.078577","18.3","2021-08-03",,,"0.00",",,N","0.0",",,N",,
"US1MEKX0001","44.183903","-69.078577","18.3","2021-08-04",,,"0.00",",,N","0.0",",,N",,
"US1MEKX0001","44.183903","-69.078577","18.3","2021-08-06",,,,,,,,
"US1MEKX0001","44.183903","-69.078577","18.3","2021-08-07",,,"0.00",",,N","0.0",",,N",,
"US1MEKX0001","44.183903","-69.078577","18.3","2021-08-08",,,"0.00",",,N","0.0",",,N",,
"US1MEKX0001","44.183903","-69.078577","18.3","2021-08-09",,,"0.00",",,N","0.0",",,N",,
"US1MEKX0001","44.183903","-69.078577","18.3","2021-08-10",,,"0.00","T,,N",,,,
"US1MEKX0001","44.183903","-69.078577","18.3","2021-08-11",,,"0.03",",,N",,,,
"US1MEKX0001","44.183903","-69.078577","18.3","2021-08-12",,,"0.00",",,N","0.0",",,N",,
"US1MEKX0001","44.183903","-69.078577","18.3","2021-08-13",,,"0.00",",,N","0.0",",,N",,
"US1MEKX0001","44.183903","-69.078577","18.3","2021-08-14",,,"0.00",",,N","0.0",",,N",,
"US1MEKX0001","44.183903","-69.078577","18.3","2021-08-15",,,"0.29",",,N",,,,
"US1MEKX0001","44.183903","-69.078577","18.3","2021-08-16",,,"0.00",",,N","0.0",",,N",,
"US1MEKX0001","44.183903","-69.078577","18.3","2021-08-17",,,"0.00",",,N","0.0",",,N",,
"US1MEKX0001","44.183903","-69.078577","18.3","2021-08-18",,,"0.00","T,,N",,,,
"US1MEKX0001","44.183903","-69.078577","18.3","2021-08-20",,,"0.99",",,N",,,,
"US1MEKX0001","44.183903","-69.078577","18.3","2021-08-21",,,"0.00",",,N","0.0",",,N",,
"US1MEKX0001","44.183903","-69.078577","18.3","2021-08-22",,,"0.09",",,N",,,,
"US1MEKX0001","44.183903","-69.078577","18.3","2021-08-23",,,"0.74",",,N",,,,
"US1MEKX0001","44.183903","-69.078577","18.3","2021-08-24",,,"0.06",",,N",,,,
"US1MEKX0001","44.183903","-69.078577","18.3","2021-08-25",,,"0.00",",,N","0.0",",,N",,
"US1MEKX0001","44.183903","-69.078577","18.3","2021-08-26",,,"0.00",",,N","0.0",",,N",,
"US1MEKX0001","44.183903","-69.078577","18.3","2021-08-27",,,"0.00",",,N","0.0",",,N",,
"US1MEKX0001","44.183903","-69.078577","18.3","2021-08-28",,,"0.00",",,N","0.0",",,N",,
"US1MEKX0001","44.183903","-69.078577","18.3","2021-08-29",,,"0.30",",,N",,,,
"US1MEKX0001","44.183903","-69.078577","18.3","2021-08-30",,,"0.00",",,N","0.0",",,N",,
"US1MEKX0001","44.183903","-69.078577","18.3","2021-08-31",,,"0.05",",,N",,,,
"US1MEKX0001","44.183903","-69.078577","18.3","2021-09-01",,,"0.00",",,N","0.0",",,N",,
"US1MEKX0001","44.183903","-69.078577","18.3","2021-09-03",,,"0.02",",,N",,,,
"US1MEKX0001","44.183903","-69.078577","18.3","2021-09-04",,,"0.09",",,N",,,,
"US1MEKX0001","44.183903","-69.078577","18.3","2021-09-05",,,"0.00",",,N","0.0",",,N",,
"US1MEKX0001","44.183903","-69.078577","18.3","2021-09-06",,,"0.15",",,N",,,,
"US1MEKX0001","44.183903","-69.078577","18.3","2021-09-07",,,"0.04",",,N",,,,
"US1MEKX0001","44.183903","-69.078577","18.3","2021-09-08",,,"0.00",",,N","0.0",",,N",,
"US1MEKX0001","44.183903","-69.078577","18.3","2021-09-09",,,"0.12",",,N",,,,
"US1MEKX0001","44.183903","-69.078577","18.3","2021-09-10",,,"2.45",",,N",,,,
"US1MEKX0001","44.183903","-69.078577","18.3","2021-09-11",,,"0.00",",,N","0.0",",,N",,
"US1MEKX0001","44.183903","-69.078577","18.3","2021-09-12",,,"0.00",",,N","0.0",",,N",,
"US1MEKX0001","44.183903","-69.078577","18.3","2021-09-13",,,"0.02",",,N",,,,
"US1MEKX0001","44.183903","-69.078577","18.3","2021-09-14",,,"0.00",",,N","0.0",",,N",,
"US1MEKX0001","44.183903","-69.078577","18.3","2021-09-15",,,"0.00","T,,N",,,,
"US1MEKX0001","44.183903","-69.078577","18.3","2021-09-16",,,"0.04",",,N",,,,
"US1MEKX0001","44.183903","-69.078577","18.3","2021-09-17",,,"0.00",",,N","0.0",",,N",,
"US1MEKX0001","44.183903","-69.078577","18.3","2021-09-18",,,"0.05",",,N",,,,
"US1MEKX0001","44.183903","-69.078577","18.3","2021-09-19",,,"0.06",",,N",,,,
"US1MEKX0001","44.183903","-69.078577","18.3","2021-09-20",,,"0.00",",,N","0.0",",,N",,
"US1MEKX0001","44.183903","-69.078577","18.3","2021-09-21",,,"0.00",",,N","0.0",",,N",,
"US1MEKX0001","44.183903","-69.078577","18.3","2021-09-22",,,"0.03",",,N",,,,
"US1MEKX0001","44.183903","-69.078577","18.3","2021-09-23",,,"0.00",",,N","0.0",",,N",,
"US1MEKX0001","44.183903","-69.078577","18.3","2021-09-24",,,"0.00",",,N","0.0",",,N",,
"US1MEKX0001","44.183903","-69.078577","18.3","2021-09-25",,,"1.74",",,N",,,,
"US1MEKX0001","44.183903","-69.078577","18.3","2021-09-26",,,"1.73",",,N",,,,
"US1MEKX0001","44.183903","-69.078577","18.3","2021-09-27",,,,,"0.0",",,N",,
"US1MEKX0001","44.183903","-69.078577","18.3","2021-09-28",,,"0.03",",,N",,,,
"US1MEKX0001","44.183903","-69.078577","18.3","2021-09-29",,,"0.02",",,N",,,,
"US1MEKX0001","44.183903","-69.078577","18.3","2021-09-30",,,"0.08",",,N",,,,
"US1MEKX0001","44.183903","-69.078577","18.3","2021-10-01",,,"0.17",",,N",,,,
"US1MEKX0001","44.183903","-69.078577","18.3","2021-10-02",,,"0.01",",,N",,,,
"US1MEKX0001","44.183903","-69.078577","18.3","2021-10-03",,,"0.00",",,N","0.0",",,N",,
"US1MEKX0001","44.183903","-69.078577","18.3","2021-10-04",,,"0.06",",,N",,,,
"US1MEKX0001","44.183903","-69.078577","18.3","2021-10-05",,,"0.00",",,N","0.0",",,N",,
"US1MEKX0001","44.183903","-69.078577","18.3","2021-10-06",,,"0.00",",,N","0.0",",,N",,
"US1MEKX0001","44.183903","-69.078577","18.3","2021-10-07",,,"0.00",",,N","0.0",",,N",,
"US1MEKX0001","44.183903","-69.078577","18.3","2021-10-08",,,"0.00",",,N","0.0",",,N",,
"US1MEKX0001","44.183903","-69.078577","18.3","2021-10-09",,,"0.00",",,N","0.0",",,N",,
"US1MEKX0001","44.183903","-69.078577","18.3","2021-10-10",,,"0.00",",,N","0.0",",,N",,
"US1MEKX0001","44.183903","-69.078577","18.3","2021-10-11",,,"0.00",",,N","0.0",",,N",,
"US1MEKX0001","44.183903","-69.078577","18.3","2021-10-12",,,"0.00",",,N","0.0",",,N",,
"US1MEKX0001","44.183903","-69.078577","18.3","2021-10-13",,,"0.00",",,N","0.0",",,N",,
"US1MEKX0001","44.183903","-69.078577","18.3","2021-10-16",,,"0.68",",,N",,,,
"US1MEKX0001","44.183903","-69.078577","18.3","2021-10-17",,,"1.15",",,N",,,,
"US1MEKX0001","44.183903","-69.078577","18.3","2021-10-18",,,"0.00",",,N","0.0",",,N",,
"US1MEKX0001","44.183903","-69.078577","18.3","2021-10-19",,,"0.00",",,N","0.0",",,N",,
"US1MEKX0001","44.183903","-69.078577","18.3","2021-10-20",,,"0.04",",,N",,,,
"US1MEKX0001","44.183903","-69.078577","18.3","2021-10-21",,,"0.00",",,N","0.0",",,N",,
"US1MEKX0001","44.183903","-69.078577","18.3","2021-10-22",,,"0.08",",,N",,,,
"US1MEKX0001","44.183903","-69.078577","18.3","2021-10-23",,,"0.00",",,N","0.0",",,N",,
"US1MEKX0001","44.183903","-69.078577","18.3","2021-10-24",,,"0.00",",,N","0.0",",,N",,
"US1MEKX0001","44.183903","-69.078577","18.3","2021-10-25",,,"0.00",",,N","0.0",",,N",,
"US1MEKX0001","44.183903","-69.078577","18.3","2021-10-26",,,"0.29",",,N",,,,
"US1MEKX0001","44.183903","-69.078577","18.3","2021-10-27",,,"1.12",",,N",,,,
"US1MEKX0001","44.183903","-69.078577","18.3","2021-10-28",,,"0.02",",,N",,,,
"US1MEKX0001","44.183903","-69.078577","18.3","2021-10-29",,,"0.00",",,N","0.0",",,N",,
"US1MEKX0001","44.183903","-69.078577","18.3","2021-10-30",,,"0.04",",,N",,,,
"US1MEKX0001","44.183903","-69.078577","18.3","2021-10-31",,,"5.15",",,N",,,,
"US1MEKX0001","44.183903","-69.078577","18.3","2021-11-01",,,"0.03",",,N",,,,
"US1MEKX0001","44.183903","-69.078577","18.3","2021-11-02",,,"0.00",",,N","0.0",",,N",,
"US1MEKX0001","44.183903","-69.078577","18.3","2021-11-03",,,"0.00",",,N","0.0",",,N",,
"US1MEKX0001","44.183903","-69.078577","18.3","2021-11-04",,,"0.00",",,N","0.0",",,N",,
"US1MEKX0001","44.183903","-69.078577","18.3","2021-11-05",,,"0.00",",,N","0.0",",,N",,
"US1MEKX0001","44.183903","-69.078577","18.3","2021-11-06",,,"0.00",",,N","0.0",",,N",,
"US1MEKX0001","44.183903","-69.078577","18.3","2021-11-07",,,"0.00",",,N","0.0",",,N",,
"US1MEKX0001","44.183903","-69.078577","18.3","2021-11-08",,,"0.00",",,N","0.0",",,N",,
"US1MEKX0001","44.183903","-69.078577","18.3","2021-11-09",,,"0.00",",,N","0.0",",,N",,
"US1MEKX0001","44.183903","-69.078577","18.3","2021-11-10",,,"0.34",",,N",,,,
"US1MEKX0001","44.183903","-69.078577","18.3","2021-11-11",,,"0.00",",,N","0.0",",,N",,
"US1MEKX0001","44.183903","-69.078577","18.3","2021-11-12",,,"0.00",",,N","0.0",",,N",,
"US1MEKX0001","44.183903","-69.078577","18.3","2021-11-13",,,"1.66",",,N",,,,
"US1MEKX0001","44.183903","-69.078577","18.3","2021-11-14",,,"0.43",",,N",,,,
"US1MEKX0001","44.183903","-69.078577","18.3","2021-11-15",,,"0.52",",,N",,,,
"US1MEKX0001","44.183903","-69.078577","18.3","2021-11-16",,,"0.00",",,N","0.0",",,N",,
"US1MEKX0001","44.183903","-69.078577","18.3","2021-11-17",,,"0.00",",,N","0.0",",,N",,
"US1MEKX0001","44.183903","-69.078577","18.3","2021-11-18",,,"0.08",",,N",,,,
"US1MEKX0001","44.183903","-69.078577","18.3","2021-11-19",,,"0.18",",,N",,,,
"US1MEKX0001","44.183903","-69.078577","18.3","2021-11-20",,,"0.00",",,N","0.0",",,N",,
"US1MEKX0001","44.183903","-69.078577","18.3","2021-11-21",,,"0.00",",,N","0.0",",,N",,
"US1MEKX0001","44.183903","-69.078577","18.3","2021-11-22",,,"1.53",",,N",,,,
"US1MEKX0001","44.183903","-69.078577","18.3","2021-11-23",,,"0.00",",,N","0.0",",,N",,
"US1MEKX0001","44.183903","-69.078577","18.3","2021-11-24",,,"0.00",",,N","0.0",",,N",,
"US1MEKX0001","44.183903","-69.078577","18.3","2021-11-25",,,"0.00",",,N","0.0",",,N",,
"US1MEKX0001","44.183903","-69.078577","18.3","2021-11-27",,,"0.65",",,N",,,,
"US1LAGR0003","31.598904","-92.783738","29.0","2021-08-01",,,"0.00","T,,N",,,,
"US1LAGR0003","31.598904","-92.783738","29.0","2021-08-02",,,"0.00","T,,N",,,,
"US1LAGR0003","31.598904","-92.783738","29.0","2021-08-03",,,"1.32",",,N",,,,
"US1LAGR0003","31.598904","-92.783738","29.0","2021-08-04",,,"0.30",",,N",,,,
"US1LAGR0003","31.598904","-92.783738","29.0","2021-08-05",,,"0.00",",,N","0.0",",,N",,
"US1LAGR0003","31.598904","-92.783738","29.0","2021-08-06",,,"0.00",",,N","0.0",",,N",,
"US1LAGR0003","31.598904","-92.783738","29.0","2021-08-07",,,"0.00",",,N","0.0",",,N",,
"US1LAGR0003","31.598904","-92.783738","29.0","2021-08-08",,,"0.00",",,N","0.0",",,N",,
"US1LAGR0003","31.598904","-92.783738","29.0","2021-08-09",,,"0.00",",,N","0.0",",,N",,
"US1LAGR0003","31.598904","-92.783738","29.0","2021-08-10",,,"0.00",",,N","0.0",",,N",,
"US1LAGR0003","31.598904","-92.783738","29.0","2021-08-11",,,"0.00",",,N","0.0",",,N",,
"US1LAGR0003","31.598904","-92.783738","29.0","2021-08-12",,,"0.00",",,N","0.0",",,N",,
"US1LAGR0003","31.598904","-92.783738","29.0","2021-08-13",,,"0.35",",,N",,,,
"US1LAGR0003","31.598904","-92.783738","29.0","2021-08-14",,,"0.00",",,N","0.0",",,N",,
"US1LAGR0003","31.598904","-92.783738","29.0","2021-08-15",,,"0.35",",,N",,,,
"US1LAGR0003","31.598904","-92.783738","29.0","2021-08-16",,,"0.00","T,,N",,,,
"US1LAGR0003","31.598904","-92.783738","29.0","2021-08-17",,,"0.00","T,,N",,,,
"US1LAGR0003","31.598904","-92.783738","29.0","2021-08-18",,,"0.00","T,,N",,,,
"US1LAGR0003","31.598904","-92.783738","29.0","2021-08-19",,,"1.14",",,N",,,,
"US1LAGR0003","31.598904","-92.783738","29.0","2021-08-20",,,"0.65",",,N",,,,
"US1LAGR0003","31.598904","-92.783738","29.0","2021-08-21",,,"0.00",",,N","0.0",",,N",,
"US1LAGR0003","31.598904","-92.783738","29.0","2021-08-22",,,"0.00",",,N","0.0",",,N",,
"US1LAGR0003","31.598904","-92.783738","29.0","2021-08-23",,,"0.00",",,N","0.0",",,N",,
"US1LAGR0003","31.598904","-92.783738","29.0","2021-08-24",,,"0.00",",,N","0.0",",,N",,
"US1LAGR0003","31.598904","-92.783738","29.0","2021-08-25",,,"0.05",",,N",,,,
"US1LAGR0003","31.598904","-92.783738","29.0","2021-08-26",,,"0.00",",,N","0.0",",,N",,
"US1LAGR0003","31.598904","-92.783738","29.0","2021-08-27",,,"0.00",",,N","0.0",",,N",,
"US1LAGR0003","31.598904","-92.783738","29.0","2021-08-28",,,"0.00",",,N","0.0",",,N",,
"US1LAGR0003","31.598904","-92.783738","29.0","2021-08-29",,,"0.10",",,N",,,,
"US1LAGR0003","31.598904","-92.783738","29.0","2021-08-30",,,"0.25",",,N",,,,
"US1LAGR0003","31.598904","-92.783738","29.0","2021-08-31",,,"0.00",",,N","0.0",",,N",,
"US1LAGR0003","31.598904","-92.783738","29.0","2021-09-01",,,"0.00",",,N","0.0",",,N",,
"US1LAGR0003","31.598904","-92.783738","29.0","2021-09-02",,,"0.00",",,N","0.0",",,N",,
"US1LAGR0003","31.598904","-92.783738","29.0","2021-09-03",,,"0.00","T,,N",,,,
"US1LAGR0003","31.598904","-92.783738","29.0","2021-09-04",,,"0.00",",,N","0.0",",,N",,
"US1LAGR0003","31.598904","-92.783738","29.0","2021-09-05",,,"0.00",",,N","0.0",",,N",,
"US1LAGR0003","31.598904","-92.783738","29.0","2021-09-06",,,"0.22",",,N",,,,
"US1LAGR0003","31.598904","-92.783738","29.0","2021-09-07",,,"0.00",",,N","0.0",",,N",,
"US1LAGR0003","31.598904","-92.783738","29.0","2021-09-08",,,"0.00",",,N","0.0",",,N",,
"US1LAGR0003","31.598904","-92.783738","29.0","2021-09-09",,,"0.00",",,N","0.0",",,N",,
"US1LAGR0003","31.598904","-92.783738","29.0","2021-09-10",,,"0.00",",,N","0.0",",,N",,
"US1LAGR0003","31.598904","-92.783738","29.0","2021-09-11",,,"0.00",",,N","0.0",",,N",,
"US1LAGR0003","31.598904","-92.783738","29.0","2021-09-12",,,"0.00",",,N","0.0",",,N",,
"US1LAGR0003","31.598904","-92.783738","29.0","2021-09-13",,,"0.00",",,N","0.0",",,N",,
"US1LAGR0003","31.598904","-92.783738","29.0","2021-09-14",,,"0.00","T,,N",,,,
"US1LAGR0003","31.598904","-92.783738","29.0","2021-09-15",,,"0.93",",,N",,,,
"US1LAGR0003","31.598904","-92.783738","29.0","2021-09-16",,,"0.00","T,,N",,,,
"US1LAGR0003","31.598904","-92.783738","29.0","2021-09-17",,,"0.50",",,N",,,,
"US1LAGR0003","31.598904","-92.783738","29.0","2021-09-18",,,"0.13",",,N",,,,
"US1LAGR0003","31.598904","-92.783738","29.0","2021-09-19",,,"0.00",",,N","0.0",",,N",,
"US1LAGR0003","31.598904","-92.783738","29.0","2021-09-20",,,"0.00","T,,N",,,,
"US1LAGR0003","31.598904","-92.783738","29.0","2021-09-21",,,"0.00","T,,N",,,,
"US1LAGR0003","31.598904","-92.783738","29.0","2021-09-22",,,"0.00",",,N","0.0",",,N",,
"US1LAGR0003","31.598904","-92.783738","29.0","2021-09-23",,,"0.00",",,N","0.0",",,N",,
"US1LAGR0003","31.598904","-92.783738","29.0","2021-09-24",,,"0.00",",,N","0.0",",,N",,
"US1LAGR0003","31.598904","-92.783738","29.0","2021-09-25",,,"0.00",",,N","0.0",",,N",,
"US1LAGR0003","31.598904","-92.783738","29.0","2021-09-26",,,"0.00",",,N","0.0",",,N",,
"US1LAGR0003","31.598904","-92.783738","29.0","2021-09-27",,,"0.00",",,N","0.0",",,N",,
"US1LAGR0003","31.598904","-92.783738","29.0","2021-09-28",,,"1.80",",,N",,,,
"US1LAGR0003","31.598904","-92.783738","29.0","2021-09-29",,,"0.15",",,N",,,,
"US1LAGR0003","31.598904","-92.783738","29.0","2021-09-30",,,"0.08",",,N",,,,
"US1LAGR0003","31.598904","-92.783738","29.0","2021-10-01",,,"0.00","T,,N",,,,
"US1LAGR0003","31.598904","-92.783738","29.0","2021-10-02",,,"0.00",",,N","0.0",",,N",,
"US1LAGR0003","31.598904","-92.783738","29.0","2021-10-03",,,"0.75",",,N",,,,
"US1LAGR0003","31.598904","-92.783738","29.0","2021-10-04",,,"0.10",",,N",,,,
"US1LAGR0003","31.598904","-92.783738","29.0","2021-10-05",,,"0.00",",,N","0.0",",,N",,
"US1LAGR0003","31.598904","-92.783738","29.0","2021-10-06",,,"0.00",",,N","0.0",",,N",,
"US1LAGR0003","31.598904","-92.783738","29.0","2021-10-07",,,"0.00",",,N","0.0",",,N",,
"US1LAGR0003","31.598904","-92.783738","29.0","2021-10-08",,,"0.00",",,N","0.0",",,N",,
"US1LAGR0003","31.598904","-92.783738","29.0","2021-10-09",,,"0.00",",,N","0.0",",,N",,
"US1LAGR0003","31.598904","-92.783738","29.0","2021-10-10",,,"0.00",",,N","0.0",",,N",,
"US1LAGR0003","31.598904","-92.783738","29.0","2021-10-11",,,"0.00",",,N","0.0",",,N",,
"US1LAGR0003","31.598904","-92.783738","29.0","2021-10-12",,,"0.00","T,,N",,,,
"US1LAGR0003","31.598904","-92.783738","29.0","2021-10-13",,,"0.06",",,N",,,,
"US1LAGR0003","31.598904","-92.783738","29.0","2021-10-14",,,"0.00",",,N","0.0",",,N",,
"US1LAGR0003","31.598904","-92.783738","29.0","2021-10-15",,,"0.00",",,N","0.0",",,N",,
"US1LAGR0003","31.598904","-92.783738","29.0","2021-10-16",,,"0.47",",,N",,,,
"US1LAGR0003","31.598904","-92.783738","29.0","2021-10-17",,,"0.00",",,N","0.0",",,N",,
"US1LAGR0003","31.598904","-92.783738","29.0","2021-10-18",,,"0.00",",,N","0.0",",,N",,
"US1LAGR0003","31.598904","-92.783738","29.0","2021-10-19",,,"0.00",",,N","0.0",",,N",,
"US1LAGR0003","31.598904","-92.783738","29.0","2021-10-20",,,"0.00",",,N","0.0",",,N",,
"US1LAGR0003","31.598904","-92.783738","29.0","2021-10-21",,,"0.00",",,N","0.0",",,N",,
"US1LAGR0003","31.598904","-92.783738","29.0","2021-10-22",,,"0.00",",,N","0.0",",,N",,
"US1LAGR0003","31.598904","-92.783738","29.0","2021-10-23",,,"0.00",",,N","0.0",",,N",,
"US1LAGR0003","31.598904","-92.783738","29.0","2021-10-25",,,"0.00",",,N","0.0",",,N",,
"US1LAGR0003","31.598904","-92.783738","29.0","2021-10-26",,,"0.00",",,N","0.0",",,N",,
"US1LAGR0003","31.598904","-92.783738","29.0","2021-10-27",,,"0.00",",,N","0.0",",,N",,
"US1LAGR0003","31.598904","-92.783738","29.0","2021-10-28",,,"1.50",",,N",,,,
"US1LAGR0003","31.598904","-92.783738","29.0","2021-10-29",,,"0.00",",,N","0.0",",,N",,
"US1LAGR0003","31.598904","-92.783738","29.0","2021-10-30",,,"0.00",",,N","0.0",",,N",,
"US1LAGR0003","31.598904","-92.783738","29.0","2021-10-31",,,"0.00",",,N","0.0",",,N",,
"US1LAGR0003","31.598904","-92.783738","29.0","2021-11-01",,,"0.00",",,N","0.0",",,N",,
"US1LAGR0003","31.598904","-92.783738","29.0","2021-11-02",,,"0.00",",,N","0.0",",,N",,
"US1LAGR0003","31.598904","-92.783738","29.0","2021-11-03",,,"0.00",",,N","0.0",",,N",,
"US1LAGR0003","31.598904","-92.783738","29.0","2021-11-04",,,"0.25",",,N",,,,
"US1LAGR0003","31.598904","-92.783738","29.0","2021-11-05",,,"0.00",",,N","0.0",",,N",,
"US1LAGR0003","31.598904","-92.783738","29.0","2021-11-06",,,"0.00",",,N","0.0",",,N",,
"US1LAGR0003","31.598904","-92.783738","29.0","2021-11-07",,,"0.00",",,N","0.0",",,N",,
"US1LAGR0003","31.598904","-92.783738","29.0","2021-11-08",,,"0.00",",,N","0.0",",,N",,
"US1LAGR0003","31.598904","-92.783738","29.0","2021-11-09",,,"0.00",",,N","0.0",",,N",,
"US1LAGR0003","31.598904","-92.783738","29.0","2021-11-10",,,"0.00",",,N","0.0",",,N",,
"US1LAGR0003","31.598904","-92.783738","29.0","2021-11-11",,,"0.60",",,N",,,,
"US1LAGR0003","31.598904","-92.783738","29.0","2021-11-12",,,"0.00",",,N","0.0",",,N",,
"US1LAGR0003","31.598904","-92.783738","29.0","2021-11-13",,,"0.00",",,N","0.0",",,N",,
"US1LAGR0003","31.598904","-92.783738","29.0","2021-11-14",,,"0.00",",,N","0.0",",,N",,
"US1LAGR0003","31.598904","-92.783738","29.0","2021-11-15",,,"0.00",",,N","0.0",",,N",,
"US1LAGR0003","31.598904","-92.783738","29.0","2021-11-16",,,"0.00",",,N","0.0",",,N",,
"US1LAGR0003","31.598904","-92.783738","29.0","2021-11-17",,,"0.00",",,N","0.0",",,N",,
"US1LAGR0003","31.598904","-92.783738","29.0","2021-11-18",,,"0.03",",,N",,,,
"US1LAGR0003","31.598904","-92.783738","29.0","2021-11-19",,,"0.03",",,N",,,,
"US1LAGR0003","31.598904","-92.783738","29.0","2021-11-20",,,"0.00",",,N","0.0",",,N",,
"US1LAGR0003","31.598904","-92.783738","29.0","2021-11-21",,,"0.00",",,N","0.0",",,N",,
"US1LAGR0003","31.598904","-92.783738","29.0","2021-11-22",,,"0.00",",,N","0.0",",,N",,
"US1LAGR0003","31.598904","-92.783738","29.0","2021-11-23",,,"0.00",",,N","0.0",",,N",,
"US1LAGR0003","31.598904","-92.783738","29.0","2021-11-24",,,"0.00",",,N","0.0",",,N",,
"US1LAGR0003","31.598904","-92.783738","29.0","2021-11-25",,,"0.00",",,N","0.0",",,N",,
"US1LAGR0003","31.598904","-92.783738","29.0","2021-11-26",,,"0.32",",,N",,,,
"US1LAGR0003","31.598904","-92.783738","29.0","2021-11-27",,,"0.00",",,N","0.0",",,N",,
"US1LAGR0003","31.598904","-92.783738","29.0","2021-11-28",,,"0.15",",,N",,,,
"USC00177479","43.45739","-70.78022","88.1","2021-08-01",,,"0.00",",,7,0700","0.0",",,7,0700",,
"USC00177479","43.45739","-70.78022","88.1","2021-08-02",,,"0.04",",,7,0700","0.0",",,7,0700",,
"USC00177479","43.45739","-70.78022","88.1","2021-08-03",,,"0.00",",,7,0700","0.0",",,7,0700",,
"USC00177479","43.45739","-70.78022","88.1","2021-08-04",,,"0.00",",,7,0700","0.0",",,7,0700",,
"USC00177479","43.45739","-70.78022","88.1","2021-08-05",,,"0.07",",,7,0700","0.0",",,7,0700",,
"USC00177479","43.45739","-70.78022","88.1","2021-08-06",,,"0.60",",,7,0700","0.0",",,7,0700",,
"USC00177479","43.45739","-70.78022","88.1","2021-08-07",,,"0.00",",,7,0700","0.0",",,7,0700",,
"USC00177479","43.45739","-70.78022","88.1","2021-08-08",,,"0.00",",,7,0700","0.0",",,7,0700",,
"USC00177479","43.45739","-70.78022","88.1","2021-08-09",,,"0.00",",,7,0700","0.0",",,7,0700",,
"USC00177479","43.45739","-70.78022","88.1","2021-08-10",,,"0.00","T,,7,0700","0.0",",,7,0700",,
"USC00177479","43.45739","-70.78022","88.1","2021-08-11",,,"0.00",",,7,0700","0.0",",,7,0700",,
"USC00177479","43.45739","-70.78022","88.1","2021-08-12",,,"0.00",",,7,0700","0.0",",,7,0700",,
"USC00177479","43.45739","-70.78022","88.1","2021-08-13",,,"0.00",",,7,0700","0.0",",,7,0700",,
"USC00177479","43.45739","-70.78022","88.1","2021-08-14",,,"0.00",",,7,0700","0.0",",,7,0700",,
"USC00177479","43.45739","-70.78022","88.1","2021-08-15",,,"0.00",",,7,0700","0.0",",,7,0700",,
"USC00177479","43.45739","-70.78022","88.1","2021-08-16",,,"0.00",",,7,0700","0.0",",,7,0700",,
"USC00177479","43.45739","-70.78022","88.1","2021-08-17",,,"0.00",",,7,0700","0.0",",,7,0700",,
"USC00177479","43.45739","-70.78022","88.1","2021-08-18",,,"0.00",",,7,0700","0.0",",,7,0700",,
"USC00177479","43.45739","-70.78022","88.1","2021-08-19",,,"0.22",",,7,0700","0.0",",,7,0700",,
"USC00177479","43.45739","-70.78022","88.1","2021-08-20",,,"0.57",",,7,0700","0.0",",,7,0700",,
"USC00177479","43.45739","-70.78022","88.1","2021-08-21",,,"0.00",",,7,0700","0.0",",,7,0700",,
"USC00177479","43.45739","-70.78022","88.1","2021-08-22",,,"0.00",",,7,0700","0.0",",,7,0700",,
"USC00177479","43.45739","-70.78022","88.1","2021-08-23",,,"0.64",",,7,0700","0.0",",,7,0700",,
"USC00177479","43.45739","-70.78022","88.1","2021-08-24",,,"0.66",",,7,0700","0.0",",,7,0700",,
"USC00177479","43.45739","-70.78022","88.1","2021-08-25",,,"0.00",",,7,0700","0.0",",,7,0700",,
"USC00177479","43.45739","-70.78022","88.1","2021-08-26",,,"0.00",",,7,0700","0.0",",,7,0700",,
"USC00177479","43.45739","-70.78022","88.1","2021-08-27",,,"0.00",",,7,0700","0.0",",,7,0700",,
"USC00177479","43.45739","-70.78022","88.1","2021-08-28",,,"0.00",",,7,0700","0.0",",,7,0700",,
"USC00177479","43.45739","-70.78022","88.1","2021-08-29",,,"0.00",",,7,0700","0.0",",,7,0700",,
"USC00177479","43.45739","-70.78022","88.1","2021-08-30",,,"0.00",",,7,0700","0.0",",,7,0700",,
"USC00177479","43.45739","-70.78022","88.1","2021-08-31",,,"0.40",",,7,0700","0.0",",,7,0700",,
"USC00177479","43.45739","-70.78022","88.1","2021-09-01",,,"0.00",",,7,0700","0.0",",,7,0700",,
"USC00177479","43.45739","-70.78022","88.1","2021-09-02",,,"1.90",",,7,0700","0.0",",,7,0700",,
"USC00177479","43.45739","-70.78022","88.1","2021-09-03",,,"0.00",",,7,0700","0.0",",,7,0700",,
"USC00177479","43.45739","-70.78022","88.1","2021-09-04",,,"0.00",",,7,0700","0.0",",,7,0700",,
"USC00177479","43.45739","-70.78022","88.1","2021-09-05",,,"0.00",",,7,0700","0.0",",,7,0700",,
"USC00177479","43.45739","-70.78022","88.1","2021-09-06",,,"0.27",",,7,0700","0.0",",,7,0700",,
"USC00177479","43.45739","-70.78022","88.1","2021-09-07",,,"0.00",",,7,0700","0.0",",,7,0700",,
"USC00177479","43.45739","-70.78022","88.1","2021-09-08",,,"0.00",",,7,0700","0.0",",,7,0700",,
"USC00177479","43.45739","-70.78022","88.1","2021-09-09",,,"0.56",",,7,0700","0.0",",,7,0700",,
"USC00177479","43.45739","-70.78022","88.1","2021-09-10",,,"1.40",",,7,0700","0.0",",,7,0700",,
"USC00177479","43.45739","-70.78022","88.1","2021-09-11",,,"0.00",",,7,0700","0.0",",,7,0700",,
"USC00177479","43.45739","-70.78022","88.1","2021-09-12",,,"0.00",",,7,0700","0.0",",,7,0700",,
"USC00177479","43.45739","-70.78022","88.1","2021-09-13",,,"0.10",",,7,0700","0.0",",,7,0700",,
"USC00177479","43.45739","-70.78022","88.1","2021-09-14",,,"0.00",",,7,0700","0.0",",,7,0700",,
"USC00177479","43.45739","-70.78022","88.1","2021-09-15",,,"0.00",",,7,0700","0.0",",,7,0700",,
"USC00177479","43.45739","-70.78022","88.1","2021-09-16",,,"0.35",",,7,0700","0.0",",,7,0700",,
"USC00177479","43.45739","-70.78022","88.1","2021-09-17",,,"0.00",",,7,0700","0.0",",,7,0700",,
"USC00177479","43.45739","-70.78022","88.1","2021-09-18",,,"0.01",",,7,0700","0.0",",,7,0700",,
"USC00177479","43.45739","-70.78022","88.1","2021-09-19",,,"0.00",",,7,0700","0.0",",,7,0700",,
"USC00177479","43.45739","-70.78022","88.1","2021-09-20",,,"0.00",",,7,0700","0.0",",,7,0700",,
"USC00177479","43.45739","-70.78022","88.1","2021-09-21",,,"0.00",",,7,0700","0.0",",,7,0700",,
"USC00177479","43.45739","-70.78022","88.1","2021-09-22",,,"0.10",",,7,0700","0.0",",,7,0700",,
"USC00177479","43.45739","-70.78022","88.1","2021-09-23",,,"0.00",",,7,0700","0.0",",,7,0700",,
"USC00177479","43.45739","-70.78022","88.1","2021-09-24",,,"0.03",",,7,0700","0.0",",,7,0700",,
"USC00177479","43.45739","-70.78022","88.1","2021-09-25",,,"0.12",",,7,0700","0.0",",,7,0700",,
"USC00177479","43.45739","-70.78022","88.1","2021-09-26",,,"0.09",",,7,0700","0.0",",,7,0700",,
"USC00177479","43.45739","-70.78022","88.1","2021-09-27",,,"0.00",",,7,0700","0.0",",,7,0700",,
"USC00177479","43.45739","-70.78022","88.1","2021-09-28",,,"0.00",",,7,0700","0.0",",,7,0700",,
"USC00177479","43.45739","-70.78022","88.1","2021-09-29",,,"0.01",",,7,0700","0.0",",,7,0700",,
"USC00177479","43.45739","-70.78022","88.1","2021-09-30",,,"0.00",",,7,0700","0.0",",,7,0700",,
"USC00177238","45.08533","-67.1205","35.1","2021-08-01",,,"0.00",",,7,2400",,,,
"USC00177238","45.08533","-67.1205","35.1","2021-08-02",,,"0.01",",,7,2400",,,,
"USC00177238","45.08533","-67.1205","35.1","2021-08-03",,,"0.00",",,7,2400",,,,
"USC00177238","45.08533","-67.1205","35.1","2021-08-04",,,"0.00",",,7,2400",,,,
"USC00177238","45.08533","-67.1205","35.1","2021-08-05",,,"1.67",",,7,2400",,,,
"USC00177238","45.08533","-67.1205","35.1","2021-08-06",,,"0.14",",,7,2400",,,,
"USC00177238","45.08533","-67.1205","35.1","2021-08-07",,,"0.00",",,7,2400",,,,
"USC00177238","45.08533","-67.1205","35.1","2021-08-08",,,"0.00",",,7,2400",,,,
"USC00177238","45.08533","-67.1205","35.1","2021-08-09",,,"0.00",",,7,2400",,,,
"USC00177238","45.08533","-67.1205","35.1","2021-08-10",,,"0.00","T,,7,2400",,,,
"USC00177238","45.08533","-67.1205","35.1","2021-08-11",,,"0.00","T,,7,2400",,,,
"USC00177238","45.08533","-67.1205","35.1","2021-08-12",,,"0.02",",,7,2400",,,,
"USC00177238","45.08533","-67.1205","35.1","2021-08-13",,,"0.00",",,7,2400",,,,
"USC00177238","45.08533","-67.1205","35.1","2021-08-14",,,"0.27",",,7,2400",,,,
"USC00177238","45.08533","-67.1205","35.1","2021-08-15",,,"0.00",",,7,2400",,,,
"USC00177238","45.08533","-67.1205","35.1","2021-08-16",,,"0.00",",,7,2400",,,,
"USC00177238","45.08533","-67.1205","35.1","2021-08-17",,,"0.00",",,7,2400",,,,
"USC00177238","45.08533","-67.1205","35.1","2021-08-18",,,"0.06",",,7,2400",,,,
"USC00177238","45.08533","-67.1205","35.1","2021-08-19",,,"0.04",",,7,2400",,,,
"USC00177238","45.08533","-67.1205","35.1","2021-08-20",,,"0.09",",,7,2400",,,,
"USC00177238","45.08533","-67.1205","35.1","2021-08-21",,,"0.00",",,7,2400",,,,
"USC00177238","45.08533","-67.1205","35.1","2021-08-22",,,"0.00",",,7,2400",,,,
"USC00177238","45.08533","-67.1205","35.1","2021-08-23",,,"0.78",",,7,2400",,,,
"USC00177238","45.08533","-67.1205","35.1","2021-08-24",,,"0.06",",,7,2400",,,,
"USC00177238","45.08533","-67.1205","35.1","2021-08-25",,,"0.00",",,7,2400",,,,
"USC00177238","45.08533","-67.1205","35.1","2021-08-26",,,"0.00",",,7,2400",,,,
"USC00177238","45.08533","-67.1205","35.1","2021-08-27",,,"0.00",",,7,2400",,,,
"USC00177238","45.08533","-67.1205","35.1","2021-08-28",,,"0.00",",,7,2400",,,,
"USC00177238","45.08533","-67.1205","35.1","2021-08-29",,,"0.00",",,7,2400",,,,
"USC00177238","45.08533","-67.1205","35.1","2021-08-30",,,"0.00","T,,7,2400",,,,
"USC00177238","45.08533","-67.1205","35.1","2021-08-31",,,"0.00",",,7,2400",,,,
"USC00177238","45.08533","-67.1205","35.1","2021-09-01",,,"0.00",",,7,2400","0.0",",,7,2400",,
"USC00177238","45.08533","-67.1205","35.1","2021-09-02",,,"2.32",",,7,2400","0.0",",,7,2400",,
"USC00177238","45.08533","-67.1205","35.1","2021-09-03",,,"0.07",",,7,2400","0.0",",,7,2400",,
"USC00177238","45.08533","-67.1205","35.1","2021-09-04",,,"0.00",",,7,2400","0.0",",,7,2400",,
"USC00177238","45.08533","-67.1205","35.1","2021-09-05",,,"0.00",",,7,2400","0.0",",,7,2400",,
"USC00177238","45.08533","-67.1205","35.1","2021-09-06",,,"0.11",",,7,2400","0.0",",,7,2400",,
"USC00177238","45.08533","-67.1205","35.1","2021-09-07",,,"0.00",",,7,2400","0.0",",,7,2400",,
"USC00177238","45.08533","-67.1205","35.1","2021-09-08",,,"0.00",",,7,2400","0.0",",,7,2400",,
"USC00177238","45.08533","-67.1205","35.1","2021-09-09",,,"0.12",",,7,2400","0.0",",,7,2400",,
"USC00177238","45.08533","-67.1205","35.1","2021-09-10",,,"0.81",",,7,2400","0.0",",,7,2400",,
"USC00177238","45.08533","-67.1205","35.1","2021-09-11",,,"0.00",",,7,2400","0.0",",,7,2400",,
"USC00177238","45.08533","-67.1205","35.1","2021-09-12",,,"0.00",",,7,2400","0.0",",,7,2400",,
"USC00177238","45.08533","-67.1205","35.1","2021-09-13",,,"0.00","T,,7,2400","0.0",",,7,2400",,
"USC00177238","45.08533","-67.1205","35.1","2021-09-14",,,"0.00",",,7,2400","0.0",",,7,2400",,
"USC00177238","45.08533","-67.1205","35.1","2021-09-15",,,"0.07",",,7,2400","0.0",",,7,2400",,
"USC00177238","45.08533","-67.1205","35.1","2021-09-16",,,"0.02",",,7,2400","0.0",",,7,2400",,
"USC00177238","45.08533","-67.1205","35.1","2021-09-17",,,"0.00","T,,7,2400","0.0",",,7,2400",,
"USC00177238","45.08533","-67.1205","35.1","2021-09-18",,,"0.01",",,7,2400","0.0",",,7,2400",,
"USC00177238","45.08533","-67.1205","35.1","2021-09-19",,,"0.00",",,7,2400","0.0",",,7,2400",,
"USC00177238","45.08533","-67.1205","35.1","2021-09-20",,,"0.00",",,7,2400","0.0",",,7,2400",,
"USC00177238","45.08533","-67.1205","35.1","2021-09-21",,,"0.00",",,7,2400","0.0",",,7,2400",,
"USC00177238","45.08533","-67.1205","35.1","2021-09-22",,,"0.00",",,7,2400","0.0",",,7,2400",,
"USC00177238","45.08533","-67.1205","35.1","2021-09-23",,,"0.00","T,,7,2400","0.0",",,7,2400",,
"USC00177238","45.08533","-67.1205","35.1","2021-09-24",,,"0.00",",,7,2400","0.0",",,7,2400",,
"USC00177238","45.08533","-67.1205","35.1","2021-09-25",,,"1.53",",,7,2400","0.0",",,7,2400",,
"USC00177238","45.08533","-67.1205","35.1","2021-09-26",,,"1.50",",,7,2400","0.0",",,7,2400",,
"USC00177238","45.08533","-67.1205","35.1","2021-09-27",,,"0.00","T,,7,2400","0.0",",,7,2400",,
"USC00177238","45.08533","-67.1205","35.1","2021-09-28",,,"0.00","T,,7,2400","0.0",",,7,2400",,
"USC00177238","45.08533","-67.1205","35.1","2021-09-29",,,"0.00","T,,7,2400","0.0",",,7,2400",,
"USC00177238","45.08533","-67.1205","35.1","2021-09-30",,,"0.00",",,7,2400","0.0",",,7,2400",,
"USC00177238","45.08533","-67.1205","35.1","2021-10-01",,,"0.09",",,7,2400","0.0",",,7,2400",,
"USC00177238","45.08533","-67.1205","35.1","2021-10-02",,,"0.00",",,7,2400","0.0",",,7,2400",,
"USC00177238","45.08533","-67.1205","35.1","2021-10-03",,,"0.00",",,7,2400","0.0",",,7,2400",,
"USC00177238","45.08533","-67.1205","35.1","2021-10-04",,,"0.00",",,7,2400","0.0",",,7,2400",,
"USC00177238","45.08533","-67.1205","35.1","2021-10-05",,,"0.00",",,7,2400","0.0",",,7,2400",,
"USC00177238","45.08533","-67.1205","35.1","2021-10-06",,,"0.00",",,7,2400","0.0",",,7,2400",,
"USC00177238","45.08533","-67.1205","35.1","2021-10-07",,,"0.00",",,7,2400","0.0",",,7,2400",,
"USC00177238","45.08533","-67.1205","35.1","2021-10-08",,,"0.00",",,7,2400","0.0",",,7,2400",,
"USC00177238","45.08533","-67.1205","35.1","2021-10-09",,,"0.00",",,7,2400","0.0",",,7,2400",,
"USC00177238","45.08533","-67.1205","35.1","2021-10-10",,,"0.00",",,7,2400","0.0",",,7,2400",,
"USC00177238","45.08533","-67.1205","35.1","2021-10-11",,,"0.00",",,7,2400","0.0",",,7,2400",,
"USC00177238","45.08533","-67.1205","35.1","2021-10-12",,,"0.00",",,7,2400","0.0",",,7,2400",,
"USC00177238","45.08533","-67.1205","35.1","2021-10-13",,,"0.00",",,7,2400","0.0",",,7,2400",,
"USC00177238","45.08533","-67.1205","35.1","2021-10-14",,,"0.00","T,,7,2400","0.0",",,7,2400",,
"USC00177238","45.08533","-67.1205","35.1","2021-10-15",,,"0.00",",,7,2400","0.0",",,7,2400",,
"USC00177238","45.08533","-67.1205","35.1","2021-10-16",,,"0.66",",,7,2400","0.0",",,7,2400",,
"USC00177238","45.08533","-67.1205","35.1","2021-10-17",,,"0.78",",,7,2400","0.0",",,7,2400",,
"USC00177238","45.08533","-67.1205","35.1","2021-10-18",,,"0.00",",,7,2400","0.0",",,7,2400",,
"USC00177238","45.08533","-67.1205","35.1","2021-10-19",,,"0.00","T,,7,2400","0.0",",,7,2400",,
"USC00177238","45.08533","-67.1205","35.1","2021-10-20",,,"0.02",",,7,2400","0.0",",,7,2400",,
"USC00177238","45.08533","-67.1205","35.1","2021-10-21",,,"0.00","T,,7,2400","0.0",",,7,2400",,
"USC00177238","45.08533","-67.1205","35.1","2021-10-22",,,"0.08",",,7,2400","0.0",",,7,2400",,
"USC00177238","45.08533","-67.1205","35.1","2021-10-23",,,"0.07",",,7,2400","0.0",",,7,2400",,
"USC00177238","45.08533","-67.1205","35.1","2021-10-24",,,"0.00",",,7,2400","0.0",",,7,2400",,
"USC00177238","45.08533","-67.1205","35.1","2021-10-25",,,"0.04",",,7,2400","0.0",",,7,2400",,
"USC00177238","45.08533","-67.1205","35.1","2021-10-26",,,"0.00",",,7,2400","0.0",",,7,2400",,
"USC00177238","45.08533","-67.1205","35.1","2021-10-27",,,"0.17",",,7,2400","0.0",",,7,2400",,
"USC00177238","45.08533","-67.1205","35.1","2021-10-28",,,"0.00",",,7,2400","0.0",",,7,2400",,
"USC00177238","45.08533","-67.1205","35.1","2021-10-29",,,"0.00",",,7,2400","0.0",",,7,2400",,
"USC00177238","45.08533","-67.1205","35.1","2021-10-30",,,"0.00",",,7,2400","0.0",",,7,2400",,
"USC00177238","45.08533","-67.1205","35.1","2021-10-31",,,"0.00",",,7,2400","0.0",",,7,2400",,
"USC00177238","45.08533","-67.1205","35.1","2021-11-01",,,"0.00",",,H,2400",,,,
"USC00177238","45.08533","-67.1205","35.1","2021-11-02",,,"0.00",",,H,2400",,,,
"USC00177238","45.08533","-67.1205","35.1","2021-11-03",,,"0.00",",,H,2400",,,,
"USC00177238","45.08533","-67.1205","35.1","2021-11-04",,,"0.00",",,H,2400",,,,
"USC00177238","45.08533","-67.1205","35.1","2021-11-05",,,"0.00",",,H,2400",,,,
"USC00177238","45.08533","-67.1205","35.1","2021-11-06",,,"0.00",",,H,2400",,,,
"USC00177238","45.08533","-67.1205","35.1","2021-11-07",,,"0.00",",,H,2400",,,,
"USC00177238","45.08533","-67.1205","35.1","2021-11-08",,,"0.00",",,H,2400",,,,
"USC00177238","45.08533","-67.1205","35.1","2021-11-09",,,"0.00",",,H,2400",,,,
"USC00177238","45.08533","-67.1205","35.1","2021-11-10",,,"0.41",",,H,2400",,,,
"USC00177238","45.08533","-67.1205","35.1","2021-11-11",,,"0.00",",,H,2400",,,,
"USC00177238","45.08533","-67.1205","35.1","2021-11-12",,,"0.89",",,H,2400",,,,
"USC00177238","45.08533","-67.1205","35.1","2021-11-13",,,"0.11",",,H,2400",,,,
"USC00177238","45.08533","-67.1205","35.1","2021-11-14",,,"0.30",",,H,2400",,,,
"USC00177238","45.08533","-67.1205","35.1","2021-11-15",,,"0.40",",,H,2400",,,,
"USC00177238","45.08533","-67.1205","35.1","2021-11-16",,,"0.02",",,H,2400",,,,
"USC00177238","45.08533","-67.1205","35.1","2021-11-17",,,"0.00",",,H,2400",,,,
"USC00177238","45.08533","-67.1205","35.1","2021-11-18",,,"0.23",",,H,2400","0.0",",,H,2400",,
"USC00177238","45.08533","-67.1205","35.1","2021-11-19",,,"0.29",",,H,2400",,,,
"USC00177238","45.08533","-67.1205","35.1","2021-11-20",,,"0.00",",,H,2400","0.0",",,H,2400",,
"USC00177238","45.08533","-67.1205","35.1","2021-11-21",,,"0.12",",,H,2400",,,,
"USC00177238","45.08533","-67.1205","35.1","2021-11-22",,,"1.11",",,H,2400","0.0",",,H,2400",,
"USC00177238","45.08533","-67.1205","35.1","2021-11-23",,,"0.00",",,H,2400","0.0",",,H,2400",,
"USC00177238","45.08533","-67.1205","35.1","2021-11-24",,,"0.00",",,H,2400",,,,
"USC00177238","45.08533","-67.1205","35.1","2021-11-25",,,"0.00",",,H,2400",,,,
"USC00177238","45.08533","-67.1205","35.1","2021-11-26",,,"0.16",",,H,2400","0.0",",,H,2400",,
"USC00177238","45.08533","-67.1205","35.1","2021-11-27",,,"0.85",",,H,2400","6.6",",,H,2400",,
"USC00177238","45.08533","-67.1205","35.1","2021-11-28",,,"0.00",",,H,2400",,,,
"USC00164050","31.92716","-93.31017","38.7","2021-08-01",,,"0.00",",,7,0700","0.0",",,7",,
"USC00164050","31.92716","-93.31017","38.7","2021-08-02",,,"0.00",",,7,0700","0.0",",,7",,
"USC00164050","31.92716","-93.31017","38.7","2021-08-03",,,"0.66",",,7,0700","0.0",",,7",,
"USC00164050","31.92716","-93.31017","38.7","2021-08-04",,,"0.00",",,7,0700","0.0",",,7",,
"USC00164050","31.92716","-93.31017","38.7","2021-08-05",,,"0.00",",,7,0700","0.0",",,7",,
"USC00164050","31.92716","-93.31017","38.7","2021-08-06",,,"0.00",",,7,0700","0.0",",,7",,
"USC00164050","31.92716","-93.31017","38.7","2021-08-07",,,"0.00",",,7,0700","0.0",",,7",,
"USC00164050","31.92716","-93.31017","38.7","2021-08-08",,,"0.00",",,7,0700","0.0",",,7",,
"USC00164050","31.92716","-93.31017","38.7","2021-08-09",,,"0.00",",,7,0700","0.0",",,7",,
"USC00164050","31.92716","-93.31017","38.7","2021-08-10",,,"0.00",",,7,0700","0.0",",,7",,
"USC00164050","31.92716","-93.31017","38.7","2021-08-11",,,"0.00",",,7,0700","0.0",",,7",,
"USC00164050","31.92716","-93.31017","38.7","2021-08-12",,,"0.00",",,7,0700","0.0",",,7",,
"USC00164050","31.92716","-93.31017","38.7","2021-08-13",,,"0.26",",,7,0700","0.0",",,7",,
"USC00164050","31.92716","-93.31017","38.7","2021-08-14",,,"0.00",",,7,0700","0.0",",,7",,
"USC00164050","31.92716","-93.31017","38.7","2021-08-15",,,"0.51",",,7,0700","0.0",",,7",,
"USC00164050","31.92716","-93.31017","38.7","2021-08-16",,,"0.00",",,7,0700","0.0",",,7",,
"USC00164050","31.92716","-93.31017","38.7","2021-08-17",,,"0.10",",,7,0700","0.0",",,7",,
"USC00164050","31.92716","-93.31017","38.7","2021-08-18",,,"0.32",",,7,0700","0.0",",,7",,
"USC00164050","31.92716","-93.31017","38.7","2021-08-19",,,"0.65",",,7,0700","0.0",",,7",,
"USC00164050","31.92716","-93.31017","38.7","2021-08-20",,,"0.25",",,7,0700","0.0",",,7",,
"USC00164050","31.92716","-93.31017","38.7","2021-08-21",,,"0.00","T,,7,0700","0.0",",,7",,
"USC00164050","31.92716","-93.31017","38.7","2021-08-22",,,"0.00",",,7,0700","0.0",",,7",,
"USC00164050","31.92716","-93.31017","38.7","2021-08-23",,,"0.00",",,7,0700","0.0",",,7",,
"USC00164050","31.92716","-93.31017","38.7","2021-08-24",,,"0.00",",,7,0700","0.0",",,7",,
"USC00164050","31.92716","-93.31017","38.7","2021-08-25",,,"0.00",",,7,0700","0.0",",,7",,
"USC00164050","31.92716","-93.31017","38.7","2021-08-26",,,"0.00",",,7,0700","0.0",",,7",,
"USC00164050","31.92716","-93.31017","38.7","2021-08-27",,,"0.25",",,7,0700","0.0",",,7",,
"USC00164050","31.92716","-93.31017","38.7","2021-08-28",,,"0.00",",,7,0700","0.0",",,7",,
"USC00164050","31.92716","-93.31017","38.7","2021-08-29",,,"0.00","T,,7,0700","0.0",",,7",,
"USC00164050","31.92716","-93.31017","38.7","2021-08-30",,,"0.00","T,,7,0700","0.0",",,7",,
"USC00164050","31.92716","-93.31017","38.7","2021-08-31",,,"0.05",",,7,0700","0.0",",,7",,
"USC00164050","31.92716","-93.31017","38.7","2021-09-01",,,"0.00","T,,7,0700","0.0",",,7",,
"USC00164050","31.92716","-93.31017","38.7","2021-09-02",,,"0.00","T,,7,0700","0.0",",,7",,
"USC00164050","31.92716","-93.31017","38.7","2021-09-03",,,"1.00",",,7,0700","0.0",",,7",,
"USC00164050","31.92716","-93.31017","38.7","2021-09-04",,,"0.00",",,7,0700","0.0",",,7",,
"USC00164050","31.92716","-93.31017","38.7","2021-09-05",,,"0.00",",,7,0700","0.0",",,7",,
"USC00164050","31.92716","-93.31017","38.7","2021-09-06",,,"0.12",",,7,0700","0.0",",,7",,
"USC00164050","31.92716","-93.31017","38.7","2021-09-07",,,"0.00",",,7,0700","0.0",",,7",,
"USC00164050","31.92716","-93.31017","38.7","2021-09-08",,,"0.00",",,7,0700","0.0",",,7",,
"USC00164050","31.92716","-93.31017","38.7","2021-09-09",,,"0.00",",,7,0700","0.0",",,7",,
"USC00164050","31.92716","-93.31017","38.7","2021-09-10",,,"0.00",",,7,0700","0.0",",,7",,
"USC00164050","31.92716","-93.31017","38.7","2021-09-11",,,"0.00",",,7,0700","0.0",",,7",,
"USC00164050","31.92716","-93.31017","38.7","2021-09-12",,,"0.00",",,7,0700","0.0",",,7",,
"USC00164050","31.92716","-93.31017","38.7","2021-09-13",,,"0.00",",,7,0700","0.0",",,7",,
"USC00164050","31.92716","-93.31017","38.7","2021-09-14",,,"0.00",",,7,0700","0.0",",,7",,
"USC00164050","31.92716","-93.31017","38.7","2021-09-15",,,"0.30",",,7,0700","0.0",",,7",,
"USC00164050","31.92716","-93.31017","38.7","2021-09-16",,,"0.00",",,7,0700","0.0",",,7",,
"USC00164050","31.92716","-93.31017","38.7","2021-09-17",,,"0.71",",,7,0700","0.0",",,7",,
"USC00164050","31.92716","-93.31017","38.7","2021-09-18",,,"0.00","T,,7,0700","0.0",",,7",,
"USC00164050","31.92716","-93.31017","38.7","2021-09-19",,,"0.00",",,7,0700","0.0",",,7",,
"USC00164050","31.92716","-93.31017","38.7","2021-09-20",,,"0.17",",,7,0700","0.0",",,7",,
"USC00164050","31.92716","-93.31017","38.7","2021-09-21",,,"0.00",",,7,0700","0.0",",,7",,
"USC00164050","31.92716","-93.31017","38.7","2021-09-22",,,"0.00",",,7,0700","0.0",",,7",,
"USC00164050","31.92716","-93.31017","38.7","2021-09-23",,,"0.00",",,7,0700","0.0",",,7",,
"USC00164050","31.92716","-93.31017","38.7","2021-09-24",,,"0.00",",,7,0700","0.0",",,7",,
"USC00164050","31.92716","-93.31017","38.7","2021-09-25",,,"0.00",",,7,0700","0.0",",,7",,
"USC00164050","31.92716","-93.31017","38.7","2021-09-26",,,"0.00",",,7,0700","0.0",",,7",,
"USC00164050","31.92716","-93.31017","38.7","2021-09-27",,,"0.00",",,7,0700","0.0",",,7",,
"USC00164050","31.92716","-93.31017","38.7","2021-09-28",,,"0.00",",,7,0700","0.0",",,7",,
"USC00164050","31.92716","-93.31017","38.7","2021-09-29",,,"0.12",",,7,0700","0.0",",,7",,
"USC00164050","31.92716","-93.31017","38.7","2021-09-30",,,"0.50",",,7,0700","0.0",",,7",,
"USC00164050","31.92716","-93.31017","38.7","2021-10-01",,,"0.10",",,7,0700","0.0",",,7",,
"USC00164050","31.92716","-93.31017","38.7","2021-10-02",,,"1.12",",,7,0700","0.0",",,7",,
"USC00164050","31.92716","-93.31017","38.7","2021-10-03",,,"0.00","T,,7,0700","0.0",",,7",,
"USC00164050","31.92716","-93.31017","38.7","2021-10-04",,,"0.00",",,7,0700","0.0",",,7",,
"USC00164050","31.92716","-93.31017","38.7","2021-10-05",,,"0.00",",,7,0700","0.0",",,7",,
"USC00164050","31.92716","-93.31017","38.7","2021-10-06",,,"0.00",",,7,0700","0.0",",,7",,
"USC00164050","31.92716","-93.31017","38.7","2021-10-07",,,"0.00",",,7,0700","0.0",",,7",,
"USC00164050","31.92716","-93.31017","38.7","2021-10-08",,,"0.00",",,7,0700","0.0",",,7",,
"USC00164050","31.92716","-93.31017","38.7","2021-10-09",,,"0.00",",,7,0700","0.0",",,7",,
"USC00164050","31.92716","-93.31017","38.7","2021-10-10",,,"0.00",",,7,0700","0.0",",,7",,
"USC00164050","31.92716","-93.31017","38.7","2021-10-11",,,"0.08",",,7,0700","0.0",",,7",,
"USC00164050","31.92716","-93.31017","38.7","2021-10-12",,,"0.05",",,7,0700","0.0",",,7",,
"USC00164050","31.92716","-93.31017","38.7","2021-10-13",,,"0.00",",,7,0700","0.0",",,7",,
"USC00164050","31.92716","-93.31017","38.7","2021-10-14",,,"0.00",",,7,0700","0.0",",,7",,
"USC00164050","31.92716","-93.31017","38.7","2021-10-15",,,"0.00",",,7,0700","0.0",",,7",,
"USC00164050","31.92716","-93.31017","38.7","2021-10-16",,,"0.00",",,7,0700","0.0",",,7",,
"USC00164050","31.92716","-93.31017","38.7","2021-10-17",,,"0.00",",,7,0700","0.0",",,7",,
"USC00164050","31.92716","-93.31017","38.7","2021-10-18",,,"0.00",",,7,0700","0.0",",,7",,
"USC00164050","31.92716","-93.31017","38.7","2021-10-19",,,"0.00",",,7,0700","0.0",",,7",,
"USC00164050","31.92716","-93.31017","38.7","2021-10-20",,,"0.00",",,7,0700","0.0",",,7",,
"USC00164050","31.92716","-93.31017","38.7","2021-10-21",,,"0.00",",,7,0700","0.0",",,7",,
"USC00164050","31.92716","-93.31017","38.7","2021-10-22",,,"0.00",",,7,0700","0.0",",,7",,
"USC00164050","31.92716","-93.31017","38.7","2021-10-23",,,"0.00",",,7,0700","0.0",",,7",,
"USC00164050","31.92716","-93.31017","38.7","2021-10-24",,,"0.00",",,7,0700","0.0",",,7",,
"USC00164050","31.92716","-93.31017","38.7","2021-10-25",,,"0.00",",,7,0700","0.0",",,7",,
"USC00164050","31.92716","-93.31017","38.7","2021-10-26",,,"0.00",",,7,0700","0.0",",,7",,
"USC00164050","31.92716","-93.31017","38.7","2021-10-27",,,"0.00",",,7,0700","0.0",",,7",,
"USC00164050","31.92716","-93.31017","38.7","2021-10-28",,,"0.78",",,7,0700","0.0",",,7",,
"USC00164050","31.92716","-93.31017","38.7","2021-10-29",,,"0.00",",,7,0700","0.0",",,7",,
"USC00164050","31.92716","-93.31017","38.7","2021-10-30",,,"0.00",",,7,0700","0.0",",,7",,
"USC00164050","31.92716","-93.31017","38.7","2021-10-31",,,"0.00",",,7,0700","0.0",",,7",,
"USC00164050","31.92716","-93.31017","38.7","2021-11-01",,,"0.00",",,H,0700","0.0",",,H",,
"USC00164050","31.92716","-93.31017","38.7","2021-11-02",,,"0.00",",,H,0700","0.0",",,H",,
"USC00164050","31.92716","-93.31017","38.7","2021-11-03",,,"0.00",",,H,0700","0.0",",,H",,
"USC00164050","31.92716","-93.31017","38.7","2021-11-04",,,"0.46",",,H,0700","0.0",",,H",,
"USC00164050","31.92716","-93.31017","38.7","2021-11-05",,,"0.00",",,H,0700","0.0",",,H",,
"USC00164050","31.92716","-93.31017","38.7","2021-11-06",,,"0.00",",,H,0700","0.0",",,H",,
"USC00164050","31.92716","-93.31017","38.7","2021-11-07",,,"0.00",",,H,0700","0.0",",,H",,
"USC00164050","31.92716","-93.31017","38.7","2021-11-08",,,"0.00",",,H,0700","0.0",",,H",,
"USC00164050","31.92716","-93.31017","38.7","2021-11-09",,,"0.00",",,H,0700","0.0",",,H",,
"USC00164050","31.92716","-93.31017","38.7","2021-11-10",,,"0.00",",,H,0700","0.0",",,H",,
"USC00164050","31.92716","-93.31017","38.7","2021-11-11",,,"0.65",",,H,0700","0.0",",,H",,
"USC00164050","31.92716","-93.31017","38.7","2021-11-12",,,"0.00",",,H,0700","0.0",",,H",,
"USC00164050","31.92716","-93.31017","38.7","2021-11-13",,,"0.00",",,H,0700","0.0",",,H",,
"USC00164050","31.92716","-93.31017","38.7","2021-11-14",,,"0.00",",,H,0700","0.0",",,H",,
"USC00164050","31.92716","-93.31017","38.7","2021-11-15",,,"0.00",",,H,0700","0.0",",,H",,
"USC00164050","31.92716","-93.31017","38.7","2021-11-16",,,"0.00",",,H,0700","0.0",",,H",,
"USC00164050","31.92716","-93.31017","38.7","2021-11-17",,,"0.00",",,H,0700","0.0",",,H",,
"USC00164050","31.92716","-93.31017","38.7","2021-11-18",,,"0.15",",,H,0700","0.0",",,H",,
"USC00164050","31.92716","-93.31017","38.7","2021-11-19",,,"0.00",",,H,0700","0.0",",,H",,
"USC00164050","31.92716","-93.31017","38.7","2021-11-20",,,"0.00",",,H,0700","0.0",",,H",,
"USC00164050","31.92716","-93.31017","38.7","2021-11-21",,,"0.56",",,H,0700","0.0",",,H",,
"USC00164050","31.92716","-93.31017","38.7","2021-11-22",,,"0.00",",,H,0700","0.0",",,H",,
"USC00164050","31.92716","-93.31017","38.7","2021-11-23",,,"0.00",",,H,0700","0.0",",,H",,
"USC00164050","31.92716","-93.31017","38.7","2021-11-24",,,"0.00",",,H,0700","0.0",",,H",,
"USC00164050","31.92716","-93.31017","38.7","2021-11-25",,,"0.40",",,H,0700","0.0",",,H",,
"USC00164050","31.92716","-93.31017","38.7","2021-11-26",,,"0.05",",,H,0700","0.0",",,H",,
"USC00164050","31.92716","-93.31017","38.7","2021-11-27",,,"0.00",",,H,0700","0.0",",,H",,
"USC00164050","31.92716","-93.31017","38.7","2021-11-28",,,"0.35",",,H,0700","0.0",",,H",,
"USC00170600","45.06979","-69.90549","114.3","2021-08-01",,,"0.00",",,7,0700",,,,
"USC00170600","45.06979","-69.90549","114.3","2021-08-02",,,"0.15",",,7,0700",,,,
"USC00170600","45.06979","-69.90549","114.3","2021-08-03",,,"0.09",",,7,0700",,,,
"USC00170600","45.06979","-69.90549","114.3","2021-08-04",,,"0.00",",,7,0700",,,,
"USC00170600","45.06979","-69.90549","114.3","2021-08-05",,,"0.00",",,7,0700",,,,
"USC00170600","45.06979","-69.90549","114.3","2021-08-06",,,"0.13",",,7,0700",,,,
"USC00170600","45.06979","-69.90549","114.3","2021-08-07",,,"0.00",",,7,0700",,,,
"USC00170600","45.06979","-69.90549","114.3","2021-08-08",,,"0.12",",,7,0700",,,,
"USC00170600","45.06979","-69.90549","114.3","2021-08-09",,,"0.00","T,,7,0700",,,,
"USC00170600","45.06979","-69.90549","114.3","2021-08-10",,,"0.14",",,7,0700",,,,
"USC00170600","45.06979","-69.90549","114.3","2021-08-11",,,"0.00",",,7,0700",,,,
"USC00170600","45.06979","-69.90549","114.3","2021-08-12",,,"0.41",",,7,0700",,,,
"USC00170600","45.06979","-69.90549","114.3","2021-08-13",,,"0.30",",,7,0700",,,,
"USC00170600","45.06979","-69.90549","114.3","2021-08-14",,,"0.00",",,7,0700",,,,
"USC00170600","45.06979","-69.90549","114.3","2021-08-15",,,"0.45",",,7,0700",,,,
"USC00170600","45.06979","-69.90549","114.3","2021-08-16",,,"0.00",",,7,0700",,,,
"USC00170600","45.06979","-69.90549","114.3","2021-08-17",,,"0.00",",,7,0700",,,,
"USC00170600","45.06979","-69.90549","114.3","2021-08-18",,,"0.00",",,7,0700",,,,
"USC00170600","45.06979","-69.90549","114.3","2021-08-19",,,"0.12",",,7,0700",,,,
"USC00170600","45.06979","-69.90549","114.3","2021-08-20",,,"0.00","T,,7,0700",,,,
"USC00170600","45.06979","-69.90549","114.3","2021-08-21",,,"0.00",",,7,0700",,,,
"USC00170600","45.06979","-69.90549","114.3","2021-08-22",,,"0.00",",,7,0700",,,,
"USC00170600","45.06979","-69.90549","114.3","2021-08-23",,,"0.14",",,7,0700",,,,
"USC00170600","45.06979","-69.90549","114.3","2021-08-24",,,"0.04",",,7,0700",,,,
"USC00170600","45.06979","-69.90549","114.3","2021-08-25",,,"0.00",",,7,0700",,,,
"USC00170600","45.06979","-69.90549","114.3","2021-08-26",,,"0.00",",,7,0700",,,,
"USC00170600","45.06979","-69.90549","114.3","2021-08-27",,,"0.00",",,7,0700",,,,
"USC00170600","45.06979","-69.90549","114.3","2021-08-28",,,"0.00",",,7,0700",,,,
"USC00170600","45.06979","-69.90549","114.3","2021-08-29",,,"0.17",",,7,0700",,,,
"USC00170600","45.06979","-69.90549","114.3","2021-08-30",,,"0.04",",,7,0700",,,,
"USC00170600","45.06979","-69.90549","114.3","2021-08-31",,,"0.00",",,7,0700",,,,
"USC00170600","45.06979","-69.90549","114.3","2021-09-01",,,"0.00",",,7,0700",,,,
"USC00170600","45.06979","-69.90549","114.3","2021-09-02",,,"0.36",",,7,0700",,,,
"USC00170600","45.06979","-69.90549","114.3","2021-09-03",,,"0.05",",,7,0700",,,,
"USC00170600","45.06979","-69.90549","114.3","2021-09-04",,,"0.10",",,7,0700",,,,
"USC00170600","45.06979","-69.90549","114.3","2021-09-05",,,"0.00",",,7,0700",,,,
"USC00170600","45.06979","-69.90549","114.3","2021-09-06",,,"0.33",",,7,0700",,,,
"USC00170600","45.06979","-69.90549","114.3","2021-09-07",,,"0.23",",,7,0700",,,,
"USC00170600","45.06979","-69.90549","114.3","2021-09-08",,,"0.00",",,7,0700",,,,
"USC00170600","45.06979","-69.90549","114.3","2021-09-09",,,"0.23",",,7,0700",,,,
"USC00170600","45.06979","-69.90549","114.3","2021-09-10",,,"2.51",",,7,0700",,,,
"USC00170600","45.06979","-69.90549","114.3","2021-09-11",,,"0.04",",,7,0700",,,,
"USC00170600","45.06979","-69.90549","114.3","2021-09-12",,,"0.00",",,7,0700",,,,
"USC00170600","45.06979","-69.90549","114.3","2021-09-13",,,"0.00",",,7,0700",,,,
"USC00170600","45.06979","-69.90549","114.3","2021-09-14",,,"0.00",",,7,0700",,,,
"USC00170600","45.06979","-69.90549","114.3","2021-09-15",,,"0.00",",,7,0700",,,,
"USC00170600","45.06979","-69.90549","114.3","2021-09-16",,,"0.88",",,7,0700",,,,
"USC00170600","45.06979","-69.90549","114.3","2021-09-17",,,"0.00",",,7,0700",,,,
"USC00170600","45.06979","-69.90549","114.3","2021-09-18",,,"0.00",",,7,0700",,,,
"USC00170600","45.06979","-69.90549","114.3","2021-09-19",,,"0.31",",,7,0700",,,,
"USC00170600","45.06979","-69.90549","114.3","2021-09-20",,,"0.00",",,7,0700",,,,
"USC00170600","45.06979","-69.90549","114.3","2021-09-21",,,"0.00",",,7,0700",,,,
"USC00170600","45.06979","-69.90549","114.3","2021-09-22",,,"0.00",",,7,0700",,,,
"USC00170600","45.06979","-69.90549","114.3","2021-09-23",,,"0.07",",,7,0700",,,,
"USC00170600","45.06979","-69.90549","114.3","2021-09-24",,,"0.01",",,7,0700",,,,
"USC00170600","45.06979","-69.90549","114.3","2021-09-25",,,"0.85",",,7,0700",,,,
"USC00170600","45.06979","-69.90549","114.3","2021-09-26",,,"0.47",",,7,0700",,,,
"USC00170600","45.06979","-69.90549","114.3","2021-09-27",,,"0.15",",,7,0700",,,,
"USC00170600","45.06979","-69.90549","114.3","2021-09-28",,,"0.04",",,7,0700",,,,
"USC00170600","45.06979","-69.90549","114.3","2021-09-29",,,"0.00",",,7,0700",,,,
"USC00170600","45.06979","-69.90549","114.3","2021-09-30",,,"0.18",",,7,0700",,,,
"USC00160800","32.3744","-92.9433","93.6","2021-08-01",,,"0.25",",,7,2330",,,,
"USC00160800","32.3744","-92.9433","93.6","2021-08-02",,,"0.60",",,7,2330",,,,
"USC00160800","32.3744","-92.9433","93.6","2021-08-03",,,"0.00",",,7,2330",,,,
"USC00160800","32.3744","-92.9433","93.6","2021-08-04",,,"0.00",",,7,2330",,,,
"USC00160800","32.3744","-92.9433","93.6","2021-08-05",,,"0.00",",,7,2330",,,,
"USC00160800","32.3744","-92.9433","93.6","2021-08-06",,,"0.00",",,7,2330",,,,
"USC00160800","32.3744","-92.9433","93.6","2021-08-07",,,"0.00",",,7,2330",,,,
"USC00160800","32.3744","-92.9433","93.6","2021-08-08",,,"0.00",",,7,2330",,,,
"USC00160800","32.3744","-92.9433","93.6","2021-08-09",,,"0.00",",,7,2330",,,,
"USC00160800","32.3744","-92.9433","93.6","2021-08-10",,,"0.00",",,7,2330",,,,
"USC00160800","32.3744","-92.9433","93.6","2021-08-11",,,"0.00",",,7,2330",,,,
"USC00160800","32.3744","-92.9433","93.6","2021-08-12",,,"0.00",",,7,2330",,,,
"USC00160800","32.3744","-92.9433","93.6","2021-08-13",,,"0.00",",,7,2330",,,,
"USC00160800","32.3744","-92.9433","93.6","2021-08-14",,,"3.45",",,7,2330",,,,
"USC00160800","32.3744","-92.9433","93.6","2021-08-15",,,"0.00",",,7,2330",,,,
"USC00160800","32.3744","-92.9433","93.6","2021-08-16",,,"0.00",",,7,2330",,,,
"USC00160800","32.3744","-92.9433","93.6","2021-08-17",,,"1.23",",,7,2330",,,,
"USC00160800","32.3744","-92.9433","93.6","2021-08-18",,,"0.42",",,7,2330",,,,
"USC00160800","32.3744","-92.9433","93.6","2021-08-19",,,"1.12",",,7,2330",,,,
"USC00160800","32.3744","-92.9433","93.6","2021-08-20",,,"0.15",",,7,2330",,,,
"USC00160800","32.3744","-92.9433","93.6","2021-08-21",,,"0.00",",,7,2330",,,,
"USC00160800","32.3744","-92.9433","93.6","2021-08-22",,,"0.00",",,7,2330",,,,
"USC00160800","32.3744","-92.9433","93.6","2021-08-23",,,"0.00",",,7,2330",,,,
"USC00160800","32.3744","-92.9433","93.6","2021-08-24",,,"0.05",",,7,2330",,,,
"USC00160800","32.3744","-92.9433","93.6","2021-08-25",,,"0.00",",,7,2330",,,,
"USC00160800","32.3744","-92.9433","93.6","2021-08-26",,,"0.00",",,7,2330",,,,
"USC00160800","32.3744","-92.9433","93.6","2021-08-27",,,"0.00",",,7,2330",,,,
"USC00160800","32.3744","-92.9433","93.6","2021-08-28",,,"0.40",",,7,2330",,,,
"USC00160800","32.3744","-92.9433","93.6","2021-08-29",,,"0.05",",,7,2330",,,,
"USC00160800","32.3744","-92.9433","93.6","2021-08-30",,,"0.10",",,7,2330",,,,
"USC00160800","32.3744","-92.9433","93.6","2021-08-31",,,"0.00",",,7,2330",,,,
"USC00160800","32.3744","-92.9433","93.6","2021-09-01",,,"0.00",",,7,2330",,,,
"USC00160800","32.3744","-92.9433","93.6","2021-09-02",,,"0.00",",,7,2330",,,,
"USC00160800","32.3744","-92.9433","93.6","2021-09-03",,,"0.00",",,7,2330",,,,
"USC00160800","32.3744","-92.9433","93.6","2021-09-04",,,"0.00",",,7,2330",,,,
"USC00160800","32.3744","-92.9433","93.6","2021-09-05",,,"0.50",",,7,2330",,,,
"USC00160800","32.3744","-92.9433","93.6","2021-09-06",,,"0.00",",,7,2330",,,,
"USC00160800","32.3744","-92.9433","93.6","2021-09-07",,,"0.00",",,7,2330",,,,
"USC00160800","32.3744","-92.9433","93.6","2021-09-08",,,"0.00",",,7,2330",,,,
"USC00160800","32.3744","-92.9433","93.6","2021-09-09",,,"0.00",",,7,2330",,,,
"USC00160800","32.3744","-92.9433","93.6","2021-09-10",,,"0.00",",,7,2330",,,,
"USC00160800","32.3744","-92.9433","93.6","2021-09-11",,,"0.00",",,7,2330",,,,
"USC00160800","32.3744","-92.9433","93.6","2021-09-12",,,"0.00",",,7,2330",,,,
"USC00160800","32.3744","-92.9433","93.6","2021-09-13",,,"0.00",",,7,2330",,,,
"USC00160800","32.3744","-92.9433","93.6","2021-09-14",,,"0.10",",,7,2330",,,,
"USC00160800","32.3744","-92.9433","93.6","2021-09-15",,,"0.00",",,7,2330",,,,
"USC00160800","32.3744","-92.9433","93.6","2021-09-16",,,"0.00",",,7,2330",,,,
"USC00160800","32.3744","-92.9433","93.6","2021-09-17",,,"1.32",",,7,2330",,,,
"USC00160800","32.3744","-92.9433","93.6","2021-09-18",,,"0.00",",,7,2330",,,,
"USC00160800","32.3744","-92.9433","93.6","2021-09-19",,,"0.00",",,7,2330",,,,
"USC00160800","32.3744","-92.9433","93.6","2021-09-20",,,"0.00",",,7,2330",,,,
"USC00160800","32.3744","-92.9433","93.6","2021-09-21",,,"0.15",",,7,2330",,,,
"USC00160800","32.3744","-92.9433","93.6","2021-09-22",,,"0.00",",,7,2330",,,,
"USC00160800","32.3744","-92.9433","93.6","2021-09-23",,,"0.00",",,7,2330",,,,
"USC00160800","32.3744","-92.9433","93.6","2021-09-24",,,"0.00",",,7,2330",,,,
"USC00160800","32.3744","-92.9433","93.6","2021-09-25",,,"0.00",",,7,2330",,,,
"USC00160800","32.3744","-92.9433","93.6","2021-09-26",,,"0.00",",,7,2330",,,,
"USC00160800","32.3744","-92.9433","93.6","2021-09-27",,,"0.00",",,7,2330",,,,
"USC00160800","32.3744","-92.9433","93.6","2021-09-28",,,"0.60",",,7,2330",,,,
"USC00160800","32.3744","-92.9433","93.6","2021-09-29",,,"0.05",",,7,2330",,,,
"USC00160800","32.3744","-92.9433","93.6","2021-09-30",,,"0.25",",,7,2330",,,,
"USC00160800","32.3744","-92.9433","93.6","2021-10-01",,,"1.00",",,7,2330",,,,
"USC00160800","32.3744","-92.9433","93.6","2021-10-02",,,"0.00",",,7,2330",,,,
"USC00160800","32.3744","-92.9433","93.6","2021-10-03",,,"0.00",",,7,2330",,,,
"USC00160800","32.3744","-92.9433","93.6","2021-10-04",,,"0.00",",,7,2330",,,,
"USC00160800","32.3744","-92.9433","93.6","2021-10-05",,,"0.00",",,7,2330",,,,
"USC00160800","32.3744","-92.9433","93.6","2021-10-06",,,"0.00",",,7,2330",,,,
"USC00160800","32.3744","-92.9433","93.6","2021-10-07",,,"0.00",",,7,2330",,,,
"USC00160800","32.3744","-92.9433","93.6","2021-10-08",,,"0.00",",,7,2330",,,,
"USC00160800","32.3744","-92.9433","93.6","2021-10-09",,,"0.00",",,7,2330",,,,
"USC00160800","32.3744","-92.9433","93.6","2021-10-10",,,"0.00",",,7,2330",,,,
"USC00160800","32.3744","-92.9433","93.6","2021-10-11",,,"0.00",",,7,2330",,,,
"USC00160800","32.3744","-92.9433","93.6","2021-10-12",,,"0.00",",,7,2330",,,,
"USC00160800","32.3744","-92.9433","93.6","2021-10-13",,,"0.00",",,7,2330",,,,
"USC00160800","32.3744","-92.9433","93.6","2021-10-14",,,"0.00",",,7,2330",,,,
"USC00160800","32.3744","-92.9433","93.6","2021-10-15",,,"0.10",",,7,2330",,,,
"USC00160800","32.3744","-92.9433","93.6","2021-10-16",,,"0.00",",,7,2330",,,,
"USC00160800","32.3744","-92.9433","93.6","2021-10-17",,,"0.00",",,7,2330",,,,
"USC00160800","32.3744","-92.9433","93.6","2021-10-18",,,"0.00",",,7,2330",,,,
"USC00160800","32.3744","-92.9433","93.6","2021-10-19",,,"0.00",",,7,2330",,,,
"USC00160800","32.3744","-92.9433","93.6","2021-10-20",,,"0.00",",,7,2330",,,,
"USC00160800","32.3744","-92.9433","93.6","2021-10-21",,,"0.00",",,7,2330",,,,
"USC00160800","32.3744","-92.9433","93.6","2021-10-22",,,"0.00",",,7,2330",,,,
"USC00160800","32.3744","-92.9433","93.6","2021-10-23",,,"0.00",",,7,2330",,,,
"USC00160800","32.3744","-92.9433","93.6","2021-10-24",,,"0.10",",,7,2330",,,,
"USC00160800","32.3744","-92.9433","93.6","2021-10-25",,,"0.00",",,7,2330",,,,
"USC00160800","32.3744","-92.9433","93.6","2021-10-26",,,"0.00",",,7,2330",,,,
"USC00160800","32.3744","-92.9433","93.6","2021-10-27",,,"1.10",",,7,2330",,,,
"USC00160800","32.3744","-92.9433","93.6","2021-10-28",,,"0.00",",,7,2330",,,,
"USC00160800","32.3744","-92.9433","93.6","2021-10-29",,,"0.00",",,7,2330",,,,
"USC00160800","32.3744","-92.9433","93.6","2021-10-30",,,"0.00",",,7,2330",,,,
"USC00160800","32.3744","-92.9433","93.6","2021-10-31",,,"0.00",",,7,2330",,,,
"USC00160800","32.3744","-92.9433","93.6","2021-11-01",,,"0.00",",,H,2330",,,,
"USC00160800","32.3744","-92.9433","93.6","2021-11-02",,,"0.00",",,H,2330",,,,
"USC00160800","32.3744","-92.9433","93.6","2021-11-03",,,"0.25",",,H,2330",,,,
"USC00160800","32.3744","-92.9433","93.6","2021-11-04",,,"0.22",",,H,2330",,,,
"USC00160800","32.3744","-92.9433","93.6","2021-11-05",,,"0.00",",,H,2330",,,,
"USC00160800","32.3744","-92.9433","93.6","2021-11-06",,,"0.00",",,H,2330",,,,
"USC00160800","32.3744","-92.9433","93.6","2021-11-07",,,"0.00",",,H,2330",,,,
"USC00160800","32.3744","-92.9433","93.6","2021-11-08",,,"0.00",",,H,2330",,,,
"USC00160800","32.3744","-92.9433","93.6","2021-11-09",,,"0.00",",,H,2330",,,,
"USC00160800","32.3744","-92.9433","93.6","2021-11-10",,,"0.00",",,H,2330",,,,
"USC00160800","32.3744","-92.9433","93.6","2021-11-11",,,"0.60",",,H,2330",,,,
"USC00160800","32.3744","-92.9433","93.6","2021-11-12",,,"0.00",",,H,2330",,,,
"USC00160800","32.3744","-92.9433","93.6","2021-11-13",,,"0.00",",,H,2330",,,,
"USC00160800","32.3744","-92.9433","93.6","2021-11-14",,,"0.00",",,H,2330",,,,
"USC00160800","32.3744","-92.9433","93.6","2021-11-15",,,"0.00",",,H,2330",,,,
"USC00160800","32.3744","-92.9433","93.6","2021-11-16",,,"0.00",",,H,2330",,,,
"USC00160800","32.3744","-92.9433","93.6","2021-11-17",,,"0.00",",,H,2330",,,,
"USC00160800","32.3744","-92.9433","93.6","2021-11-18",,,"0.20",",,H,2330",,,,
"USC00160800","32.3744","-92.9433","93.6","2021-11-19",,,"0.00",",,H,2330",,,,
"USC00160800","32.3744","-92.9433","93.6","2021-11-21",,,"0.20",",,H,2330",,,,
"USC00160800","32.3744","-92.9433","93.6","2021-11-22",,,"0.00",",,H,2330",,,,
"USC00160800","32.3744","-92.9433","93.6","2021-11-23",,,"0.00",",,H,2330",,,,
"USC00160800","32.3744","-92.9433","93.6","2021-11-24",,,"0.00",",,H,2330",,,,
"USC00174086","45.626","-70.246","370.0","2021-08-01",,,"0.00",",,7,0700","0.0",",,7,0700",,
"USC00174086","45.626","-70.246","370.0","2021-08-02",,,"0.73",",,7,0700","0.0",",,7,0700",,
"USC00174086","45.626","-70.246","370.0","2021-08-03",,,"0.30",",,7,0700","0.0",",,7,0700",,
"USC00174086","45.626","-70.246","370.0","2021-08-04",,,"0.00",",,7,0700","0.0",",,7,0700",,
"USC00174086","45.626","-70.246","370.0","2021-08-05",,,"0.00",",,7,0700","0.0",",,7,0700",,
"USC00174086","45.626","-70.246","370.0","2021-08-06",,,"0.00",",,7,0700","0.0",",,7,0700",,
"USC00174086","45.626","-70.246","370.0","2021-08-07",,,"0.00",",,7,0700","0.0",",,7,0700",,
"USC00174086","45.626","-70.246","370.0","2021-08-08",,,"0.10",",,7,0700","0.0",",,7,0700",,
"USC00174086","45.626","-70.246","370.0","2021-08-09",,,"0.00",",,7,0700","0.0",",,7,0700",,
"USC00174086","45.626","-70.246","370.0","2021-08-10",,,"0.00",",,7,0700","0.0",",,7,0700",,
"USC00174086","45.626","-70.246","370.0","2021-08-11",,,"0.00",",,7,0700","0.0",",,7,0700",,
"USC00174086","45.626","-70.246","370.0","2021-08-12",,,"0.09",",,7,0700","0.0",",,7,0700",,
"USC00174086","45.626","-70.246","370.0","2021-08-13",,,"0.68",",,7,0700","0.0",",,7,0700",,
"USC00174086","45.626","-70.246","370.0","2021-08-14",,,"0.10",",,7,0700","0.0",",,7,0700",,
"USC00174086","45.626","-70.246","370.0","2021-08-15",,,"0.05",",,7,0700","0.0",",,7,0700",,
"USC00174086","45.626","-70.246","370.0","2021-08-16",,,"0.00","T,,7,0700","0.0",",,7,0700",,
"USC00174086","45.626","-70.246","370.0","2021-08-17",,,"0.00",",,7,0700","0.0",",,7,0700",,
"USC00174086","45.626","-70.246","370.0","2021-08-18",,,"0.00","T,,7,0700","0.0",",,7,0700",,
"USC00174086","45.626","-70.246","370.0","2021-08-19",,,"0.19",",,7,0700","0.0",",,7,0700",,
"USC00174086","45.626","-70.246","370.0","2021-08-20",,,"0.00",",,7,0700","0.0",",,7,0700",,
"USC00174086","45.626","-70.246","370.0","2021-08-21",,,"0.00",",,7,0700","0.0",",,7,0700",,
"USC00174086","45.626","-70.246","370.0","2021-08-22",,,"0.01",",,7,0700","0.0",",,7,0700",,
"USC00174086","45.626","-70.246","370.0","2021-08-23",,,"0.00",",,7,0700","0.0",",,7,0700",,
"USC00174086","45.626","-70.246","370.0","2021-08-24",,,"0.05",",,7,0700","0.0",",,7,0700",,
"USC00174086","45.626","-70.246","370.0","2021-08-25",,,"0.00",",,7,0700","0.0",",,7,0700",,
"USC00174086","45.626","-70.246","370.0","2021-08-26",,,"0.00",",,7,0700","0.0",",,7,0700",,
"USC00174086","45.626","-70.246","370.0","2021-08-27",,,"0.00",",,7,0700","0.0",",,7,0700",,
"USC00174086","45.626","-70.246","370.0","2021-08-28",,,"0.00",",,7,0700","0.0",",,7,0700",,
"USC00174086","45.626","-70.246","370.0","2021-08-29",,,"0.02",",,7,0700","0.0",",,7,0700",,
"USC00174086","45.626","-70.246","370.0","2021-08-30",,,"0.00","T,,7,0700","0.0",",,7,0700",,
"USC00174086","45.626","-70.246","370.0","2021-08-31",,,"0.28",",,7,0700","0.0",",,7,0700",,
"USC00174086","45.626","-70.246","370.0","2021-09-01",,,"0.01",",,7,0700","0.0",",,7,0700",,
"USC00174086","45.626","-70.246","370.0","2021-09-02",,,"0.00",",,7,0700","0.0",",,7,0700",,
"USC00174086","45.626","-70.246","370.0","2021-09-03",,,"0.00",",,7,0700","0.0",",,7,0700",,
"USC00174086","45.626","-70.246","370.0","2021-09-04",,,"0.00",",,7,0700","0.0",",,7,0700",,
"USC00174086","45.626","-70.246","370.0","2021-09-05",,,"0.00",",,7,0700","0.0",",,7,0700",,
"USC00174086","45.626","-70.246","370.0","2021-09-06",,,"0.09",",,7,0700","0.0",",,7,0700",,
"USC00174086","45.626","-70.246","370.0","2021-09-07",,,"0.77",",,7,0700","0.0",",,7,0700",,
"USC00174086","45.626","-70.246","370.0","2021-09-08",,,"0.02",",,7,0700","0.0",",,7,0700",,
"USC00174086","45.626","-70.246","370.0","2021-09-09",,,"0.27",",,7,0700","0.0",",,7,0700",,
"USC00174086","45.626","-70.246","370.0","2021-09-10",,,"0.17",",,7,0700","0.0",",,7,0700",,
"USC00174086","45.626","-70.246","370.0","2021-09-11",,,"0.06",",,7,0700","0.0",",,7,0700",,
"USC00174086","45.626","-70.246","370.0","2021-09-12",,,"0.00",",,7,0700","0.0",",,7,0700",,
"USC00174086","45.626","-70.246","370.0","2021-09-13",,,"0.00","T,,7,0700","0.0",",,7,0700",,
"USC00174086","45.626","-70.246","370.0","2021-09-14",,,"0.00",",,7,0700","0.0",",,7,0700",,
"USC00174086","45.626","-70.246","370.0","2021-09-15",,,"0.00",",,7,0700","0.0",",,7,0700",,
"USC00174086","45.626","-70.246","370.0","2021-09-16",,,"0.85",",,7,0700","0.0",",,7,0700",,
"USC00174086","45.626","-70.246","370.0","2021-09-17",,,"0.07",",,7,0700","0.0",",,7,0700",,
"USC00174086","45.626","-70.246","370.0","2021-09-18",,,"0.01",",,7,0700","0.0",",,7,0700",,
"USC00174086","45.626","-70.246","370.0","2021-09-19",,,"0.03",",,7,0700","0.0",",,7,0700",,
"USC00174086","45.626","-70.246","370.0","2021-09-20",,,"0.00",",,7,0700","0.0",",,7,0700",,
"USC00174086","45.626","-70.246","370.0","2021-09-21",,,"0.00",",,7,0700","0.0",",,7,0700",,
"USC00174086","45.626","-70.246","370.0","2021-09-22",,,"0.00",",,7,0700","0.0",",,7,0700",,
"USC00174086","45.626","-70.246","370.0","2021-09-23",,,"0.00",",,7,0700","0.0",",,7,0700",,
"USC00174086","45.626","-70.246","370.0","2021-09-24",,,"0.00",",,7,0700","0.0",",,7,0700",,
"USC00174086","45.626","-70.246","370.0","2021-09-25",,,"1.15",",,7,0700","0.0",",,7,0700",,
"USC00174086","45.626","-70.246","370.0","2021-09-26",,,"0.03",",,7,0700","0.0",",,7,0700",,
"USC00174086","45.626","-70.246","370.0","2021-09-27",,,"0.00",",,7,0700","0.0",",,7,0700",,
"USC00174086","45.626","-70.246","370.0","2021-09-28",,,"0.03",",,7,0700","0.0",",,7,0700",,
"USC00174086","45.626","-70.246","370.0","2021-09-29",,,"0.01",",,7,0700","0.0",",,7,0700",,
"USC00174086","45.626","-70.246","370.0","2021-09-30",,,"0.21",",,7,0700","0.0",",,7,0700",,
"USC00174086","45.626","-70.246","370.0","2021-10-01",,,"0.08",",,7,0700","0.0",",,7,0700",,
"USC00174086","45.626","-70.246","370.0","2021-10-02",,,"0.00",",,7,0700","0.0",",,7,0700",,
"USC00174086","45.626","-70.246","370.0","2021-10-03",,,"0.00",",,7,0700","0.0",",,7,0700",,
"USC00174086","45.626","-70.246","370.0","2021-10-04",,,"0.01",",,7,0700","0.0",",,7,0700",,
"USC00174086","45.626","-70.246","370.0","2021-10-05",,,"0.01",",,7,0700","0.0",",,7,0700",,
"USC00174086","45.626","-70.246","370.0","2021-10-06",,,"0.00","T,,7,0700","0.0",",,7,0700",,
"USC00174086","45.626","-70.246","370.0","2021-10-07",,,"0.00",",,7,0700","0.0",",,7,0700",,
"USC00174086","45.626","-70.246","370.0","2021-10-08",,,"0.01",",,7,0700","0.0",",,7,0700",,
"USC00174086","45.626","-70.246","370.0","2021-10-09",,,"0.00",",,7,0700","0.0",",,7,0700",,
"USC00174086","45.626","-70.246","370.0","2021-10-10",,,"0.00",",,7,0700","0.0",",,7,0700",,
"USC00174086","45.626","-70.246","370.0","2021-10-11",,,"0.00",",,7,0700","0.0",",,7,0700",,
"USC00174086","45.626","-70.246","370.0","2021-10-12",,,"0.00","T,,7,0700","0.0",",,7,0700",,
"USC00174086","45.626","-70.246","370.0","2021-10-13",,,"0.00","T,,7,0700","0.0",",,7,0700",,
"USC00174086","45.626","-70.246","370.0","2021-10-14",,,"0.00","T,,7,0700","0.0",",,7,0700",,
"USC00174086","45.626","-70.246","370.0","2021-10-15",,,"0.00",",,7,0700","0.0",",,7,0700",,
"USC00174086","45.626","-70.246","370.0","2021-10-16",,,"0.20",",,7,0700","0.0",",,7,0700",,
"USC00174086","45.626","-70.246","370.0","2021-10-17",,,"0.97",",,7,0700","0.0",",,7,0700",,
"USC00174086","45.626","-70.246","370.0","2021-10-18",,,"0.01",",,7,0700","0.0",",,7,0700",,
"USC00174086","45.626","-70.246","370.0","2021-10-19",,,"0.01",",,7,0700","0.0",",,7,0700",,
"USC00174086","45.626","-70.246","370.0","2021-10-20",,,"0.09",",,7,0700","0.0",",,7,0700",,
"USC00174086","45.626","-70.246","370.0","2021-10-21",,,"0.02",",,7,0700","0.0",",,7,0700",,
"USC00174086","45.626","-70.246","370.0","2021-10-22",,,"0.00",",,7,0700","0.0",",,7,0700",,
"USC00174086","45.626","-70.246","370.0","2021-10-23",,,"0.00",",,7,0700","0.0",",,7,0700",,
"USC00174086","45.626","-70.246","370.0","2021-10-24",,,"0.00",",,7,0700","0.0",",,7,0700",,
"USC00174086","45.626","-70.246","370.0","2021-10-25",,,"0.00",",,7,0700","0.0",",,7,0700",,
"USC00174086","45.626","-70.246","370.0","2021-10-26",,,"0.00",",,7,0700","0.0",",,7,0700",,
"USC00174086","45.626","-70.246","370.0","2021-10-27",,,"0.00",",,7,0700","0.0",",,7,0700",,
"USC00174086","45.626","-70.246","370.0","2021-10-28",,,"0.00",",,7,0700","0.0",",,7,0700",,
"USC00174086","45.626","-70.246","370.0","2021-10-29",,,"0.00",",,7,0700","0.0",",,7,0700",,
"USC00174086","45.626","-70.246","370.0","2021-10-30",,,"0.00",",,7,0700","0.0",",,7,0700",,
"USC00174086","45.626","-70.246","370.0","2021-10-31",,,"0.62",",,7,0700","0.0",",,7,0700",,
"USC00174086","45.626","-70.246","370.0","2021-11-01",,,"0.28",",,H,0700","0.0",",,H,0700",,
"USC00174086","45.626","-70.246","370.0","2021-11-02",,,"0.00",",,H,0700","0.0",",,H,0700",,
"USC00174086","45.626","-70.246","370.0","2021-11-03",,,"0.00",",,H,0700","0.0",",,H,0700",,
"USC00174086","45.626","-70.246","370.0","2021-11-04",,,"0.00",",,H,0700","0.0",",,H,0700",,
"USC00174086","45.626","-70.246","370.0","2021-11-05",,,"0.00",",,H,0700","0.0",",,H,0700",,
"USC00174086","45.626","-70.246","370.0","2021-11-06",,,"0.00",",,H,0700","0.0",",,H,0700",,
"USC00174086","45.626","-70.246","370.0","2021-11-07",,,"0.00",",,H,0700","0.0",",,H,0700",,
"USC00174086","45.626","-70.246","370.0","2021-11-08",,,"0.00",",,H,0700","0.0",",,H,0700",,
"USC00174086","45.626","-70.246","370.0","2021-11-09",,,"0.00",",,H,0700","0.0",",,H,0700",,
"USC00174086","45.626","-70.246","370.0","2021-11-10",,,"0.00",",,H,0700","0.0",",,H,0700",,
"USC00174086","45.626","-70.246","370.0","2021-11-11",,,"0.00",",,H,0700","0.0",",,H,0700",,
"USC00174086","45.626","-70.246","370.0","2021-11-12",,,"0.00",",,H,0700","0.0",",,H,0700",,
"USC00174086","45.626","-70.246","370.0","2021-11-13",,,"0.45",",,H,0700","0.0",",,H,0700",,
"USC00174086","45.626","-70.246","370.0","2021-11-14",,,"0.15",",,H,0700","0.0",",,H,0700",,
"USC00174086","45.626","-70.246","370.0","2021-11-15",,,"0.04",",,H,0700","0.0",",,H,0700",,
"USC00174086","45.626","-70.246","370.0","2021-11-16",,,"0.03",",,H,0700","0.0",",,H,0700",,
"USC00174086","45.626","-70.246","370.0","2021-11-17",,,"0.00",",,H,0700","0.0",",,H,0700",,
"USC00174086","45.626","-70.246","370.0","2021-11-18",,,"0.16",",,H,0700","0.0",",,H,0700",,
"USC00174086","45.626","-70.246","370.0","2021-11-20",,,"0.02",",,H,0700","0.0",",,H,0700",,
"USC00174086","45.626","-70.246","370.0","2021-11-21",,,"0.00",",,H,0700","0.0",",,H,0700",,
"USC00174086","45.626","-70.246","370.0","2021-11-22",,,"0.08",",,H,0700","0.0",",,H,0700",,
"USC00174086","45.626","-70.246","370.0","2021-11-23",,,"0.00",",,H,0700","0.0",",,H,0700",,
"USC00174086","45.626","-70.246","370.0","2021-11-28",,,"0.13",",,H,0700","3.0",",,H,0700",,
"USC00179891","45.1542","-67.3985","37.5","2021-08-01",,,"0.00",",,7,0700",,,,
"USC00179891","45.1542","-67.3985","37.5","2021-08-02",,,"0.00",",,7,0700",,,,
"USC00179891","45.1542","-67.3985","37.5","2021-08-03",,,"0.00",",,7,0700",,,,
"USC00179891","45.1542","-67.3985","37.5","2021-08-04",,,"0.00",",,7,0700",,,,
"USC00179891","45.1542","-67.3985","37.5","2021-08-05",,,"0.16",",,7,0700",,,,
"USC00179891","45.1542","-67.3985","37.5","2021-08-06",,,"1.07",",,7,0700",,,,
"USC00179891","45.1542","-67.3985","37.5","2021-08-07",,,"0.01",",,7,0700",,,,
"USC00179891","45.1542","-67.3985","37.5","2021-08-08",,,"0.01",",,7,0700",,,,
"USC00179891","45.1542","-67.3985","37.5","2021-08-09",,,"0.00",",,7,0700",,,,
"USC00179891","45.1542","-67.3985","37.5","2021-08-10",,,"0.00",",,7,0700",,,,
"USC00179891","45.1542","-67.3985","37.5","2021-08-12",,,"0.01",",,7,0700",,,,
"USC00179891","45.1542","-67.3985","37.5","2021-08-13",,,"0.18",",,7,0700",,,,
"USC00179891","45.1542","-67.3985","37.5","2021-08-14",,,"0.00",",,7,0700",,,,
"USC00179891","45.1542","-67.3985","37.5","2021-08-15",,,"1.11",",,7,0700",,,,
"USC00179891","45.1542","-67.3985","37.5","2021-08-16",,,"0.00",",,7,0700",,,,
"USC00179891","45.1542","-67.3985","37.5","2021-08-18",,,"0.00",",,7,0700",,,,
"USC00179891","45.1542","-67.3985","37.5","2021-08-19",,,"0.12",",,7,0700",,,,
"USC00179891","45.1542","-67.3985","37.5","2021-08-21",,,"0.00",",,7,0700",,,,
"USC00179891","45.1542","-67.3985","37.5","2021-08-22",,,"0.00",",,7,0700",,,,
"USC00179891","45.1542","-67.3985","37.5","2021-08-23",,,"0.07",",,7,0700",,,,
"USC00179891","45.1542","-67.3985","37.5","2021-08-24",,,"0.28",",,7,0700",,,,
"USC00179891","45.1542","-67.3985","37.5","2021-08-26",,,"0.00",",,7,0700",,,,
"USC00179891","45.1542","-67.3985","37.5","2021-08-27",,,"0.00",",,7,0700",,,,
"USC00179891","45.1542","-67.3985","37.5","2021-08-28",,,"0.00",",,7,0700",,,,
"USC00179891","45.1542","-67.3985","37.5","2021-08-29",,,"0.00",",,7,0700",,,,
"USC00179891","45.1542","-67.3985","37.5","2021-08-30",,,"0.00",",,7,0700",,,,
"USC00179891","45.1542","-67.3985","37.5","2021-08-31",,,"0.00",",,7,0700",,,,
"USC00179891","45.1542","-67.3985","37.5","2021-09-01",,,"0.00",",,7,0700",,,,
"USC00179891","45.1542","-67.3985","37.5","2021-09-03",,,"1.50",",,7,0700",,,,
"USC00179891","45.1542","-67.3985","37.5","2021-09-04",,,"0.15",",,7,0700",,,,
"USC00179891","45.1542","-67.3985","37.5","2021-09-05",,,"0.00",",,7,0700",,,,
"USC00179891","45.1542","-67.3985","37.5","2021-09-06",,,"0.04",",,7,0700",,,,
"USC00179891","45.1542","-67.3985","37.5","2021-09-07",,,"0.11",",,7,0700",,,,
"USC00179891","45.1542","-67.3985","37.5","2021-09-08",,,"0.00",",,7,0700",,,,
"USC00179891","45.1542","-67.3985","37.5","2021-09-09",,,"0.00",",,7,0700",,,,
"USC00179891","45.1542","-67.3985","37.5","2021-09-10",,,"1.08",",,7,0700",,,,
"USC00179891","45.1542","-67.3985","37.5","2021-09-11",,,"0.25",",,7,0700",,,,
"USC00179891","45.1542","-67.3985","37.5","2021-09-12",,,"0.00",",,7,0700",,,,
"USC00179891","45.1542","-67.3985","37.5","2021-09-13",,,"0.00",",,7,0700",,,,
"USC00179891","45.1542","-67.3985","37.5","2021-09-16",,,"0.14",",,7,0700",,,,
"USC00179891","45.1542","-67.3985","37.5","2021-09-18",,,"0.00",",,7,0700",,,,
"USC00179891","45.1542","-67.3985","37.5","2021-09-19",,,"0.00",",,7,0700",,,,
"USC00179891","45.1542","-67.3985","37.5","2021-09-25",,,"0.18",",,7,0700",,,,
"USC00179891","45.1542","-67.3985","37.5","2021-09-26",,,"0.43",",,7,0700",,,,
"USC00179891","45.1542","-67.3985","37.5","2021-09-27",,,"0.64",",,7,0700",,,,
"USC00179891","45.1542","-67.3985","37.5","2021-09-28",,,"0.00",",,7,0700",,,,
"USC00179891","45.1542","-67.3985","37.5","2021-09-29",,,"0.00",",,7,0700",,,,
"USC00179891","45.1542","-67.3985","37.5","2021-09-30",,,"0.32",",,7,0700",,,,
"USC00179891","45.1542","-67.3985","37.5","2021-10-02",,,"0.18",",,7,0700",,,,
"USC00179891","45.1542","-67.3985","37.5","2021-10-03",,,"0.00",",,7,0700",,,,
"USC00179891","45.1542","-67.3985","37.5","2021-10-04",,,"0.00",",,7,0700",,,,
"USC00179891","45.1542","-67.3985","37.5","2021-10-06",,,"0.00",",,7,0700",,,,
"USC00179891","45.1542","-67.3985","37.5","2021-10-07",,,"0.00",",,7,0700",,,,
"USC00179891","45.1542","-67.3985","37.5","2021-10-08",,,"0.00",",,7,0700",,,,
"USC00179891","45.1542","-67.3985","37.5","2021-10-09",,,"0.00",",,7,0700",,,,
"USC00179891","45.1542","-67.3985","37.5","2021-10-11",,,"0.00",",,7,0700",,,,
"USC00179891","45.1542","-67.3985","37.5","2021-10-13",,,"0.00",",,7,0700",,,,
"USC00179891","45.1542","-67.3985","37.5","2021-10-14",,,"0.00",",,7,0700",,,,
"USC00179891","45.1542","-67.3985","37.5","2021-10-16",,,"0.20",",,7,0700",,,,
"USC00179891","45.1542","-67.3985","37.5","2021-10-17",,,"0.50",",,7,0700",,,,
"USC00179891","45.1542","-67.3985","37.5","2021-10-18",,,"1.05",",,7,0700",,,,
"USC00179891","45.1542","-67.3985","37.5","2021-10-19",,,"0.00",",,7,0700",,,,
"USC00179891","45.1542","-67.3985","37.5","2021-10-20",,,"0.00",",,7,0700",,,,
"USC00179891","45.1542","-67.3985","37.5","2021-10-23",,,"0.08",",,7,0700",,,,
"USC00179891","45.1542","-67.3985","37.5","2021-10-24",,,"0.02",",,7,0700",,,,
"USC00179891","45.1542","-67.3985","37.5","2021-10-25",,,"0.00",",,7,0700",,,,
"USC00179891","45.1542","-67.3985","37.5","2021-10-26",,,"0.20",",,7,0700",,,,
"USC00179891","45.1542","-67.3985","37.5","2021-10-28",,,,,,,,
"USC00179891","45.1542","-67.3985","37.5","2021-10-29",,,"0.00",",,7,0700",,,,
"USC00179891","45.1542","-67.3985","37.5","2021-10-30",,,"0.00",",,7,0700",,,,
"USC00179891","45.1542","-67.3985","37.5","2021-10-31",,,"0.25",",,7,0700",,,,
"USC00179891","45.1542","-67.3985","37.5","2021-11-01",,,"0.71",",,H,0700",,,,
"USC00179891","45.1542","-67.3985","37.5","2021-11-02",,,"0.00",",,H,0700",,,,
"USC00179891","45.1542","-67.3985","37.5","2021-11-04",,,"0.00",",,H,0700",,,,
"USC00179891","45.1542","-67.3985","37.5","2021-11-05",,,"0.00",",,H,0700",,,,
"USC00179891","45.1542","-67.3985","37.5","2021-11-07",,,"0.00",",,H,0700",,,,
"USC00179891","45.1542","-67.3985","37.5","2021-11-08",,,"0.00",",,H,0700",,,,
"USC00179891","45.1542","-67.3985","37.5","2021-11-10",,,"0.00",",,H,0700",,,,
"USC00179891","45.1542","-67.3985","37.5","2021-11-11",,,"0.45",",,H,0700",,,,
"USC00179891","45.1542","-67.3985","37.5","2021-11-12",,,"0.00",",,H,0700",,,,
"USC00179891","45.1542","-67.3985","37.5","2021-11-13",,,"0.70",",,H,0700",,,,
"USC00179891","45.1542","-67.3985","37.5","2021-11-14",,,"0.31",",,H,0700",,,,
"USC00179891","45.1542","-67.3985","37.5","2021-11-15",,,"0.01",",,H,0700",,,,
"USC00179891","45.1542","-67.3985","37.5","2021-11-16",,,"0.37",",,H,0700",,,,
"USC00179891","45.1542","-67.3985","37.5","2021-11-17",,,"0.00",",,H,0700",,,,
"USC00179891","45.1542","-67.3985","37.5","2021-11-18",,,"0.19",",,H,0700",,,,
"USC00179891","45.1542","-67.3985","37.5","2021-11-19",,,"0.36",",,H,0700",,,,
"USC00179891","45.1542","-67.3985","37.5","2021-11-21",,,"0.00",",,H,0700",,,,
"USC00179891","45.1542","-67.3985","37.5","2021-11-22",,,"0.57",",,H,0700",,,,
"USC00179891","45.1542","-67.3985","37.5","2021-11-23",,,"0.57",",,H,0700",,,,
"USC00179891","45.1542","-67.3985","37.5","2021-11-25",,,"0.00",",,H,0700",,,,
"USC00179891","45.1542","-67.3985","37.5","2021-11-26",,,"0.00",",,H,0700",,,,
"USC00179891","45.1542","-67.3985","37.5","2021-11-28",,,"0.37",",,H,0700",,,,
"USC00167304","30.7112","-90.7526","57.9","2021-08-01",,,"1.50",",,7,1300",,,,
"USC00167304","30.7112","-90.7526","57.9","2021-08-02",,,"0.80",",,7,1300",,,,
"USC00167304","30.7112","-90.7526","57.9","2021-08-03",,,"0.54",",,7,1300",,,,
"USC00167304","30.7112","-90.7526","57.9","2021-08-04",,,"0.00",",,7,1300",,,,
"USC00167304","30.7112","-90.7526","57.9","2021-08-05",,,"0.00",",,7,1300",,,,
"USC00167304","30.7112","-90.7526","57.9","2021-08-06",,,"0.00",",,7,1300",,,,
"USC00167304","30.7112","-90.7526","57.9","2021-08-08",,,"0.00",",,7,1300",,,,
"USC00167304","30.7112","-90.7526","57.9","2021-08-09",,,"0.00",",,7,1300",,,,
"USC00167304","30.7112","-90.7526","57.9","2021-08-10",,,"0.00",",,7,1300",,,,
"USC00167304","30.7112","-90.7526","57.9","2021-08-11",,,"0.00",",,7,1300",,,,
"USC00167304","30.7112","-90.7526","57.9","2021-08-12",,,"0.00",",,7,1300",,,,
"USC00167304","30.7112","-90.7526","57.9","2021-08-13",,,"0.00",",,7,1300",,,,
"USC00167304","30.7112","-90.7526","57.9","2021-08-14",,,"0.35",",,7,1300",,,,
"USC00167304","30.7112","-90.7526","57.9","2021-08-15",,,"0.00",",,7,1300",,,,
"USC00167304","30.7112","-90.7526","57.9","2021-08-16",,,"0.10",",,7,1300",,,,
"USC00167304","30.7112","-90.7526","57.9","2021-08-17",,,"0.00",",,7,1300",,,,
"USC00167304","30.7112","-90.7526","57.9","2021-08-18",,,"0.14",",,7,1300",,,,
"USC00167304","30.7112","-90.7526","57.9","2021-08-19",,,"0.00",",,7,1300",,,,
"USC00167304","30.7112","-90.7526","57.9","2021-08-20",,,"0.00",",,7,1300",,,,
"USC00167304","30.7112","-90.7526","57.9","2021-08-21",,,"0.00",",,7,1300",,,,
"USC00167304","30.7112","-90.7526","57.9","2021-08-22",,,"0.00",",,7,1300",,,,
"USC00167304","30.7112","-90.7526","57.9","2021-08-23",,,"0.00",",,7,1300",,,,
"USC00167304","30.7112","-90.7526","57.9","2021-08-24",,,"0.20",",,7,1300",,,,
"USC00167304","30.7112","-90.7526","57.9","2021-08-25",,,"0.00",",,7,1300",,,,
"USC00167304","30.7112","-90.7526","57.9","2021-08-26",,,"1.50",",,7,1300",,,,
"USC00167304","30.7112","-90.7526","57.9","2021-08-27",,,"0.00",",,7,1300",,,,
"USC00167304","30.7112","-90.7526","57.9","2021-08-28",,,"0.00",",,7,1300",,,,
"USC00167304","30.7112","-90.7526","57.9","2021-08-29",,,"0.40",",,7,1300",,,,
"USC00167304","30.7112","-90.7526","57.9","2021-08-30",,,"8.20",",,7,1300",,,,
"USC00167304","30.7112","-90.7526","57.9","2021-08-31",,,"0.00",",,7,1300",,,,
"USC00167304","30.7112","-90.7526","57.9","2021-09-01",,,"0.00",",,7,1300",,,,
"USC00167304","30.7112","-90.7526","57.9","2021-09-02",,,"0.00",",,7,1300",,,,
"USC00167304","30.7112","-90.7526","57.9","2021-09-03",,,"0.00",",,7,1300",,,,
"USC00167304","30.7112","-90.7526","57.9","2021-09-04",,,"0.10",",,7,1300",,,,
"USC00167304","30.7112","-90.7526","57.9","2021-09-05",,,"0.00",",,7,1300",,,,
"USC00167304","30.7112","-90.7526","57.9","2021-09-06",,,"0.00",",,7,1300",,,,
"USC00167304","30.7112","-90.7526","57.9","2021-09-07",,,"0.00",",,7,1300",,,,
"USC00167304","30.7112","-90.7526","57.9","2021-09-08",,,"0.00",",,7,1300",,,,
"USC00167304","30.7112","-90.7526","57.9","2021-09-09",,,"0.30",",,7,1300",,,,
"USC00167304","30.7112","-90.7526","57.9","2021-09-10",,,"0.00",",,7,1300",,,,
"USC00167304","30.7112","-90.7526","57.9","2021-09-11",,,"0.00",",,7,1300",,,,
"USC00167304","30.7112","-90.7526","57.9","2021-09-12",,,"0.00",",,7,1300",,,,
"USC00167304","30.7112","-90.7526","57.9","2021-09-13",,,"0.00",",,7,1300",,,,
"USC00167304","30.7112","-90.7526","57.9","2021-09-14",,,"0.80",",,7,1300",,,,
"USC00167304","30.7112","-90.7526","57.9","2021-09-15",,,"0.70",",,7,1300",,,,
"USC00167304","30.7112","-90.7526","57.9","2021-09-16",,,"1.20",",,7,1300",,,,
"USC00167304","30.7112","-90.7526","57.9","2021-09-17",,,"1.60",",,7,1300",,,,
"USC00167304","30.7112","-90.7526","57.9","2021-09-18",,,"0.10",",,7,1300",,,,
"USC00167304","30.7112","-90.7526","57.9","2021-09-19",,,"0.00",",,7,1300",,,,
"USC00167304","30.7112","-90.7526","57.9","2021-09-20",,,"0.40",",,7,1300",,,,
"USC00167304","30.7112","-90.7526","57.9","2021-09-21",,,"0.00",",,7,1300",,,,
"USC00167304","30.7112","-90.7526","57.9","2021-09-22",,,"0.00",",,7,1300",,,,
"USC00167304","30.7112","-90.7526","57.9","2021-09-23",,,"0.00",",,7,1300",,,,
"USC00167304","30.7112","-90.7526","57.9","2021-09-24",,,"0.00",",,7,1300",,,,
"USC00167304","30.7112","-90.7526","57.9","2021-09-25",,,"0.00",",,7,1300",,,,
"USC00167304","30.7112","-90.7526","57.9","2021-09-26",,,"0.00",",,7,1300",,,,
"USC00167304","30.7112","-90.7526","57.9","2021-09-27",,,"0.00",",,7,1300",,,,
"USC00167304","30.7112","-90.7526","57.9","2021-09-28",,,"0.11",",,7,1300",,,,
"USC00167304","30.7112","-90.7526","57.9","2021-09-29",,,"0.64",",,7,1300",,,,
"USC00167304","30.7112","-90.7526","57.9","2021-09-30",,,"0.11",",,7,1300",,,,
"USC00167425","30.4314","-90.4361","4.0","2021-08-01",,,"0.00",",,7,0800",,,,
"USC00167425","30.4314","-90.4361","4.0","2021-08-02",,,"0.07",",,7,0800",,,,
"USC00167425","30.4314","-90.4361","4.0","2021-08-03",,,"2.17",",,7,0800",,,,
"USC00167425","30.4314","-90.4361","4.0","2021-08-04",,,"0.30",",,7,0800",,,,
"USC00167425","30.4314","-90.4361","4.0","2021-08-05",,,"0.00",",,7,0800",,,,
"USC00167425","30.4314","-90.4361","4.0","2021-08-06",,,"0.00",",,7,0800",,,,
"USC00167425","30.4314","-90.4361","4.0","2021-08-07",,,"0.00",",,7,0800",,,,
"USC00167425","30.4314","-90.4361","4.0","2021-08-08",,,"0.00",",,7,0800",,,,
"USC00167425","30.4314","-90.4361","4.0","2021-08-09",,,"0.00","T,,7,0800",,,,
"USC00167425","30.4314","-90.4361","4.0","2021-08-10",,,"0.00",",,7,0800",,,,
"USC00167425","30.4314","-90.4361","4.0","2021-08-11",,,"0.00",",,7,0800",,,,
"USC00167425","30.4314","-90.4361","4.0","2021-08-12",,,"0.03",",,7,0800",,,,
"USC00167425","30.4314","-90.4361","4.0","2021-08-13",,,"0.51",",,7,0800",,,,
"USC00167425","30.4314","-90.4361","4.0","2021-08-14",,,"0.05",",,7,0800",,,,
"USC00167425","30.4314","-90.4361","4.0","2021-08-15",,,"0.00",",,7,0800",,,,
"USC00167425","30.4314","-90.4361","4.0","2021-08-16",,,"0.00",",,7,0800",,,,
"USC00167425","30.4314","-90.4361","4.0","2021-08-17",,,"0.00","T,,7,0800",,,,
"USC00167425","30.4314","-90.4361","4.0","2021-08-18",,,"0.02",",,7,0800",,,,
"USC00167425","30.4314","-90.4361","4.0","2021-08-19",,,"0.00","T,,7,0800",,,,
"USC00167425","30.4314","-90.4361","4.0","2021-08-20",,,"0.09",",,7,0800",,,,
"USC00167425","30.4314","-90.4361","4.0","2021-08-21",,,"0.00",",,7,0800",,,,
"USC00167425","30.4314","-90.4361","4.0","2021-08-22",,,"0.00",",,7,0800",,,,
"USC00167425","30.4314","-90.4361","4.0","2021-08-23",,,"0.00",",,7,0800",,,,
"USC00167425","30.4314","-90.4361","4.0","2021-08-24",,,"0.00",",,7,0800",,,,
"USC00167425","30.4314","-90.4361","4.0","2021-08-25",,,"0.00",",,7,0800",,,,
"USC00167425","30.4314","-90.4361","4.0","2021-08-26",,,"0.00","T,,7,0800",,,,
"USC00167425","30.4314","-90.4361","4.0","2021-08-27",,,"0.00",",,7,0800",,,,
"USC00167425","30.4314","-90.4361","4.0","2021-08-28",,,"1.20",",,7,0800",,,,
"USC00167425","30.4314","-90.4361","4.0","2021-08-29",,,"0.00","T,,7,0800",,,,
"USC00167425","30.4314","-90.4361","4.0","2021-08-30",,,"16.00",",,7,0800",,,,
"USC00167425","30.4314","-90.4361","4.0","2021-08-31",,,"0.00","T,,7,0800",,,,
"USC00167425","30.4314","-90.4361","4.0","2021-09-01",,,"0.04",",,7,0800",,,,
"USC00167425","30.4314","-90.4361","4.0","2021-09-02",,,"0.10",",,7,0800",,,,
"USC00167425","30.4314","-90.4361","4.0","2021-09-03",,,"0.00","T,,7,0800",,,,
"USC00167425","30.4314","-90.4361","4.0","2021-09-04",,,"0.00",",,7,0800",,,,
"USC00167425","30.4314","-90.4361","4.0","2021-09-05",,,"0.00",",,7,0800",,,,
"USC00167425","30.4314","-90.4361","4.0","2021-09-06",,,"0.08",",,7,0800",,,,
"USC00167425","30.4314","-90.4361","4.0","2021-09-07",,,"0.00",",,7,0800",,,,
"USC00167425","30.4314","-90.4361","4.0","2021-09-08",,,"0.00",",,7,0800",,,,
"USC00167425","30.4314","-90.4361","4.0","2021-09-09",,,"0.00",",,7,0800",,,,
"USC00167425","30.4314","-90.4361","4.0","2021-09-10",,,"0.00",",,7,0800",,,,
"USC00167425","30.4314","-90.4361","4.0","2021-09-11",,,"0.00",",,7,0800",,,,
"USC00167425","30.4314","-90.4361","4.0","2021-09-12",,,"0.00",",,7,0800",,,,
"USC00167425","30.4314","-90.4361","4.0","2021-09-13",,,"0.06",",,7,0800",,,,
"USC00167425","30.4314","-90.4361","4.0","2021-09-14",,,"0.20",",,7,0800",,,,
"USC00167425","30.4314","-90.4361","4.0","2021-09-15",,,"4.32",",,7,0800",,,,
"USC00167425","30.4314","-90.4361","4.0","2021-09-16",,,"0.21",",,7,0800",,,,
"USC00167425","30.4314","-90.4361","4.0","2021-09-17",,,"0.00","T,,7,0800",,,,
"USC00167425","30.4314","-90.4361","4.0","2021-09-18",,,"0.40",",,7,0800",,,,
"USC00167425","30.4314","-90.4361","4.0","2021-09-19",,,"0.08",",,7,0800",,,,
"USC00167425","30.4314","-90.4361","4.0","2021-09-20",,,"0.00",",,7,0800",,,,
"USC00167425","30.4314","-90.4361","4.0","2021-09-21",,,"0.00",",,7,0800",,,,
"USC00167425","30.4314","-90.4361","4.0","2021-09-22",,,"0.00",",,7,0800",,,,
"USC00167425","30.4314","-90.4361","4.0","2021-09-23",,,"0.00",",,7,0800",,,,
"USC00167425","30.4314","-90.4361","4.0","2021-09-24",,,"0.00",",,7,0800",,,,
"USC00167425","30.4314","-90.4361","4.0","2021-09-25",,,"0.00",",,7,0800",,,,
"USC00167425","30.4314","-90.4361","4.0","2021-09-26",,,"0.00",",,7,0800",,,,
"USC00167425","30.4314","-90.4361","4.0","2021-09-27",,,"0.00",",,7,0800",,,,
"USC00167425","30.4314","-90.4361","4.0","2021-09-28",,,"0.00",",,7,0800",,,,
"USC00167425","30.4314","-90.4361","4.0","2021-09-29",,,"0.30",",,7,0800",,,,
"USC00167425","30.4314","-90.4361","4.0","2021-09-30",,,"0.33",",,7,0800",,,,
"USC00167425","30.4314","-90.4361","4.0","2021-10-05",,,"0.00",",,H,0800",,,,
"USC00167425","30.4314","-90.4361","4.0","2021-10-06",,,"0.07",",,H,0800",,,,
"USC00167425","30.4314","-90.4361","4.0","2021-10-07",,,"0.00",",,H,0800",,,,
"USC00167425","30.4314","-90.4361","4.0","2021-10-09",,,"0.00",",,H,0800",,,,
"USC00167425","30.4314","-90.4361","4.0","2021-10-10",,,"0.00",",,H,0800",,,,
"USC00167425","30.4314","-90.4361","4.0","2021-10-11",,,"0.00",",,H,0800",,,,
"USC00167425","30.4314","-90.4361","4.0","2021-10-12",,,"0.00",",,H,0800",,,,
"USC00167425","30.4314","-90.4361","4.0","2021-10-13",,,"0.00",",,H,0800",,,,
"USC00167425","30.4314","-90.4361","4.0","2021-10-14",,,"0.00",",,H,0800",,,,
"USC00167425","30.4314","-90.4361","4.0","2021-10-15",,,"0.00",",,H,0800",,,,
"USC00167425","30.4314","-90.4361","4.0","2021-10-16",,,"0.00",",,H,0800",,,,
"USC00167425","30.4314","-90.4361","4.0","2021-10-17",,,"0.00",",,H,0800",,,,
"USC00167425","30.4314","-90.4361","4.0","2021-10-18",,,"0.00",",,H,0800",,,,
"USC00167425","30.4314","-90.4361","4.0","2021-10-19",,,"0.00",",,H,0800",,,,
"USC00167425","30.4314","-90.4361","4.0","2021-10-20",,,"0.00",",,H,0800",,,,
"USC00167425","30.4314","-90.4361","4.0","2021-10-21",,,"1.11",",,H,0800",,,,
"USC00167425","30.4314","-90.4361","4.0","2021-10-22",,,"0.00",",,H,0800",,,,
"USC00167425","30.4314","-90.4361","4.0","2021-10-23",,,"0.00",",,H,0800",,,,
"USC00167425","30.4314","-90.4361","4.0","2021-10-24",,,"0.00",",,H,0800",,,,
"USC00167425","30.4314","-90.4361","4.0","2021-10-25",,,"0.00",",,H,0800",,,,
"USC00167425","30.4314","-90.4361","4.0","2021-10-26",,,"0.00",",,H,0800",,,,
"USC00167425","30.4314","-90.4361","4.0","2021-10-27",,,"0.00",",,H,0800",,,,
"USC00167425","30.4314","-90.4361","4.0","2021-10-28",,,"4.26",",,H,0800",,,,
"USC00167425","30.4314","-90.4361","4.0","2021-10-29",,,"0.00",",,H,0800",,,,
"USC00167425","30.4314","-90.4361","4.0","2021-10-30",,,"0.00",",,H,0800",,,,
"USC00167425","30.4314","-90.4361","4.0","2021-10-31",,,"0.00",",,H,0800",,,,
"USC00167425","30.4314","-90.4361","4.0","2021-11-01",,,"0.00",",,H,0800",,,,
"USC00167425","30.4314","-90.4361","4.0","2021-11-02",,,"0.00",",,H,0800",,,,
"USC00167425","30.4314","-90.4361","4.0","2021-11-03",,,"0.00",",,H,0800",,,,
"USC00167425","30.4314","-90.4361","4.0","2021-11-04",,,"0.00",",,H,0800",,,,
"USC00167425","30.4314","-90.4361","4.0","2021-11-05",,,"0.00",",,H,0800",,,,
"USC00167425","30.4314","-90.4361","4.0","2021-11-06",,,"0.00",",,H,0800",,,,
"USC00167425","30.4314","-90.4361","4.0","2021-11-07",,,"0.00",",,H,0800",,,,
"USC00167425","30.4314","-90.4361","4.0","2021-11-08",,,"0.00",",,H,0800",,,,
"USC00167425","30.4314","-90.4361","4.0","2021-11-09",,,"0.00",",,H,0800",,,,
"USC00167425","30.4314","-90.4361","4.0","2021-11-10",,,"0.00",",,H,0800",,,,
"USC00167425","30.4314","-90.4361","4.0","2021-11-11",,,"0.00",",,H,0800",,,,
"USC00167425","30.4314","-90.4361","4.0","2021-11-12",,,"0.02",",,H,0800",,,,
"USC00167425","30.4314","-90.4361","4.0","2021-11-13",,,"0.00",",,H,0800",,,,
"USC00167425","30.4314","-90.4361","4.0","2021-11-14",,,"0.00",",,H,0800",,,,
"USC00167425","30.4314","-90.4361","4.0","2021-11-15",,,"0.00",",,H,0800",,,,
"USC00167425","30.4314","-90.4361","4.0","2021-11-16",,,"0.00",",,H,0800",,,,
"USC00167425","30.4314","-90.4361","4.0","2021-11-17",,,"0.00",",,H,0800",,,,
"USC00167425","30.4314","-90.4361","4.0","2021-11-18",,,"0.00",",,H,0800",,,,
"USC00167425","30.4314","-90.4361","4.0","2021-11-19",,,"0.80",",,H,0800",,,,
"USC00167425","30.4314","-90.4361","4.0","2021-11-20",,,"0.00",",,H,0800",,,,
"USC00167425","30.4314","-90.4361","4.0","2021-11-21",,,"0.00",",,H,0800",,,,
"USC00167425","30.4314","-90.4361","4.0","2021-11-22",,,"0.28",",,H,0800",,,,
"USC00167425","30.4314","-90.4361","4.0","2021-11-23",,,"0.00",",,H,0800",,,,
"USC00167425","30.4314","-90.4361","4.0","2021-11-24",,,"0.00",",,H,0800",,,,
"USC00167425","30.4314","-90.4361","4.0","2021-11-25",,,"0.00",",,H,0800",,,,
"USC00167425","30.4314","-90.4361","4.0","2021-11-26",,,"0.02",",,H,0800",,,,
"USC00167425","30.4314","-90.4361","4.0","2021-11-27",,,"0.00",",,H,0800",,,,
"USC00167425","30.4314","-90.4361","4.0","2021-11-28",,,"0.04",",,H,0800",,,,
"US1MESG0021","43.856217","-69.850893","20.1","2021-08-01",,,"0.00",",,N","0.0",",,N",,
"US1MESG0021","43.856217","-69.850893","20.1","2021-08-02",,,"0.01",",,N",,,,
"US1MESG0021","43.856217","-69.850893","20.1","2021-08-03",,,"0.03",",,N",,,,
"US1MESG0021","43.856217","-69.850893","20.1","2021-08-04",,,"0.00",",,N","0.0",",,N",,
"US1MESG0021","43.856217","-69.850893","20.1","2021-08-05",,,"0.47",",,N",,,,
"US1MESG0021","43.856217","-69.850893","20.1","2021-08-06",,,"0.27",",,N",,,,
"US1MESG0021","43.856217","-69.850893","20.1","2021-08-07",,,"0.00",",,N","0.0",",,N",,
"US1MESG0021","43.856217","-69.850893","20.1","2021-08-08",,,"0.00",",,N","0.0",",,N",,
"US1MESG0021","43.856217","-69.850893","20.1","2021-08-09",,,"0.00",",,N","0.0",",,N",,
"US1MESG0021","43.856217","-69.850893","20.1","2021-08-10",,,"0.00",",,N","0.0",",,N",,
"US1MESG0021","43.856217","-69.850893","20.1","2021-08-11",,,"0.00","T,,N",,,,
"US1MESG0021","43.856217","-69.850893","20.1","2021-08-12",,,"0.00",",,N","0.0",",,N",,
"US1MESG0021","43.856217","-69.850893","20.1","2021-08-13",,,"0.00",",,N","0.0",",,N",,
"US1MESG0021","43.856217","-69.850893","20.1","2021-08-14",,,"0.00",",,N","0.0",",,N",,
"US1MESG0021","43.856217","-69.850893","20.1","2021-08-15",,,"0.00",",,N","0.0",",,N",,
"US1MESG0021","43.856217","-69.850893","20.1","2021-08-16",,,"0.00",",,N","0.0",",,N",,
"US1MESG0021","43.856217","-69.850893","20.1","2021-08-17",,,"0.00",",,N","0.0",",,N",,
"US1MESG0021","43.856217","-69.850893","20.1","2021-08-18",,,"0.00",",,N","0.0",",,N",,
"US1MESG0021","43.856217","-69.850893","20.1","2021-08-19",,,"0.00",",,N","0.0",",,N",,
"US1MESG0021","43.856217","-69.850893","20.1","2021-08-20",,,"0.86",",,N",,,,
"US1MESG0021","43.856217","-69.850893","20.1","2021-08-21",,,"0.00",",,N","0.0",",,N",,
"US1MESG0021","43.856217","-69.850893","20.1","2021-08-22",,,"0.00",",,N","0.0",",,N",,
"US1MESG0021","43.856217","-69.850893","20.1","2021-08-23",,,"0.47",",,N",,,,
"US1MESG0021","43.856217","-69.850893","20.1","2021-08-24",,,"0.00",",,N","0.0",",,N",,
"US1MESG0021","43.856217","-69.850893","20.1","2021-08-25",,,"0.00",",,N","0.0",",,N",,
"US1MESG0021","43.856217","-69.850893","20.1","2021-08-26",,,"0.00",",,N","0.0",",,N",,
"US1MESG0021","43.856217","-69.850893","20.1","2021-08-27",,,"0.00",",,N","0.0",",,N",,
"US1MESG0021","43.856217","-69.850893","20.1","2021-08-28",,,"0.00",",,N","0.0",",,N",,
"US1MESG0021","43.856217","-69.850893","20.1","2021-08-29",,,"0.03",",,N",,,,
"US1MESG0021","43.856217","-69.850893","20.1","2021-08-30",,,"0.00",",,N","0.0",",,N",,
"US1MESG0021","43.856217","-69.850893","20.1","2021-08-31",,,"0.43",",,N",,,,
"US1MESG0021","43.856217","-69.850893","20.1","2021-09-01",,,"0.00",",,N","0.0",",,N",,
"US1MESG0021","43.856217","-69.850893","20.1","2021-09-02",,,"1.56",",,N",,,,
"US1MESG0021","43.856217","-69.850893","20.1","2021-09-03",,,"0.00",",,N","0.0",",,N",,
"US1MESG0021","43.856217","-69.850893","20.1","2021-09-04",,,"0.00",",,N","0.0",",,N",,
"US1MESG0021","43.856217","-69.850893","20.1","2021-09-05",,,"0.00",",,N","0.0",",,N",,
"US1MESG0021","43.856217","-69.850893","20.1","2021-09-06",,,"0.12",",,N",,,,
"US1MESG0021","43.856217","-69.850893","20.1","2021-09-07",,,"0.20",",,N",,,,
"US1MESG0021","43.856217","-69.850893","20.1","2021-09-08",,,"0.00",",,N","0.0",",,N",,
"US1MESG0021","43.856217","-69.850893","20.1","2021-09-09",,,"0.00",",,N","0.0",",,N",,
"US1MESG0021","43.856217","-69.850893","20.1","2021-09-10",,,"0.88",",,N",,,,
"US1MESG0021","43.856217","-69.850893","20.1","2021-09-11",,,"0.00",",,N","0.0",",,N",,
"US1MESG0021","43.856217","-69.850893","20.1","2021-09-12",,,"0.00",",,N","0.0",",,N",,
"US1MESG0021","43.856217","-69.850893","20.1","2021-09-13",,,"0.00",",,N","0.0",",,N",,
"US1MESG0021","43.856217","-69.850893","20.1","2021-09-14",,,"0.00",",,N","0.0",",,N",,
"US1MESG0021","43.856217","-69.850893","20.1","2021-09-15",,,"0.00",",,N","0.0",",,N",,
"US1MESG0021","43.856217","-69.850893","20.1","2021-09-16",,,"0.18",",,N",,,,
"US1MESG0021","43.856217","-69.850893","20.1","2021-09-17",,,"0.00",",,N","0.0",",,N",,
"US1MESG0021","43.856217","-69.850893","20.1","2021-09-18",,,"0.01",",,N",,,,
"US1MESG0021","43.856217","-69.850893","20.1","2021-09-19",,,"0.02",",,N",,,,
"US1MESG0021","43.856217","-69.850893","20.1","2021-09-20",,,"0.00",",,N","0.0",",,N",,
"US1MESG0021","43.856217","-69.850893","20.1","2021-09-21",,,"0.00",",,N","0.0",",,N",,
"US1MESG0021","43.856217","-69.850893","20.1","2021-09-22",,,"0.02",",,N","0.0",",,N",,
"US1MESG0021","43.856217","-69.850893","20.1","2021-09-23",,,"0.00",",,N","0.0",",,N",,
"US1MESG0021","43.856217","-69.850893","20.1","2021-09-24",,,"0.01",",,N",,,,
"US1MESG0021","43.856217","-69.850893","20.1","2021-09-25",,,"0.12",",,N",,,,
"US1MESG0021","43.856217","-69.850893","20.1","2021-09-26",,,"5.55",",O,N",,,,
"US1MESG0021","43.856217","-69.850893","20.1","2021-09-27",,,"0.02",",,N",,,,
"US1MESG0021","43.856217","-69.850893","20.1","2021-09-28",,,"0.00",",,N","0.0",",,N",,
"US1MESG0021","43.856217","-69.850893","20.1","2021-09-29",,,"0.00",",,N","0.0",",,N",,
"US1MESG0021","43.856217","-69.850893","20.1","2021-09-30",,,"0.01",",,N",,,,
"US1MESG0021","43.856217","-69.850893","20.1","2021-10-01",,,"0.22",",,N",,,,
"US1MESG0021","43.856217","-69.850893","20.1","2021-10-02",,,"0.01",",,N",,,,
"US1MESG0021","43.856217","-69.850893","20.1","2021-10-03",,,"0.04",",,N",,,,
"US1MESG0021","43.856217","-69.850893","20.1","2021-10-04",,,"0.12",",,N",,,,
"US1MESG0021","43.856217","-69.850893","20.1","2021-10-05",,,"0.00",",,N","0.0",",,N",,
"US1MESG0021","43.856217","-69.850893","20.1","2021-10-06",,,"0.00",",,N","0.0",",,N",,
"US1MESG0021","43.856217","-69.850893","20.1","2021-10-07",,,"0.00",",,N","0.0",",,N",,
"US1MESG0021","43.856217","-69.850893","20.1","2021-10-08",,,"0.00",",,N","0.0",",,N",,
"US1MESG0021","43.856217","-69.850893","20.1","2021-10-09",,,"0.00",",,N","0.0",",,N",,
"US1MESG0021","43.856217","-69.850893","20.1","2021-10-10",,,"0.00",",,N","0.0",",,N",,
"US1MESG0021","43.856217","-69.850893","20.1","2021-10-11",,,"0.00",",,N","0.0",",,N",,
"US1MESG0021","43.856217","-69.850893","20.1","2021-10-12",,,"0.00",",,N","0.0",",,N",,
"US1MESG0021","43.856217","-69.850893","20.1","2021-10-13",,,"0.00",",,N","0.0",",,N",,
"US1MESG0021","43.856217","-69.850893","20.1","2021-10-14",,,"0.00",",,N","0.0",",,N",,
"US1MESG0021","43.856217","-69.850893","20.1","2021-10-15",,,"0.00",",,N","0.0",",,N",,
"US1MESG0021","43.856217","-69.850893","20.1","2021-10-16",,,"1.38",",,N",,,,
"US1MESG0021","43.856217","-69.850893","20.1","2021-10-17",,,"0.14",",,N",,,,
"US1MESG0021","43.856217","-69.850893","20.1","2021-10-18",,,"0.00",",,N","0.0",",,N",,
"US1MESG0021","43.856217","-69.850893","20.1","2021-10-19",,,"0.00",",,N","0.0",",,N",,
"US1MESG0021","43.856217","-69.850893","20.1","2021-10-20",,,"0.00",",,N","0.0",",,N",,
"US1MESG0021","43.856217","-69.850893","20.1","2021-10-21",,,"0.00",",,N","0.0",",,N",,
"US1MESG0021","43.856217","-69.850893","20.1","2021-10-22",,,"0.13",",,N",,,,
"US1MESG0021","43.856217","-69.850893","20.1","2021-10-23",,,"0.00",",,N","0.0",",,N",,
"US1MESG0021","43.856217","-69.850893","20.1","2021-10-24",,,"0.00",",,N","0.0",",,N",,
"US1MESG0021","43.856217","-69.850893","20.1","2021-10-25",,,"0.07",",,N",,,,
"US1MESG0021","43.856217","-69.850893","20.1","2021-10-26",,,"0.31",",,N",,,,
"US1MESG0021","43.856217","-69.850893","20.1","2021-10-27",,,"0.70",",,N",,,,
"US1MESG0021","43.856217","-69.850893","20.1","2021-10-28",,,"0.12",",,N",,,,
"US1MESG0021","43.856217","-69.850893","20.1","2021-10-29",,,"0.00",",,N","0.0",",,N",,
"US1MESG0021","43.856217","-69.850893","20.1","2021-10-30",,,"0.10",",,N",,,,
"US1MESG0021","43.856217","-69.850893","20.1","2021-10-31",,,"3.66",",,N",,,,
"US1MESG0021","43.856217","-69.850893","20.1","2021-11-01",,,"0.00",",,N","0.0",",,N",,
"US1MESG0021","43.856217","-69.850893","20.1","2021-11-02",,,"0.00",",,N","0.0",",,N",,
"US1MESG0021","43.856217","-69.850893","20.1","2021-11-03",,,"0.00",",,N","0.0",",,N",,
"US1MESG0021","43.856217","-69.850893","20.1","2021-11-04",,,"0.00",",,N","0.0",",,N",,
"US1MESG0021","43.856217","-69.850893","20.1","2021-11-05",,,"0.00",",,N","0.0",",,N",,
"US1MESG0021","43.856217","-69.850893","20.1","2021-11-06",,,"0.00",",,N","0.0",",,N",,
"US1MESG0021","43.856217","-69.850893","20.1","2021-11-07",,,"0.00",",,N","0.0",",,N",,
"US1MESG0021","43.856217","-69.850893","20.1","2021-11-08",,,"0.00",",,N","0.0",",,N",,
"US1MESG0021","43.856217","-69.850893","20.1","2021-11-09",,,"0.00",",,N","0.0",",,N",,
"US1MESG0021","43.856217","-69.850893","20.1","2021-11-10",,,"0.20",",,N",,,,
"US1MESG0021","43.856217","-69.850893","20.1","2021-11-11",,,"0.00","T,,N",,,,
"US1MESG0021","43.856217","-69.850893","20.1","2021-11-12",,,"0.00",",,N","0.0",",,N",,
"US1MESG0021","43.856217","-69.850893","20.1","2021-11-13",,,"1.07",",,N",,,,
"US1MESG0021","43.856217","-69.850893","20.1","2021-11-14",,,"0.23",",,N",,,,
"US1MESG0021","43.856217","-69.850893","20.1","2021-11-15",,,"0.27",",,N",,,,
"US1MESG0021","43.856217","-69.850893","20.1","2021-11-16",,,"0.07",",,N",,,,
"US1MESG0021","43.856217","-69.850893","20.1","2021-11-17",,,"0.00",",,N","0.0",",,N",,
"US1MESG0021","43.856217","-69.850893","20.1","2021-11-18",,,"0.10",",,N",,,,
"US1MESG0021","43.856217","-69.850893","20.1","2021-11-19",,,"0.34",",,N",,,,
"US1MESG0021","43.856217","-69.850893","20.1","2021-11-20",,,"0.00","T,,N",,,,
"US1MESG0021","43.856217","-69.850893","20.1","2021-11-21",,,"0.00",",,N","0.0",",,N",,
"US1MESG0021","43.856217","-69.850893","20.1","2021-11-22",,,"1.67",",,N",,,,
"US1MESG0021","43.856217","-69.850893","20.1","2021-11-23",,,"0.04",",,N",,,,
"US1MESG0021","43.856217","-69.850893","20.1","2021-11-24",,,"0.00",",,N","0.0",",,N",,
"US1MESG0021","43.856217","-69.850893","20.1","2021-11-25",,,"0.00",",,N","0.0",",,N",,
"US1MESG0021","43.856217","-69.850893","20.1","2021-11-26",,,"0.00","T,,N",,,,
"US1MESG0021","43.856217","-69.850893","20.1","2021-11-27",,,"0.58",",,N",,,,
"US1MESG0016","43.9654846191406","-69.8855590820313","2.1","2021-08-01",,,"0.00",",,N","0.0",",,N",,
"US1MESG0016","43.9654846191406","-69.8855590820313","2.1","2021-08-02",,,"0.00",",,N","0.0",",,N",,
"US1MESG0016","43.9654846191406","-69.8855590820313","2.1","2021-08-03",,,"0.02",",,N",,,,
"US1MESG0016","43.9654846191406","-69.8855590820313","2.1","2021-08-04",,,"0.00",",,N","0.0",",,N",,
"US1MESG0016","43.9654846191406","-69.8855590820313","2.1","2021-08-05",,,"0.40",",,N",,,,
"US1MESG0016","43.9654846191406","-69.8855590820313","2.1","2021-08-06",,,"0.33",",,N",,,,
"US1MESG0016","43.9654846191406","-69.8855590820313","2.1","2021-08-07",,,"0.00",",,N","0.0",",,N",,
"US1MESG0016","43.9654846191406","-69.8855590820313","2.1","2021-08-08",,,"0.00",",,N","0.0",",,N",,
"US1MESG0016","43.9654846191406","-69.8855590820313","2.1","2021-08-09",,,"0.00",",,N","0.0",",,N",,
"US1MESG0016","43.9654846191406","-69.8855590820313","2.1","2021-08-10",,,"0.00",",,N","0.0",",,N",,
"US1MESG0016","43.9654846191406","-69.8855590820313","2.1","2021-08-11",,,"0.00",",,N","0.0",",,N",,
"US1MESG0016","43.9654846191406","-69.8855590820313","2.1","2021-08-12",,,"0.00",",,N","0.0",",,N",,
"US1MESG0016","43.9654846191406","-69.8855590820313","2.1","2021-08-13",,,"0.00",",,N","0.0",",,N",,
"US1MESG0016","43.9654846191406","-69.8855590820313","2.1","2021-08-14",,,"0.00",",,N","0.0",",,N",,
"US1MESG0016","43.9654846191406","-69.8855590820313","2.1","2021-08-15",,,"0.03",",,N",,,,
"US1MESG0016","43.9654846191406","-69.8855590820313","2.1","2021-08-16",,,"0.00",",,N","0.0",",,N",,
"US1MESG0016","43.9654846191406","-69.8855590820313","2.1","2021-08-17",,,"0.00",",,N","0.0",",,N",,
"US1MESG0016","43.9654846191406","-69.8855590820313","2.1","2021-08-18",,,"0.00","T,,N",,,,
"US1MESG0016","43.9654846191406","-69.8855590820313","2.1","2021-08-19",,,"0.00","T,,N",,,,
"US1MESG0016","43.9654846191406","-69.8855590820313","2.1","2021-08-20",,,"0.93",",,N",,,,
"US1MESG0016","43.9654846191406","-69.8855590820313","2.1","2021-08-21",,,"0.00",",,N","0.0",",,N",,
"US1MESG0016","43.9654846191406","-69.8855590820313","2.1","2021-08-22",,,"0.00","T,,N",,,,
"US1MESG0016","43.9654846191406","-69.8855590820313","2.1","2021-08-23",,,"0.33",",,N",,,,
"US1MESG0016","43.9654846191406","-69.8855590820313","2.1","2021-08-24",,,"0.04",",,N",,,,
"US1MESG0016","43.9654846191406","-69.8855590820313","2.1","2021-08-25",,,"0.00",",,N","0.0",",,N",,
"US1MESG0016","43.9654846191406","-69.8855590820313","2.1","2021-08-26",,,"0.00",",,N","0.0",",,N",,
"US1MESG0016","43.9654846191406","-69.8855590820313","2.1","2021-08-27",,,"0.00",",,N","0.0",",,N",,
"US1MESG0016","43.9654846191406","-69.8855590820313","2.1","2021-08-28",,,"0.00",",,N","0.0",",,N",,
"US1MESG0016","43.9654846191406","-69.8855590820313","2.1","2021-08-29",,,"0.02",",,N",,,,
"US1MESG0016","43.9654846191406","-69.8855590820313","2.1","2021-08-30",,,"0.00","T,,N",,,,
"US1MESG0016","43.9654846191406","-69.8855590820313","2.1","2021-08-31",,,"0.04",",,N",,,,
"US1MESG0016","43.9654846191406","-69.8855590820313","2.1","2021-09-01",,,"0.00",",,N","0.0",",,N",,
"US1MESG0016","43.9654846191406","-69.8855590820313","2.1","2021-09-02",,,"1.23",",,N",,,,
"US1MESG0016","43.9654846191406","-69.8855590820313","2.1","2021-09-03",,,"0.03",",,N",,,,
"US1MESG0016","43.9654846191406","-69.8855590820313","2.1","2021-09-04",,,"0.02",",,N",,,,
"US1MESG0016","43.9654846191406","-69.8855590820313","2.1","2021-09-05",,,"0.00",",,N","0.0",",,N",,
"US1MESG0016","43.9654846191406","-69.8855590820313","2.1","2021-09-06",,,"0.16",",,N",,,,
"US1MESG0016","43.9654846191406","-69.8855590820313","2.1","2021-09-07",,,"0.23",",,N",,,,
"US1MESG0016","43.9654846191406","-69.8855590820313","2.1","2021-09-08",,,"0.00",",,N","0.0",",,N",,
"US1MESG0016","43.9654846191406","-69.8855590820313","2.1","2021-09-09",,,"0.04",",,N",,,,
"US1MESG0016","43.9654846191406","-69.8855590820313","2.1","2021-09-10",,,"0.82",",,N",,,,
"US1MESG0016","43.9654846191406","-69.8855590820313","2.1","2021-09-11",,,"0.01",",,N",,,,
"US1MESG0016","43.9654846191406","-69.8855590820313","2.1","2021-09-12",,,"0.00",",,N","0.0",",,N",,
"US1MESG0016","43.9654846191406","-69.8855590820313","2.1","2021-09-13",,,"0.00","T,,N",,,,
"US1MESG0016","43.9654846191406","-69.8855590820313","2.1","2021-09-14",,,"0.00",",,N","0.0",",,N",,
"US1MESG0016","43.9654846191406","-69.8855590820313","2.1","2021-09-15",,,"0.00",",,N","0.0",",,N",,
"US1MESG0016","43.9654846191406","-69.8855590820313","2.1","2021-09-16",,,"0.35",",,N",,,,
"US1MESG0016","43.9654846191406","-69.8855590820313","2.1","2021-09-17",,,"0.00",",,N","0.0",",,N",,
"US1MESG0016","43.9654846191406","-69.8855590820313","2.1","2021-09-18",,,"0.02",",,N",,,,
"US1MESG0016","43.9654846191406","-69.8855590820313","2.1","2021-09-19",,,"0.07",",,N",,,,
"US1MESG0016","43.9654846191406","-69.8855590820313","2.1","2021-09-20",,,"0.00",",,N","0.0",",,N",,
"US1MESG0016","43.9654846191406","-69.8855590820313","2.1","2021-09-21",,,"0.00",",,N","0.0",",,N",,
"US1MESG0016","43.9654846191406","-69.8855590820313","2.1","2021-09-22",,,"0.00","T,,N",,,,
"US1MESG0016","43.9654846191406","-69.8855590820313","2.1","2021-09-23",,,"0.00",",,N","0.0",",,N",,
"US1MESG0016","43.9654846191406","-69.8855590820313","2.1","2021-09-24",,,"0.03",",,N",,,,
"US1MESG0016","43.9654846191406","-69.8855590820313","2.1","2021-09-25",,,"0.16",",,N",,,,
"US1MESG0016","43.9654846191406","-69.8855590820313","2.1","2021-09-26",,,"3.78",",,N",,,,
"US1MESG0016","43.9654846191406","-69.8855590820313","2.1","2021-09-27",,,"0.55",",,N",,,,
"US1MESG0016","43.9654846191406","-69.8855590820313","2.1","2021-09-28",,,"0.02",",,N",,,,
"US1MESG0016","43.9654846191406","-69.8855590820313","2.1","2021-09-29",,,"0.00","T,,N",,,,
"US1MESG0016","43.9654846191406","-69.8855590820313","2.1","2021-09-30",,,"0.00","T,,N",,,,
"US1MESG0016","43.9654846191406","-69.8855590820313","2.1","2021-10-01",,,"0.35",",,N",,,,
"US1MESG0016","43.9654846191406","-69.8855590820313","2.1","2021-10-02",,,"0.01",",,N",,,,
"US1MESG0016","43.9654846191406","-69.8855590820313","2.1","2021-10-03",,,"0.02",",,N",,,,
"US1MESG0016","43.9654846191406","-69.8855590820313","2.1","2021-10-04",,,"0.24",",,N",,,,
"US1MESG0016","43.9654846191406","-69.8855590820313","2.1","2021-10-05",,,"0.00",",,N","0.0",",,N",,
"US1MESG0016","43.9654846191406","-69.8855590820313","2.1","2021-10-06",,,"0.00",",,N","0.0",",,N",,
"US1MESG0016","43.9654846191406","-69.8855590820313","2.1","2021-10-07",,,"0.00",",,N","0.0",",,N",,
"US1MESG0016","43.9654846191406","-69.8855590820313","2.1","2021-10-08",,,"0.00",",,N","0.0",",,N",,
"US1MESG0016","43.9654846191406","-69.8855590820313","2.1","2021-10-09",,,"0.00",",,N","0.0",",,N",,
"US1MESG0016","43.9654846191406","-69.8855590820313","2.1","2021-10-10",,,"0.00","T,,N",,,,
"US1MESG0016","43.9654846191406","-69.8855590820313","2.1","2021-10-11",,,"0.00",",,N","0.0",",,N",,
"US1MESG0016","43.9654846191406","-69.8855590820313","2.1","2021-10-12",,,"0.00",",,N","0.0",",,N",,
"US1MESG0016","43.9654846191406","-69.8855590820313","2.1","2021-10-13",,,"0.00",",,N","0.0",",,N",,
"US1MESG0016","43.9654846191406","-69.8855590820313","2.1","2021-10-14",,,"0.00",",,N","0.0",",,N",,
"US1MESG0016","43.9654846191406","-69.8855590820313","2.1","2021-10-15",,,"0.00",",,N","0.0",",,N",,
"US1MESG0016","43.9654846191406","-69.8855590820313","2.1","2021-10-16",,,"0.99",",,N",,,,
"US1MESG0016","43.9654846191406","-69.8855590820313","2.1","2021-10-17",,,"0.49",",,N",,,,
"US1MESG0016","43.9654846191406","-69.8855590820313","2.1","2021-10-18",,,"0.02",",,N",,,,
"US1MESG0016","43.9654846191406","-69.8855590820313","2.1","2021-10-19",,,"0.00","T,,N",,,,
"US1MESG0016","43.9654846191406","-69.8855590820313","2.1","2021-10-20",,,"0.00",",,N","0.0",",,N",,
"US1MESG0016","43.9654846191406","-69.8855590820313","2.1","2021-10-21",,,"0.00",",,N","0.0",",,N",,
"US1MESG0016","43.9654846191406","-69.8855590820313","2.1","2021-10-22",,,"0.04",",,N",,,,
"US1MESG0016","43.9654846191406","-69.8855590820313","2.1","2021-10-23",,,"0.00",",,N","0.0",",,N",,
"US1MESG0016","43.9654846191406","-69.8855590820313","2.1","2021-10-24",,,"0.00","T,,N",,,,
"US1MESG0016","43.9654846191406","-69.8855590820313","2.1","2021-10-25",,,"0.01",",,N",,,,
"US1MESG0016","43.9654846191406","-69.8855590820313","2.1","2021-10-26",,,"0.28",",,N",,,,
"US1MESG0016","43.9654846191406","-69.8855590820313","2.1","2021-10-27",,,"0.47",",,N",,,,
"US1MESG0016","43.9654846191406","-69.8855590820313","2.1","2021-10-28",,,"0.13",",,N",,,,
"US1MESG0016","43.9654846191406","-69.8855590820313","2.1","2021-10-29",,,"0.00",",,N","0.0",",,N",,
"US1MESG0016","43.9654846191406","-69.8855590820313","2.1","2021-10-30",,,"0.02",",,N",,,,
"US1MESG0016","43.9654846191406","-69.8855590820313","2.1","2021-10-31",,,"3.30",",,N",,,,
"US1MESG0016","43.9654846191406","-69.8855590820313","2.1","2021-11-01",,,"0.06",",,N",,,,
"US1MESG0016","43.9654846191406","-69.8855590820313","2.1","2021-11-02",,,"0.00",",,N","0.0",",,N",,
"US1MESG0016","43.9654846191406","-69.8855590820313","2.1","2021-11-03",,,"0.00",",,N","0.0",",,N",,
"US1MESG0016","43.9654846191406","-69.8855590820313","2.1","2021-11-06",,,"0.00",",,N","0.0",",,N",,
"US1MESG0016","43.9654846191406","-69.8855590820313","2.1","2021-11-07",,,"0.00",",,N","0.0",",,N",,
"US1MESG0016","43.9654846191406","-69.8855590820313","2.1","2021-11-08",,,"0.00",",,N","0.0",",,N",,
"US1MESG0016","43.9654846191406","-69.8855590820313","2.1","2021-11-09",,,"0.00",",,N","0.0",",,N",,
"US1MESG0016","43.9654846191406","-69.8855590820313","2.1","2021-11-10",,,"0.16",",,N",,,,
"US1MESG0016","43.9654846191406","-69.8855590820313","2.1","2021-11-11",,,"0.14",",,N",,,,
"US1MESG0016","43.9654846191406","-69.8855590820313","2.1","2021-11-12",,,"0.00",",,N","0.0",",,N",,
"US1MESG0016","43.9654846191406","-69.8855590820313","2.1","2021-11-13",,,"1.04",",,N",,,,
"US1MESG0016","43.9654846191406","-69.8855590820313","2.1","2021-11-14",,,"0.27",",,N",,,,
"US1MESG0016","43.9654846191406","-69.8855590820313","2.1","2021-11-15",,,"0.25",",,N",,,,
"US1MESG0016","43.9654846191406","-69.8855590820313","2.1","2021-11-16",,,"0.02",",,N",,,,
"US1MESG0016","43.9654846191406","-69.8855590820313","2.1","2021-11-17",,,"0.00",",,N","0.0",",,N",,
"US1MESG0016","43.9654846191406","-69.8855590820313","2.1","2021-11-18",,,"0.09",",,N",,,,
"US1MESG0016","43.9654846191406","-69.8855590820313","2.1","2021-11-19",,,"0.33",",,N",,,,
"US1MESG0016","43.9654846191406","-69.8855590820313","2.1","2021-11-20",,,"0.02",",,N",,,,
"US1MESG0016","43.9654846191406","-69.8855590820313","2.1","2021-11-21",,,"0.00",",,N","0.0",",,N",,
"US1MESG0016","43.9654846191406","-69.8855590820313","2.1","2021-11-22",,,"0.72",",,N",,,,
"US1MESG0016","43.9654846191406","-69.8855590820313","2.1","2021-11-23",,,"0.41",",,N",,,,
"US1MESG0016","43.9654846191406","-69.8855590820313","2.1","2021-11-24",,,"0.00",",,N","0.0",",,N",,
"US1MESG0016","43.9654846191406","-69.8855590820313","2.1","2021-11-25",,,"0.00",",,N","0.0",",,N",,
"US1MESG0016","43.9654846191406","-69.8855590820313","2.1","2021-11-26",,,"0.00",",,N","0.0",",,N",,
"US1MESG0016","43.9654846191406","-69.8855590820313","2.1","2021-11-27",,,"0.52",",,N","0.2",",,N",,
"US1MESG0016","43.9654846191406","-69.8855590820313","2.1","2021-11-28",,,"0.00",",,N","0.0",",,N",,
"USC00174193","43.3605","-70.4697","6.1","2021-08-01",,,"0.00",",,7,0700","0.0",",,7,0700",,
"USC00174193","43.3605","-70.4697","6.1","2021-08-02",,,"0.01",",,7,0700","0.0",",,7,0700",,
"USC00174193","43.3605","-70.4697","6.1","2021-08-03",,,"0.00",",,7,0700","0.0",",,7,0700",,
"USC00174193","43.3605","-70.4697","6.1","2021-08-04",,,"0.00",",,7,0700","0.0",",,7,0700",,
"USC00174193","43.3605","-70.4697","6.1","2021-08-05",,,"0.37",",,7,0700","0.0",",,7,0700",,
"USC00174193","43.3605","-70.4697","6.1","2021-08-06",,,"0.22",",,7,0700","0.0",",,7,0700",,
"USC00174193","43.3605","-70.4697","6.1","2021-08-07",,,"0.00",",,7,0700","0.0",",,7,0700",,
"USC00174193","43.3605","-70.4697","6.1","2021-08-08",,,"0.00",",,7,0700","0.0",",,7,0700",,
"USC00174193","43.3605","-70.4697","6.1","2021-08-09",,,"0.00",",,7,0700","0.0",",,7,0700",,
"USC00174193","43.3605","-70.4697","6.1","2021-08-10",,,"0.02",",,7,0700","0.0",",,7,0700",,
"USC00174193","43.3605","-70.4697","6.1","2021-08-11",,,"0.03",",,7,0700","0.0",",,7,0700",,
"USC00174193","43.3605","-70.4697","6.1","2021-08-12",,,"0.00",",,7,0700","0.0",",,7,0700",,
"USC00174193","43.3605","-70.4697","6.1","2021-08-13",,,"0.00",",,7,0700","0.0",",,7,0700",,
"USC00174193","43.3605","-70.4697","6.1","2021-08-14",,,"0.00",",,7,0700","0.0",",,7,0700",,
"USC00174193","43.3605","-70.4697","6.1","2021-08-15",,,"0.00",",,7,0700","0.0",",,7,0700",,
"USC00174193","43.3605","-70.4697","6.1","2021-08-16",,,"0.00",",,7,0700","0.0",",,7,0700",,
"USC00174193","43.3605","-70.4697","6.1","2021-08-17",,,"0.00",",,7,0700","0.0",",,7,0700",,
"USC00174193","43.3605","-70.4697","6.1","2021-08-18",,,"0.00",",,7,0700","0.0",",,7,0700",,
"USC00174193","43.3605","-70.4697","6.1","2021-08-19",,,"0.00",",,7,0700","0.0",",,7,0700",,
"USC00174193","43.3605","-70.4697","6.1","2021-08-20",,,"2.45",",,7,0700","0.0",",,7,0700",,
"USC00174193","43.3605","-70.4697","6.1","2021-08-21",,,"0.00",",,7,0700","0.0",",,7,0700",,
"USC00174193","43.3605","-70.4697","6.1","2021-08-22",,,"0.05",",,7,0700","0.0",",,7,0700",,
"USC00174193","43.3605","-70.4697","6.1","2021-08-23",,,"0.69",",,7,0700","0.0",",,7,0700",,
"USC00174193","43.3605","-70.4697","6.1","2021-08-24",,,"0.92",",,7,0700","0.0",",,7,0700",,
"USC00174193","43.3605","-70.4697","6.1","2021-08-25",,,"0.00",",,7,0700","0.0",",,7,0700",,
"USC00174193","43.3605","-70.4697","6.1","2021-08-26",,,"0.00",",,7,0700","0.0",",,7,0700",,
"USC00174193","43.3605","-70.4697","6.1","2021-08-27",,,"0.00",",,7,0700","0.0",",,7,0700",,
"USC00174193","43.3605","-70.4697","6.1","2021-08-28",,,"0.00",",,7,0700","0.0",",,7,0700",,
"USC00174193","43.3605","-70.4697","6.1","2021-08-29",,,"0.00",",,7,0700","0.0",",,7,0700",,
"USC00174193","43.3605","-70.4697","6.1","2021-08-30",,,"0.00",",,7,0700","0.0",",,7,0700",,
"USC00174193","43.3605","-70.4697","6.1","2021-08-31",,,"0.00",",,7,0700","0.0",",,7,0700",,
"USC00174193","43.3605","-70.4697","6.1","2021-09-01",,,"0.00",",,7,0700","0.0",",,7,0700",,
"USC00174193","43.3605","-70.4697","6.1","2021-09-02",,,"2.43",",,7,0700","0.0",",,7,0700",,
"USC00174193","43.3605","-70.4697","6.1","2021-09-03",,,"0.00",",,7,0700","0.0",",,7,0700",,
"USC00174193","43.3605","-70.4697","6.1","2021-09-04",,,"0.00",",,7,0700","0.0",",,7,0700",,
"USC00174193","43.3605","-70.4697","6.1","2021-09-05",,,"0.00",",,7,0700","0.0",",,7,0700",,
"USC00174193","43.3605","-70.4697","6.1","2021-09-06",,,"0.13",",,7,0700","0.0",",,7,0700",,
"USC00174193","43.3605","-70.4697","6.1","2021-09-07",,,"0.12",",,7,0700","0.0",",,7,0700",,
"USC00174193","43.3605","-70.4697","6.1","2021-09-08",,,"0.00",",,7,0700","0.0",",,7,0700",,
"USC00174193","43.3605","-70.4697","6.1","2021-09-09",,,"0.06",",,7,0700","0.0",",,7,0700",,
"USC00174193","43.3605","-70.4697","6.1","2021-09-10",,,"0.77",",,7,0700","0.0",",,7,0700",,
"USC00174193","43.3605","-70.4697","6.1","2021-09-11",,,"0.01",",,7,0700","0.0",",,7,0700",,
"USC00174193","43.3605","-70.4697","6.1","2021-09-12",,,"0.00",",,7,0700","0.0",",,7,0700",,
"USC00174193","43.3605","-70.4697","6.1","2021-09-13",,,"0.15",",,7,0700","0.0",",,7,0700",,
"USC00174193","43.3605","-70.4697","6.1","2021-09-14",,,"0.00",",,7,0700","0.0",",,7,0700",,
"USC00174193","43.3605","-70.4697","6.1","2021-09-15",,,"0.00",",,7,0700","0.0",",,7,0700",,
"USC00174193","43.3605","-70.4697","6.1","2021-09-16",,,"0.37",",,7,0700","0.0",",,7,0700",,
"USC00174193","43.3605","-70.4697","6.1","2021-09-17",,,"0.00",",,7,0700","0.0",",,7,0700",,
"USC00174193","43.3605","-70.4697","6.1","2021-09-18",,,"0.00",",,7,0700","0.0",",,7,0700",,
"USC00174193","43.3605","-70.4697","6.1","2021-09-19",,,"0.00",",,7,0700","0.0",",,7,0700",,
"USC00174193","43.3605","-70.4697","6.1","2021-09-20",,,"0.00",",,7,0700","0.0",",,7,0700",,
"USC00174193","43.3605","-70.4697","6.1","2021-09-21",,,"0.00",",,7,0700","0.0",",,7,0700",,
"USC00174193","43.3605","-70.4697","6.1","2021-09-22",,,"0.00",",,7,0700","0.0",",,7,0700",,
"USC00174193","43.3605","-70.4697","6.1","2021-09-23",,,"0.00",",,7,0700","0.0",",,7,0700",,
"USC00174193","43.3605","-70.4697","6.1","2021-09-24",,,"0.00",",,7,0700","0.0",",,7,0700",,
"USC00174193","43.3605","-70.4697","6.1","2021-09-25",,,"0.16",",,7,0700","0.0",",,7,0700",,
"USC00174193","43.3605","-70.4697","6.1","2021-09-26",,,"0.55",",,7,0700","0.0",",,7,0700",,
"USC00174193","43.3605","-70.4697","6.1","2021-09-27",,,"0.08",",,7,0700","0.0",",,7,0700",,
"USC00174193","43.3605","-70.4697","6.1","2021-09-28",,,"0.00",",,7,0700","0.0",",,7,0700",,
"USC00174193","43.3605","-70.4697","6.1","2021-09-29",,,"0.00",",,7,0700","0.0",",,7,0700",,
"USC00174193","43.3605","-70.4697","6.1","2021-09-30",,,"0.00",",,7,0700","0.0",",,7,0700",,
"USC00174193","43.3605","-70.4697","6.1","2021-10-01",,,"0.01",",,7,0700","0.0",",,7,0700",,
"USC00174193","43.3605","-70.4697","6.1","2021-10-02",,,"0.00",",,7,0700","0.0",",,7,0700",,
"USC00174193","43.3605","-70.4697","6.1","2021-10-03",,,"0.00",",,7,0700","0.0",",,7,0700",,
"USC00174193","43.3605","-70.4697","6.1","2021-10-04",,,"0.01",",,7,0700","0.0",",,7,0700",,
"USC00174193","43.3605","-70.4697","6.1","2021-10-05",,,"0.12",",,7,0700","0.0",",,7,0700",,
"USC00174193","43.3605","-70.4697","6.1","2021-10-06",,,"0.00",",,7,0700","0.0",",,7,0700",,
"USC00174193","43.3605","-70.4697","6.1","2021-10-07",,,"0.00",",,7,0700","0.0",",,7,0700",,
"USC00174193","43.3605","-70.4697","6.1","2021-10-08",,,"0.00",",,7,0700","0.0",",,7,0700",,
"USC00174193","43.3605","-70.4697","6.1","2021-10-09",,,"0.00",",,7,0700","0.0",",,7,0700",,
"USC00174193","43.3605","-70.4697","6.1","2021-10-10",,,"0.00",",,7,0700","0.0",",,7,0700",,
"USC00174193","43.3605","-70.4697","6.1","2021-10-11",,,"0.00",",,7,0700","0.0",",,7,0700",,
"USC00174193","43.3605","-70.4697","6.1","2021-10-12",,,"0.00",",,7,0700","0.0",",,7,0700",,
"USC00174193","43.3605","-70.4697","6.1","2021-10-13",,,"0.00",",,7,0700","0.0",",,7,0700",,
"USC00174193","43.3605","-70.4697","6.1","2021-10-14",,,"0.00",",,7,0700","0.0",",,7,0700",,
"USC00174193","43.3605","-70.4697","6.1","2021-10-15",,,"0.00",",,7,0700","0.0",",,7,0700",,
"USC00174193","43.3605","-70.4697","6.1","2021-10-16",,,"0.05",",,7,0700","0.0",",,7,0700",,
"USC00174193","43.3605","-70.4697","6.1","2021-10-17",,,"0.48",",,7,0700","0.0",",,7,0700",,
"USC00174193","43.3605","-70.4697","6.1","2021-10-18",,,"0.00",",,7,0700","0.0",",,7,0700",,
"USC00174193","43.3605","-70.4697","6.1","2021-10-19",,,"0.12",",,7,0700","0.0",",,7,0700",,
"USC00174193","43.3605","-70.4697","6.1","2021-10-20",,,"0.00",",,7,0700","0.0",",,7,0700",,
"USC00174193","43.3605","-70.4697","6.1","2021-10-21",,,"0.00",",,7,0700","0.0",",,7,0700",,
"USC00174193","43.3605","-70.4697","6.1","2021-10-22",,,"0.02",",,7,0700","0.0",",,7,0700",,
"USC00174193","43.3605","-70.4697","6.1","2021-10-23",,,"0.00",",,7,0700","0.0",",,7,0700",,
"USC00174193","43.3605","-70.4697","6.1","2021-10-24",,,"0.00",",,7,0700","0.0",",,7,0700",,
"USC00174193","43.3605","-70.4697","6.1","2021-10-25",,,"0.03",",,7,0700","0.0",",,7,0700",,
"USC00174193","43.3605","-70.4697","6.1","2021-10-26",,,"0.38",",,7,0700","0.0",",,7,0700",,
"USC00174193","43.3605","-70.4697","6.1","2021-10-27",,,"1.58",",,7,0700","0.0",",,7,0700",,
"USC00174193","43.3605","-70.4697","6.1","2021-10-28",,,"0.59",",,7,0700","0.0",",,7,0700",,
"USC00174193","43.3605","-70.4697","6.1","2021-10-29",,,"0.00",",,7,0700","0.0",",,7,0700",,
"USC00174193","43.3605","-70.4697","6.1","2021-10-30",,,"0.78",",,7,0700","0.0",",,7,0700",,
"USC00174193","43.3605","-70.4697","6.1","2021-10-31",,,"5.24",",,7,0700","0.0",",,7,0700",,
"US1MEYK0002","43.0810088","-70.7137736","7.0","2021-08-01",,,"0.00",",,N","0.0",",,N",,
"US1MEYK0002","43.0810088","-70.7137736","7.0","2021-08-02",,,"0.00","T,,N",,,,
"US1MEYK0002","43.0810088","-70.7137736","7.0","2021-08-03",,,"0.00",",,N","0.0",",,N",,
"US1MEYK0002","43.0810088","-70.7137736","7.0","2021-08-04",,,"0.00",",,N","0.0",",,N",,
"US1MEYK0002","43.0810088","-70.7137736","7.0","2021-08-05",,,"0.40",",,N",,,,
"US1MEYK0002","43.0810088","-70.7137736","7.0","2021-08-06",,,"0.30",",,N",,,,
"US1MEYK0002","43.0810088","-70.7137736","7.0","2021-08-07",,,"0.00",",,N","0.0",",,N",,
"US1MEYK0002","43.0810088","-70.7137736","7.0","2021-08-08",,,"0.00",",,N","0.0",",,N",,
"US1MEYK0002","43.0810088","-70.7137736","7.0","2021-08-09",,,"0.00",",,N","0.0",",,N",,
"US1MEYK0002","43.0810088","-70.7137736","7.0","2021-08-10",,,"0.01",",,N",,,,
"US1MEYK0002","43.0810088","-70.7137736","7.0","2021-08-11",,,"0.00",",,N","0.0",",,N",,
"US1MEYK0002","43.0810088","-70.7137736","7.0","2021-08-12",,,"0.00",",,N","0.0",",,N",,
"US1MEYK0002","43.0810088","-70.7137736","7.0","2021-08-13",,,"0.00",",,N","0.0",",,N",,
"US1MEYK0002","43.0810088","-70.7137736","7.0","2021-08-14",,,"0.00",",,N","0.0",",,N",,
"US1MEYK0002","43.0810088","-70.7137736","7.0","2021-08-15",,,"0.00",",,N","0.0",",,N",,
"US1MEYK0002","43.0810088","-70.7137736","7.0","2021-08-16",,,"0.00",",,N","0.0",",,N",,
"US1MEYK0002","43.0810088","-70.7137736","7.0","2021-08-17",,,"0.00",",,N","0.0",",,N",,
"US1MEYK0002","43.0810088","-70.7137736","7.0","2021-08-18",,,"0.00","T,,N",,,,
"US1MEYK0002","43.0810088","-70.7137736","7.0","2021-08-19",,,"0.00",",,N","0.0",",,N",,
"US1MEYK0002","43.0810088","-70.7137736","7.0","2021-08-20",,,"1.62",",,N",,,,
"US1MEYK0002","43.0810088","-70.7137736","7.0","2021-08-21",,,"0.00",",,N","0.0",",,N",,
"US1MEYK0002","43.0810088","-70.7137736","7.0","2021-08-22",,,"0.00",",,N","0.0",",,N",,
"US1MEYK0002","43.0810088","-70.7137736","7.0","2021-08-23",,,"0.68",",,N",,,,
"US1MEYK0002","43.0810088","-70.7137736","7.0","2021-08-24",,,"1.75",",,N","0.0",",,N",,
"US1MEYK0002","43.0810088","-70.7137736","7.0","2021-08-25",,,"0.00","T,,N",,,,
"US1MEYK0002","43.0810088","-70.7137736","7.0","2021-08-26",,,"0.00",",,N","0.0",",,N",,
"US1MEYK0002","43.0810088","-70.7137736","7.0","2021-08-27",,,"0.00",",,N","0.0",",,N",,
"US1MEYK0002","43.0810088","-70.7137736","7.0","2021-08-28",,,"0.00",",,N","0.0",",,N",,
"US1MEYK0002","43.0810088","-70.7137736","7.0","2021-08-29",,,"0.04",",,N",,,,
"US1MEYK0002","43.0810088","-70.7137736","7.0","2021-08-30",,,"0.02",",,N",,,,
"US1MEYK0002","43.0810088","-70.7137736","7.0","2021-08-31",,,"0.00",",,N","0.0",",,N",,
"US1MEYK0002","43.0810088","-70.7137736","7.0","2021-09-01",,,"0.00",",,N","0.0",",,N",,
"US1MEYK0002","43.0810088","-70.7137736","7.0","2021-09-02",,,"2.61",",,N",,,,
"US1MEYK0002","43.0810088","-70.7137736","7.0","2021-09-03",,,"0.00",",,N","0.0",",,N",,
"US1MEYK0002","43.0810088","-70.7137736","7.0","2021-09-04",,,"0.02",",,N",,,,
"US1MEYK0002","43.0810088","-70.7137736","7.0","2021-09-05",,,"0.00",",,N","0.0",",,N",,
"US1MEYK0002","43.0810088","-70.7137736","7.0","2021-09-06",,,"0.02",",,N",,,,
"US1MEYK0002","43.0810088","-70.7137736","7.0","2021-09-07",,,"0.00",",,N","0.0",",,N",,
"US1MEYK0002","43.0810088","-70.7137736","7.0","2021-09-08",,,"0.00",",,N","0.0",",,N",,
"US1MEYK0002","43.0810088","-70.7137736","7.0","2021-09-09",,,"0.02",",,N",,,,
"US1MEYK0002","43.0810088","-70.7137736","7.0","2021-09-10",,,"0.85",",,N",,,,
"US1MEYK0002","43.0810088","-70.7137736","7.0","2021-09-11",,,"0.00",",,N","0.0",",,N",,
"US1MEYK0002","43.0810088","-70.7137736","7.0","2021-09-12",,,"0.00",",,N","0.0",",,N",,
"US1MEYK0002","43.0810088","-70.7137736","7.0","2021-09-23",,,,,,,,
"US1MEYK0002","43.0810088","-70.7137736","7.0","2021-09-24",,,"0.02",",,N",,,,
"US1MEYK0002","43.0810088","-70.7137736","7.0","2021-09-25",,,"0.02",",,N",,,,
"US1MEYK0002","43.0810088","-70.7137736","7.0","2021-09-26",,,"0.65",",,N",,,,
"US1MEYK0002","43.0810088","-70.7137736","7.0","2021-09-27",,,"0.00",",,N","0.0",",,N",,
"US1MEYK0002","43.0810088","-70.7137736","7.0","2021-09-28",,,"0.00","T,,N",,,,
"US1MEYK0002","43.0810088","-70.7137736","7.0","2021-09-29",,,"0.07",",,N",,,,
"US1MEYK0002","43.0810088","-70.7137736","7.0","2021-09-30",,,"0.00","T,,N",,,,
"US1MEYK0002","43.0810088","-70.7137736","7.0","2021-10-01",,,"0.10",",,N",,,,
"US1MEYK0002","43.0810088","-70.7137736","7.0","2021-10-02",,,"0.00",",,N","0.0",",,N",,
"US1MEYK0002","43.0810088","-70.7137736","7.0","2021-10-03",,,"0.00",",,N","0.0",",,N",,
"US1MEYK0002","43.0810088","-70.7137736","7.0","2021-10-04",,,"0.08",",,N",,,,
"US1MEYK0002","43.0810088","-70.7137736","7.0","2021-10-05",,,"0.38",",,N",,,,
"US1MEYK0002","43.0810088","-70.7137736","7.0","2021-10-07",,,"0.00",",,N","0.0",",,N",,
"US1MEYK0002","43.0810088","-70.7137736","7.0","2021-10-08",,,"0.00",",,N","0.0",",,N",,
"US1MEYK0002","43.0810088","-70.7137736","7.0","2021-10-09",,,"0.00",",,N","0.0",",,N",,
"US1MEYK0002","43.0810088","-70.7137736","7.0","2021-10-10",,,"0.00",",,N","0.0",",,N",,
"US1MEYK0002","43.0810088","-70.7137736","7.0","2021-10-11",,,"0.00",",,N","0.0",",,N",,
"US1MEYK0002","43.0810088","-70.7137736","7.0","2021-10-12",,,"0.00",",,N","0.0",",,N",,
"US1MEYK0002","43.0810088","-70.7137736","7.0","2021-10-13",,,"0.00",",,N","0.0",",,N",,
"US1MEYK0002","43.0810088","-70.7137736","7.0","2021-10-14",,,"0.00",",,N","0.0",",,N",,
"US1MEYK0002","43.0810088","-70.7137736","7.0","2021-10-15",,,"0.00",",,N","0.0",",,N",,
"US1MEYK0002","43.0810088","-70.7137736","7.0","2021-10-16",,,"0.00",",,N","0.0",",,N",,
"US1MEYK0002","43.0810088","-70.7137736","7.0","2021-10-17",,,"0.40",",,N",,,,
"US1MEYK0002","43.0810088","-70.7137736","7.0","2021-10-18",,,"0.00",",,N","0.0",",,N",,
"US1MEYK0002","43.0810088","-70.7137736","7.0","2021-10-19",,,"0.00",",,N","0.0",",,N",,
"US1MEYK0002","43.0810088","-70.7137736","7.0","2021-10-20",,,"0.00",",,N","0.0",",,N",,
"US1MEYK0002","43.0810088","-70.7137736","7.0","2021-10-21",,,"0.00",",,N","0.0",",,N",,
"US1MEYK0002","43.0810088","-70.7137736","7.0","2021-10-22",,,"0.00",",,N","0.0",",,N",,
"US1MEYK0002","43.0810088","-70.7137736","7.0","2021-10-23",,,"0.00",",,N","0.0",",,N",,
"US1MEYK0002","43.0810088","-70.7137736","7.0","2021-10-24",,,"0.00",",,N","0.0",",,N",,
"US1MEYK0002","43.0810088","-70.7137736","7.0","2021-10-25",,,"0.01",",,N",,,,
"US1MEYK0002","43.0810088","-70.7137736","7.0","2021-10-26",,,"0.32",",,N",,,,
"US1MEYK0002","43.0810088","-70.7137736","7.0","2021-10-27",,,"0.95",",,N",,,,
"US1MEYK0002","43.0810088","-70.7137736","7.0","2021-10-28",,,"0.06",",,N",,,,
"US1MEYK0002","43.0810088","-70.7137736","7.0","2021-10-29",,,"0.00",",,N","0.0",",,N",,
"US1MEYK0002","43.0810088","-70.7137736","7.0","2021-10-30",,,"0.04",",,N",,,,
"US1MEYK0002","43.0810088","-70.7137736","7.0","2021-10-31",,,"3.63",",,N",,,,
"US1MEYK0002","43.0810088","-70.7137736","7.0","2021-11-01",,,"0.00",",,N","0.0",",,N",,
"US1MEYK0002","43.0810088","-70.7137736","7.0","2021-11-02",,,"0.00",",,N","0.0",",,N",,
"US1MEYK0002","43.0810088","-70.7137736","7.0","2021-11-03",,,"0.00",",,N","0.0",",,N",,
"US1MEYK0002","43.0810088","-70.7137736","7.0","2021-11-04",,,"0.00","T,,N",,,,
"US1MEYK0002","43.0810088","-70.7137736","7.0","2021-11-05",,,"0.00",",,N","0.0",",,N",,
"US1MEYK0002","43.0810088","-70.7137736","7.0","2021-11-06",,,"0.00",",,N","0.0",",,N",,
"US1MEYK0002","43.0810088","-70.7137736","7.0","2021-11-07",,,"0.00",",,N","0.0",",,N",,
"US1MEYK0002","43.0810088","-70.7137736","7.0","2021-11-09",,,"0.00",",,N","0.0",",,N",,
"US1MEYK0002","43.0810088","-70.7137736","7.0","2021-11-10",,,"0.00",",,N","0.0",",,N",,
"US1MEYK0002","43.0810088","-70.7137736","7.0","2021-11-11",,,"0.02",",,N",,,,
"US1MEYK0002","43.0810088","-70.7137736","7.0","2021-11-12",,,"0.00",",,N","0.0",",,N",,
"US1MEYK0002","43.0810088","-70.7137736","7.0","2021-11-13",,,"1.27",",,N",,,,
"US1MEYK0002","43.0810088","-70.7137736","7.0","2021-11-14",,,"0.20",",,N",,,,
"US1MEYK0002","43.0810088","-70.7137736","7.0","2021-11-15",,,"0.08",",,N",,,,
"US1MEYK0002","43.0810088","-70.7137736","7.0","2021-11-16",,,"0.00",",,N","0.0",",,N",,
"US1MEYK0002","43.0810088","-70.7137736","7.0","2021-11-17",,,"0.00",",,N","0.0",",,N",,
"US1MEYK0002","43.0810088","-70.7137736","7.0","2021-11-18",,,"0.00",",,N","0.0",",,N",,
"US1MEYK0002","43.0810088","-70.7137736","7.0","2021-11-19",,,"0.16",",,N",,,,
"US1MEYK0002","43.0810088","-70.7137736","7.0","2021-11-20",,,"0.00",",,N","0.0",",,N",,
"US1MEYK0002","43.0810088","-70.7137736","7.0","2021-11-21",,,"0.00",",,N","0.0",",,N",,
"US1MEYK0002","43.0810088","-70.7137736","7.0","2021-11-22",,,"0.34",",,N",,,,
"US1MEYK0002","43.0810088","-70.7137736","7.0","2021-11-23",,,"0.00",",,N","0.0",",,N",,
"US1MEYK0002","43.0810088","-70.7137736","7.0","2021-11-24",,,"0.00",",,N","0.0",",,N",,
"US1MEYK0002","43.0810088","-70.7137736","7.0","2021-11-25",,,"0.00",",,N","0.0",",,N",,
"US1MEYK0002","43.0810088","-70.7137736","7.0","2021-11-26",,,"0.00",",,N","0.0",",,N",,
"US1MEYK0002","43.0810088","-70.7137736","7.0","2021-11-27",,,"0.22",",,N",,,,
"US1MEYK0002","43.0810088","-70.7137736","7.0","2021-11-28",,,"0.00",",,N","0.0",",,N",,
"USC00178792","45.4353","-67.7213","189.0","2021-08-01","2.01",",,7","0.00",",,7,0700","0.0",",,7,0700",,
"USC00178792","45.4353","-67.7213","189.0","2021-08-02","2.01",",,7","0.00",",,7,0700","0.0",",,7,0700",,
"USC00178792","45.4353","-67.7213","189.0","2021-08-03","4.03",",,7","0.00","T,,7,0700","0.0",",,7,0700",,
"USC00178792","45.4353","-67.7213","189.0","2021-08-04","2.01",",,7","0.00",",,7,0700","0.0",",,7,0700",,
"USC00178792","45.4353","-67.7213","189.0","2021-08-05","2.01",",,7","0.00","T,,7,0700","0.0",",,7,0700",,
"USC00178792","45.4353","-67.7213","189.0","2021-08-06","2.01",",,7","0.50",",,7,0700","0.0",",,7,0700",,
"USC00178792","45.4353","-67.7213","189.0","2021-08-07","2.01",",,7","0.00",",,7,0700","0.0",",,7,0700",,
"USC00178792","45.4353","-67.7213","189.0","2021-08-08","4.03",",,7","0.03",",,7,0700","0.0",",,7,0700",,
"USC00178792","45.4353","-67.7213","189.0","2021-08-09","2.01",",,7","0.00",",,7,0700","0.0",",,7,0700",,
"USC00178792","45.4353","-67.7213","189.0","2021-08-10","4.03",",,7","0.00",",,7,0700","0.0",",,7,0700",,
"USC00178792","45.4353","-67.7213","189.0","2021-08-11","2.01",",,7","0.00",",,7,0700","0.0",",,7,0700",,
"USC00178792","45.4353","-67.7213","189.0","2021-08-12","2.01",",,7","0.00",",,7,0700","0.0",",,7,0700",,
"USC00178792","45.4353","-67.7213","189.0","2021-08-13","2.01",",,7","0.00",",,7,0700","0.0",",,7,0700",,
"USC00178792","45.4353","-67.7213","189.0","2021-08-14","2.01",",,7","0.00",",,7,0700","0.0",",,7,0700",,
"USC00178792","45.4353","-67.7213","189.0","2021-08-15","4.03",",,7","0.07",",,7,0700","0.0",",,7,0700",,
"USC00178792","45.4353","-67.7213","189.0","2021-08-16","2.01",",,7","0.00",",,7,0700","0.0",",,7,0700",,
"USC00178792","45.4353","-67.7213","189.0","2021-08-17","2.01",",,7","0.00",",,7,0700","0.0",",,7,0700",,
"USC00178792","45.4353","-67.7213","189.0","2021-08-18","2.01",",,7","0.00",",,7,0700","0.0",",,7,0700",,
"USC00178792","45.4353","-67.7213","189.0","2021-08-19","2.01",",,7","0.08",",,7,0700","0.0",",,7,0700",,
"USC00178792","45.4353","-67.7213","189.0","2021-08-20","2.01",",,7","0.07",",,7,0700","0.0",",,7,0700",,
"USC00178792","45.4353","-67.7213","189.0","2021-08-21","2.01",",,7","0.00",",,7,0700","0.0",",,7,0700",,
"USC00178792","45.4353","-67.7213","189.0","2021-08-22","2.01",",,7","0.00",",,7,0700","0.0",",,7,0700",,
"USC00178792","45.4353","-67.7213","189.0","2021-08-23","2.01",",,7","0.00","T,,7,0700","0.0",",,7,0700",,
"USC00178792","45.4353","-67.7213","189.0","2021-08-24","8.05",",,7","0.55",",,7,0700","0.0",",,7,0700",,
"USC00178792","45.4353","-67.7213","189.0","2021-08-25","2.01",",,7","0.12",",,7,0700","0.0",",,7,0700",,
"USC00178792","45.4353","-67.7213","189.0","2021-08-26","2.01",",,7","0.00",",,7,0700","0.0",",,7,0700",,
"USC00178792","45.4353","-67.7213","189.0","2021-08-27","6.04",",,7","0.00",",,7,0700","0.0",",,7,0700",,
"USC00178792","45.4353","-67.7213","189.0","2021-08-28","2.01",",,7","0.00",",,7,0700","0.0",",,7,0700",,
"USC00178792","45.4353","-67.7213","189.0","2021-08-29","2.01",",,7","0.00",",,7,0700","0.0",",,7,0700",,
"USC00178792","45.4353","-67.7213","189.0","2021-08-30","2.01",",,7","0.00",",,7,0700","0.0",",,7,0700",,
"USC00178792","45.4353","-67.7213","189.0","2021-08-31","4.03",",,7","0.00",",,7,0700","0.0",",,7,0700",,
"USC00178792","45.4353","-67.7213","189.0","2021-09-01","6.04",",,7","0.00",",,7,0700","0.0",",,7,0700",,
"USC00178792","45.4353","-67.7213","189.0","2021-09-02","2.01",",,7","0.29",",,7,0700","0.0",",,7,0700",,
"USC00178792","45.4353","-67.7213","189.0","2021-09-03","8.05",",,7","0.67",",,7,0700","0.0",",,7,0700",,
"USC00178792","45.4353","-67.7213","189.0","2021-09-04","6.04",",,7","0.11",",,7,0700","0.0",",,7,0700",,
"USC00178792","45.4353","-67.7213","189.0","2021-09-05","2.01",",,7","0.00",",,7,0700","0.0",",,7,0700",,
"USC00178792","45.4353","-67.7213","189.0","2021-09-06","4.03",",,7","0.16",",,7,0700","0.0",",,7,0700",,
"USC00178792","45.4353","-67.7213","189.0","2021-09-07","6.04",",,7","0.22",",,7,0700","0.0",",,7,0700",,
"USC00178792","45.4353","-67.7213","189.0","2021-09-08","2.01",",,7","0.00",",,7,0700","0.0",",,7,0700",,
"USC00178792","45.4353","-67.7213","189.0","2021-09-09","8.05",",,7","0.00",",,7,0700","0.0",",,7,0700",,
"USC00178792","45.4353","-67.7213","189.0","2021-09-10","2.01",",,7","3.52",",,7,0700","0.0",",,7,0700",,
"USC00178792","45.4353","-67.7213","189.0","2021-09-11","6.04",",,7","0.32",",,7,0700","0.0",",,7,0700",,
"USC00178792","45.4353","-67.7213","189.0","2021-09-12","4.03",",,7","0.00",",,7,0700","0.0",",,7,0700",,
"USC00178792","45.4353","-67.7213","189.0","2021-09-13","2.01",",,7","0.00",",,7,0700","0.0",",,7,0700",,
"USC00178792","45.4353","-67.7213","189.0","2021-09-14","2.01",",,7","0.00",",,7,0700","0.0",",,7,0700",,
"USC00178792","45.4353","-67.7213","189.0","2021-09-15","10.07",",,7","0.00",",,7,0700","0.0",",,7,0700",,
"USC00178792","45.4353","-67.7213","189.0","2021-09-16","2.01",",,7","0.75",",,7,0700","0.0",",,7,0700",,
"USC00178792","45.4353","-67.7213","189.0","2021-09-17","2.01",",,7","0.00",",,7,0700","0.0",",,7,0700",,
"USC00178792","45.4353","-67.7213","189.0","2021-09-18","2.01",",,7","0.00",",,7,0700","0.0",",,7,0700",,
"USC00178792","45.4353","-67.7213","189.0","2021-09-19","4.03",",,7","0.00",",,7,0700","0.0",",,7,0700",,
"USC00178792","45.4353","-67.7213","189.0","2021-09-20","2.01",",,7","0.00",",,7,0700","0.0",",,7,0700",,
"USC00178792","45.4353","-67.7213","189.0","2021-09-21","2.01",",,7","0.00",",,7,0700","0.0",",,7,0700",,
"USC00178792","45.4353","-67.7213","189.0","2021-09-22","2.01",",,7","0.00",",,7,0700","0.0",",,7,0700",,
"USC00178792","45.4353","-67.7213","189.0","2021-09-23","2.01",",,7","0.00",",,7,0700","0.0",",,7,0700",,
"USC00178792","45.4353","-67.7213","189.0","2021-09-24","2.01",",,7","0.00",",,7,0700","0.0",",,7,0700",,
"USC00178792","45.4353","-67.7213","189.0","2021-09-25","4.03",",,7","0.18",",,7,0700","0.0",",,7,0700",,
"USC00178792","45.4353","-67.7213","189.0","2021-09-26","6.04",",,7","1.35",",,7,0700","0.0",",,7,0700",,
"USC00178792","45.4353","-67.7213","189.0","2021-09-27","4.03",",,7","1.39",",,7,0700","0.0",",,7,0700",,
"USC00178792","45.4353","-67.7213","189.0","2021-09-28","2.01",",,7","0.02",",,7,0700","0.0",",,7,0700",,
"USC00178792","45.4353","-67.7213","189.0","2021-09-29","2.01",",,7","0.00",",,7,0700","0.0",",,7,0700",,
"USC00178792","45.4353","-67.7213","189.0","2021-09-30","2.01",",,7","0.00",",,7,0700","0.0",",,7,0700",,
"USC00178792","45.4353","-67.7213","189.0","2021-10-01","2.01",",,7","0.02",",,7,0700","0.0",",,7,0700",,
"USC00178792","45.4353","-67.7213","189.0","2021-10-02","2.01",",,7","0.04",",,7,0700","0.0",",,7,0700",,
"USC00178792","45.4353","-67.7213","189.0","2021-10-03","2.01",",,7","0.00",",,7,0700","0.0",",,7,0700",,
"USC00178792","45.4353","-67.7213","189.0","2021-10-04","2.01",",,7","0.00",",,7,0700","0.0",",,7,0700",,
"USC00178792","45.4353","-67.7213","189.0","2021-10-05","2.01",",,7","0.00",",,7,0700","0.0",",,7,0700",,
"USC00178792","45.4353","-67.7213","189.0","2021-10-06","2.01",",,7","0.00",",,7,0700","0.0",",,7,0700",,
"USC00178792","45.4353","-67.7213","189.0","2021-10-07","2.01",",,7","0.00",",,7,0700","0.0",",,7,0700",,
"USC00178792","45.4353","-67.7213","189.0","2021-10-08","2.01",",,7","0.00",",,7,0700","0.0",",,7,0700",,
"USC00178792","45.4353","-67.7213","189.0","2021-10-09","2.01",",,7","0.00",",,7,0700","0.0",",,7,0700",,
"USC00178792","45.4353","-67.7213","189.0","2021-10-10","2.01",",,7","0.00",",,7,0700","0.0",",,7,0700",,
"USC00178792","45.4353","-67.7213","189.0","2021-10-11","2.01",",,7","0.00",",,7,0700","0.0",",,7,0700",,
"USC00178792","45.4353","-67.7213","189.0","2021-10-12","2.01",",,7","0.00",",,7,0700","0.0",",,7,0700",,
"USC00178792","45.4353","-67.7213","189.0","2021-10-13","2.01",",,7","0.00",",,7,0700","0.0",",,7,0700",,
"USC00178792","45.4353","-67.7213","189.0","2021-10-14","4.03",",,7","0.03",",,7,0700","0.0",",,7,0700",,
"USC00178792","45.4353","-67.7213","189.0","2021-10-15","2.01",",,7","0.00",",,7,0700","0.0",",,7,0700",,
"USC00178792","45.4353","-67.7213","189.0","2021-10-16","2.01",",,7","0.27",",,7,0700","0.0",",,7,0700",,
"USC00178792","45.4353","-67.7213","189.0","2021-10-17","8.05",",,7","1.69",",,7,0700","0.0",",,7,0700",,
"USC00178792","45.4353","-67.7213","189.0","2021-10-18","4.03",",,7","0.30",",,7,0700","0.0",",,7,0700",,
"USC00178792","45.4353","-67.7213","189.0","2021-10-19","4.03",",,7","0.00",",,7,0700","0.0",",,7,0700",,
"USC00178792","45.4353","-67.7213","189.0","2021-10-20","6.04",",,7","0.00","T,,7,0700","0.0",",,7,0700",,
"USC00178792","45.4353","-67.7213","189.0","2021-10-21","2.01",",,7","0.00",",,7,0700","0.0",",,7,0700",,
"USC00178792","45.4353","-67.7213","189.0","2021-10-22","6.04",",,7","0.00","T,,7,0700","0.0",",,7,0700",,
"USC00178792","45.4353","-67.7213","189.0","2021-10-23","6.04",",,7","0.12",",,7,0700","0.0",",,7,0700",,
"USC00178792","45.4353","-67.7213","189.0","2021-10-24","6.04",",,7","0.00","T,,7,0700","0.0",",,7,0700",,
"USC00178792","45.4353","-67.7213","189.0","2021-10-25","2.01",",,7","0.00",",,7,0700","0.0",",,7,0700",,
"USC00178792","45.4353","-67.7213","189.0","2021-10-26","4.03",",,7","0.00",",,7,0700","0.0",",,7,0700",,
"USC00178792","45.4353","-67.7213","189.0","2021-10-27","34.00",",,7","0.00",",,7,0700","0.0",",,7,0700",,
"USC00178792","45.4353","-67.7213","189.0","2021-10-28","17.90",",,7","0.00",",,7,0700","0.0",",,7,0700",,
"USC00178792","45.4353","-67.7213","189.0","2021-10-29","2.01",",,7","0.00",",,7,0700","0.0",",,7,0700",,
"USC00178792","45.4353","-67.7213","189.0","2021-10-30","4.03",",,7","0.00",",,7,0700","0.0",",,7,0700",,
"USC00178792","45.4353","-67.7213","189.0","2021-10-31","29.97",",,7","0.91",",,7,0700","0.0",",,7,0700",,
"USC00178792","45.4353","-67.7213","189.0","2021-11-01",,,"0.07",",,H,0700","0.0",",,H,0700",,
"USC00178792","45.4353","-67.7213","189.0","2021-11-02",,,"0.00",",,H,0700","0.0",",,H,0700",,
"USC00178792","45.4353","-67.7213","189.0","2021-11-03",,,"0.00",",,H,0700","0.0",",,H,0700",,
"USC00178792","45.4353","-67.7213","189.0","2021-11-04",,,"0.00",",,H,0700","0.0",",,H,0700",,
"USC00178792","45.4353","-67.7213","189.0","2021-11-05",,,"0.00",",,H,0700","0.0",",,H,0700",,
"USC00178792","45.4353","-67.7213","189.0","2021-11-06",,,"0.00",",,H,0700","0.0",",,H,0700",,
"USC00178792","45.4353","-67.7213","189.0","2021-11-07",,,"0.00",",,H,0700","0.0",",,H,0700",,
"USC00178792","45.4353","-67.7213","189.0","2021-11-08",,,"0.00",",,H,0700","0.0",",,H,0700",,
"USC00178792","45.4353","-67.7213","189.0","2021-11-09",,,"0.00",",,H,0700","0.0",",,H,0700",,
"USC00178792","45.4353","-67.7213","189.0","2021-11-10",,,"0.00",",,H,0700","0.0",",,H,0700",,
"USC00178792","45.4353","-67.7213","189.0","2021-11-11",,,"0.41",",,H,0700","0.0",",,H,0700",,
"USC00178792","45.4353","-67.7213","189.0","2021-11-12",,,"0.00",",,H,0700","0.0",",,H,0700",,
"USC00178792","45.4353","-67.7213","189.0","2021-11-13",,,"0.79",",,H,0700","0.0",",,H,0700",,
"USC00178792","45.4353","-67.7213","189.0","2021-11-14",,,"0.32",",,H,0700","0.0",",,H,0700",,
"USC00178792","45.4353","-67.7213","189.0","2021-11-15",,,"0.00",",,H,0700","0.0",",,H,0700",,
"USC00178792","45.4353","-67.7213","189.0","2021-11-16",,,"0.48",",,H,0700","0.0",",,H,0700",,
"USC00178792","45.4353","-67.7213","189.0","2021-11-17",,,"0.00",",,H,0700","0.0",",,H,0700",,
"USC00178792","45.4353","-67.7213","189.0","2021-11-18",,,"0.32",",,H,0700","1.0",",,H,0700",,
"USC00178792","45.4353","-67.7213","189.0","2021-11-19",,,"0.33",",,H,0700","0.0",",,H,0700",,
"USC00178792","45.4353","-67.7213","189.0","2021-11-20",,,"0.00",",,H,0700","0.0",",,H,0700",,
"USC00178792","45.4353","-67.7213","189.0","2021-11-21",,,"0.00",",,H,0700","0.0",",,H,0700",,
"USC00178792","45.4353","-67.7213","189.0","2021-11-22",,,"1.02",",,H,0700","0.0",",,H,0700",,
"USC00178792","45.4353","-67.7213","189.0","2021-11-23",,,"0.74",",,H,0700","0.0",",,H,0700",,
"USC00178792","45.4353","-67.7213","189.0","2021-11-24",,,"0.00",",,H,0700","0.0",",,H,0700",,
"USC00178792","45.4353","-67.7213","189.0","2021-11-25",,,"0.00",",,H,0700","0.0",",,H,0700",,
"USC00178792","45.4353","-67.7213","189.0","2021-11-26",,,"0.00",",,H,0700","0.0",",,H,0700",,
"USC00178792","45.4353","-67.7213","189.0","2021-11-27",,,"0.55",",,H,0700","3.5",",,H,0700",,
"USC00178792","45.4353","-67.7213","189.0","2021-11-28",,,"0.12",",,H,0700","1.5",",,H,0700",,
"US1MEHN0058","44.49426","-68.13693","30.8","2021-08-01",,,"0.00",",,N","0.0",",,N",,
"US1MEHN0058","44.49426","-68.13693","30.8","2021-08-02",,,"0.00",",,N","0.0",",,N",,
"US1MEHN0058","44.49426","-68.13693","30.8","2021-08-03",,,"0.00",",,N","0.0",",,N",,
"US1MEHN0058","44.49426","-68.13693","30.8","2021-08-04",,,"0.00",",,N","0.0",",,N",,
"US1MEHN0058","44.49426","-68.13693","30.8","2021-08-05",,,"0.58",",,N",,,,
"US1MEHN0058","44.49426","-68.13693","30.8","2021-08-06",,,"1.03",",,N",,,,
"US1MEHN0058","44.49426","-68.13693","30.8","2021-08-07",,,"0.00",",,N","0.0",",,N",,
"US1MEHN0058","44.49426","-68.13693","30.8","2021-08-08",,,"0.00",",,N","0.0",",,N",,
"US1MEHN0058","44.49426","-68.13693","30.8","2021-08-09",,,"0.00",",,N","0.0",",,N",,
"US1MEHN0058","44.49426","-68.13693","30.8","2021-08-10",,,"0.00",",,N","0.0",",,N",,
"US1MEHN0058","44.49426","-68.13693","30.8","2021-08-11",,,"0.06",",,N",,,,
"US1MEHN0058","44.49426","-68.13693","30.8","2021-08-12",,,"0.00",",,N","0.0",",,N",,
"US1MEHN0058","44.49426","-68.13693","30.8","2021-08-13",,,"0.00",",,N","0.0",",,N",,
"US1MEHN0058","44.49426","-68.13693","30.8","2021-08-14",,,"0.00",",,N","0.0",",,N",,
"US1MEHN0058","44.49426","-68.13693","30.8","2021-08-15",,,"0.08",",,N",,,,
"US1MEHN0058","44.49426","-68.13693","30.8","2021-08-16",,,"0.00",",,N","0.0",",,N",,
"US1MEHN0058","44.49426","-68.13693","30.8","2021-08-17",,,"0.00",",,N","0.0",",,N",,
"US1MEHN0058","44.49426","-68.13693","30.8","2021-08-18",,,"0.00",",,N","0.0",",,N",,
"US1MEHN0058","44.49426","-68.13693","30.8","2021-08-19",,,"0.05",",,N",,,,
"US1MEHN0058","44.49426","-68.13693","30.8","2021-08-20",,,"0.48",",,N",,,,
"US1MEHN0058","44.49426","-68.13693","30.8","2021-08-21",,,"0.00",",,N","0.0",",,N",,
"US1MEHN0058","44.49426","-68.13693","30.8","2021-08-22",,,"0.00",",,N","0.0",",,N",,
"US1MEHN0058","44.49426","-68.13693","30.8","2021-08-23",,,"0.24",",,N",,,,
"US1MEHN0058","44.49426","-68.13693","30.8","2021-08-24",,,"0.16",",,N",,,,
"US1MEHN0058","44.49426","-68.13693","30.8","2021-08-25",,,"0.00",",,N","0.0",",,N",,
"US1MEHN0058","44.49426","-68.13693","30.8","2021-08-26",,,"0.00",",,N","0.0",",,N",,
"US1MEHN0058","44.49426","-68.13693","30.8","2021-08-27",,,"0.00",",,N","0.0",",,N",,
"US1MEHN0058","44.49426","-68.13693","30.8","2021-08-28",,,"0.00",",,N","0.0",",,N",,
"US1MEHN0058","44.49426","-68.13693","30.8","2021-08-29",,,"0.00",",,N","0.0",",,N",,
"US1MEHN0058","44.49426","-68.13693","30.8","2021-08-30",,,"0.00",",,N","0.0",",,N",,
"US1MEHN0058","44.49426","-68.13693","30.8","2021-08-31",,,"0.00",",,N","0.0",",,N",,
"US1MEHN0058","44.49426","-68.13693","30.8","2021-09-01",,,"0.00",",,N","0.0",",,N",,
"US1MEHN0058","44.49426","-68.13693","30.8","2021-09-02",,,"0.85",",,N",,,,
"US1MEHN0058","44.49426","-68.13693","30.8","2021-09-03",,,"1.24",",,N",,,,
"US1MEHN0058","44.49426","-68.13693","30.8","2021-09-04",,,"0.09",",,N",,,,
"US1MEHN0058","44.49426","-68.13693","30.8","2021-09-05",,,"0.00",",,N","0.0",",,N",,
"US1MEHN0058","44.49426","-68.13693","30.8","2021-09-06",,,"0.06",",,N",,,,
"US1MEHN0058","44.49426","-68.13693","30.8","2021-09-07",,,"0.12",",,N",,,,
"US1MEHN0058","44.49426","-68.13693","30.8","2021-09-08",,,"0.00",",,N","0.0",",,N",,
"US1MEHN0058","44.49426","-68.13693","30.8","2021-09-09",,,"0.08",",,N",,,,
"US1MEHN0058","44.49426","-68.13693","30.8","2021-09-10",,,"3.10",",,N",,,,
"US1MEHN0058","44.49426","-68.13693","30.8","2021-09-11",,,"0.30",",,N",,,,
"US1MEHN0058","44.49426","-68.13693","30.8","2021-09-15",,,,,,,,
"US1MEHN0058","44.49426","-68.13693","30.8","2021-09-16",,,"0.21",",,N",,,,
"US1MEHN0058","44.49426","-68.13693","30.8","2021-09-17",,,"0.00",",,N","0.0",",,N",,
"US1MEHN0058","44.49426","-68.13693","30.8","2021-09-18",,,"0.00",",,N","0.0",",,N",,
"US1MEHN0058","44.49426","-68.13693","30.8","2021-09-19",,,"0.00",",,N","0.0",",,N",,
"US1MEHN0058","44.49426","-68.13693","30.8","2021-09-20",,,"0.00",",,N","0.0",",,N",,
"US1MEHN0058","44.49426","-68.13693","30.8","2021-09-21",,,"0.00",",,N","0.0",",,N",,
"US1MEHN0058","44.49426","-68.13693","30.8","2021-09-22",,,"0.01",",,N",,,,
"US1MEHN0058","44.49426","-68.13693","30.8","2021-09-23",,,"0.00",",,N","0.0",",,N",,
"US1MEHN0058","44.49426","-68.13693","30.8","2021-09-24",,,"0.05",",,N",,,,
"US1MEHN0058","44.49426","-68.13693","30.8","2021-09-26",,,"0.36",",,N",,,,
"US1MEHN0058","44.49426","-68.13693","30.8","2021-09-27",,,"0.51",",,N",,,,
"US1MEHN0058","44.49426","-68.13693","30.8","2021-09-28",,,"0.00",",,N","0.0",",,N",,
"US1MEHN0058","44.49426","-68.13693","30.8","2021-09-29",,,"0.00",",,N","0.0",",,N",,
"US1MEHN0058","44.49426","-68.13693","30.8","2021-09-30",,,"0.00",",,N","0.0",",,N",,
"US1MEHN0058","44.49426","-68.13693","30.8","2021-10-01",,,"0.04",",,N",,,,
"US1MEHN0058","44.49426","-68.13693","30.8","2021-10-02",,,"0.00",",,N","0.0",",,N",,
"US1MEHN0058","44.49426","-68.13693","30.8","2021-10-03",,,"0.00",",,N","0.0",",,N",,
"US1MEHN0058","44.49426","-68.13693","30.8","2021-10-04",,,"0.00",",,N","0.0",",,N",,
"US1MEHN0058","44.49426","-68.13693","30.8","2021-10-05",,,"0.00",",,N","0.0",",,N",,
"US1MEHN0058","44.49426","-68.13693","30.8","2021-10-06",,,"0.00",",,N","0.0",",,N",,
"US1MEHN0058","44.49426","-68.13693","30.8","2021-10-07",,,"0.00",",,N","0.0",",,N",,
"US1MEHN0058","44.49426","-68.13693","30.8","2021-10-08",,,"0.00",",,N","0.0",",,N",,
"US1MEHN0058","44.49426","-68.13693","30.8","2021-10-09",,,"0.00",",,N","0.0",",,N",,
"US1MEHN0058","44.49426","-68.13693","30.8","2021-10-10",,,"0.00",",,N","0.0",",,N",,
"US1MEHN0058","44.49426","-68.13693","30.8","2021-10-11",,,"0.00",",,N","0.0",",,N",,
"US1MEHN0058","44.49426","-68.13693","30.8","2021-10-12",,,"0.00",",,N","0.0",",,N",,
"US1MEHN0058","44.49426","-68.13693","30.8","2021-10-13",,,"0.00",",,N","0.0",",,N",,
"US1MEHN0058","44.49426","-68.13693","30.8","2021-10-14",,,"0.00",",,N","0.0",",,N",,
"US1MEHN0058","44.49426","-68.13693","30.8","2021-10-15",,,"0.04",",,N",,,,
"US1MEHN0058","44.49426","-68.13693","30.8","2021-10-16",,,"0.07",",,N",,,,
"US1MEHN0058","44.49426","-68.13693","30.8","2021-10-17",,,"1.01",",,N",,,,
"US1MEHN0058","44.49426","-68.13693","30.8","2021-10-18",,,"0.15",",,N",,,,
"US1MEHN0058","44.49426","-68.13693","30.8","2021-10-19",,,"0.00",",,N","0.0",",,N",,
"US1MEHN0058","44.49426","-68.13693","30.8","2021-10-20",,,"0.03",",,N",,,,
"US1MEHN0058","44.49426","-68.13693","30.8","2021-10-21",,,"0.00",",,N","0.0",",,N",,
"US1MEHN0058","44.49426","-68.13693","30.8","2021-10-22",,,"0.03",",,N",,,,
"US1MEHN0058","44.49426","-68.13693","30.8","2021-10-23",,,"0.13",",,N",,,,
"US1MEHN0058","44.49426","-68.13693","30.8","2021-10-24",,,"0.00",",,N","0.0",",,N",,
"US1MEHN0058","44.49426","-68.13693","30.8","2021-10-25",,,"0.00",",,N","0.0",",,N",,
"US1MEHN0058","44.49426","-68.13693","30.8","2021-10-26",,,"0.05",",,N",,,,
"US1MEHN0058","44.49426","-68.13693","30.8","2021-10-27",,,"0.25",",,N",,,,
"US1MEHN0058","44.49426","-68.13693","30.8","2021-10-29",,,,,,,,
"US1MEHN0058","44.49426","-68.13693","30.8","2021-10-30",,,"0.00",",,N","0.0",",,N",,
"US1MEHN0058","44.49426","-68.13693","30.8","2021-10-31",,,"2.70",",,N",,,,
"US1MEHN0058","44.49426","-68.13693","30.8","2021-11-01",,,"0.13",",,N",,,,
"US1MEHN0058","44.49426","-68.13693","30.8","2021-11-02",,,"0.00",",,N","0.0",",,N",,
"US1MEHN0058","44.49426","-68.13693","30.8","2021-11-03",,,"0.00",",,N","0.0",",,N",,
"US1MEHN0058","44.49426","-68.13693","30.8","2021-11-04",,,"0.00",",,N","0.0",",,N",,
"US1MEHN0058","44.49426","-68.13693","30.8","2021-11-05",,,"0.00",",,N","0.0",",,N",,
"US1MEHN0058","44.49426","-68.13693","30.8","2021-11-06",,,"0.00",",,N","0.0",",,N",,
"US1MEHN0058","44.49426","-68.13693","30.8","2021-11-07",,,"0.00",",,N","0.0",",,N",,
"US1MEHN0058","44.49426","-68.13693","30.8","2021-11-08",,,"0.00",",,N","0.0",",,N",,
"US1MEHN0058","44.49426","-68.13693","30.8","2021-11-09",,,"0.00",",,N","0.0",",,N",,
"US1MEHN0058","44.49426","-68.13693","30.8","2021-11-10",,,"0.03",",,N",,,,
"US1MEHN0058","44.49426","-68.13693","30.8","2021-11-11",,,"0.29",",,N",,,,
"US1MEHN0058","44.49426","-68.13693","30.8","2021-11-12",,,"0.00",",,N","0.0",",,N",,
"US1MEHN0058","44.49426","-68.13693","30.8","2021-11-13",,,"1.20",",,N",,,,
"US1MEHN0058","44.49426","-68.13693","30.8","2021-11-14",,,"0.37",",,N",,,,
"US1MEHN0058","44.49426","-68.13693","30.8","2021-11-15",,,"0.27",",,N",,,,
"US1MEHN0058","44.49426","-68.13693","30.8","2021-11-16",,,"0.21",",,N",,,,
"US1MEHN0058","44.49426","-68.13693","30.8","2021-11-17",,,"0.00",",,N","0.0",",,N",,
"US1MEHN0058","44.49426","-68.13693","30.8","2021-11-18",,,"0.18",",,N",,,,
"US1MEHN0058","44.49426","-68.13693","30.8","2021-11-19",,,"0.33",",,N",,,,
"US1MEHN0058","44.49426","-68.13693","30.8","2021-11-20",,,"0.00",",,N","0.0",",,N",,
"US1MEHN0058","44.49426","-68.13693","30.8","2021-11-22",,,"0.59",",,N",,,,
"US1MEHN0058","44.49426","-68.13693","30.8","2021-11-23",,,"0.00",",,N","0.0",",,N",,
"US1MEHN0058","44.49426","-68.13693","30.8","2021-11-24",,,"0.00",",,N","0.0",",,N",,
"US1MEHN0056","44.4614","-68.4869","52.4","2021-08-01",,,"0.00",",,N","0.0",",,N",,
"US1MEHN0056","44.4614","-68.4869","52.4","2021-08-02",,,"0.00","T,,N",,,,
"US1MEHN0056","44.4614","-68.4869","52.4","2021-08-03",,,"0.02",",,N",,,,
"US1MEHN0056","44.4614","-68.4869","52.4","2021-08-04",,,"0.00",",,N","0.0",",,N",,
"US1MEHN0056","44.4614","-68.4869","52.4","2021-08-05",,,"0.53",",,N",,,,
"US1MEHN0056","44.4614","-68.4869","52.4","2021-08-06",,,"0.75",",,N",,,,
"US1MEHN0056","44.4614","-68.4869","52.4","2021-08-07",,,"0.01",",,N",,,,
"US1MEHN0056","44.4614","-68.4869","52.4","2021-08-08",,,"0.00",",,N","0.0",",,N",,
"US1MEHN0056","44.4614","-68.4869","52.4","2021-08-09",,,"0.00",",,N","0.0",",,N",,
"US1MEHN0056","44.4614","-68.4869","52.4","2021-08-10",,,"0.01",",,N",,,,
"US1MEHN0056","44.4614","-68.4869","52.4","2021-08-11",,,"0.01",",,N",,,,
"US1MEHN0056","44.4614","-68.4869","52.4","2021-08-12",,,"0.01",",,N",,,,
"US1MEHN0056","44.4614","-68.4869","52.4","2021-08-13",,,"0.00",",,N","0.0",",,N",,
"US1MEHN0056","44.4614","-68.4869","52.4","2021-08-14",,,"0.00",",,N","0.0",",,N",,
"US1MEHN0056","44.4614","-68.4869","52.4","2021-08-15",,,"0.13",",,N",,,,
"US1MEHN0056","44.4614","-68.4869","52.4","2021-08-16",,,"0.00",",,N","0.0",",,N",,
"US1MEHN0056","44.4614","-68.4869","52.4","2021-08-17",,,"0.00",",,N","0.0",",,N",,
"US1MEHN0056","44.4614","-68.4869","52.4","2021-08-18",,,"0.01",",,N",,,,
"US1MEHN0056","44.4614","-68.4869","52.4","2021-08-19",,,"0.00","T,,N","0.0",",,N",,
"US1MEHN0056","44.4614","-68.4869","52.4","2021-08-20",,,"0.35",",,N",,,,
"US1MEHN0056","44.4614","-68.4869","52.4","2021-08-21",,,"0.01",",,N",,,,
"US1MEHN0056","44.4614","-68.4869","52.4","2021-08-22",,,"0.01",",,N",,,,
"US1MEHN0056","44.4614","-68.4869","52.4","2021-08-23",,,"0.38",",,N",,,,
"US1MEHN0056","44.4614","-68.4869","52.4","2021-08-24",,,"2.01",",,N",,,,
"US1MEHN0056","44.4614","-68.4869","52.4","2021-08-25",,,"0.02",",,N",,,,
"US1MEHN0056","44.4614","-68.4869","52.4","2021-08-26",,,"0.00",",,N","0.0",",,N",,
"US1MEHN0056","44.4614","-68.4869","52.4","2021-08-27",,,"0.00",",,N","0.0",",,N",,
"US1MEHN0056","44.4614","-68.4869","52.4","2021-08-28",,,"0.00",",,N","0.0",",,N",,
"US1MEHN0056","44.4614","-68.4869","52.4","2021-08-29",,,"0.07",",,N",,,,
"US1MEHN0056","44.4614","-68.4869","52.4","2021-08-30",,,"0.01",",,N",,,,
"US1MEHN0056","44.4614","-68.4869","52.4","2021-08-31",,,"0.00","T,,N",,,,
"US1MEHN0056","44.4614","-68.4869","52.4","2021-09-01",,,"0.00",",,N","0.0",",,N",,
"US1MEHN0056","44.4614","-68.4869","52.4","2021-09-02",,,"1.15",",,N",,,,
"US1MEHN0056","44.4614","-68.4869","52.4","2021-09-03",,,"0.45",",,N",,,,
"US1MEHN0056","44.4614","-68.4869","52.4","2021-09-04",,,"0.12",",,N",,,,
"US1MEHN0056","44.4614","-68.4869","52.4","2021-09-05",,,"0.00",",,N","0.0",",,N",,
"US1MEHN0056","44.4614","-68.4869","52.4","2021-09-06",,,"0.14",",,N",,,,
"US1MEHN0056","44.4614","-68.4869","52.4","2021-09-07",,,"0.11",",,N",,,,
"US1MEHN0056","44.4614","-68.4869","52.4","2021-09-08",,,"0.00",",,N","0.0",",,N",,
"US1MEHN0056","44.4614","-68.4869","52.4","2021-09-09",,,"0.23",",,N",,,,
"US1MEHN0056","44.4614","-68.4869","52.4","2021-09-10",,,"2.59",",,N",,,,
"US1MEHN0056","44.4614","-68.4869","52.4","2021-09-11",,,"0.47",",,N",,,,
"US1MEHN0056","44.4614","-68.4869","52.4","2021-09-12",,,"0.00",",,N","0.0",",,N",,
"US1MEHN0056","44.4614","-68.4869","52.4","2021-09-13",,,"0.02",",,N",,,,
"US1MEHN0056","44.4614","-68.4869","52.4","2021-09-14",,,"0.00",",,N","0.0",",,N",,
"US1MEHN0056","44.4614","-68.4869","52.4","2021-09-15",,,"0.00","T,,N",,,,
"US1MEHN0056","44.4614","-68.4869","52.4","2021-09-16",,,"0.07",",,N",,,,
"US1MEHN0056","44.4614","-68.4869","52.4","2021-09-17",,,"0.00","T,,N",,,,
"US1MEHN0056","44.4614","-68.4869","52.4","2021-09-18",,,"0.01",",,N",,,,
"US1MEHN0056","44.4614","-68.4869","52.4","2021-09-19",,,"0.37",",,N",,,,
"US1MEHN0056","44.4614","-68.4869","52.4","2021-09-20",,,"0.01",",,N",,,,
"US1MEHN0056","44.4614","-68.4869","52.4","2021-09-21",,,"0.01",",,N",,,,
"US1MEHN0056","44.4614","-68.4869","52.4","2021-09-22",,,"0.02",",,N",,,,
"US1MEHN0056","44.4614","-68.4869","52.4","2021-09-23",,,"0.00",",,N","0.0",",,N",,
"US1MEHN0056","44.4614","-68.4869","52.4","2021-09-24",,,"0.01",",,N",,,,
"US1MEHN0056","44.4614","-68.4869","52.4","2021-09-25",,,"0.65",",,N",,,,
"US1MEHN0056","44.4614","-68.4869","52.4","2021-09-26",,,"2.41",",,N",,,,
"US1MEHN0056","44.4614","-68.4869","52.4","2021-09-27",,,"0.73",",,N",,,,
"US1MEHN0056","44.4614","-68.4869","52.4","2021-09-28",,,"0.01",",,N",,,,
"US1MEHN0056","44.4614","-68.4869","52.4","2021-09-29",,,"0.02",",,N",,,,
"US1MEHN0056","44.4614","-68.4869","52.4","2021-09-30",,,"0.01",",,N",,,,
"US1MEHN0056","44.4614","-68.4869","52.4","2021-10-01",,,"0.03",",,N",,,,
"US1MEHN0056","44.4614","-68.4869","52.4","2021-10-02",,,"0.02",",,N",,,,
"US1MEHN0056","44.4614","-68.4869","52.4","2021-10-03",,,"0.00",",,N","0.0",",,N",,
"US1MEHN0056","44.4614","-68.4869","52.4","2021-10-04",,,"0.01",",,N",,,,
"US1MEHN0056","44.4614","-68.4869","52.4","2021-10-05",,,"0.00",",,N","0.0",",,N",,
"US1MEHN0056","44.4614","-68.4869","52.4","2021-10-06",,,"0.00",",,N","0.0",",,N",,
"US1MEHN0056","44.4614","-68.4869","52.4","2021-10-07",,,"0.00",",,N","0.0",",,N",,
"US1MEHN0056","44.4614","-68.4869","52.4","2021-10-08",,,"0.00",",,N","0.0",",,N",,
"US1MEHN0056","44.4614","-68.4869","52.4","2021-10-09",,,"0.00",",,N","0.0",",,N",,
"US1MEHN0056","44.4614","-68.4869","52.4","2021-10-10",,,"0.00",",,N","0.0",",,N",,
"US1MEHN0056","44.4614","-68.4869","52.4","2021-10-11",,,"0.00",",,N","0.0",",,N",,
"US1MEHN0056","44.4614","-68.4869","52.4","2021-10-12",,,"0.00",",,N","0.0",",,N",,
"US1MEHN0056","44.4614","-68.4869","52.4","2021-10-13",,,"0.00",",,N","0.0",",,N",,
"US1MEHN0056","44.4614","-68.4869","52.4","2021-10-14",,,"0.00",",,N","0.0",",,N",,
"US1MEHN0056","44.4614","-68.4869","52.4","2021-10-15",,,"0.00",",,N","0.0",",,N",,
"US1MEHN0056","44.4614","-68.4869","52.4","2021-10-16",,,"0.27",",,N",,,,
"US1MEHN0056","44.4614","-68.4869","52.4","2021-10-17",,,"1.46",",,N",,,,
"US1MEHN0056","44.4614","-68.4869","52.4","2021-10-18",,,"0.04",",,N",,,,
"US1MEHN0056","44.4614","-68.4869","52.4","2021-10-19",,,"0.00",",,N","0.0",",,N",,
"US1MEHN0056","44.4614","-68.4869","52.4","2021-10-20",,,"0.02",",,N",,,,
"US1MEHN0056","44.4614","-68.4869","52.4","2021-10-21",,,"0.01",",,N",,,,
"US1MEHN0056","44.4614","-68.4869","52.4","2021-10-22",,,"0.02",",,N",,,,
"US1MEHN0056","44.4614","-68.4869","52.4","2021-10-23",,,"0.23",",,N",,,,
"US1MEHN0056","44.4614","-68.4869","52.4","2021-10-24",,,"0.01",",,N",,,,
"US1MEHN0056","44.4614","-68.4869","52.4","2021-10-25",,,"0.00","T,,N",,,,
"US1MEHN0056","44.4614","-68.4869","52.4","2021-10-26",,,"0.05",",,N",,,,
"US1MEHN0056","44.4614","-68.4869","52.4","2021-10-27",,,"0.18",",,N",,,,
"US1MEHN0056","44.4614","-68.4869","52.4","2021-10-28",,,"0.27",",,N",,,,
"US1MEHN0056","44.4614","-68.4869","52.4","2021-10-29",,,"0.00",",,N","0.0",",,N",,
"US1MEHN0056","44.4614","-68.4869","52.4","2021-10-30",,,"0.00",",,N","0.0",",,N",,
"US1MEHN0056","44.4614","-68.4869","52.4","2021-10-31",,,"2.90",",,N",,,,
"US1MEHN0056","44.4614","-68.4869","52.4","2021-11-01",,,"0.11",",,N",,,,
"US1MEHN0056","44.4614","-68.4869","52.4","2021-11-02",,,"0.01",",,N",,,,
"US1MEHN0056","44.4614","-68.4869","52.4","2021-11-03",,,"0.00",",,N","0.0",",,N",,
"US1MEHN0056","44.4614","-68.4869","52.4","2021-11-04",,,"0.00",",,N","0.0",",,N",,
"US1MEHN0056","44.4614","-68.4869","52.4","2021-11-05",,,"0.00",",,N","0.0",",,N",,
"US1MEHN0056","44.4614","-68.4869","52.4","2021-11-06",,,"0.00",",,N","0.0",",,N",,
"US1MEHN0056","44.4614","-68.4869","52.4","2021-11-07",,,"0.00",",,N","0.0",",,N",,
"US1MEHN0056","44.4614","-68.4869","52.4","2021-11-08",,,"0.00",",,N","0.0",",,N",,
"US1MEHN0056","44.4614","-68.4869","52.4","2021-11-09",,,"0.00",",,N","0.0",",,N",,
"US1MEHN0056","44.4614","-68.4869","52.4","2021-11-10",,,"0.04",",,N",,,,
"US1MEHN0056","44.4614","-68.4869","52.4","2021-11-11",,,"0.27",",,N",,,,
"US1MEHN0056","44.4614","-68.4869","52.4","2021-11-12",,,"0.02",",,N",,,,
"US1MEHN0056","44.4614","-68.4869","52.4","2021-11-13",,,"1.40",",,N",,,,
"US1MEHN0056","44.4614","-68.4869","52.4","2021-11-14",,,"0.41",",,N",,,,
"US1MEHN0056","44.4614","-68.4869","52.4","2021-11-15",,,"0.39",",,N",,,,
"US1MEHN0056","44.4614","-68.4869","52.4","2021-11-16",,,"0.01",",,N",,,,
"US1MEHN0056","44.4614","-68.4869","52.4","2021-11-17",,,"0.00","T,,N","0.0","T,,N",,
"US1MEHN0056","44.4614","-68.4869","52.4","2021-11-18",,,"0.25",",,N",,,,
"US1MEHN0056","44.4614","-68.4869","52.4","2021-11-19",,,"0.36",",,N",,,,
"US1MEHN0056","44.4614","-68.4869","52.4","2021-11-20",,,"0.00",",,N","0.0",",,N",,
"US1MEHN0056","44.4614","-68.4869","52.4","2021-11-21",,,"0.00",",,N","0.0",",,N",,
"US1MEHN0056","44.4614","-68.4869","52.4","2021-11-22",,,"0.98",",,N",,,,
"US1MEHN0056","44.4614","-68.4869","52.4","2021-11-23",,,"0.23",",,N",,,,
"US1MEHN0056","44.4614","-68.4869","52.4","2021-11-24",,,"0.00",",,N","0.0",",,N",,
"US1MEHN0056","44.4614","-68.4869","52.4","2021-11-25",,,"0.00",",,N","0.0",",,N",,
"US1MEHN0056","44.4614","-68.4869","52.4","2021-11-26",,,"0.03",",,N",,,,
"US1MEHN0056","44.4614","-68.4869","52.4","2021-11-27",,,"0.67",",,N",,,,
"US1MEHN0064","44.28867","-68.3377","30.2","2021-08-12",,,,,,,,
"US1MEHN0064","44.28867","-68.3377","30.2","2021-08-13",,,"0.00",",,N","0.0",",,N",,
"US1MEHN0064","44.28867","-68.3377","30.2","2021-08-14",,,"0.00",",,N","0.0",",,N",,
"US1MEHN0064","44.28867","-68.3377","30.2","2021-08-15",,,"0.09",",,N",,,,
"US1MEHN0064","44.28867","-68.3377","30.2","2021-08-19",,,,,,,,
"US1MEHN0064","44.28867","-68.3377","30.2","2021-08-20",,,"0.67",",,N",,,,
"US1MEHN0064","44.28867","-68.3377","30.2","2021-08-24",,,"0.00",",L,N","0.0",",,N",,
"US1MEHN0064","44.28867","-68.3377","30.2","2021-08-26",,,"0.00",",,N","0.0",",,N",,
"US1MEHN0064","44.28867","-68.3377","30.2","2021-08-27",,,"0.00",",,N","0.0",",,N",,
"US1MEHN0064","44.28867","-68.3377","30.2","2021-08-30",,,,,,,,
"US1MEHN0064","44.28867","-68.3377","30.2","2021-08-31",,,"0.00","T,,N",,,,
"US1MEHN0064","44.28867","-68.3377","30.2","2021-09-01",,,"0.00",",,N","0.0",",,N",,
"US1MEHN0064","44.28867","-68.3377","30.2","2021-09-02",,,"1.01",",,N",,,,
"US1MEHN0064","44.28867","-68.3377","30.2","2021-09-03",,,"1.18",",,N",,,,
"US1MEHN0064","44.28867","-68.3377","30.2","2021-09-05",,,,,,,,
"US1MEHN0064","44.28867","-68.3377","30.2","2021-09-06",,,"0.15",",,N",,,,
"US1MEHN0064","44.28867","-68.3377","30.2","2021-09-07",,,"0.02",",,N",,,,
"US1MEHN0064","44.28867","-68.3377","30.2","2021-09-08",,,"0.00",",,N","0.0",",,N",,
"US1MEHN0064","44.28867","-68.3377","30.2","2021-09-09",,,"0.02",",,N",,,,
"US1MEHN0064","44.28867","-68.3377","30.2","2021-09-10",,,"2.33",",,N",,,,
"US1MEHN0064","44.28867","-68.3377","30.2","2021-09-11",,,"0.22",",,N",,,,
"US1MEHN0064","44.28867","-68.3377","30.2","2021-09-12",,,"0.00",",,N","0.0",",,N",,
"US1MEHN0064","44.28867","-68.3377","30.2","2021-09-13",,,"0.00",",,N","0.0",",,N",,
"US1MEHN0064","44.28867","-68.3377","30.2","2021-09-14",,,"0.00",",,N","0.0",",,N",,
"US1MEHN0064","44.28867","-68.3377","30.2","2021-09-15",,,"0.00",",,N","0.0",",,N",,
"US1MEHN0064","44.28867","-68.3377","30.2","2021-09-16",,,"0.02",",,N",,,,
"US1MEHN0064","44.28867","-68.3377","30.2","2021-09-17",,,"0.00","T,,N",,,,
"US1MEHN0064","44.28867","-68.3377","30.2","2021-09-18",,,"0.02",",,N",,,,
"US1MEHN0064","44.28867","-68.3377","30.2","2021-09-19",,,"0.01",",,N",,,,
"US1MEHN0064","44.28867","-68.3377","30.2","2021-09-20",,,"0.00",",,N","0.0",",,N",,
"US1MEHN0064","44.28867","-68.3377","30.2","2021-10-07",,,,,,,,
"US1MEHN0064","44.28867","-68.3377","30.2","2021-10-08",,,"0.00",",,N","0.0",",,N",,
"US1MEHN0064","44.28867","-68.3377","30.2","2021-10-09",,,"0.00",",,N","0.0",",,N",,
"US1MEHN0064","44.28867","-68.3377","30.2","2021-10-10",,,"0.00",",,N","0.0",",,N",,
"US1MEHN0064","44.28867","-68.3377","30.2","2021-10-11",,,"0.00",",,N","0.0",",,N",,
"US1MEHN0064","44.28867","-68.3377","30.2","2021-10-12",,,"0.00",",,N","0.0",",,N",,
"US1MEHN0064","44.28867","-68.3377","30.2","2021-10-13",,,"0.00",",,N","0.0",",,N",,
"US1MEHN0064","44.28867","-68.3377","30.2","2021-10-14",,,"0.00",",,N","0.0",",,N",,
"US1MEHN0064","44.28867","-68.3377","30.2","2021-10-15",,,"0.00",",,N","0.0",",,N",,
"US1MEHN0064","44.28867","-68.3377","30.2","2021-10-16",,,"0.08",",,N",,,,
"US1MEHN0064","44.28867","-68.3377","30.2","2021-10-17",,,"1.15",",,N",,,,
"US1MEHN0064","44.28867","-68.3377","30.2","2021-10-18",,,"0.11",",,N",,,,
"US1MEHN0064","44.28867","-68.3377","30.2","2021-10-19",,,"0.00",",,N","0.0",",,N",,
"US1MEHN0064","44.28867","-68.3377","30.2","2021-10-20",,,"0.04",",,N",,,,
"US1MEHN0064","44.28867","-68.3377","30.2","2021-10-21",,,"0.00",",,N","0.0",",,N",,
"US1MEHN0064","44.28867","-68.3377","30.2","2021-10-22",,,"0.02",",,N",,,,
"US1MEHN0064","44.28867","-68.3377","30.2","2021-10-23",,,"0.04",",,N",,,,
"US1MEHN0064","44.28867","-68.3377","30.2","2021-10-24",,,"0.00",",,N","0.0",",,N",,
"US1MEHN0064","44.28867","-68.3377","30.2","2021-10-26",,,"0.15",",,N",,,,
"US1MEHN0064","44.28867","-68.3377","30.2","2021-10-27",,,"0.48",",,N",,,,
"US1MEHN0064","44.28867","-68.3377","30.2","2021-10-28",,,"0.18",",,N",,,,
"US1MEHN0064","44.28867","-68.3377","30.2","2021-10-29",,,"0.00",",,N","0.0",",,N",,
"US1MEHN0064","44.28867","-68.3377","30.2","2021-10-30",,,"0.00",",,N","0.0",",,N",,
"US1MEHN0064","44.28867","-68.3377","30.2","2021-10-31",,,"2.23",",,N",,,,
"US1MEHN0064","44.28867","-68.3377","30.2","2021-11-01",,,"0.23",",,N",,,,
"US1MEHN0064","44.28867","-68.3377","30.2","2021-11-02",,,"0.00",",,N","0.0",",,N",,
"US1MEHN0064","44.28867","-68.3377","30.2","2021-11-03",,,"0.00",",,N","0.0",",,N",,
"US1MEHN0064","44.28867","-68.3377","30.2","2021-11-09",,,,,,,,
"US1MEHN0064","44.28867","-68.3377","30.2","2021-11-10",,,"0.02",",,N",,,,
"US1MEHN0064","44.28867","-68.3377","30.2","2021-11-11",,,"0.28",",,N",,,,
"US1MEHN0064","44.28867","-68.3377","30.2","2021-11-12",,,"0.00",",,N","0.0",",,N",,
"US1MEHN0064","44.28867","-68.3377","30.2","2021-11-13",,,"1.16",",,N",,,,
"US1MEHN0064","44.28867","-68.3377","30.2","2021-11-14",,,"0.11",",,N",,,,
"US1MEHN0064","44.28867","-68.3377","30.2","2021-11-15",,,"0.23",",,N",,,,
"US1MEHN0064","44.28867","-68.3377","30.2","2021-11-16",,,"0.06",",,N",,,,
"US1MEHN0064","44.28867","-68.3377","30.2","2021-11-17",,,"0.00",",,N","0.0",",,N",,
"US1MEHN0064","44.28867","-68.3377","30.2","2021-11-18",,,"0.14",",,N",,,,
"US1MEHN0064","44.28867","-68.3377","30.2","2021-11-19",,,"0.41",",,N",,,,
"US1MEHN0064","44.28867","-68.3377","30.2","2021-11-20",,,"0.02",",,N",,,,
"US1MEHN0064","44.28867","-68.3377","30.2","2021-11-21",,,"0.00",",,N","0.0",",,N",,
"US1MEHN0064","44.28867","-68.3377","30.2","2021-11-22",,,"0.43",",,N",,,,
"US1MEHN0064","44.28867","-68.3377","30.2","2021-11-23",,,"0.27",",,N",,,,
"US1MEHN0064","44.28867","-68.3377","30.2","2021-11-24",,,"0.00",",,N","0.0",",,N",,
"US1MEHN0064","44.28867","-68.3377","30.2","2021-11-25",,,"0.00",",,N","0.0",",,N",,
"US1MEHN0064","44.28867","-68.3377","30.2","2021-11-26",,,"0.00",",,N","0.0",",,N",,
"US1MEHN0064","44.28867","-68.3377","30.2","2021-11-27",,,"0.66",",,N","0.8",",,N",,
"US1MEHN0064","44.28867","-68.3377","30.2","2021-11-28",,,"0.00",",,N","0.0","T,,N",,
"US1MEHN0063","44.403879","-68.461304","7.0","2021-08-01",,,"0.00",",,N","0.0",",,N",,
"US1MEHN0063","44.403879","-68.461304","7.0","2021-08-03",,,"0.00",",,N","0.0",",,N",,
"US1MEHN0063","44.403879","-68.461304","7.0","2021-08-04",,,"0.00",",,N","0.0",",,N",,
"US1MEHN0063","44.403879","-68.461304","7.0","2021-08-05",,,"0.67",",,N",,,,
"US1MEHN0063","44.403879","-68.461304","7.0","2021-08-06",,,"0.76",",,N",,,,
"US1MEHN0063","44.403879","-68.461304","7.0","2021-08-07",,,"0.00",",,N","0.0",",,N",,
"US1MEHN0063","44.403879","-68.461304","7.0","2021-08-08",,,"0.00",",,N","0.0",",,N",,
"US1MEHN0063","44.403879","-68.461304","7.0","2021-08-11",,,"0.00",",,N","0.0",",,N",,
"US1MEHN0063","44.403879","-68.461304","7.0","2021-08-12",,,"0.00","T,,N",,,,
"US1MEHN0063","44.403879","-68.461304","7.0","2021-08-13",,,"0.00",",,N","0.0",",,N",,
"US1MEHN0063","44.403879","-68.461304","7.0","2021-08-14",,,"0.00",",,N","0.0",",,N",,
"US1MEHN0063","44.403879","-68.461304","7.0","2021-08-15",,,"0.14",",,N",,,,
"US1MEHN0063","44.403879","-68.461304","7.0","2021-08-17",,,"0.00",",,N","0.0",",,N",,
"US1MEHN0063","44.403879","-68.461304","7.0","2021-08-18",,,"0.00","T,,N",,,,
"US1MEHN0063","44.403879","-68.461304","7.0","2021-08-19",,,"0.06",",,N",,,,
"US1MEHN0063","44.403879","-68.461304","7.0","2021-08-20",,,"0.46",",,N",,,,
"US1MEHN0063","44.403879","-68.461304","7.0","2021-08-23",,,"0.37",",,N",,,,
"US1MEHN0063","44.403879","-68.461304","7.0","2021-08-24",,,"1.63",",,N",,,,
"US1MEHN0063","44.403879","-68.461304","7.0","2021-08-25",,,"0.00",",,N","0.0",",,N",,
"US1MEHN0063","44.403879","-68.461304","7.0","2021-08-26",,,"0.00",",,N","0.0",",,N",,
"US1MEHN0063","44.403879","-68.461304","7.0","2021-08-27",,,"0.00",",,N","0.0",",,N",,
"US1MEHN0063","44.403879","-68.461304","7.0","2021-08-29",,,"0.05",",,N",,,,
"US1MEHN0063","44.403879","-68.461304","7.0","2021-08-31",,,"0.00",",,N","0.0",",,N",,
"US1MEHN0063","44.403879","-68.461304","7.0","2021-09-01",,,"0.00",",,N","0.0",",,N",,
"US1MEHN0063","44.403879","-68.461304","7.0","2021-09-04",,,"0.16",",,N",,,,
"US1MEHN0063","44.403879","-68.461304","7.0","2021-09-05",,,"0.00",",,N","0.0",",,N",,
"US1MEHN0063","44.403879","-68.461304","7.0","2021-09-06",,,"0.11",",,N",,,,
"US1MEHN0063","44.403879","-68.461304","7.0","2021-09-07",,,"0.05",",,N",,,,
"US1MEHN0063","44.403879","-68.461304","7.0","2021-09-08",,,"0.00",",,N","0.0",",,N",,
"US1MEHN0063","44.403879","-68.461304","7.0","2021-09-09",,,"0.17",",,N",,,,
"US1MEHN0063","44.403879","-68.461304","7.0","2021-09-10",,,"2.86",",,N",,,,
"US1MEHN0063","44.403879","-68.461304","7.0","2021-09-11",,,"0.07",",,N",,,,
"US1MEHN0063","44.403879","-68.461304","7.0","2021-09-13",,,"0.00","T,,N",,,,
"US1MEHN0063","44.403879","-68.461304","7.0","2021-09-14",,,"0.00",",,N","0.0",",,N",,
"US1MEHN0063","44.403879","-68.461304","7.0","2021-09-15",,,"0.10",",,N",,,,
"US1MEHN0063","44.403879","-68.461304","7.0","2021-09-16",,,"0.02",",,N",,,,
"US1MEHN0063","44.403879","-68.461304","7.0","2021-09-17",,,"0.00",",,N","0.0",",,N",,
"US1MEHN0063","44.403879","-68.461304","7.0","2021-09-19",,,"0.23",",,N",,,,
"US1MEHN0063","44.403879","-68.461304","7.0","2021-09-22",,,"0.04",",,N",,,,
"US1MEHN0063","44.403879","-68.461304","7.0","2021-09-23",,,"0.00",",,N","0.0",",,N",,
"US1MEHN0063","44.403879","-68.461304","7.0","2021-09-25",,,"0.79",",,N",,,,
"US1MEHN0063","44.403879","-68.461304","7.0","2021-09-26",,,"1.71",",,N",,,,
"US1MEHN0063","44.403879","-68.461304","7.0","2021-09-27",,,"0.00","T,,N",,,,
"US1MEHN0063","44.403879","-68.461304","7.0","2021-09-28",,,"0.00",",,N","0.0",",,N",,
"US1MEHN0063","44.403879","-68.461304","7.0","2021-10-01",,,"0.03",",,N",,,,
"US1MEHN0063","44.403879","-68.461304","7.0","2021-10-04",,,"0.00",",,N","0.0",",,N",,
"US1MEHN0063","44.403879","-68.461304","7.0","2021-10-05",,,"0.00",",,N","0.0",",,N",,
"US1MEHN0063","44.403879","-68.461304","7.0","2021-10-07",,,"0.00",",,N","0.0",",,N",,
"US1MEHN0063","44.403879","-68.461304","7.0","2021-10-08",,,"0.00",",,N","0.0",",,N",,
"US1MEHN0063","44.403879","-68.461304","7.0","2021-10-09",,,"0.00",",,N","0.0",",,N",,
"US1MEHN0063","44.403879","-68.461304","7.0","2021-10-10",,,"0.00",",,N","0.0",",,N",,
"US1MEHN0063","44.403879","-68.461304","7.0","2021-10-13",,,"0.00",",,N","0.0",",,N",,
"US1MEHN0063","44.403879","-68.461304","7.0","2021-10-14",,,"0.00",",,N","0.0",",,N",,
"US1MEHN0063","44.403879","-68.461304","7.0","2021-10-15",,,"0.00",",,N","0.0",",,N",,
"US1MEHN0063","44.403879","-68.461304","7.0","2021-10-16",,,"0.30",",,N",,,,
"US1MEHN0063","44.403879","-68.461304","7.0","2021-10-17",,,"1.30",",,N",,,,
"US1MEHN0063","44.403879","-68.461304","7.0","2021-10-18",,,"0.15",",,N",,,,
"US1MEHN0063","44.403879","-68.461304","7.0","2021-10-19",,,"0.00",",,N","0.0",",,N",,
"US1MEHN0063","44.403879","-68.461304","7.0","2021-10-20",,,"0.00","T,,N",,,,
"US1MEHN0063","44.403879","-68.461304","7.0","2021-10-22",,,"0.16",",,N",,,,
"US1MEHN0063","44.403879","-68.461304","7.0","2021-10-25",,,"0.02",",,N",,,,
"US1MEHN0063","44.403879","-68.461304","7.0","2021-10-26",,,"0.08",",,N",,,,
"US1MEHN0063","44.403879","-68.461304","7.0","2021-10-27",,,"0.35",",,N",,,,
"US1MEHN0063","44.403879","-68.461304","7.0","2021-10-28",,,"0.26",",,N",,,,
"US1MEHN0063","44.403879","-68.461304","7.0","2021-10-31",,,"2.52",",,N",,,,
"US1MEHN0063","44.403879","-68.461304","7.0","2021-11-01",,,"0.01",",,N",,,,
"US1MEHN0063","44.403879","-68.461304","7.0","2021-11-02",,,"0.00",",,N","0.0",",,N",,
"US1MEHN0063","44.403879","-68.461304","7.0","2021-11-03",,,"0.00",",,N","0.0",",,N",,
"US1MEHN0063","44.403879","-68.461304","7.0","2021-11-05",,,"0.00",",,N","0.0",",,N",,
"US1MEHN0063","44.403879","-68.461304","7.0","2021-11-08",,,"0.00",",,N","0.0",",,N",,
"US1MEHN0063","44.403879","-68.461304","7.0","2021-11-09",,,"0.00",",,N","0.0",",,N",,
"US1MEHN0063","44.403879","-68.461304","7.0","2021-11-11",,,"0.27",",,N",,,,
"US1MEHN0063","44.403879","-68.461304","7.0","2021-11-12",,,"0.00",",,N","0.0",",,N",,
"US1MEHN0063","44.403879","-68.461304","7.0","2021-11-13",,,"1.13",",,N",,,,
"US1MEHN0063","44.403879","-68.461304","7.0","2021-11-14",,,"0.46",",,N",,,,
"US1MEHN0063","44.403879","-68.461304","7.0","2021-11-15",,,"0.36",",,N",,,,
"US1MEHN0063","44.403879","-68.461304","7.0","2021-11-16",,,"0.00",",,N","0.0",",,N",,
"US1MEHN0063","44.403879","-68.461304","7.0","2021-11-17",,,"0.00",",,N","0.0",",,N",,
"US1MEHN0063","44.403879","-68.461304","7.0","2021-11-18",,,"0.14",",,N",,,,
"US1MEHN0063","44.403879","-68.461304","7.0","2021-11-19",,,"0.37",",,N",,,,
"US1MEHN0063","44.403879","-68.461304","7.0","2021-11-20",,,"0.00",",,N","0.0",",,N",,
"US1MEHN0063","44.403879","-68.461304","7.0","2021-11-21",,,"0.00",",,N","0.0",",,N",,
"US1MEHN0063","44.403879","-68.461304","7.0","2021-11-22",,,"1.08",",,N",,,,
"US1MEHN0063","44.403879","-68.461304","7.0","2021-11-23",,,"0.18",",,N",,,,
"US1MEHN0063","44.403879","-68.461304","7.0","2021-11-25",,,"0.00",",,N","0.0",",,N",,
"US1MEHN0063","44.403879","-68.461304","7.0","2021-11-26",,,"0.03",",,N",,,,
"US1MEHN0063","44.403879","-68.461304","7.0","2021-11-27",,,"0.25",",,N",,,,
"US1LAAV0001","30.951738","-92.192111","24.1","2021-08-01",,,"0.08",",,N",,,,
"US1LAAV0001","30.951738","-92.192111","24.1","2021-08-02",,,"0.00",",,N","0.0",",,N",,
"US1LAAV0001","30.951738","-92.192111","24.1","2021-08-03",,,"0.18",",,N",,,,
"US1LAAV0001","30.951738","-92.192111","24.1","2021-08-04",,,"0.18",",,N",,,,
"US1LAAV0001","30.951738","-92.192111","24.1","2021-08-05",,,"0.00",",,N","0.0",",,N",,
"US1LAAV0001","30.951738","-92.192111","24.1","2021-08-06",,,"0.00",",,N","0.0",",,N",,
"US1LAAV0001","30.951738","-92.192111","24.1","2021-08-07",,,"0.00",",,N","0.0",",,N",,
"US1LAAV0001","30.951738","-92.192111","24.1","2021-08-08",,,"0.00",",,N","0.0",",,N",,
"US1LAAV0001","30.951738","-92.192111","24.1","2021-08-09",,,"0.00",",,N","0.0",",,N",,
"US1LAAV0001","30.951738","-92.192111","24.1","2021-08-10",,,"0.00",",,N","0.0",",,N",,
"US1LAAV0001","30.951738","-92.192111","24.1","2021-08-12",,,,,,,,
"US1LAAV0001","30.951738","-92.192111","24.1","2021-08-13",,,"0.03",",,N",,,,
"US1LAAV0001","30.951738","-92.192111","24.1","2021-08-14",,,"0.00",",,N","0.0",",,N",,
"US1LAAV0001","30.951738","-92.192111","24.1","2021-08-15",,,"0.17",",,N",,,,
"US1LAAV0001","30.951738","-92.192111","24.1","2021-08-16",,,"0.06",",,N",,,,
"US1LAAV0001","30.951738","-92.192111","24.1","2021-08-17",,,"0.00",",,N","0.0",",,N",,
"US1LAAV0001","30.951738","-92.192111","24.1","2021-08-21",,,,,,,,
"US1LAAV0001","30.951738","-92.192111","24.1","2021-08-22",,,"0.00",",,N","0.0",",,N",,
"US1LAAV0001","30.951738","-92.192111","24.1","2021-08-23",,,"0.00",",,N","0.0",",,N",,
"US1LAAV0001","30.951738","-92.192111","24.1","2021-08-24",,,"0.00",",,N","0.0",",,N",,
"US1LAAV0001","30.951738","-92.192111","24.1","2021-08-25",,,"0.11",",,N",,,,
"US1LAAV0001","30.951738","-92.192111","24.1","2021-08-26",,,"0.00",",,N","0.0",",,N",,
"US1LAAV0001","30.951738","-92.192111","24.1","2021-08-27",,,"0.12",",,N",,,,
"US1LAAV0001","30.951738","-92.192111","24.1","2021-08-28",,,"0.02",",,N",,,,
"US1LAAV0001","30.951738","-92.192111","24.1","2021-08-30",,,"0.07",",,N",,,,
"US1LAAV0001","30.951738","-92.192111","24.1","2021-08-31",,,"0.07",",,N",,,,
"US1LAAV0001","30.951738","-92.192111","24.1","2021-09-01",,,"0.00",",,N","0.0",",,N",,
"US1LAAV0001","30.951738","-92.192111","24.1","2021-09-02",,,"0.00",",,N","0.0",",,N",,
"US1LAAV0001","30.951738","-92.192111","24.1","2021-09-03",,,"0.00",",,N","0.0",",,N",,
"US1LAAV0001","30.951738","-92.192111","24.1","2021-09-04",,,"0.00",",,N","0.0",",,N",,
"US1LAAV0001","30.951738","-92.192111","24.1","2021-09-05",,,"0.00",",,N","0.0",",,N",,
"US1LAAV0001","30.951738","-92.192111","24.1","2021-09-06",,,"1.99",",,N",,,,
"US1LAAV0001","30.951738","-92.192111","24.1","2021-09-07",,,"0.12",",,N",,,,
"US1LAAV0001","30.951738","-92.192111","24.1","2021-09-08",,,"0.00",",,N","0.0",",,N",,
"US1LAAV0001","30.951738","-92.192111","24.1","2021-09-09",,,"0.00",",,N","0.0",",,N",,
"US1LAAV0001","30.951738","-92.192111","24.1","2021-09-10",,,"0.00",",,N","0.0",",,N",,
"US1LAAV0001","30.951738","-92.192111","24.1","2021-09-11",,,"0.00",",,N","0.0",",,N",,
"US1LAAV0001","30.951738","-92.192111","24.1","2021-09-12",,,"0.00",",,N","0.0",",,N",,
"US1LAAV0001","30.951738","-92.192111","24.1","2021-09-13",,,"0.00",",,N","0.0",",,N",,
"US1LAAV0001","30.951738","-92.192111","24.1","2021-09-14",,,"0.35",",,N",,,,
"US1LAAV0001","30.951738","-92.192111","24.1","2021-09-15",,,"10.23",",,N",,,,
"US1LAAV0001","30.951738","-92.192111","24.1","2021-09-17",,,,,,,,
"US1LAAV0001","30.951738","-92.192111","24.1","2021-09-18",,,"0.00",",,N","0.0",",,N",,
"US1LAAV0001","30.951738","-92.192111","24.1","2021-09-19",,,"0.00",",,N","0.0",",,N",,
"US1LAAV0001","30.951738","-92.192111","24.1","2021-09-20",,,"0.22",",,N",,,,
"US1LAAV0001","30.951738","-92.192111","24.1","2021-09-22",,,"0.50",",,N",,,,
"US1LAAV0001","30.951738","-92.192111","24.1","2021-09-23",,,"0.00",",,N","0.0",",,N",,
"US1LAAV0001","30.951738","-92.192111","24.1","2021-09-24",,,"0.00",",,N","0.0",",,N",,
"US1LAAV0001","30.951738","-92.192111","24.1","2021-09-25",,,"0.00",",,N","0.0",",,N",,
"US1LAAV0001","30.951738","-92.192111","24.1","2021-09-26",,,"0.00",",,N","0.0",",,N",,
"US1LAAV0001","30.951738","-92.192111","24.1","2021-09-27",,,"0.00",",,N","0.0",",,N",,
"US1LAAV0001","30.951738","-92.192111","24.1","2021-09-28",,,"0.00",",,N","0.0",",,N",,
"US1LAAV0001","30.951738","-92.192111","24.1","2021-09-29",,,"0.80",",,N",,,,
"US1LAAV0001","30.951738","-92.192111","24.1","2021-09-30",,,"0.00",",,N","0.0",",,N",,
"US1LAAV0001","30.951738","-92.192111","24.1","2021-10-01",,,"0.76",",,N",,,,
"US1LAAV0001","30.951738","-92.192111","24.1","2021-10-02",,,"0.15",",,N",,,,
"US1LAAV0001","30.951738","-92.192111","24.1","2021-10-05",,,,,,,,
"US1LAAV0001","30.951738","-92.192111","24.1","2021-10-06",,,"0.00",",,N","0.0",",,N",,
"US1LAAV0001","30.951738","-92.192111","24.1","2021-10-07",,,"0.00",",,N","0.0",",,N",,
"US1LAAV0001","30.951738","-92.192111","24.1","2021-10-08",,,"0.00",",,N","0.0",",,N",,
"US1LAAV0001","30.951738","-92.192111","24.1","2021-10-09",,,"0.00",",,N","0.0",",,N",,
"US1LAAV0001","30.951738","-92.192111","24.1","2021-10-10",,,"0.00",",,N","0.0",",,N",,
"US1LAAV0001","30.951738","-92.192111","24.1","2021-10-11",,,"0.00",",,N","0.0",",,N",,
"US1LAAV0001","30.951738","-92.192111","24.1","2021-10-12",,,"0.00",",,N","0.0",",,N",,
"US1LAAV0001","30.951738","-92.192111","24.1","2021-10-13",,,"0.00",",,N","0.0",",,N",,
"US1LAAV0001","30.951738","-92.192111","24.1","2021-10-16",,,,,,,,
"US1LAAV0001","30.951738","-92.192111","24.1","2021-10-17",,,"0.00",",,N","0.0",",,N",,
"US1LAAV0001","30.951738","-92.192111","24.1","2021-10-18",,,"0.00",",,N","0.0",",,N",,
"US1LAAV0001","30.951738","-92.192111","24.1","2021-10-19",,,"0.00",",,N","0.0",",,N",,
"US1LAAV0001","30.951738","-92.192111","24.1","2021-10-20",,,"0.00",",,N","0.0",",,N",,
"US1LAAV0001","30.951738","-92.192111","24.1","2021-10-21",,,"0.00",",,N","0.0",",,N",,
"US1LAAV0001","30.951738","-92.192111","24.1","2021-10-22",,,"0.00",",,N","0.0",",,N",,
"US1LAAV0001","30.951738","-92.192111","24.1","2021-10-25",,,,,,,,
"US1LAAV0001","30.951738","-92.192111","24.1","2021-10-26",,,"0.00",",,N","0.0",",,N",,
"US1LAAV0001","30.951738","-92.192111","24.1","2021-10-27",,,"0.00",",,N","0.0",",,N",,
"US1LAAV0001","30.951738","-92.192111","24.1","2021-10-28",,,"1.15",",,N",,,,
"US1LAAV0001","30.951738","-92.192111","24.1","2021-10-29",,,"0.00",",,N","0.0",",,N",,
"US1LAAV0001","30.951738","-92.192111","24.1","2021-10-30",,,"0.00",",,N","0.0",",,N",,
"US1LAAV0001","30.951738","-92.192111","24.1","2021-10-31",,,"0.00",",,N","0.0",",,N",,
"US1LAAV0001","30.951738","-92.192111","24.1","2021-11-02",,,"0.00",",,N","0.0",",,N",,
"US1LAAV0001","30.951738","-92.192111","24.1","2021-11-03",,,"0.00",",,N","0.0",",,N",,
"US1LAAV0001","30.951738","-92.192111","24.1","2021-11-04",,,"0.20",",,N",,,,
"US1LAAV0001","30.951738","-92.192111","24.1","2021-11-05",,,"0.00",",,N","0.0",",,N",,
"US1LAAV0001","30.951738","-92.192111","24.1","2021-11-06",,,"0.00",",,N","0.0",",,N",,
"US1LAAV0001","30.951738","-92.192111","24.1","2021-11-07",,,"0.00",",,N","0.0",",,N",,
"US1LAAV0001","30.951738","-92.192111","24.1","2021-11-08",,,"0.00",",,N","0.0",",,N",,
"US1LAAV0001","30.951738","-92.192111","24.1","2021-11-09",,,"0.00",",,N","0.0",",,N",,
"US1LAAV0001","30.951738","-92.192111","24.1","2021-11-10",,,"0.00",",,N","0.0",",,N",,
"US1LAAV0001","30.951738","-92.192111","24.1","2021-11-11",,,"0.45",",,N",,,,
"US1LAAV0001","30.951738","-92.192111","24.1","2021-11-12",,,"0.08",",,N",,,,
"US1LAAV0001","30.951738","-92.192111","24.1","2021-11-13",,,"0.00",",,N","0.0",",,N",,
"US1LAAV0001","30.951738","-92.192111","24.1","2021-11-14",,,"0.00",",,N","0.0",",,N",,
"US1LAAV0001","30.951738","-92.192111","24.1","2021-11-15",,,"0.00",",,N","0.0",",,N",,
"US1LAAV0001","30.951738","-92.192111","24.1","2021-11-16",,,"0.00",",,N","0.0",",,N",,
"US1LAAV0001","30.951738","-92.192111","24.1","2021-11-17",,,"0.00",",,N","0.0",",,N",,
"US1LAAV0001","30.951738","-92.192111","24.1","2021-11-19",,,,,,,,
"US1LAAV0001","30.951738","-92.192111","24.1","2021-11-20",,,"0.00",",,N","0.0",",,N",,
"US1LAAV0001","30.951738","-92.192111","24.1","2021-11-21",,,"0.00",",,N","0.0",",,N",,
"US1LAAV0001","30.951738","-92.192111","24.1","2021-11-22",,,"0.08",",,N",,,,
"US1LAAV0001","30.951738","-92.192111","24.1","2021-11-23",,,"0.00",",,N","0.0",",,N",,
"US1LAAV0001","30.951738","-92.192111","24.1","2021-11-24",,,"0.00",",,N","0.0",",,N",,
"US1LAAV0001","30.951738","-92.192111","24.1","2021-11-26",,,,,,,,
"US1LAAV0001","30.951738","-92.192111","24.1","2021-11-27",,,"0.00",",,N","0.0",",,N",,
"US1LAAV0001","30.951738","-92.192111","24.1","2021-11-28",,,"0.07",",,N",,,,
"USC00166561","29.9341","-91.0163","7.6","2021-08-01",,,"0.00",",,7,0700",,,,
"USC00166561","29.9341","-91.0163","7.6","2021-08-02",,,"0.00",",,7,0700",,,,
"USC00166561","29.9341","-91.0163","7.6","2021-08-03",,,"1.30",",,7,0700",,,,
"USC00166561","29.9341","-91.0163","7.6","2021-08-04",,,"0.75",",,7,0700",,,,
"USC00166561","29.9341","-91.0163","7.6","2021-08-05",,,"0.00",",,7,0700",,,,
"USC00166561","29.9341","-91.0163","7.6","2021-08-06",,,"0.00",",,7,0700",,,,
"USC00166561","29.9341","-91.0163","7.6","2021-08-07",,,"0.00",",,7,0700",,,,
"USC00166561","29.9341","-91.0163","7.6","2021-08-08",,,"0.00",",,7,0700",,,,
"USC00166561","29.9341","-91.0163","7.6","2021-08-09",,,"0.00",",,7,0700",,,,
"USC00166561","29.9341","-91.0163","7.6","2021-08-10",,,"0.25",",,7,0700",,,,
"USC00166561","29.9341","-91.0163","7.6","2021-08-11",,,"0.00",",,7,0700",,,,
"USC00166561","29.9341","-91.0163","7.6","2021-08-12",,,"0.88",",,7,0700",,,,
"USC00166561","29.9341","-91.0163","7.6","2021-08-13",,,"0.40",",,7,0700",,,,
"USC00166561","29.9341","-91.0163","7.6","2021-08-14",,,"2.00",",,7,0700",,,,
"USC00166561","29.9341","-91.0163","7.6","2021-08-15",,,"0.00",",,7,0700",,,,
"USC00166561","29.9341","-91.0163","7.6","2021-08-16",,,"0.00",",,7,0700",,,,
"USC00166561","29.9341","-91.0163","7.6","2021-08-17",,,"0.01",",,7,0700",,,,
"USC00166561","29.9341","-91.0163","7.6","2021-08-18",,,"0.02",",,7,0700",,,,
"USC00166561","29.9341","-91.0163","7.6","2021-08-19",,,"0.02",",,7,0700",,,,
"USC00166561","29.9341","-91.0163","7.6","2021-08-20",,,"0.02",",,7,0700",,,,
"USC00166561","29.9341","-91.0163","7.6","2021-08-21",,,"0.00",",,7,0700",,,,
"USC00166561","29.9341","-91.0163","7.6","2021-08-22",,,"0.00",",,7,0700",,,,
"USC00166561","29.9341","-91.0163","7.6","2021-08-23",,,"0.00",",,7,0700",,,,
"USC00166561","29.9341","-91.0163","7.6","2021-08-24",,,"0.00",",,7,0700",,,,
"USC00166561","29.9341","-91.0163","7.6","2021-08-25",,,"0.41",",,7,0700",,,,
"USC00166561","29.9341","-91.0163","7.6","2021-08-26",,,"0.00",",,7,0700",,,,
"USC00166561","29.9341","-91.0163","7.6","2021-08-27",,,"0.69",",,7,0700",,,,
"USC00166561","29.9341","-91.0163","7.6","2021-08-28",,,"0.70",",,7,0700",,,,
"USC00166561","29.9341","-91.0163","7.6","2021-08-29",,,"0.30",",,7,0700",,,,
"USC00166561","29.9341","-91.0163","7.6","2021-08-30",,,"2.20",",,7,0700",,,,
"USC00166561","29.9341","-91.0163","7.6","2021-08-31",,,"0.35",",,7,0700",,,,
"USC00166561","29.9341","-91.0163","7.6","2021-09-01",,,"0.65",",,7,0700",,,,
"USC00166561","29.9341","-91.0163","7.6","2021-09-02",,,"0.02",",,7,0700",,,,
"USC00166561","29.9341","-91.0163","7.6","2021-09-03",,,"0.02",",,7,0700",,,,
"USC00166561","29.9341","-91.0163","7.6","2021-09-04",,,"0.00",",,7,0700",,,,
"USC00166561","29.9341","-91.0163","7.6","2021-09-05",,,"0.00",",,7,0700",,,,
"USC00166561","29.9341","-91.0163","7.6","2021-09-06",,,"0.00",",,7,0700",,,,
"USC00166561","29.9341","-91.0163","7.6","2021-09-07",,,"0.09",",,7,0700",,,,
"USC00166561","29.9341","-91.0163","7.6","2021-09-08",,,"0.41",",,7,0700",,,,
"USC00166561","29.9341","-91.0163","7.6","2021-09-09",,,"0.00",",,7,0700",,,,
"USC00166561","29.9341","-91.0163","7.6","2021-09-10",,,"0.00",",,7,0700",,,,
"USC00166561","29.9341","-91.0163","7.6","2021-09-11",,,"0.00",",,7,0700",,,,
"USC00166561","29.9341","-91.0163","7.6","2021-09-12",,,"0.00",",,7,0700",,,,
"USC00166561","29.9341","-91.0163","7.6","2021-09-13",,,"0.00",",,7,0700",,,,
"USC00166561","29.9341","-91.0163","7.6","2021-09-14",,,"0.04",",,7,0700",,,,
"USC00166561","29.9341","-91.0163","7.6","2021-09-15",,,"3.67",",,7,0700",,,,
"USC00166561","29.9341","-91.0163","7.6","2021-09-16",,,"0.65",",,7,0700",,,,
"USC00166561","29.9341","-91.0163","7.6","2021-09-17",,,"0.00",",,7,0700",,,,
"USC00166561","29.9341","-91.0163","7.6","2021-09-18",,,"0.00",",,7,0700",,,,
"USC00166561","29.9341","-91.0163","7.6","2021-09-19",,,"0.17",",,7,0700",,,,
"USC00166561","29.9341","-91.0163","7.6","2021-09-20",,,"0.02",",,7,0700",,,,
"USC00166561","29.9341","-91.0163","7.6","2021-09-21",,,"0.00",",,7,0700",,,,
"USC00166561","29.9341","-91.0163","7.6","2021-09-22",,,"0.01",",,7,0700",,,,
"USC00166561","29.9341","-91.0163","7.6","2021-09-23",,,"0.00",",,7,0700",,,,
"USC00166561","29.9341","-91.0163","7.6","2021-09-24",,,"0.00",",,7,0700",,,,
"USC00166561","29.9341","-91.0163","7.6","2021-09-25",,,"0.00",",,7,0700",,,,
"USC00166561","29.9341","-91.0163","7.6","2021-09-26",,,"0.00",",,7,0700",,,,
"USC00166561","29.9341","-91.0163","7.6","2021-09-27",,,"0.00",",,7,0700",,,,
"USC00166561","29.9341","-91.0163","7.6","2021-09-28",,,"0.08",",,7,0700",,,,
"USC00166561","29.9341","-91.0163","7.6","2021-09-29",,,"0.62",",,7,0700",,,,
"USC00166561","29.9341","-91.0163","7.6","2021-09-30",,,"1.50",",,7,0700",,,,
"USC00166686","30.7268","-91.3672","13.7","2021-08-01",,,"1.72",",,7,2400",,,,
"USC00166686","30.7268","-91.3672","13.7","2021-08-02",,,"1.11",",,7,2400",,,,
"USC00166686","30.7268","-91.3672","13.7","2021-08-03",,,"0.36",",,7,2400",,,,
"USC00166686","30.7268","-91.3672","13.7","2021-08-04",,,"0.00",",,7,2400",,,,
"USC00166686","30.7268","-91.3672","13.7","2021-08-05",,,"0.00",",,7,2400",,,,
"USC00166686","30.7268","-91.3672","13.7","2021-08-06",,,"0.00",",,7,2400",,,,
"USC00166686","30.7268","-91.3672","13.7","2021-08-07",,,"0.00",",,7,2400",,,,
"USC00166686","30.7268","-91.3672","13.7","2021-08-08",,,"0.00",",,7,2400",,,,
"USC00166686","30.7268","-91.3672","13.7","2021-08-09",,,"0.00",",,7,2400",,,,
"USC00166686","30.7268","-91.3672","13.7","2021-08-10",,,"0.00",",,7,2400",,,,
"USC00166686","30.7268","-91.3672","13.7","2021-08-11",,,"0.26",",,7,2400",,,,
"USC00166686","30.7268","-91.3672","13.7","2021-08-12",,,"0.00",",,7,2400",,,,
"USC00166686","30.7268","-91.3672","13.7","2021-08-13",,,"0.00",",,7,2400",,,,
"USC00166686","30.7268","-91.3672","13.7","2021-08-14",,,"0.00",",,7,2400",,,,
"USC00166686","30.7268","-91.3672","13.7","2021-08-15",,,"0.28",",,7,2400",,,,
"USC00166686","30.7268","-91.3672","13.7","2021-08-16",,,"0.00",",,7,2400",,,,
"USC00166686","30.7268","-91.3672","13.7","2021-08-17",,,"0.00",",,7,2400",,,,
"USC00166686","30.7268","-91.3672","13.7","2021-08-18",,,"0.00",",,7,2400",,,,
"USC00166686","30.7268","-91.3672","13.7","2021-08-19",,,"0.00",",,7,2400",,,,
"USC00166686","30.7268","-91.3672","13.7","2021-08-20",,,"0.00",",,7,2400",,,,
"USC00166686","30.7268","-91.3672","13.7","2021-08-21",,,"0.00",",,7,2400",,,,
"USC00166686","30.7268","-91.3672","13.7","2021-08-22",,,"0.00",",,7,2400",,,,
"USC00166686","30.7268","-91.3672","13.7","2021-08-23",,,"0.00",",,7,2400",,,,
"USC00166686","30.7268","-91.3672","13.7","2021-08-24",,,"1.02",",,7,2400",,,,
"USC00166686","30.7268","-91.3672","13.7","2021-08-25",,,"0.01",",,7,2400",,,,
"USC00166686","30.7268","-91.3672","13.7","2021-08-26",,,"0.08",",,7,2400",,,,
"USC00166686","30.7268","-91.3672","13.7","2021-08-27",,,"0.24",",,7,2400",,,,
"USC00166686","30.7268","-91.3672","13.7","2021-08-28",,,"0.00",",,7,2400",,,,
"USC00166686","30.7268","-91.3672","13.7","2021-08-29",,,"0.60",",,7,2400",,,,
"USC00166686","30.7268","-91.3672","13.7","2021-08-30",,,"0.55",",,7,2400",,,,
"USC00166686","30.7268","-91.3672","13.7","2021-08-31",,,"0.00",",,7,2400",,,,
"USC00166686","30.7268","-91.3672","13.7","2021-09-01",,,"0.00",",,7,2400",,,,
"USC00166686","30.7268","-91.3672","13.7","2021-09-02",,,"0.08",",,7,2400",,,,
"USC00166686","30.7268","-91.3672","13.7","2021-09-03",,,"0.00",",,7,2400",,,,
"USC00166686","30.7268","-91.3672","13.7","2021-09-04",,,"0.00",",,7,2400",,,,
"USC00166686","30.7268","-91.3672","13.7","2021-09-05",,,"0.00",",,7,2400",,,,
"USC00166686","30.7268","-91.3672","13.7","2021-09-06",,,"0.30",",,7,2400",,,,
"USC00166686","30.7268","-91.3672","13.7","2021-09-07",,,"0.09",",,7,2400",,,,
"USC00166686","30.7268","-91.3672","13.7","2021-09-08",,,"0.00",",,7,2400",,,,
"USC00166686","30.7268","-91.3672","13.7","2021-09-09",,,"0.00",",,7,2400",,,,
"USC00166686","30.7268","-91.3672","13.7","2021-09-10",,,"0.00",",,7,2400",,,,
"USC00166686","30.7268","-91.3672","13.7","2021-09-11",,,"0.00",",,7,2400",,,,
"USC00166686","30.7268","-91.3672","13.7","2021-09-12",,,"0.17",",,7,2400",,,,
"USC00166686","30.7268","-91.3672","13.7","2021-09-13",,,"0.11",",,7,2400",,,,
"USC00166686","30.7268","-91.3672","13.7","2021-09-14",,,"3.14",",,7,2400",,,,
"USC00166686","30.7268","-91.3672","13.7","2021-09-15",,,"1.23",",,7,2400",,,,
"USC00166686","30.7268","-91.3672","13.7","2021-09-16",,,"0.51",",,7,2400",,,,
"USC00166686","30.7268","-91.3672","13.7","2021-09-17",,,"0.00",",,7,2400",,,,
"USC00166686","30.7268","-91.3672","13.7","2021-09-18",,,"0.00",",,7,2400",,,,
"USC00166686","30.7268","-91.3672","13.7","2021-09-19",,,"0.00",",,7,2400",,,,
"USC00166686","30.7268","-91.3672","13.7","2021-09-20",,,"0.00",",,7,2400",,,,
"USC00166686","30.7268","-91.3672","13.7","2021-09-21",,,"0.07",",,7,2400",,,,
"USC00166686","30.7268","-91.3672","13.7","2021-09-22",,,"0.01",",,7,2400",,,,
"USC00166686","30.7268","-91.3672","13.7","2021-09-23",,,"0.00",",,7,2400",,,,
"USC00166686","30.7268","-91.3672","13.7","2021-09-24",,,"0.00",",,7,2400",,,,
"USC00166686","30.7268","-91.3672","13.7","2021-09-25",,,"0.00",",,7,2400",,,,
"USC00166686","30.7268","-91.3672","13.7","2021-09-26",,,"0.00",",,7,2400",,,,
"USC00166686","30.7268","-91.3672","13.7","2021-09-27",,,"0.00",",,7,2400",,,,
"USC00166686","30.7268","-91.3672","13.7","2021-09-28",,,"0.88",",,7,2400",,,,
"USC00166686","30.7268","-91.3672","13.7","2021-09-29",,,"0.11",",,7,2400",,,,
"USC00166686","30.7268","-91.3672","13.7","2021-09-30",,,"0.16",",,7,2400",,,,
"USC00166686","30.7268","-91.3672","13.7","2021-10-01",,,"0.17",",,H,2400",,,,
"USC00166686","30.7268","-91.3672","13.7","2021-10-02",,,"0.24",",,H,2400",,,,
"USC00166686","30.7268","-91.3672","13.7","2021-10-03",,,"0.00",",,H,2400",,,,
"USC00166686","30.7268","-91.3672","13.7","2021-10-04",,,"0.00",",,H,2400",,,,
"USC00166686","30.7268","-91.3672","13.7","2021-10-05",,,"0.00",",,H,2400",,,,
"USC00166686","30.7268","-91.3672","13.7","2021-10-06",,,"0.00",",,H,2400",,,,
"USC00166686","30.7268","-91.3672","13.7","2021-10-07",,,"0.00",",,H,2400",,,,
"USC00166686","30.7268","-91.3672","13.7","2021-10-09",,,"0.00",",,H,2400",,,,
"USC00166686","30.7268","-91.3672","13.7","2021-10-10",,,"0.00",",,H,2400",,,,
"USC00166686","30.7268","-91.3672","13.7","2021-10-12",,,"0.00",",,H,2400",,,,
"USC00166686","30.7268","-91.3672","13.7","2021-10-13",,,"0.00",",,H,2400",,,,
"USC00166686","30.7268","-91.3672","13.7","2021-10-14",,,"0.00",",,H,2400",,,,
"USC00166686","30.7268","-91.3672","13.7","2021-10-15",,,,,,,,
"USC00166686","30.7268","-91.3672","13.7","2021-10-16",,,"0.14",",,H,2400",,,,
"USC00166686","30.7268","-91.3672","13.7","2021-10-17",,,"0.00",",,H,2400",,,,
"USC00166686","30.7268","-91.3672","13.7","2021-10-18",,,"0.00",",,H,2400",,,,
"USC00166686","30.7268","-91.3672","13.7","2021-10-19",,,"0.00",",,H,2400",,,,
"USC00166686","30.7268","-91.3672","13.7","2021-10-20",,,"0.00",",,H,2400",,,,
"USC00166686","30.7268","-91.3672","13.7","2021-10-21",,,"0.00",",,H,2400",,,,
"USC00166686","30.7268","-91.3672","13.7","2021-10-22",,,,,,,,
"USC00166686","30.7268","-91.3672","13.7","2021-10-23",,,"0.00",",,H,2400",,,,
"USC00166686","30.7268","-91.3672","13.7","2021-10-24",,,"0.02",",,H,2400",,,,
"USC00166686","30.7268","-91.3672","13.7","2021-10-25",,,"0.00",",,H,2400",,,,
"USC00166686","30.7268","-91.3672","13.7","2021-10-26",,,"0.00",",,H,2400",,,,
"USC00166686","30.7268","-91.3672","13.7","2021-10-27",,,"1.47",",,H,2400",,,,
"USC00166686","30.7268","-91.3672","13.7","2021-10-28",,,"0.00",",,H,2400",,,,
"USC00166686","30.7268","-91.3672","13.7","2021-10-29",,,"0.00",",,H,2400",,,,
"USC00166686","30.7268","-91.3672","13.7","2021-10-30",,,"0.00",",,H,2400",,,,
"USC00166686","30.7268","-91.3672","13.7","2021-10-31",,,"0.00",",,H,2400",,,,
"USC00166686","30.7268","-91.3672","13.7","2021-11-01",,,"0.00",",,H,2400",,,,
"USC00166686","30.7268","-91.3672","13.7","2021-11-02",,,"0.00",",,H,2400",,,,
"USC00166686","30.7268","-91.3672","13.7","2021-11-03",,,"0.00",",,H,2400",,,,
"USC00166686","30.7268","-91.3672","13.7","2021-11-04",,,"0.00",",,H,2400",,,,
"USC00166686","30.7268","-91.3672","13.7","2021-11-05",,,"0.00",",,H,2400",,,,
"USC00166686","30.7268","-91.3672","13.7","2021-11-06",,,"0.00",",,H,2400",,,,
"USC00166686","30.7268","-91.3672","13.7","2021-11-07",,,"0.00",",,H,2400",,,,
"USC00166686","30.7268","-91.3672","13.7","2021-11-08",,,"0.00",",,H,2400",,,,
"USC00166686","30.7268","-91.3672","13.7","2021-11-09",,,"0.00",",,H,2400",,,,
"USC00166686","30.7268","-91.3672","13.7","2021-11-10",,,"0.01",",,H,2400",,,,
"USC00166686","30.7268","-91.3672","13.7","2021-11-12",,,,,,,,
"USC00166686","30.7268","-91.3672","13.7","2021-11-13",,,"0.00",",,H,2400",,,,
"USC00166686","30.7268","-91.3672","13.7","2021-11-14",,,"0.00",",,H,2400",,,,
"USC00166686","30.7268","-91.3672","13.7","2021-11-15",,,"0.00",",,H,2400",,,,
"USC00166686","30.7268","-91.3672","13.7","2021-11-17",,,"0.00",",,H,2400",,,,
"USC00166686","30.7268","-91.3672","13.7","2021-11-18",,,"0.06",",,H,2400",,,,
"USC00166686","30.7268","-91.3672","13.7","2021-11-19",,,,,,,,
"USC00166686","30.7268","-91.3672","13.7","2021-11-20",,,"0.00",",,H,2400",,,,
"USC00166686","30.7268","-91.3672","13.7","2021-11-21",,,"0.00",",,H,2400",,,,
"USC00166686","30.7268","-91.3672","13.7","2021-11-22",,,"0.90",",,H,2400",,,,
"USC00166686","30.7268","-91.3672","13.7","2021-11-23",,,"0.00",",,H,2400",,,,
"USC00166686","30.7268","-91.3672","13.7","2021-11-26",,,,,,,,
"USC00166686","30.7268","-91.3672","13.7","2021-11-27",,,"0.01",",,H,2400",,,,
"USC00166686","30.7268","-91.3672","13.7","2021-11-28",,,"0.06",",,H,2400",,,,
"USC00168861","30.6434","-89.924","22.9","2021-08-01",,,"0.00",",,7,0630",,,,
"USC00168861","30.6434","-89.924","22.9","2021-08-02",,,"0.07",",,7,0630",,,,
"USC00168861","30.6434","-89.924","22.9","2021-08-03",,,"0.22",",,7,0630",,,,
"USC00168861","30.6434","-89.924","22.9","2021-08-04",,,"0.52",",,7,0630",,,,
"USC00168861","30.6434","-89.924","22.9","2021-08-05",,,"0.00",",,7,0630",,,,
"USC00168861","30.6434","-89.924","22.9","2021-08-06",,,"0.00",",,7,0630",,,,
"USC00168861","30.6434","-89.924","22.9","2021-08-07",,,"0.00",",,7,0630",,,,
"USC00168861","30.6434","-89.924","22.9","2021-08-08",,,"0.00",",,7,0630",,,,
"USC00168861","30.6434","-89.924","22.9","2021-08-09",,,"0.03",",,7,0630",,,,
"USC00168861","30.6434","-89.924","22.9","2021-08-10",,,"0.00",",,7,0630",,,,
"USC00168861","30.6434","-89.924","22.9","2021-08-11",,,"0.00",",,7,0630",,,,
"USC00168861","30.6434","-89.924","22.9","2021-08-12",,,"0.19",",,7,0630",,,,
"USC00168861","30.6434","-89.924","22.9","2021-08-13",,,"0.43",",,7,0630",,,,
"USC00168861","30.6434","-89.924","22.9","2021-08-14",,,"0.22",",,7,0630",,,,
"USC00168861","30.6434","-89.924","22.9","2021-08-15",,,"0.00",",,7,0630",,,,
"USC00168861","30.6434","-89.924","22.9","2021-08-16",,,"0.85",",,7,0630",,,,
"USC00168861","30.6434","-89.924","22.9","2021-08-17",,,"0.00",",,7,0630",,,,
"USC00168861","30.6434","-89.924","22.9","2021-08-18",,,"0.02",",,7,0630",,,,
"USC00168861","30.6434","-89.924","22.9","2021-08-19",,,"0.00",",,7,0630",,,,
"USC00168861","30.6434","-89.924","22.9","2021-08-20",,,"0.00",",,7,0630",,,,
"USC00168861","30.6434","-89.924","22.9","2021-08-21",,,"0.00",",,7,0630",,,,
"USC00168861","30.6434","-89.924","22.9","2021-08-22",,,"0.00",",,7,0630",,,,
"USC00168861","30.6434","-89.924","22.9","2021-08-23",,,"0.00",",,7,0630",,,,
"USC00168861","30.6434","-89.924","22.9","2021-08-24",,,"0.04",",,7,0630",,,,
"USC00168861","30.6434","-89.924","22.9","2021-08-25",,,"0.00",",,7,0630",,,,
"USC00168861","30.6434","-89.924","22.9","2021-08-26",,,"0.25",",,7,0630",,,,
"USC00168861","30.6434","-89.924","22.9","2021-08-27",,,"0.30",",,7,0630",,,,
"USC00168861","30.6434","-89.924","22.9","2021-08-28",,,"0.22",",,7,0630",,,,
"USC00168861","30.6434","-89.924","22.9","2021-08-29",,,"0.02",",,7,0630",,,,
"USC00168861","30.6434","-89.924","22.9","2021-09-04",,,"0.00",",,7,0630",,,,
"USC00168861","30.6434","-89.924","22.9","2021-09-05",,,"0.00",",,7,0630",,,,
"USC00168861","30.6434","-89.924","22.9","2021-09-06",,,"0.00",",,7,0630",,,,
"USC00168861","30.6434","-89.924","22.9","2021-09-07",,,"0.00",",,7,0630",,,,
"USC00168861","30.6434","-89.924","22.9","2021-09-08",,,"0.12",",,7,0630",,,,
"USC00168861","30.6434","-89.924","22.9","2021-09-09",,,"0.00","T,,7,0630",,,,
"USC00168861","30.6434","-89.924","22.9","2021-09-10",,,"0.00",",,7,0630",,,,
"USC00168861","30.6434","-89.924","22.9","2021-09-11",,,"0.00",",,7,0630",,,,
"USC00168861","30.6434","-89.924","22.9","2021-09-12",,,"0.00",",,7,0630",,,,
"USC00168861","30.6434","-89.924","22.9","2021-09-13",,,"0.06",",,7,0630",,,,
"USC00168861","30.6434","-89.924","22.9","2021-09-14",,,"0.25",",,7,0630",,,,
"USC00168861","30.6434","-89.924","22.9","2021-09-15",,,"4.47",",,7,0630",,,,
"USC00168861","30.6434","-89.924","22.9","2021-09-16",,,"0.49",",,7,0630",,,,
"USC00168861","30.6434","-89.924","22.9","2021-09-17",,,"0.05",",,7,0630",,,,
"USC00168861","30.6434","-89.924","22.9","2021-09-18",,,"0.00","T,,7,0630",,,,
"USC00168861","30.6434","-89.924","22.9","2021-09-19",,,"0.24",",,7,0630",,,,
"USC00168861","30.6434","-89.924","22.9","2021-09-20",,,"0.00",",,7,0630",,,,
"USC00168861","30.6434","-89.924","22.9","2021-09-21",,,"0.00",",,7,0630",,,,
"USC00168861","30.6434","-89.924","22.9","2021-09-22",,,"0.00",",,7,0630",,,,
"USC00168861","30.6434","-89.924","22.9","2021-09-23",,,"0.00",",,7,0630",,,,
"USC00168861","30.6434","-89.924","22.9","2021-09-24",,,"0.00",",,7,0630",,,,
"USC00168861","30.6434","-89.924","22.9","2021-09-25",,,"0.00",",,7,0630",,,,
"USC00168861","30.6434","-89.924","22.9","2021-09-26",,,"0.00",",,7,0630",,,,
"USC00168861","30.6434","-89.924","22.9","2021-09-27",,,"0.00",",,7,0630",,,,
"USC00168861","30.6434","-89.924","22.9","2021-09-28",,,"0.00",",,7,0630",,,,
"USC00168861","30.6434","-89.924","22.9","2021-09-29",,,"0.43",",,7,0630",,,,
"USC00168861","30.6434","-89.924","22.9","2021-09-30",,,"0.18",",,7,0630",,,,
"USC00168861","30.6434","-89.924","22.9","2021-10-01",,,"0.11",",,H,0630",,,,
"USC00168861","30.6434","-89.924","22.9","2021-10-02",,,"0.00",",,H,0630",,,,
"USC00168861","30.6434","-89.924","22.9","2021-10-03",,,"0.08",",,H,0630",,,,
"USC00168861","30.6434","-89.924","22.9","2021-10-04",,,"1.67",",,H,0630",,,,
"USC00168861","30.6434","-89.924","22.9","2021-10-05",,,"0.00",",,H,0630",,,,
"USC00168861","30.6434","-89.924","22.9","2021-10-06",,,"0.00",",,H,0630",,,,
"USC00168861","30.6434","-89.924","22.9","2021-10-07",,,"1.66",",,H,0630",,,,
"USC00168861","30.6434","-89.924","22.9","2021-10-08",,,"0.00",",,H,0630",,,,
"USC00168861","30.6434","-89.924","22.9","2021-10-09",,,"0.00",",,H,0630",,,,
"USC00168861","30.6434","-89.924","22.9","2021-10-10",,,"0.00",",,H,0630",,,,
"USC00168861","30.6434","-89.924","22.9","2021-10-11",,,"0.00",",,H,0630",,,,
"USC00168861","30.6434","-89.924","22.9","2021-10-12",,,"0.00",",,H,0630",,,,
"USC00168861","30.6434","-89.924","22.9","2021-10-13",,,"0.00",",,H,0630",,,,
"USC00168861","30.6434","-89.924","22.9","2021-10-14",,,"0.00",",,H,0630",,,,
"USC00168861","30.6434","-89.924","22.9","2021-10-15",,,"0.02",",,H,0630",,,,
"USC00168861","30.6434","-89.924","22.9","2021-10-16",,,"0.00",",,H,0630",,,,
"USC00168861","30.6434","-89.924","22.9","2021-10-17",,,"0.00",",,H,0630",,,,
"USC00168861","30.6434","-89.924","22.9","2021-10-18",,,"0.00",",,H,0630",,,,
"USC00168861","30.6434","-89.924","22.9","2021-10-19",,,"0.00",",,H,0630",,,,
"USC00168861","30.6434","-89.924","22.9","2021-10-20",,,"0.00",",,H,0630",,,,
"USC00168861","30.6434","-89.924","22.9","2021-10-21",,,"0.05",",,H,0630",,,,
"USC00168861","30.6434","-89.924","22.9","2021-10-22",,,"0.05",",,H,0630",,,,
"USC00168861","30.6434","-89.924","22.9","2021-10-23",,,"0.00",",,H,0630",,,,
"USC00168861","30.6434","-89.924","22.9","2021-10-24",,,"0.00",",,H,0630",,,,
"USC00168861","30.6434","-89.924","22.9","2021-10-25",,,"0.00",",,H,0630",,,,
"USC00168861","30.6434","-89.924","22.9","2021-10-26",,,"0.00",",,H,0630",,,,
"USC00168861","30.6434","-89.924","22.9","2021-10-27",,,"0.00",",,H,0630",,,,
"USC00168861","30.6434","-89.924","22.9","2021-10-28",,,"3.40",",,H,0630",,,,
"USC00168861","30.6434","-89.924","22.9","2021-10-29",,,"0.00",",,H,0630",,,,
"USC00168861","30.6434","-89.924","22.9","2021-10-30",,,"0.00",",,H,0630",,,,
"USC00168861","30.6434","-89.924","22.9","2021-10-31",,,"0.00",",,H,0630",,,,
"USC00168861","30.6434","-89.924","22.9","2021-11-01",,,"0.00",",,H,0630",,,,
"USC00168861","30.6434","-89.924","22.9","2021-11-02",,,"0.00",",,H,0630",,,,
"USC00168861","30.6434","-89.924","22.9","2021-11-03",,,"0.00",",,H,0630",,,,
"USC00168861","30.6434","-89.924","22.9","2021-11-04",,,"0.00",",,H,0630",,,,
"USC00168861","30.6434","-89.924","22.9","2021-11-05",,,"0.00",",,H,0630",,,,
"USC00168861","30.6434","-89.924","22.9","2021-11-06",,,"0.00",",,H,0630",,,,
"USC00168861","30.6434","-89.924","22.9","2021-11-07",,,"0.00",",,H,0630",,,,
"USC00168861","30.6434","-89.924","22.9","2021-11-08",,,"0.00",",,H,0630",,,,
"USC00168861","30.6434","-89.924","22.9","2021-11-09",,,"0.00",",,H,0630",,,,
"USC00168861","30.6434","-89.924","22.9","2021-11-10",,,"0.00",",,H,0630",,,,
"USC00168861","30.6434","-89.924","22.9","2021-11-11",,,"0.00",",,H,0630",,,,
"USC00168861","30.6434","-89.924","22.9","2021-11-12",,,"0.00",",,H,0630",,,,
"USC00168861","30.6434","-89.924","22.9","2021-11-13",,,"0.00",",,H,0630",,,,
"USC00168861","30.6434","-89.924","22.9","2021-11-14",,,"0.00",",,H,0630",,,,
"USC00168861","30.6434","-89.924","22.9","2021-11-15",,,"0.00",",,H,0630",,,,
"USC00168861","30.6434","-89.924","22.9","2021-11-16",,,"0.00",",,H,0630",,,,
"USC00168861","30.6434","-89.924","22.9","2021-11-17",,,"0.00",",,H,0630",,,,
"USC00168861","30.6434","-89.924","22.9","2021-11-18",,,"0.00",",,H,0630",,,,
"USC00168861","30.6434","-89.924","22.9","2021-11-19",,,"0.26",",,H,0630",,,,
"USC00168861","30.6434","-89.924","22.9","2021-11-20",,,"0.00",",,H,0630",,,,
"USC00168861","30.6434","-89.924","22.9","2021-11-21",,,"0.00",",,H,0630",,,,
"USC00168861","30.6434","-89.924","22.9","2021-11-22",,,"0.23",",,H,0630",,,,
"USC00168861","30.6434","-89.924","22.9","2021-11-23",,,"0.00",",,H,0630",,,,
"USC00168861","30.6434","-89.924","22.9","2021-11-24",,,"0.00",",,H,0630",,,,
"USC00168861","30.6434","-89.924","22.9","2021-11-25",,,"0.00",",,H,0630",,,,
"USC00168861","30.6434","-89.924","22.9","2021-11-26",,,"0.10",",,H,0630",,,,
"USC00168861","30.6434","-89.924","22.9","2021-11-27",,,"0.00",",,H,0630",,,,
"USC00168861","30.6434","-89.924","22.9","2021-11-28",,,"0.04",",,H,0630",,,,
"US1MEPN0010","45.406727","-68.435891","105.8","2021-08-01",,,"0.00",",,N","0.0",",,N",,
"US1MEPN0010","45.406727","-68.435891","105.8","2021-08-02",,,"0.02",",,N",,,,
"US1MEPN0010","45.406727","-68.435891","105.8","2021-08-03",,,"0.11",",,N",,,,
"US1MEPN0010","45.406727","-68.435891","105.8","2021-08-04",,,"0.00",",,N","0.0",",,N",,
"US1MEPN0010","45.406727","-68.435891","105.8","2021-08-05",,,"0.00",",,N","0.0",",,N",,
"US1MEPN0010","45.406727","-68.435891","105.8","2021-08-06",,,"0.46",",,N",,,,
"US1MEPN0010","45.406727","-68.435891","105.8","2021-08-07",,,"0.00",",,N","0.0",",,N",,
"US1MEPN0010","45.406727","-68.435891","105.8","2021-08-08",,,"0.09",",,N",,,,
"US1MEPN0010","45.406727","-68.435891","105.8","2021-08-09",,,"0.00",",,N","0.0",",,N",,
"US1MEPN0010","45.406727","-68.435891","105.8","2021-08-10",,,"0.02",",,N",,,,
"US1MEPN0010","45.406727","-68.435891","105.8","2021-08-11",,,"0.01",",,N",,,,
"US1MEPN0010","45.406727","-68.435891","105.8","2021-08-12",,,"0.01",",,N",,,,
"US1MEPN0010","45.406727","-68.435891","105.8","2021-08-13",,,"0.00",",,N","0.0",",,N",,
"US1MEPN0010","45.406727","-68.435891","105.8","2021-08-14",,,"0.00",",,N","0.0",",,N",,
"US1MEPN0010","45.406727","-68.435891","105.8","2021-08-15",,,"0.08",",,N",,,,
"US1MEPN0010","45.406727","-68.435891","105.8","2021-08-16",,,"0.01",",,N",,,,
"US1MEPN0010","45.406727","-68.435891","105.8","2021-08-17",,,"0.00",",,N","0.0",",,N",,
"US1MEPN0010","45.406727","-68.435891","105.8","2021-08-18",,,"0.00",",,N","0.0",",,N",,
"US1MEPN0010","45.406727","-68.435891","105.8","2021-08-19",,,"0.34",",,N",,,,
"US1MEPN0010","45.406727","-68.435891","105.8","2021-08-20",,,"0.04",",,N",,,,
"US1MEPN0010","45.406727","-68.435891","105.8","2021-08-21",,,"0.02",",,N",,,,
"US1MEPN0010","45.406727","-68.435891","105.8","2021-08-22",,,"0.00",",,N","0.0",",,N",,
"US1MEPN0010","45.406727","-68.435891","105.8","2021-08-23",,,"0.00",",,N","0.0",",,N",,
"US1MEPN0010","45.406727","-68.435891","105.8","2021-08-24",,,"2.39",",,N",,,,
"US1MEPN0010","45.406727","-68.435891","105.8","2021-08-25",,,"0.03",",,N",,,,
"US1MEPN0010","45.406727","-68.435891","105.8","2021-08-26",,,"0.00",",,N","0.0",",,N",,
"US1MEPN0010","45.406727","-68.435891","105.8","2021-08-27",,,"0.00",",,N","0.0",",,N",,
"US1MEPN0010","45.406727","-68.435891","105.8","2021-08-28",,,"0.00",",,N","0.0",",,N",,
"US1MEPN0010","45.406727","-68.435891","105.8","2021-08-29",,,"0.00",",,N","0.0",",,N",,
"US1MEPN0010","45.406727","-68.435891","105.8","2021-08-30",,,"0.00",",,N","0.0",",,N",,
"US1MEPN0010","45.406727","-68.435891","105.8","2021-08-31",,,"0.00",",,N","0.0",",,N",,
"US1MEPN0010","45.406727","-68.435891","105.8","2021-09-01",,,"0.00",",,N","0.0",",,N",,
"US1MEPN0010","45.406727","-68.435891","105.8","2021-09-02",,,"0.07",",,N",,,,
"US1MEPN0010","45.406727","-68.435891","105.8","2021-09-03",,,"0.94",",,N",,,,
"US1MEPN0010","45.406727","-68.435891","105.8","2021-09-04",,,"0.13",",,N",,,,
"US1MEPN0010","45.406727","-68.435891","105.8","2021-09-05",,,"0.00",",,N","0.0",",,N",,
"US1MEPN0010","45.406727","-68.435891","105.8","2021-09-06",,,"0.08",",,N",,,,
"US1MEPN0010","45.406727","-68.435891","105.8","2021-09-07",,,"0.38",",,N",,,,
"US1MEPN0010","45.406727","-68.435891","105.8","2021-09-08",,,"0.00",",,N","0.0",",,N",,
"US1MEPN0010","45.406727","-68.435891","105.8","2021-09-09",,,"0.00",",,N","0.0",",,N",,
"US1MEPN0010","45.406727","-68.435891","105.8","2021-09-10",,,"2.31",",,N",,,,
"US1MEPN0010","45.406727","-68.435891","105.8","2021-09-11",,,"0.22",",,N",,,,
"US1MEPN0010","45.406727","-68.435891","105.8","2021-09-12",,,"0.00",",,N","0.0",",,N",,
"US1MEPN0010","45.406727","-68.435891","105.8","2021-09-13",,,"0.00",",,N","0.0",",,N",,
"US1MEPN0010","45.406727","-68.435891","105.8","2021-09-14",,,"0.00",",,N","0.0",",,N",,
"US1MEPN0010","45.406727","-68.435891","105.8","2021-09-15",,,"0.00",",,N","0.0",",,N",,
"US1MEPN0010","45.406727","-68.435891","105.8","2021-09-16",,,"0.84",",,N",,,,
"US1MEPN0010","45.406727","-68.435891","105.8","2021-09-17",,,"0.00",",,N","0.0",",,N",,
"US1MEPN0010","45.406727","-68.435891","105.8","2021-09-18",,,"0.00",",,N","0.0",",,N",,
"US1MEPN0010","45.406727","-68.435891","105.8","2021-09-19",,,"0.11",",,N",,,,
"US1MEPN0010","45.406727","-68.435891","105.8","2021-09-20",,,"0.00",",,N","0.0",",,N",,
"US1MEPN0010","45.406727","-68.435891","105.8","2021-09-21",,,"0.00",",,N","0.0",",,N",,
"US1MEPN0010","45.406727","-68.435891","105.8","2021-09-22",,,"0.00",",,N","0.0",",,N",,
"US1MEPN0010","45.406727","-68.435891","105.8","2021-09-23",,,"0.01",",,N",,,,
"US1MEPN0010","45.406727","-68.435891","105.8","2021-09-24",,,"0.00",",,N","0.0",",,N",,
"US1MEPN0010","45.406727","-68.435891","105.8","2021-09-25",,,"1.44",",,N",,,,
"US1MEPN0010","45.406727","-68.435891","105.8","2021-09-26",,,"0.28",",,N",,,,
"US1MEPN0010","45.406727","-68.435891","105.8","2021-09-27",,,"1.54",",,N",,,,
"US1MEPN0010","45.406727","-68.435891","105.8","2021-09-30",,,"0.02",",,N",,,,
"US1MEPN0010","45.406727","-68.435891","105.8","2021-10-01",,,"0.02",",,N",,,,
"US1MEPN0010","45.406727","-68.435891","105.8","2021-10-02",,,"0.04",",,N",,,,
"US1MEPN0010","45.406727","-68.435891","105.8","2021-10-03",,,"0.00",",,N","0.0",",,N",,
"US1MEPN0010","45.406727","-68.435891","105.8","2021-10-04",,,"0.00","T,,N","0.0",",,N",,
"US1MEPN0010","45.406727","-68.435891","105.8","2021-10-05",,,"0.00",",,N","0.0",",,N",,
"US1MEPN0010","45.406727","-68.435891","105.8","2021-10-06",,,"0.00",",,N","0.0",",,N",,
"US1MEPN0010","45.406727","-68.435891","105.8","2021-10-07",,,"0.01",",,N",,,,
"US1MEPN0010","45.406727","-68.435891","105.8","2021-10-08",,,"0.00",",,N","0.0",",,N",,
"US1MEPN0010","45.406727","-68.435891","105.8","2021-10-09",,,"0.00",",,N","0.0",",,N",,
"US1MEPN0010","45.406727","-68.435891","105.8","2021-10-10",,,"0.00",",,N","0.0",",,N",,
"US1MEPN0010","45.406727","-68.435891","105.8","2021-10-11",,,"0.00",",,N","0.0",",,N",,
"US1MEPN0010","45.406727","-68.435891","105.8","2021-10-12",,,"0.00",",,N","0.0",",,N",,
"US1MEPN0010","45.406727","-68.435891","105.8","2021-10-13",,,"0.00",",,N","0.0",",,N",,
"US1MEPN0010","45.406727","-68.435891","105.8","2021-10-14",,,"0.03",",,N",,,,
"US1MEPN0010","45.406727","-68.435891","105.8","2021-10-15",,,"0.00",",,N","0.0",",,N",,
"US1MEPN0010","45.406727","-68.435891","105.8","2021-10-16",,,"0.11",",,N",,,,
"US1MEPN0010","45.406727","-68.435891","105.8","2021-10-17",,,"0.94",",,N",,,,
"US1MEPN0010","45.406727","-68.435891","105.8","2021-10-18",,,"0.39",",,N",,,,
"US1MEPN0010","45.406727","-68.435891","105.8","2021-10-19",,,"0.02",",,N",,,,
"US1MEPN0010","45.406727","-68.435891","105.8","2021-10-20",,,"0.04",",,N","0.0",",,N",,
"US1MEPN0010","45.406727","-68.435891","105.8","2021-10-21",,,"0.00",",,N","0.0",",,N",,
"US1MEPN0010","45.406727","-68.435891","105.8","2021-10-22",,,"0.02",",,N",,,,
"US1MEPN0010","45.406727","-68.435891","105.8","2021-10-23",,,"0.07",",,N",,,,
"US1MEPN0010","45.406727","-68.435891","105.8","2021-10-24",,,"0.00",",,N","0.0",",,N",,
"US1MEPN0010","45.406727","-68.435891","105.8","2021-10-25",,,"0.00",",,N","0.0",",,N",,
"US1MEPN0010","45.406727","-68.435891","105.8","2021-10-26",,,"0.02",",,N",,,,
"US1MEPN0010","45.406727","-68.435891","105.8","2021-10-27",,,"0.00",",,N","0.0",",,N",,
"US1MEPN0010","45.406727","-68.435891","105.8","2021-10-28",,,"0.00",",,N","0.0",",,N",,
"US1MEPN0010","45.406727","-68.435891","105.8","2021-10-29",,,"0.00",",,N","0.0",",,N",,
"US1MEPN0010","45.406727","-68.435891","105.8","2021-10-30",,,"0.00",",,N","0.0",",,N",,
"US1MEPN0010","45.406727","-68.435891","105.8","2021-10-31",,,"0.79",",,N",,,,
"US1MEPN0010","45.406727","-68.435891","105.8","2021-11-01",,,"0.86",",,N",,,,
"US1MEPN0010","45.406727","-68.435891","105.8","2021-11-02",,,"0.00",",,N","0.0",",,N",,
"US1MEPN0010","45.406727","-68.435891","105.8","2021-11-03",,,"0.01",",,N",,,,
"US1MEPN0010","45.406727","-68.435891","105.8","2021-11-04",,,"0.00",",,N","0.0",",,N",,
"US1MEPN0010","45.406727","-68.435891","105.8","2021-11-05",,,"0.00",",,N","0.0",",,N",,
"US1MEPN0010","45.406727","-68.435891","105.8","2021-11-06",,,"0.00",",,N","0.0",",,N",,
"US1MEPN0010","45.406727","-68.435891","105.8","2021-11-07",,,"0.00",",,N","0.0",",,N",,
"US1MEPN0010","45.406727","-68.435891","105.8","2021-11-08",,,"0.01",",,N","0.0",",,N",,
"US1MEPN0010","45.406727","-68.435891","105.8","2021-11-09",,,"0.00",",,N","0.0",",,N",,
"US1MEPN0010","45.406727","-68.435891","105.8","2021-11-10",,,"0.03",",,N",,,,
"US1MEPN0010","45.406727","-68.435891","105.8","2021-11-11",,,"0.00",",,N","0.0",",,N",,
"US1MEPN0010","45.406727","-68.435891","105.8","2021-11-12",,,"0.05",",,N",,,,
"US1MEPN0010","45.406727","-68.435891","105.8","2021-11-13",,,"0.69",",,N",,,,
"US1MEPN0010","45.406727","-68.435891","105.8","2021-11-14",,,"0.06",",,N",,,,
"US1MEPN0010","45.406727","-68.435891","105.8","2021-11-15",,,"0.00",",,N","0.0",",,N",,
"US1MEPN0010","45.406727","-68.435891","105.8","2021-11-16",,,"0.34",",,N",,,,
"US1MEPN0010","45.406727","-68.435891","105.8","2021-11-17",,,"0.00",",,N","0.0",",,N",,
"US1MEPN0010","45.406727","-68.435891","105.8","2021-11-18",,,"0.16",",,N",,,,
"US1MEPN0010","45.406727","-68.435891","105.8","2021-11-19",,,"0.55",",,N",,,,
"US1MEPN0010","45.406727","-68.435891","105.8","2021-11-20",,,"0.02",",,N",,,,
"US1MEPN0010","45.406727","-68.435891","105.8","2021-11-21",,,"0.00",",,N","0.0",",,N",,
"US1MEPN0010","45.406727","-68.435891","105.8","2021-11-22",,,"0.40",",,N",,,,
"US1MEPN0010","45.406727","-68.435891","105.8","2021-11-23",,,"0.82",",,N",,,,
"US1MEPN0010","45.406727","-68.435891","105.8","2021-11-24",,,"0.00",",,N","0.0",",,N",,
"US1MEPN0010","45.406727","-68.435891","105.8","2021-11-25",,,"0.00",",,N","0.0",",,N",,
"US1MEPN0010","45.406727","-68.435891","105.8","2021-11-26",,,"0.00",",,N","0.0",",,N",,
"US1MEPN0010","45.406727","-68.435891","105.8","2021-11-27",,,"0.37",",,N",,,,
"US1MEPN0010","45.406727","-68.435891","105.8","2021-11-28",,,"0.13",",,N","0.9",",,N",,
"USW00014764","43.64222","-70.30444","13.7","2021-08-01","5.82",",,W","0.00","T,,W,2400","0.0",",,W,","64","H,,S"
"USW00014764","43.64222","-70.30444","13.7","2021-08-02","7.61",",,W","0.00","T,,W,2400","0.0",",,W,","68","H,,S"
"USW00014764","43.64222","-70.30444","13.7","2021-08-03","6.04",",,W","0.00",",,W,2400","0.0",",,W,","66","H,,S"
"USW00014764","43.64222","-70.30444","13.7","2021-08-04","4.03",",,W","0.00","T,,W,2400","0.0",",,W,","67","H,,S"
"USW00014764","43.64222","-70.30444","13.7","2021-08-05","6.26",",,W","0.56",",,W,2400","0.0",",,W,","65","H,,S"
"USW00014764","43.64222","-70.30444","13.7","2021-08-06","4.92",",,W","0.00",",,W,2400","0.0",",,W,","71","H,,S"
"USW00014764","43.64222","-70.30444","13.7","2021-08-07","4.70",",,W","0.00",",,W,2400","0.0",",,W,","73","H,,S"
"USW00014764","43.64222","-70.30444","13.7","2021-08-08","5.14",",,W","0.00",",,W,2400","0.0",",,W,","75","H,,S"
"USW00014764","43.64222","-70.30444","13.7","2021-08-09","7.61",",,W","0.00",",,W,2400","0.0",",,W,","65","H,,S"
"USW00014764","43.64222","-70.30444","13.7","2021-08-10","3.80",",,W","0.00",",,W,2400","0.0",",,W,","65","H,,S"
"USW00014764","43.64222","-70.30444","13.7","2021-08-11","4.25",",,W","0.00",",,W,2400","0.0",",,W,","71","H,,S"
"USW00014764","43.64222","-70.30444","13.7","2021-08-12","3.80",",,W","0.00",",,W,2400","0.0",",,W,","77","H,,S"
"USW00014764","43.64222","-70.30444","13.7","2021-08-13","4.70",",,W","0.00",",,W,2400","0.0",",,W,","80","H,,S"
"USW00014764","43.64222","-70.30444","13.7","2021-08-14","4.92",",,W","0.00",",,W,2400","0.0",",,W,","78","H,,S"
"USW00014764","43.64222","-70.30444","13.7","2021-08-15","6.26",",,W","0.00",",,W,2400","0.0",",,W,","70","H,,S"
"USW00014764","43.64222","-70.30444","13.7","2021-08-16","4.47",",,W","0.00",",,W,2400","0.0",",,W,","66","H,,S"
"USW00014764","43.64222","-70.30444","13.7","2021-08-17","3.58",",,W","0.00","T,,W,2400","0.0",",,W,","67","H,,S"
"USW00014764","43.64222","-70.30444","13.7","2021-08-18","6.26",",,W","0.00","T,,W,2400","0.0",",,W,","73","H,,S"
"USW00014764","43.64222","-70.30444","13.7","2021-08-19","5.14",",,W","0.95",",,W,2400","0.0",",,W,","74","H,,S"
"USW00014764","43.64222","-70.30444","13.7","2021-08-20","5.82",",,W","0.00","T,,W,2400","0.0",",,W,","74","H,,S"
"USW00014764","43.64222","-70.30444","13.7","2021-08-21","5.82",",,W","0.00",",,W,2400","0.0",",,W,","71","H,,S"
"USW00014764","43.64222","-70.30444","13.7","2021-08-22","11.18",",,W","0.57",",,W,2400","0.0",",,W,","66","H,,S"
"USW00014764","43.64222","-70.30444","13.7","2021-08-23","6.04",",,W","0.00","T,,W,2400","0.0",",,W,","65","H,,S"
"USW00014764","43.64222","-70.30444","13.7","2021-08-24","3.80",",,W","0.09",",,W,2400","0.0",",,W,","73","H,,S"
"USW00014764","43.64222","-70.30444","13.7","2021-08-25","3.80",",,W","0.00",",,W,2400","0.0",",,W,","77","H,,S"
"USW00014764","43.64222","-70.30444","13.7","2021-08-26","4.25",",,W","0.00",",,W,2400","0.0",",,W,","77","H,,S"
"USW00014764","43.64222","-70.30444","13.7","2021-08-27","6.04",",,W","0.00",",,W,2400","0.0",",,W,","78","H,,S"
"USW00014764","43.64222","-70.30444","13.7","2021-08-28","4.92",",,W","0.00","T,,W,2400","0.0",",,W,","65","H,,S"
"USW00014764","43.64222","-70.30444","13.7","2021-08-29","4.47",",,W","0.00","T,,W,2400","0.0",",,W,","64","H,,S"
"USW00014764","43.64222","-70.30444","13.7","2021-08-30","7.83",",,W","0.02",",,W,2400","0.0",",,W,","71","H,,S"
"USW00014764","43.64222","-70.30444","13.7","2021-08-31","6.04",",,W","0.00",",,W,2400","0.0",",,W,","71","H,,S"
"USW00014764","43.64222","-70.30444","13.7","2021-09-01","5.82",",,W","0.27",",,W,2400","0.0",",,W,","67","H,,S"
"USW00014764","43.64222","-70.30444","13.7","2021-09-02","10.96",",,W","1.53",",,W,2400","0.0",",,W,","63","H,,S"
"USW00014764","43.64222","-70.30444","13.7","2021-09-03","9.62",",,W","0.00",",,W,2400","0.0",",,W,","63","H,,S"
"USW00014764","43.64222","-70.30444","13.7","2021-09-04","6.49",",,W","0.00","T,,W,2400","0.0",",,W,","65","H,,S"
"USW00014764","43.64222","-70.30444","13.7","2021-09-05","6.26",",,W","0.12",",,W,2400","0.0",",,W,","59","H,,S"
"USW00014764","43.64222","-70.30444","13.7","2021-09-06","6.26",",,W","0.25",",,W,2400","0.0",",,W,","67","H,,S"
"USW00014764","43.64222","-70.30444","13.7","2021-09-07","6.26",",,W","0.00",",,W,2400","0.0",",,W,","65","H,,S"
"USW00014764","43.64222","-70.30444","13.7","2021-09-08","8.50",",,W","0.00",",,W,2400","0.0",",,W,","65","H,,S"
"USW00014764","43.64222","-70.30444","13.7","2021-09-09","6.49",",,W","0.64",",,W,2400","0.0",",,W,","68","H,,S"
"USW00014764","43.64222","-70.30444","13.7","2021-09-10","8.05",",,W","0.38",",,W,2400","0.0",",,W,","67","H,,S"
"USW00014764","43.64222","-70.30444","13.7","2021-09-11","6.71",",,W","0.00",",,W,2400","0.0",",,W,","61","H,,S"
"USW00014764","43.64222","-70.30444","13.7","2021-09-12","9.17",",,W","0.00",",,W,2400","0.0",",,W,","67","H,,S"
"USW00014764","43.64222","-70.30444","13.7","2021-09-13","3.80",",,W","0.01",",,W,2400","0.0",",,W,","69","H,,S"
"USW00014764","43.64222","-70.30444","13.7","2021-09-14","6.49",",,W","0.00",",,W,2400","0.0",",,W,","61","H,,S"
"USW00014764","43.64222","-70.30444","13.7","2021-09-15","8.95",",,W","0.17",",,W,2400","0.0",",,W,","67","H,,S"
"USW00014764","43.64222","-70.30444","13.7","2021-09-16","5.37",",,W","0.03",",,W,2400","0.0",",,W,","66","H,,S"
"USW00014764","43.64222","-70.30444","13.7","2021-09-17","3.80",",,W","0.00",",,W,2400","0.0",",,W,","60","H,,S"
"USW00014764","43.64222","-70.30444","13.7","2021-09-18","2.91",",,W","0.17",",,W,2400","0.0",",,W,","65","H,,S"
"USW00014764","43.64222","-70.30444","13.7","2021-09-19","6.93",",,W","0.00",",,W,2400","0.0",",,W,","64","H,,S"
"USW00014764","43.64222","-70.30444","13.7","2021-09-20","4.47",",,W","0.00",",,W,2400","0.0",",,W,","58","H,,S"
"USW00014764","43.64222","-70.30444","13.7","2021-09-21","3.80",",,W","0.00",",,W,2400","0.0",",,W,","59","H,,S"
"USW00014764","43.64222","-70.30444","13.7","2021-09-22","7.38",",,W","0.00","T,,W,2400","0.0",",,W,","65","H,,S"
"USW00014764","43.64222","-70.30444","13.7","2021-09-23","8.95",",,W","0.00",",,W,2400","0.0",",,W,","68","H,,S"
"USW00014764","43.64222","-70.30444","13.7","2021-09-24","12.30",",,W","0.20",",,W,2400","0.0",",,W,","69","H,,S"
"USW00014764","43.64222","-70.30444","13.7","2021-09-25","4.25",",,W","0.01",",,W,2400","0.0",",,W,","66","H,,S"
"USW00014764","43.64222","-70.30444","13.7","2021-09-26","6.49",",,W","0.47",",,W,2400","0.0",",,W,","64","H,,S"
"USW00014764","43.64222","-70.30444","13.7","2021-09-27","6.49",",,W","0.00",",,W,2400","0.0",",,W,","60","H,,S"
"USW00014764","43.64222","-70.30444","13.7","2021-09-28","4.92",",,W","0.00","T,,W,2400","0.0",",,W,","62","H,,S"
"USW00014764","43.64222","-70.30444","13.7","2021-09-29","8.05",",,W","0.00",",,W,2400","0.0",",,W,","57","H,,S"
"USW00014764","43.64222","-70.30444","13.7","2021-09-30","7.38",",,W","0.03",",,W,2400","0.0",",,W,","53","H,,S"
"USW00014764","43.64222","-70.30444","13.7","2021-10-01","4.25",",,W","0.00",",,W,2400","0.0",",,W,","51","H,,S"
"USW00014764","43.64222","-70.30444","13.7","2021-10-02","3.13",",,W","0.01",",,W,2400","0.0",",,W,","53","H,,S"
"USW00014764","43.64222","-70.30444","13.7","2021-10-03","5.37",",,W","0.03",",,W,2400","0.0",",,W,","55","H,,S"
"USW00014764","43.64222","-70.30444","13.7","2021-10-04","4.92",",,W","0.05",",,W,2400","0.0",",,W,","55","H,,S"
"USW00014764","43.64222","-70.30444","13.7","2021-10-05","3.58",",,W","0.00","T,,W,2400","0.0",",,W,","56","H,,S"
"USW00014764","43.64222","-70.30444","13.7","2021-10-06","2.01",",,W","0.00",",,W,2400","0.0",",,W,","58","H,,S"
"USW00014764","43.64222","-70.30444","13.7","2021-10-07","2.01",",,W","0.00",",,W,2400","0.0",",,W,","58","H,,S"
"USW00014764","43.64222","-70.30444","13.7","2021-10-08","8.05",",,W","0.00",",,W,2400","0.0",",,W,","57","H,,S"
"USW00014764","43.64222","-70.30444","13.7","2021-10-09","5.82",",,W","0.00",",,W,2400","0.0",",,W,","54","H,,S"
"USW00014764","43.64222","-70.30444","13.7","2021-10-10","2.46",",,W","0.00","T,,W,2400","0.0",",,W,","52","H,,S"
"USW00014764","43.64222","-70.30444","13.7","2021-10-11","2.91",",,W","0.00",",,W,2400","0.0",",,W,","58","H,,S"
"USW00014764","43.64222","-70.30444","13.7","2021-10-12","2.46",",,W","0.00",",,W,2400","0.0",",,W,","60","H,,S"
"USW00014764","43.64222","-70.30444","13.7","2021-10-13","4.03",",,W","0.00",",,W,2400","0.0",",,W,","61","H,,S"
"USW00014764","43.64222","-70.30444","13.7","2021-10-14","3.80",",,W","0.00",",,W,2400","0.0",",,W,","62","H,,S"
"USW00014764","43.64222","-70.30444","13.7","2021-10-15","5.59",",,W","0.00","T,,W,2400","0.0",",,W,","60","H,,S"
"USW00014764","43.64222","-70.30444","13.7","2021-10-16","10.51",",,W","1.20",",,W,2400","0.0",",,W,","63","H,,S"
"USW00014764","43.64222","-70.30444","13.7","2021-10-17","6.71",",,W","0.27",",,W,2400","0.0",",,W,","59","H,,S"
"USW00014764","43.64222","-70.30444","13.7","2021-10-18","7.16",",,W","0.00","T,,W,2400","0.0",",,W,","49","H,,S"
"USW00014764","43.64222","-70.30444","13.7","2021-10-19","7.83",",,W","0.00",",,W,2400","0.0",",,W,","47","H,,S"
"USW00014764","43.64222","-70.30444","13.7","2021-10-20","4.47",",,W","0.00",",,W,2400","0.0",",,W,","51","H,,S"
"USW00014764","43.64222","-70.30444","13.7","2021-10-21","2.91",",,W","0.01",",,W,2400","0.0",",,W,","54","H,,S"
"USW00014764","43.64222","-70.30444","13.7","2021-10-22","5.59",",,W","0.01",",,W,2400","0.0",",,W,","59","H,,S"
"USW00014764","43.64222","-70.30444","13.7","2021-10-23","5.37",",,W","0.00",",,W,2400","0.0",",,W,","50","H,,S"
"USW00014764","43.64222","-70.30444","13.7","2021-10-24","5.37",",,W","0.00",",,W,2400","0.0",",,W,","45","H,,S"
"USW00014764","43.64222","-70.30444","13.7","2021-10-25","6.93",",,W","0.21",",,W,2400","0.0",",,W,","44","H,,S"
"USW00014764","43.64222","-70.30444","13.7","2021-10-26","14.54",",,W","1.00",",,W,2400","0.0",",,W,","46","H,,S"
"USW00014764","43.64222","-70.30444","13.7","2021-10-27","18.34",",,W","0.22",",,W,2400","0.0",",,W,","48","H,,S"
"USW00014764","43.64222","-70.30444","13.7","2021-10-28","8.72",",,W","0.00",",,W,2400","0.0",",,W,","47","H,,S"
"USW00014764","43.64222","-70.30444","13.7","2021-10-29","5.37",",,W","0.00",",,W,2400","0.0",",,W,","43","H,,S"
"USW00014764","43.64222","-70.30444","13.7","2021-10-30","12.97",",,W","2.78",",,W,2400","0.0",",,W,","48","H,,S"
"USW00014764","43.64222","-70.30444","13.7","2021-10-31","11.86",",,W","1.39",",,W,2400","0.0",",,W,","57","H,,S"
"USW00014764","43.64222","-70.30444","13.7","2021-11-01","10.07",",,W","0.00",",,W,2400","0.0",",,W,","54","H,,S"
"USW00014764","43.64222","-70.30444","13.7","2021-11-02","4.92",",,W","0.00",",,W,2400","0.0",",,W,","47","H,,S"
"USW00014764","43.64222","-70.30444","13.7","2021-11-03","5.59",",,W","0.00",",,W,2400","0.0",",,W,","42","H,,S"
"USW00014764","43.64222","-70.30444","13.7","2021-11-04","2.91",",,W","0.00",",,W,2400","0.0",",,W,","37","H,,S"
"USW00014764","43.64222","-70.30444","13.7","2021-11-05","5.82",",,W","0.00",",,W,2400","0.0",",,W,","38","H,,S"
"USW00014764","43.64222","-70.30444","13.7","2021-11-06","4.47",",,W","0.00",",,W,2400","0.0",",,W,","36","H,,S"
"USW00014764","43.64222","-70.30444","13.7","2021-11-07","2.91",",,W","0.00",",,W,2400","0.0",",,W,","38","H,,S"
"USW00014764","43.64222","-70.30444","13.7","2021-11-08","3.13",",,W","0.00",",,W,2400","0.0",",,W,","42","H,,S"
"USW00014764","43.64222","-70.30444","13.7","2021-11-09","2.01",",,W","0.00",",,W,2400","0.0",",,W,","45","H,,S"
"USW00014764","43.64222","-70.30444","13.7","2021-11-10","6.71",",,W","0.05",",,W,2400","0.0",",,W,","49","H,,S"
"USW00014764","43.64222","-70.30444","13.7","2021-11-11","4.25",",,W","0.00",",,W,2400","0.0",",,W,","41","H,,S"
"USW00014764","43.64222","-70.30444","13.7","2021-11-12","12.53",",,W","1.42",",,W,2400","0.0",",,W,","50","H,,S"
"USW00014764","43.64222","-70.30444","13.7","2021-11-13","5.82",",,W","0.35",",,W,2400","0.0",",,W,","48","H,,S"
"USW00014764","43.64222","-70.30444","13.7","2021-11-14","7.38",",,W","0.00",",,W,2400","0.0",",,W,","43","H,,S"
"USW00014764","43.64222","-70.30444","13.7","2021-11-15","7.83",",,W","0.14",",,W,2400","0.0",",,W,","42","H,,S"
"USW00014764","43.64222","-70.30444","13.7","2021-11-16","10.51",",,W","0.00",",,W,2400","0.0",",,W,","38","H,,S"
"USW00014764","43.64222","-70.30444","13.7","2021-11-17","3.80",",,W","0.00","T,,W,2400","0.0",",,W,","33","H,,S"
"USW00014764","43.64222","-70.30444","13.7","2021-11-18","7.38",",,W","0.04",",,W,2400","0.0",",,W,","51","H,,S"
"USW00014764","43.64222","-70.30444","13.7","2021-11-19","10.29",",,W","0.25",",,W,2400","0.0",",,W,","45","H,,S"
"USW00014764","43.64222","-70.30444","13.7","2021-11-20","4.92",",,W","0.00",",,W,2400","0.0",",,W,","36","H,,S"
"USW00014764","43.64222","-70.30444","13.7","2021-11-21","4.03",",,W","0.32",",,W,2400","0.0",",,W,","40","H,,S"
"USW00014764","43.64222","-70.30444","13.7","2021-11-22","8.28",",,W","0.52",",,W,2400","0.0",",,W,","48","H,,S"
"USW00014764","43.64222","-70.30444","13.7","2021-11-23","12.53",",,W","0.00",",,W,2400","0.0",",,W,","33","H,,S"
"USW00014764","43.64222","-70.30444","13.7","2021-11-24","12.97",",,W","0.00",",,W,2400","0.0",",,W,","31","H,,S"
"USW00014764","43.64222","-70.30444","13.7","2021-11-25","2.24",",,W","0.00",",,W,2400",,,"35","H,,S"
"USW00014764","43.64222","-70.30444","13.7","2021-11-26","5.37",",,W","0.23",",,D,2400","0.0",",,D,","40","H,,S"
"USW00014764","43.64222","-70.30444","13.7","2021-11-27","11.18",",,W","0.13",",,D,2400","0.1",",,D,","34","H,,S"
"USW00014764","43.64222","-70.30444","13.7","2021-11-28","3.58",",,W","0.00","T,,D,2400","0.0","T,,D,","29","H,,S"
"USC00177336","44.49404","-70.65627","192.0","2021-08-01",,,"0.00",",,7,0700","0.0",",,7,0700",,
"USC00177336","44.49404","-70.65627","192.0","2021-08-02",,,"0.42",",,7,0700","0.0",",,7,0700",,
"USC00177336","44.49404","-70.65627","192.0","2021-08-03",,,"0.01",",,7,0700","0.0",",,7,0700",,
"USC00177336","44.49404","-70.65627","192.0","2021-08-04",,,"0.00",",,7,0700","0.0",",,7,0700",,
"USC00177336","44.49404","-70.65627","192.0","2021-08-05",,,"0.00",",,7,0700","0.0",",,7,0700",,
"USC00177336","44.49404","-70.65627","192.0","2021-08-06",,,"0.00","T,,7,0700","0.0",",,7,0700",,
"USC00177336","44.49404","-70.65627","192.0","2021-08-07",,,"0.00",",,7,0700","0.0",",,7,0700",,
"USC00177336","44.49404","-70.65627","192.0","2021-08-08",,,"0.14",",,7,0700","0.0",",,7,0700",,
"USC00177336","44.49404","-70.65627","192.0","2021-08-09",,,"0.68",",,7,0700","0.0",",,7,0700",,
"USC00177336","44.49404","-70.65627","192.0","2021-08-10",,,"0.01",",,7,0700","0.0",",,7,0700",,
"USC00177336","44.49404","-70.65627","192.0","2021-08-11",,,"0.00",",,7,0700","0.0",",,7,0700",,
"USC00177336","44.49404","-70.65627","192.0","2021-08-12",,,"0.00",",,7,0700","0.0",",,7,0700",,
"USC00177336","44.49404","-70.65627","192.0","2021-08-13",,,"0.00",",,7,0700","0.0",",,7,0700",,
"USC00177336","44.49404","-70.65627","192.0","2021-08-14",,,"0.00","T,,7,0700","0.0",",,7,0700",,
"USC00177336","44.49404","-70.65627","192.0","2021-08-15",,,"0.76",",,7,0700","0.0",",,7,0700",,
"USC00177336","44.49404","-70.65627","192.0","2021-08-16",,,"0.00",",,7,0700","0.0",",,7,0700",,
"USC00177336","44.49404","-70.65627","192.0","2021-08-17",,,"0.00",",,7,0700","0.0",",,7,0700",,
"USC00177336","44.49404","-70.65627","192.0","2021-08-18",,,"0.00",",,7,0700","0.0",",,7,0700",,
"USC00177336","44.49404","-70.65627","192.0","2021-08-19",,,"0.00",",,7,0700","0.0",",,7,0700",,
"USC00177336","44.49404","-70.65627","192.0","2021-08-20",,,"0.27",",,7,0700","0.0",",,7,0700",,
"USC00177336","44.49404","-70.65627","192.0","2021-08-21",,,"0.00",",,7,0700","0.0",",,7,0700",,
"USC00177336","44.49404","-70.65627","192.0","2021-08-22",,,"0.00","T,,7,0700","0.0",",,7,0700",,
"USC00177336","44.49404","-70.65627","192.0","2021-08-23",,,"0.17",",,7,0700","0.0",",,7,0700",,
"USC00177336","44.49404","-70.65627","192.0","2021-08-24",,,"0.00","T,,7,0700","0.0",",,7,0700",,
"USC00177336","44.49404","-70.65627","192.0","2021-08-25",,,"0.00",",,7,0700","0.0",",,7,0700",,
"USC00177336","44.49404","-70.65627","192.0","2021-08-26",,,"0.00",",,7,0700","0.0",",,7,0700",,
"USC00177336","44.49404","-70.65627","192.0","2021-08-27",,,"0.00",",,7,0700","0.0",",,7,0700",,
"USC00177336","44.49404","-70.65627","192.0","2021-08-28",,,"0.00",",,7,0700","0.0",",,7,0700",,
"USC00177336","44.49404","-70.65627","192.0","2021-08-29",,,"0.27",",,7,0700","0.0",",,7,0700",,
"USC00177336","44.49404","-70.65627","192.0","2021-08-30",,,,,"0.0",",,7,0700",,
"USC00177336","44.49404","-70.65627","192.0","2021-08-31",,,,,"0.0",",,7,0700",,
"USC00177336","44.49404","-70.65627","192.0","2021-09-01",,,"0.00",",,7,0700","0.0",",,7,0700",,
"USC00177336","44.49404","-70.65627","192.0","2021-09-02",,,"0.50",",,7,0700","0.0",",,7,0700",,
"USC00177336","44.49404","-70.65627","192.0","2021-09-03",,,"0.00","T,,7,0700","0.0",",,7,0700",,
"USC00177336","44.49404","-70.65627","192.0","2021-09-04",,,"0.00","T,,7,0700","0.0",",,7,0700",,
"USC00177336","44.49404","-70.65627","192.0","2021-09-05",,,"0.00",",,7,0700","0.0",",,7,0700",,
"USC00177336","44.49404","-70.65627","192.0","2021-09-06",,,"0.20",",,7,0700","0.0",",,7,0700",,
"USC00177336","44.49404","-70.65627","192.0","2021-09-07",,,"0.18",",,7,0700","0.0",",,7,0700",,
"USC00177336","44.49404","-70.65627","192.0","2021-09-08",,,"0.00",",,7,0700","0.0",",,7,0700",,
"USC00177336","44.49404","-70.65627","192.0","2021-09-09",,,"0.37",",,7,0700","0.0",",,7,0700",,
"USC00177336","44.49404","-70.65627","192.0","2021-09-10",,,"0.95",",,7,0700","0.0",",,7,0700",,
"USC00177336","44.49404","-70.65627","192.0","2021-09-11",,,"0.00",",,7,0700","0.0",",,7,0700",,
"USC00177336","44.49404","-70.65627","192.0","2021-09-12",,,"0.00",",,7,0700","0.0",",,7,0700",,
"USC00177336","44.49404","-70.65627","192.0","2021-09-13",,,"0.00",",,7,0700","0.0",",,7,0700",,
"USC00177336","44.49404","-70.65627","192.0","2021-09-14",,,"0.00",",,7,0700","0.0",",,7,0700",,
"USC00177336","44.49404","-70.65627","192.0","2021-09-15",,,"0.00",",,7,0700","0.0",",,7,0700",,
"USC00177336","44.49404","-70.65627","192.0","2021-09-16",,,"0.90",",,7,0700","0.0",",,7,0700",,
"USC00177336","44.49404","-70.65627","192.0","2021-09-17",,,"0.00",",,7,0700","0.0",",,7,0700",,
"USC00177336","44.49404","-70.65627","192.0","2021-09-18",,,"0.00",",,7,0700","0.0",",,7,0700",,
"USC00177336","44.49404","-70.65627","192.0","2021-09-19",,,"0.02",",,7,0700","0.0",",,7,0700",,
"USC00177336","44.49404","-70.65627","192.0","2021-09-20",,,"0.00",",,7,0700","0.0",",,7,0700",,
"USC00177336","44.49404","-70.65627","192.0","2021-09-21",,,"0.00",",,7,0700","0.0",",,7,0700",,
"USC00177336","44.49404","-70.65627","192.0","2021-09-22",,,"0.00","T,,7,0700","0.0",",,7,0700",,
"USC00177336","44.49404","-70.65627","192.0","2021-09-23",,,"0.19",",,7,0700","0.0",",,7,0700",,
"USC00177336","44.49404","-70.65627","192.0","2021-09-24",,,"0.02",",,7,0700","0.0",",,7,0700",,
"USC00177336","44.49404","-70.65627","192.0","2021-09-25",,,"0.45",",,7,0700","0.0",",,7,0700",,
"USC00177336","44.49404","-70.65627","192.0","2021-09-26",,,"0.02",",,7,0700","0.0",",,7,0700",,
"USC00177336","44.49404","-70.65627","192.0","2021-09-27",,,"0.00","T,,7,0700","0.0",",,7,0700",,
"USC00177336","44.49404","-70.65627","192.0","2021-09-28",,,"0.00","T,,7,0700","0.0",",,7,0700",,
"USC00177336","44.49404","-70.65627","192.0","2021-09-29",,,"0.00",",,7,0700","0.0",",,7,0700",,
"USC00177336","44.49404","-70.65627","192.0","2021-09-30",,,"0.01",",,7,0700","0.0",",,7,0700",,
"USC00177336","44.49404","-70.65627","192.0","2021-10-01",,,"0.01",",,H,0700","0.0",",,H,0700",,
"USC00177336","44.49404","-70.65627","192.0","2021-10-02",,,"0.00",",,H,0700","0.0",",,H,0700",,
"USC00177336","44.49404","-70.65627","192.0","2021-10-03",,,"0.02",",,H,0700","0.0",",,H,0700",,
"USC00177336","44.49404","-70.65627","192.0","2021-10-04",,,"0.16",",,H,0700","0.0",",,H,0700",,
"USC00177336","44.49404","-70.65627","192.0","2021-10-05",,,"0.00",",,H,0700","0.0",",,H,0700",,
"USC00177336","44.49404","-70.65627","192.0","2021-10-06",,,"0.00",",,H,0700","0.0",",,H,0700",,
"USC00177336","44.49404","-70.65627","192.0","2021-10-07",,,"0.00",",,H,0700","0.0",",,H,0700",,
"USC00177336","44.49404","-70.65627","192.0","2021-10-08",,,"0.00",",,H,0700","0.0",",,H,0700",,
"USC00177336","44.49404","-70.65627","192.0","2021-10-09",,,"0.00",",,H,0700","0.0",",,H,0700",,
"USC00177336","44.49404","-70.65627","192.0","2021-10-10",,,"0.00",",,H,0700","0.0",",,H,0700",,
"USC00177336","44.49404","-70.65627","192.0","2021-10-12",,,"0.00",",,H,0700","0.0",",,H,0700",,
"USC00177336","44.49404","-70.65627","192.0","2021-10-13",,,"0.00",",,H,0700","0.0",",,H,0700",,
"USC00177336","44.49404","-70.65627","192.0","2021-10-14",,,"0.00",",,H,0700","0.0",",,H,0700",,
"USC00177336","44.49404","-70.65627","192.0","2021-10-15",,,"0.00",",,H,0700","0.0",",,H,0700",,
"USC00177336","44.49404","-70.65627","192.0","2021-10-17",,,"1.09",",,H,0700","0.0",",,H,0700",,
"USC00177336","44.49404","-70.65627","192.0","2021-10-19",,,"0.00",",,H,0700","0.0",",,H,0700",,
"USC00177336","44.49404","-70.65627","192.0","2021-10-20",,,"0.00",",,H,0700","0.0",",,H,0700",,
"USC00177336","44.49404","-70.65627","192.0","2021-10-21",,,"0.10",",,H,0700","0.0",",,H,0700",,
"USC00177336","44.49404","-70.65627","192.0","2021-10-22",,,"0.18",",,H,0700","0.0",",,H,0700",,
"USC00177336","44.49404","-70.65627","192.0","2021-10-23",,,"0.00",",,H,0700","0.0",",,H,0700",,
"USC00177336","44.49404","-70.65627","192.0","2021-10-24",,,"0.00",",,H,0700","0.0",",,H,0700",,
"USC00177336","44.49404","-70.65627","192.0","2021-10-25",,,"0.00",",,H,0700","0.0",",,H,0700",,
"USC00177336","44.49404","-70.65627","192.0","2021-10-26",,,"0.35",",,H,0700","0.0",",,H,0700",,
"USC00177336","44.49404","-70.65627","192.0","2021-10-28",,,"0.00",",,H,0700","0.0",",,H,0700",,
"USC00177336","44.49404","-70.65627","192.0","2021-10-29",,,"0.00",",,H,0700","0.0",",,H,0700",,
"USC00177336","44.49404","-70.65627","192.0","2021-10-30",,,"0.04",",,H,0700","0.0",",,H,0700",,
"USC00177336","44.49404","-70.65627","192.0","2021-10-31",,,"1.37",",,H,0700","0.0",",,H,0700",,
"USC00177336","44.49404","-70.65627","192.0","2021-11-01",,,"0.18",",,H,0700","0.0",",,H,0700",,
"USC00177336","44.49404","-70.65627","192.0","2021-11-02",,,"0.00",",,H,0700","0.0",",,H,0700",,
"USC00177336","44.49404","-70.65627","192.0","2021-11-03",,,"0.00",",,H,0700","0.0",",,H,0700",,
"USC00177336","44.49404","-70.65627","192.0","2021-11-04",,,"0.01",",,H,0700","0.0",",,H,0700",,
"USC00177336","44.49404","-70.65627","192.0","2021-11-05",,,"0.00",",,H,0700","0.0",",,H,0700",,
"USC00177336","44.49404","-70.65627","192.0","2021-11-06",,,"0.00",",,H,0700","0.0",",,H,0700",,
"USC00177336","44.49404","-70.65627","192.0","2021-11-07",,,"0.00",",,H,0700","0.0",",,H,0700",,
"USC00177336","44.49404","-70.65627","192.0","2021-11-08",,,"0.00",",,H,0700","0.0",",,H,0700",,
"USC00177336","44.49404","-70.65627","192.0","2021-11-09",,,"0.00",",,H,0700","0.0",",,H,0700",,
"USC00177336","44.49404","-70.65627","192.0","2021-11-10",,,"0.14",",,H,0700","0.0",",,H,0700",,
"USC00177336","44.49404","-70.65627","192.0","2021-11-11",,,"0.05",",,H,0700","0.0",",,H,0700",,
"USC00177336","44.49404","-70.65627","192.0","2021-11-12",,,"0.00",",,H,0700","0.0",",,H,0700",,
"USC00177336","44.49404","-70.65627","192.0","2021-11-15",,,"0.14",",,H,0700","0.0",",,H,0700",,
"USC00177336","44.49404","-70.65627","192.0","2021-11-16",,,"0.02",",,H,0700","0.0",",,H,0700",,
"USC00177336","44.49404","-70.65627","192.0","2021-11-17",,,"0.00",",,H,0700","0.0",",,H,0700",,
"USC00177336","44.49404","-70.65627","192.0","2021-11-18",,,"0.00",",,H,0700","0.0",",,H,0700",,
"USC00177336","44.49404","-70.65627","192.0","2021-11-19",,,"0.06",",,H,0700","0.0",",,H,0700",,
"USC00177336","44.49404","-70.65627","192.0","2021-11-20",,,"0.00",",,H,0700","0.0",",,H,0700",,
"USC00177336","44.49404","-70.65627","192.0","2021-11-22",,,"0.18",",,H,0700","0.0",",,H,0700",,
"USC00177336","44.49404","-70.65627","192.0","2021-11-23",,,"0.00",",,H,0700","0.0",",,H,0700",,
"USC00177336","44.49404","-70.65627","192.0","2021-11-24",,,"0.00",",,H,0700","0.0",",,H,0700",,
"USC00177336","44.49404","-70.65627","192.0","2021-11-25",,,"0.00",",,H,0700","0.0",",,H,0700",,
"USC00177336","44.49404","-70.65627","192.0","2021-11-26",,,"0.00",",,H,0700","0.0",",,H,0700",,
"USC00177336","44.49404","-70.65627","192.0","2021-11-27",,,"0.16",",,H,0700","0.0",",,H,0700",,
"USC00177336","44.49404","-70.65627","192.0","2021-11-28",,,"0.00",",,H,0700","0.0",",,H,0700",,
"US1MEKB0041","44.304563","-70.002747","108.8","2021-08-01",,,"0.00",",,N","0.0",",,N",,
"US1MEKB0041","44.304563","-70.002747","108.8","2021-08-02",,,"0.27",",,N",,,,
"US1MEKB0041","44.304563","-70.002747","108.8","2021-08-03",,,"0.08",",,N",,,,
"US1MEKB0041","44.304563","-70.002747","108.8","2021-08-04",,,"0.00",",,N","0.0",",,N",,
"US1MEKB0041","44.304563","-70.002747","108.8","2021-08-05",,,"0.00","T,,N",,,,
"US1MEKB0041","44.304563","-70.002747","108.8","2021-08-06",,,"0.22",",,N",,,,
"US1MEKB0041","44.304563","-70.002747","108.8","2021-08-07",,,"0.00",",,N","0.0",",,N",,
"US1MEKB0041","44.304563","-70.002747","108.8","2021-08-08",,,"0.00",",,N","0.0",",,N",,
"US1MEKB0041","44.304563","-70.002747","108.8","2021-08-09",,,"0.00",",,N","0.0",",,N",,
"US1MEKB0041","44.304563","-70.002747","108.8","2021-08-10",,,"0.00",",,N","0.0",",,N",,
"US1MEKB0041","44.304563","-70.002747","108.8","2021-08-11",,,"0.00",",,N","0.0",",,N",,
"US1MEKB0041","44.304563","-70.002747","108.8","2021-08-12",,,"0.02",",,N",,,,
"US1MEKB0041","44.304563","-70.002747","108.8","2021-08-13",,,"0.00",",,N","0.0",",,N",,
"US1MEKB0041","44.304563","-70.002747","108.8","2021-08-14",,,"0.00",",,N","0.0",",,N",,
"US1MEKB0041","44.304563","-70.002747","108.8","2021-08-15",,,"0.36",",,N",,,,
"US1MEKB0041","44.304563","-70.002747","108.8","2021-08-16",,,"0.00",",,N","0.0",",,N",,
"US1MEKB0041","44.304563","-70.002747","108.8","2021-08-17",,,"0.00",",,N","0.0",",,N",,
"US1MEKB0041","44.304563","-70.002747","108.8","2021-08-18",,,"0.05",",,N",,,,
"US1MEKB0041","44.304563","-70.002747","108.8","2021-08-19",,,"1.42",",,N",,,,
"US1MEKB0041","44.304563","-70.002747","108.8","2021-08-20",,,"0.75",",,N",,,,
"US1MEKB0041","44.304563","-70.002747","108.8","2021-08-21",,,"0.00",",,N","0.0",",,N",,
"US1MEKB0041","44.304563","-70.002747","108.8","2021-08-22",,,"0.00",",,N","0.0",",,N",,
"US1MEKB0041","44.304563","-70.002747","108.8","2021-08-23",,,"0.44",",,N",,,,
"US1MEKB0041","44.304563","-70.002747","108.8","2021-08-24",,,"0.08",",,N",,,,
"US1MEKB0041","44.304563","-70.002747","108.8","2021-08-25",,,"0.00",",,N","0.0",",,N",,
"US1MEKB0041","44.304563","-70.002747","108.8","2021-08-26",,,"0.00",",,N","0.0",",,N",,
"US1MEKB0041","44.304563","-70.002747","108.8","2021-08-27",,,"0.00",",,N","0.0",",,N",,
"US1MEKB0041","44.304563","-70.002747","108.8","2021-08-28",,,"0.00",",,N","0.0",",,N",,
"US1MEKB0041","44.304563","-70.002747","108.8","2021-08-29",,,"0.29",",,N",,,,
"US1MEKB0041","44.304563","-70.002747","108.8","2021-08-30",,,"0.00","T,,N",,,,
"US1MEKB0041","44.304563","-70.002747","108.8","2021-08-31",,,"0.07",",,N",,,,
"US1MEKB0041","44.304563","-70.002747","108.8","2021-09-01",,,"0.00",",,N","0.0",",,N",,
"US1MEKB0041","44.304563","-70.002747","108.8","2021-09-02",,,"0.86",",,N",,,,
"US1MEKB0041","44.304563","-70.002747","108.8","2021-09-03",,,"0.16",",,N",,,,
"US1MEKB0041","44.304563","-70.002747","108.8","2021-09-04",,,"0.02",",,N",,,,
"US1MEKB0041","44.304563","-70.002747","108.8","2021-09-05",,,"0.00",",,N","0.0",",,N",,
"US1MEKB0041","44.304563","-70.002747","108.8","2021-09-06",,,"0.08",",,N",,,,
"US1MEKB0041","44.304563","-70.002747","108.8","2021-09-07",,,"0.18",",,N",,,,
"US1MEKB0041","44.304563","-70.002747","108.8","2021-09-08",,,"0.00",",,N","0.0",",,N",,
"US1MEKB0041","44.304563","-70.002747","108.8","2021-09-09",,,"0.07",",,N",,,,
"US1MEKB0041","44.304563","-70.002747","108.8","2021-09-10",,,"0.88",",,N",,,,
"US1MEKB0041","44.304563","-70.002747","108.8","2021-09-11",,,"0.00","T,,N",,,,
"US1MEKB0041","44.304563","-70.002747","108.8","2021-09-12",,,"0.00",",,N","0.0",",,N",,
"US1MEKB0041","44.304563","-70.002747","108.8","2021-09-13",,,"0.00",",,N","0.0",",,N",,
"US1MEKB0041","44.304563","-70.002747","108.8","2021-09-14",,,"0.00",",,N","0.0",",,N",,
"US1MEKB0041","44.304563","-70.002747","108.8","2021-09-15",,,"0.00",",,N","0.0",",,N",,
"US1MEKB0041","44.304563","-70.002747","108.8","2021-09-16",,,"0.27",",,N",,,,
"US1MEKB0041","44.304563","-70.002747","108.8","2021-09-17",,,"0.00",",,N","0.0",",,N",,
"US1MEKB0041","44.304563","-70.002747","108.8","2021-09-18",,,"0.00",",,N","0.0",",,N",,
"US1MEKB0041","44.304563","-70.002747","108.8","2021-09-19",,,"0.03",",,N",,,,
"US1MEKB0041","44.304563","-70.002747","108.8","2021-09-20",,,"0.00",",,N","0.0",",,N",,
"US1MEKB0041","44.304563","-70.002747","108.8","2021-09-21",,,"0.00","T,,N",,,,
"US1MEKB0041","44.304563","-70.002747","108.8","2021-09-22",,,"0.00","T,,N",,,,
"US1MEKB0041","44.304563","-70.002747","108.8","2021-09-23",,,"0.02",",,N",,,,
"US1MEKB0041","44.304563","-70.002747","108.8","2021-09-24",,,"0.00","T,,N",,,,
"US1MEKB0041","44.304563","-70.002747","108.8","2021-09-25",,,"0.96",",,N",,,,
"US1MEKB0041","44.304563","-70.002747","108.8","2021-09-26",,,"0.36",",,N",,,,
"US1MEKB0041","44.304563","-70.002747","108.8","2021-09-27",,,"0.41",",,N",,,,
"US1MEKB0041","44.304563","-70.002747","108.8","2021-09-28",,,"0.00",",,N","0.0",",,N",,
"US1MEKB0041","44.304563","-70.002747","108.8","2021-09-29",,,"0.00",",,N","0.0",",,N",,
"US1MEKB0041","44.304563","-70.002747","108.8","2021-09-30",,,"0.03",",,N",,,,
"US1MEKB0041","44.304563","-70.002747","108.8","2021-10-01",,,"0.42",",,N",,,,
"US1MEKB0041","44.304563","-70.002747","108.8","2021-10-02",,,"0.00",",,N","0.0",",,N",,
"US1MEKB0041","44.304563","-70.002747","108.8","2021-10-03",,,"0.03",",,N",,,,
"US1MEKB0041","44.304563","-70.002747","108.8","2021-10-04",,,"0.14",",,N",,,,
"US1MEKB0041","44.304563","-70.002747","108.8","2021-10-05",,,"0.00",",,N","0.0",",,N",,
"US1MEKB0041","44.304563","-70.002747","108.8","2021-10-06",,,"0.00",",,N","0.0",",,N",,
"US1MEKB0041","44.304563","-70.002747","108.8","2021-10-07",,,"0.00",",,N","0.0",",,N",,
"US1MEKB0041","44.304563","-70.002747","108.8","2021-10-08",,,"0.00",",,N","0.0",",,N",,
"US1MEKB0041","44.304563","-70.002747","108.8","2021-10-09",,,"0.00",",,N","0.0",",,N",,
"US1MEKB0041","44.304563","-70.002747","108.8","2021-10-10",,,"0.00",",,N","0.0",",,N",,
"US1MEKB0041","44.304563","-70.002747","108.8","2021-10-11",,,"0.00",",,N","0.0",",,N",,
"US1MEKB0041","44.304563","-70.002747","108.8","2021-10-12",,,"0.00",",,N","0.0",",,N",,
"US1MEKB0041","44.304563","-70.002747","108.8","2021-10-13",,,"0.00",",,N","0.0",",,N",,
"US1MEKB0041","44.304563","-70.002747","108.8","2021-10-14",,,"0.00",",,N","0.0",",,N",,
"US1MEKB0041","44.304563","-70.002747","108.8","2021-10-15",,,"0.00",",,N","0.0",",,N",,
"US1MEKB0041","44.304563","-70.002747","108.8","2021-10-16",,,"0.04",",,N",,,,
"US1MEKB0041","44.304563","-70.002747","108.8","2021-10-17",,,"0.72",",,N",,,,
"US1MEKB0041","44.304563","-70.002747","108.8","2021-10-18",,,"0.01",",,N",,,,
"US1MEKB0041","44.304563","-70.002747","108.8","2021-10-19",,,"0.00",",,N","0.0",",,N",,
"US1MEKB0041","44.304563","-70.002747","108.8","2021-10-20",,,"0.00",",,N","0.0",",,N",,
"US1MEKB0041","44.304563","-70.002747","108.8","2021-10-21",,,"0.02",",,N",,,,
"US1MEKB0041","44.304563","-70.002747","108.8","2021-10-22",,,"0.07",",,N",,,,
"US1MEKB0041","44.304563","-70.002747","108.8","2021-10-23",,,"0.10",",,N",,,,
"US1MEKB0041","44.304563","-70.002747","108.8","2021-10-24",,,"0.00",",,N","0.0",",,N",,
"US1MEKB0041","44.304563","-70.002747","108.8","2021-10-25",,,"0.00",",,N","0.0",",,N",,
"US1MEKB0041","44.304563","-70.002747","108.8","2021-10-26",,,"0.27",",,N",,,,
"US1MEKB0041","44.304563","-70.002747","108.8","2021-10-27",,,"0.35",",,N",,,,
"US1MEKB0041","44.304563","-70.002747","108.8","2021-10-28",,,"0.04",",,N",,,,
"US1MEKB0041","44.304563","-70.002747","108.8","2021-10-29",,,"0.00",",,N","0.0",",,N",,
"US1MEKB0041","44.304563","-70.002747","108.8","2021-10-30",,,"0.00",",,N","0.0",",,N",,
"US1MEKB0041","44.304563","-70.002747","108.8","2021-10-31",,,"1.92",",,N",,,,
"US1MEKB0041","44.304563","-70.002747","108.8","2021-11-01",,,"0.82",",,N",,,,
"US1MEKB0041","44.304563","-70.002747","108.8","2021-11-02",,,"0.00",",,N","0.0",",,N",,
"US1MEKB0041","44.304563","-70.002747","108.8","2021-11-03",,,"0.00",",,N","0.0",",,N",,
"US1MEKB0041","44.304563","-70.002747","108.8","2021-11-04",,,"0.00",",,N","0.0",",,N",,
"US1MEKB0041","44.304563","-70.002747","108.8","2021-11-05",,,"0.00",",,N","0.0",",,N",,
"US1MEKB0041","44.304563","-70.002747","108.8","2021-11-06",,,"0.00",",,N","0.0",",,N",,
"US1MEKB0041","44.304563","-70.002747","108.8","2021-11-07",,,"0.00",",,N","0.0",",,N",,
"US1MEKB0041","44.304563","-70.002747","108.8","2021-11-08",,,"0.00",",,N","0.0",",,N",,
"US1MEKB0041","44.304563","-70.002747","108.8","2021-11-09",,,"0.00",",,N","0.0",",,N",,
"US1MEKB0041","44.304563","-70.002747","108.8","2021-11-10",,,"0.03",",,N",,,,
"US1MEKB0041","44.304563","-70.002747","108.8","2021-11-11",,,"0.06",",,N",,,,
"US1MEKB0041","44.304563","-70.002747","108.8","2021-11-12",,,"0.00",",,N","0.0",",,N",,
"US1MEKB0041","44.304563","-70.002747","108.8","2021-11-13",,,"1.58",",,N",,,,
"US1MEKB0041","44.304563","-70.002747","108.8","2021-11-17",,,,,,,,
"US1MEKB0041","44.304563","-70.002747","108.8","2021-11-18",,,"0.04",",,N",,,,
"US1MEKB0041","44.304563","-70.002747","108.8","2021-11-19",,,"0.18",",,N",,,,
"US1MEKB0041","44.304563","-70.002747","108.8","2021-11-20",,,"0.02",",,N",,,,
"US1MEKB0041","44.304563","-70.002747","108.8","2021-11-21",,,"0.00",",,N","0.0",",,N",,
"US1MEKB0041","44.304563","-70.002747","108.8","2021-11-22",,,"0.15",",,N",,,,
"US1MEKB0041","44.304563","-70.002747","108.8","2021-11-23",,,"0.13",",,N",,,,
"US1MEKB0041","44.304563","-70.002747","108.8","2021-11-24",,,"0.00",",,N","0.0",",,N",,
"US1MEKB0041","44.304563","-70.002747","108.8","2021-11-25",,,"0.00",",,N","0.0",",,N",,
"US1MEKB0041","44.304563","-70.002747","108.8","2021-11-26",,,"0.00",",,N","0.0",",,N",,
"US1MEKB0041","44.304563","-70.002747","108.8","2021-11-27",,,"0.55",",,N","0.4",",,N",,
"US1MEKB0041","44.304563","-70.002747","108.8","2021-11-28",,,"0.00",",,N","0.0",",,N",,
"USC00176484","44.0979","-70.5976","171.9","2021-08-01",,,"0.00",",,7,0700","0.0",",,7,0700",,
"USC00176484","44.0979","-70.5976","171.9","2021-08-02",,,"0.82",",,7,0700","0.0",",,7,0700",,
"USC00176484","44.0979","-70.5976","171.9","2021-08-03",,,"0.00","T,,7,0700","0.0",",,7,0700",,
"USC00176484","44.0979","-70.5976","171.9","2021-08-04",,,"0.00",",,7,0700","0.0",",,7,0700",,
"USC00176484","44.0979","-70.5976","171.9","2021-08-05",,,"0.00",",,7,0700","0.0",",,7,0700",,
"USC00176484","44.0979","-70.5976","171.9","2021-08-06",,,"0.10",",,7,0700","0.0",",,7,0700",,
"USC00176484","44.0979","-70.5976","171.9","2021-08-07",,,"0.00",",,7,0700","0.0",",,7,0700",,
"USC00176484","44.0979","-70.5976","171.9","2021-08-08",,,"0.00",",,7,0700","0.0",",,7,0700",,
"USC00176484","44.0979","-70.5976","171.9","2021-08-09",,,"0.00",",,7,0700","0.0",",,7,0700",,
"USC00176484","44.0979","-70.5976","171.9","2021-08-10",,,"0.00",",,7,0700","0.0",",,7,0700",,
"USC00176484","44.0979","-70.5976","171.9","2021-08-11",,,"0.00","T,,7,0700","0.0",",,7,0700",,
"USC00176484","44.0979","-70.5976","171.9","2021-08-12",,,"0.17",",,7,0700","0.0",",,7,0700",,
"USC00176484","44.0979","-70.5976","171.9","2021-08-13",,,"0.00",",,7,0700","0.0",",,7,0700",,
"USC00176484","44.0979","-70.5976","171.9","2021-08-14",,,"0.00",",,7,0700","0.0",",,7,0700",,
"USC00176484","44.0979","-70.5976","171.9","2021-08-15",,,"0.08",",,7,0700","0.0",",,7,0700",,
"USC00176484","44.0979","-70.5976","171.9","2021-08-16",,,"0.18",",,7,0700","0.0",",,7,0700",,
"USC00176484","44.0979","-70.5976","171.9","2021-08-17",,,"0.00",",,7,0700","0.0",",,7,0700",,
"USC00176484","44.0979","-70.5976","171.9","2021-08-18",,,"0.02",",,7,0700","0.0",",,7,0700",,
"USC00176484","44.0979","-70.5976","171.9","2021-08-19",,,"0.00",",,7,0700","0.0",",,7,0700",,
"USC00176484","44.0979","-70.5976","171.9","2021-08-20",,,"0.23",",,7,0700","0.0",",,7,0700",,
"USC00176484","44.0979","-70.5976","171.9","2021-08-21",,,"0.00",",,7,0700","0.0",",,7,0700",,
"USC00176484","44.0979","-70.5976","171.9","2021-08-22",,,"0.00",",,7,0700","0.0",",,7,0700",,
"USC00176484","44.0979","-70.5976","171.9","2021-08-23",,,"0.17",",,7,0700","0.0",",,7,0700",,
"USC00176484","44.0979","-70.5976","171.9","2021-08-24",,,"0.03",",,7,0700","0.0",",,7,0700",,
"USC00176484","44.0979","-70.5976","171.9","2021-08-25",,,"0.00",",,7,0700","0.0",",,7,0700",,
"USC00176484","44.0979","-70.5976","171.9","2021-08-26",,,"0.00",",,7,0700","0.0",",,7,0700",,
"USC00176484","44.0979","-70.5976","171.9","2021-08-27",,,"0.00",",,7,0700","0.0",",,7,0700",,
"USC00176484","44.0979","-70.5976","171.9","2021-08-28",,,"0.00",",,7,0700","0.0",",,7,0700",,
"USC00176484","44.0979","-70.5976","171.9","2021-08-29",,,"0.06",",,7,0700","0.0",",,7,0700",,
"USC00176484","44.0979","-70.5976","171.9","2021-08-30",,,"0.00",",,7,0700","0.0",",,7,0700",,
"USC00176484","44.0979","-70.5976","171.9","2021-08-31",,,"0.10",",,7,0700","0.0",",,7,0700",,
"USC00176484","44.0979","-70.5976","171.9","2021-09-01",,,"0.00",",,N,0700","0.0",",,N,0700",,
"USC00176484","44.0979","-70.5976","171.9","2021-09-02",,,"1.12",",,N,0700","0.0",",,N,0700",,
"USC00176484","44.0979","-70.5976","171.9","2021-09-03",,,"0.04",",,N,0700","0.0",",,N,0700",,
"USC00176484","44.0979","-70.5976","171.9","2021-09-04",,,"0.01",",,N,0700","0.0",",,N,0700",,
"USC00176484","44.0979","-70.5976","171.9","2021-09-05",,,"0.00",",,N,0700","0.0",",,N,0700",,
"USC00176484","44.0979","-70.5976","171.9","2021-09-06",,,"0.09",",,N,0700","0.0",",,N,0700",,
"USC00176484","44.0979","-70.5976","171.9","2021-09-07",,,"0.18",",,N,0700","0.0",",,N,0700",,
"USC00176484","44.0979","-70.5976","171.9","2021-09-08",,,"0.00",",,N,0700","0.0",",,N,0700",,
"USC00176484","44.0979","-70.5976","171.9","2021-09-09",,,"0.44",",,N,0700","0.0",",,N,0700",,
"USC00176484","44.0979","-70.5976","171.9","2021-09-10",,,"1.20",",,N,0700","0.0",",,N,0700",,
"USC00176484","44.0979","-70.5976","171.9","2021-09-11",,,"0.00",",,N,0700","0.0",",,N,0700",,
"USC00176484","44.0979","-70.5976","171.9","2021-09-12",,,"0.00",",,N,0700","0.0",",,N,0700",,
"USC00176484","44.0979","-70.5976","171.9","2021-09-13",,,"0.00","T,,N,0700","0.0",",,N,0700",,
"USC00176484","44.0979","-70.5976","171.9","2021-09-14",,,"0.00",",,N,0700","0.0",",,N,0700",,
"USC00176484","44.0979","-70.5976","171.9","2021-09-15",,,"0.00","T,,N,0700","0.0",",,N,0700",,
"USC00176484","44.0979","-70.5976","171.9","2021-09-16",,,"0.36",",,N,0700","0.0",",,N,0700",,
"USC00176484","44.0979","-70.5976","171.9","2021-09-17",,,"0.00",",,N,0700","0.0",",,N,0700",,
"USC00176484","44.0979","-70.5976","171.9","2021-09-18",,,"0.00","T,,N,0700","0.0",",,N,0700",,
"USC00176484","44.0979","-70.5976","171.9","2021-09-19",,,"0.38",",,N,0700","0.0",",,N,0700",,
"USC00176484","44.0979","-70.5976","171.9","2021-09-20",,,"0.00",",,N,0700","0.0",",,N,0700",,
"USC00176484","44.0979","-70.5976","171.9","2021-09-21",,,"0.00",",,N,0700","0.0",",,N,0700",,
"USC00176484","44.0979","-70.5976","171.9","2021-09-22",,,"0.03",",,N,0700","0.0",",,N,0700",,
"USC00176484","44.0979","-70.5976","171.9","2021-09-23",,,"0.01",",,N,0700","0.0",",,N,0700",,
"USC00176484","44.0979","-70.5976","171.9","2021-09-24",,,"0.04",",,N,0700","0.0",",,N,0700",,
"USC00176484","44.0979","-70.5976","171.9","2021-09-25",,,"0.17",",,N,0700","0.0",",,N,0700",,
"USC00176484","44.0979","-70.5976","171.9","2021-09-26",,,"0.09",",,N,0700","0.0",",,N,0700",,
"USC00176484","44.0979","-70.5976","171.9","2021-09-27",,,"0.02",",,N,0700","0.0",",,N,0700",,
"USC00176484","44.0979","-70.5976","171.9","2021-09-28",,,"0.00",",,N,0700","0.0",",,N,0700",,
"USC00176484","44.0979","-70.5976","171.9","2021-09-29",,,"0.00","T,,N,0700","0.0",",,N,0700",,
"USC00176484","44.0979","-70.5976","171.9","2021-09-30",,,"0.00","T,,N,0700","0.0",",,N,0700",,
"USC00176484","44.0979","-70.5976","171.9","2021-10-01",,,"0.01",",,N,0700","0.0",",,N,0700",,
"USC00176484","44.0979","-70.5976","171.9","2021-10-02",,,"0.00",",,N,0700","0.0",",,N,0700",,
"USC00176484","44.0979","-70.5976","171.9","2021-10-03",,,"0.05",",,N,0700","0.0",",,N,0700",,
"USC00176484","44.0979","-70.5976","171.9","2021-10-04",,,"0.16",",,N,0700","0.0",",,N,0700",,
"USC00176484","44.0979","-70.5976","171.9","2021-10-05",,,"0.00",",,N,0700","0.0",",,N,0700",,
"USC00176484","44.0979","-70.5976","171.9","2021-10-06",,,"0.00",",,N,0700","0.0",",,N,0700",,
"USC00176484","44.0979","-70.5976","171.9","2021-10-07",,,"0.00",",,N,0700","0.0",",,N,0700",,
"USC00176484","44.0979","-70.5976","171.9","2021-10-08",,,"0.00",",,N,0700","0.0",",,N,0700",,
"USC00176484","44.0979","-70.5976","171.9","2021-10-09",,,"0.00",",,N,0700","0.0",",,N,0700",,
"USC00176484","44.0979","-70.5976","171.9","2021-10-10",,,"0.00","T,,N,0700","0.0",",,N,0700",,
"USC00176484","44.0979","-70.5976","171.9","2021-10-11",,,"0.00",",,N,0700","0.0",",,N,0700",,
"USC00176484","44.0979","-70.5976","171.9","2021-10-12",,,"0.00",",,N,0700","0.0",",,N,0700",,
"USC00176484","44.0979","-70.5976","171.9","2021-10-13",,,"0.00",",,N,0700","0.0",",,N,0700",,
"USC00176484","44.0979","-70.5976","171.9","2021-10-14",,,"0.00",",,N,0700","0.0",",,N,0700",,
"USC00176484","44.0979","-70.5976","171.9","2021-10-15",,,"0.00",",,N,0700","0.0",",,N,0700",,
"USC00176484","44.0979","-70.5976","171.9","2021-10-16",,,"0.60",",,N,0700","0.0",",,N,0700",,
"USC00176484","44.0979","-70.5976","171.9","2021-10-17",,,"0.45",",,N,0700","0.0",",,N,0700",,
"USC00176484","44.0979","-70.5976","171.9","2021-10-18",,,"0.00",",,N,0700","0.0",",,N,0700",,
"USC00176484","44.0979","-70.5976","171.9","2021-10-19",,,"0.00","T,,N,0700","0.0",",,N,0700",,
"USC00176484","44.0979","-70.5976","171.9","2021-10-20",,,"0.00","T,,N,0700","0.0",",,N,0700",,
"USC00176484","44.0979","-70.5976","171.9","2021-10-21",,,"0.00",",,N,0700","0.0",",,N,0700",,
"USC00176484","44.0979","-70.5976","171.9","2021-10-22",,,"0.18",",,N,0700","0.0",",,N,0700",,
"USC00176484","44.0979","-70.5976","171.9","2021-10-23",,,"0.00",",,N,0700","0.0",",,N,0700",,
"USC00176484","44.0979","-70.5976","171.9","2021-10-24",,,"0.00",",,N,0700","0.0",",,N,0700",,
"USC00176484","44.0979","-70.5976","171.9","2021-10-25",,,"0.05",",,N,0700","0.0",",,N,0700",,
"USC00176484","44.0979","-70.5976","171.9","2021-10-26",,,"0.48",",,N,0700","0.0",",,N,0700",,
"USC00176484","44.0979","-70.5976","171.9","2021-10-27",,,"0.94",",,N,0700","0.0",",,N,0700",,
"USC00176484","44.0979","-70.5976","171.9","2021-10-28",,,"0.01",",,N,0700","0.0",",,N,0700",,
"USC00176484","44.0979","-70.5976","171.9","2021-10-29",,,"0.00",",,N,0700","0.0",",,N,0700",,
"USC00176484","44.0979","-70.5976","171.9","2021-10-30",,,"0.05",",,N,0700","0.0",",,N,0700",,
"USC00176484","44.0979","-70.5976","171.9","2021-10-31",,,"2.13",",,N,0700","0.0",",,N,0700",,
"USC00176484","44.0979","-70.5976","171.9","2021-11-01",,,"0.15",",,N,0700","0.0",",,N,0700",,
"USC00176484","44.0979","-70.5976","171.9","2021-11-02",,,"0.00",",,N,0700","0.0",",,N,0700",,
"USC00176484","44.0979","-70.5976","171.9","2021-11-03",,,"0.00",",,N,0700","0.0",",,N,0700",,
"USC00176484","44.0979","-70.5976","171.9","2021-11-04",,,"0.00","T,,N,0700","0.0","T,,N,0700",,
"USC00176484","44.0979","-70.5976","171.9","2021-11-05",,,"0.00",",,N,0700","0.0",",,N,0700",,
"USC00176484","44.0979","-70.5976","171.9","2021-11-06",,,"0.00",",,N,0700","0.0",",,N,0700",,
"USC00176484","44.0979","-70.5976","171.9","2021-11-07",,,"0.00",",,N,0700","0.0",",,N,0700",,
"USC00176484","44.0979","-70.5976","171.9","2021-11-08",,,"0.00",",,N,0700","0.0",",,N,0700",,
"USC00176484","44.0979","-70.5976","171.9","2021-11-09",,,"0.00",",,N,0700","0.0",",,N,0700",,
"USC00176484","44.0979","-70.5976","171.9","2021-11-10",,,"0.03",",,N,0700","0.0",",,N,0700",,
"USC00176484","44.0979","-70.5976","171.9","2021-11-11",,,"0.05",",,N,0700",,,,
"USC00176484","44.0979","-70.5976","171.9","2021-11-12",,,"0.00",",,N,0700","0.0",",,N,0700",,
"USC00176484","44.0979","-70.5976","171.9","2021-11-13",,,"1.52",",,N,0700",,,,
"USC00176484","44.0979","-70.5976","171.9","2021-11-14",,,"0.31",",,N,0700","0.0",",,N,0700",,
"USC00176484","44.0979","-70.5976","171.9","2021-11-15",,,"0.18",",,N,0700","0.0",",,N,0700",,
"USC00176484","44.0979","-70.5976","171.9","2021-11-16",,,"0.00","T,,N,0700","0.0","T,,N,0700",,
"USC00176484","44.0979","-70.5976","171.9","2021-11-17",,,"0.00","T,,N,0700","0.0","T,,N,0700",,
"USC00176484","44.0979","-70.5976","171.9","2021-11-18",,,"0.05",",,N,0700","0.0",",,N,0700",,
"USC00176484","44.0979","-70.5976","171.9","2021-11-19",,,"0.18",",,N,0700","0.0",",,N,0700",,
"USC00176484","44.0979","-70.5976","171.9","2021-11-20",,,"0.00","T,,N,0700","0.0","T,,N,0700",,
"USC00176484","44.0979","-70.5976","171.9","2021-11-21",,,"0.00",",,N,0700","0.0",",,N,0700",,
"USC00176484","44.0979","-70.5976","171.9","2021-11-22",,,"0.13",",,N,0700",,,,
"USC00176484","44.0979","-70.5976","171.9","2021-11-23",,,"0.00",",,N,0700","0.0",",,N,0700",,
"USC00176484","44.0979","-70.5976","171.9","2021-11-24",,,"0.00",",,N,0700","0.0",",,N,0700",,
"USC00176484","44.0979","-70.5976","171.9","2021-11-25",,,"0.00",",,N,0700","0.0",",,N,0700",,
"USC00176484","44.0979","-70.5976","171.9","2021-11-26",,,"0.00",",,N,0700","0.0",",,N,0700",,
"USC00176484","44.0979","-70.5976","171.9","2021-11-27",,,"0.30",",,N,0700","0.1",",,N,0700",,
"USC00176484","44.0979","-70.5976","171.9","2021-11-28",,,"0.00",",,N,0700","0.0",",,N,0700",,
"US1LASL0006","30.521844","-92.06700957","17.7","2021-08-02",,,,,,,,
"US1LASL0006","30.521844","-92.06700957","17.7","2021-08-06",,,,,,,,
"US1LASL0006","30.521844","-92.06700957","17.7","2021-08-09",,,,,,,,
"US1LASL0006","30.521844","-92.06700957","17.7","2021-08-10",,,"0.00",",,N","0.0",",,N",,
"US1LASL0006","30.521844","-92.06700957","17.7","2021-08-11",,,"0.00",",,N","0.0",",,N",,
"US1LASL0006","30.521844","-92.06700957","17.7","2021-08-12",,,"0.30",",,N",,,,
"US1LASL0006","30.521844","-92.06700957","17.7","2021-08-13",,,"0.00",",,N","0.0",",,N",,
"US1LASL0006","30.521844","-92.06700957","17.7","2021-08-16",,,,,,,,
"US1LASL0006","30.521844","-92.06700957","17.7","2021-08-18",,,,,,,,
"US1LASL0006","30.521844","-92.06700957","17.7","2021-08-19",,,"0.00",",,N","0.0",",,N",,
"US1LASL0006","30.521844","-92.06700957","17.7","2021-08-20",,,"0.00",",,N","0.0",",,N",,
"US1LASL0006","30.521844","-92.06700957","17.7","2021-08-23",,,,,,,,
"US1LASL0006","30.521844","-92.06700957","17.7","2021-08-24",,,"0.00",",,N","0.0",",,N",,
"US1LASL0006","30.521844","-92.06700957","17.7","2021-08-25",,,"0.39",",,N",,,,
"US1LASL0006","30.521844","-92.06700957","17.7","2021-08-26",,,"0.00",",,N","0.0",",,N",,
"US1LASL0006","30.521844","-92.06700957","17.7","2021-08-27",,,"0.25",",,N",,,,
"US1LASL0006","30.521844","-92.06700957","17.7","2021-08-30",,,,,,,,
"US1LASL0006","30.521844","-92.06700957","17.7","2021-09-01",,,"0.32",",,N",,,,
"US1LASL0006","30.521844","-92.06700957","17.7","2021-09-02",,,"0.00","T,,N",,,,
"US1LASL0006","30.521844","-92.06700957","17.7","2021-09-03",,,"0.00","T,,N",,,,
"US1LASL0006","30.521844","-92.06700957","17.7","2021-09-07",,,,,,,,
"US1LASL0006","30.521844","-92.06700957","17.7","2021-09-08",,,"0.02",",,N",,,,
"US1LASL0006","30.521844","-92.06700957","17.7","2021-09-09",,,"0.00",",,N","0.0",",,N",,
"US1LASL0006","30.521844","-92.06700957","17.7","2021-09-10",,,"0.00",",,N","0.0",",,N",,
"US1LASL0006","30.521844","-92.06700957","17.7","2021-09-13",,,,,,,,
"US1LASL0006","30.521844","-92.06700957","17.7","2021-09-14",,,"0.00",",,N","0.0",",,N",,
"US1LASL0006","30.521844","-92.06700957","17.7","2021-09-15",,,"4.30",",,N",,,,
"US1LASL0006","30.521844","-92.06700957","17.7","2021-09-16",,,"1.20",",,N",,,,
"US1LASL0006","30.521844","-92.06700957","17.7","2021-09-17",,,"0.10",",,N",,,,
"US1LASL0006","30.521844","-92.06700957","17.7","2021-09-20",,,,,,,,
"US1LASL0006","30.521844","-92.06700957","17.7","2021-09-21",,,"0.00",",,N","0.0",",,N",,
"US1LASL0006","30.521844","-92.06700957","17.7","2021-09-22",,,"0.10",",,N",,,,
"US1LASL0006","30.521844","-92.06700957","17.7","2021-09-23",,,"0.00",",,N","0.0",",,N",,
"US1LASL0006","30.521844","-92.06700957","17.7","2021-09-24",,,"0.00",",,N","0.0",",,N",,
"US1LASL0006","30.521844","-92.06700957","17.7","2021-09-27",,,,,,,,
"US1LASL0006","30.521844","-92.06700957","17.7","2021-09-28",,,"0.00",",,N","0.0",",,N",,
"US1LASL0006","30.521844","-92.06700957","17.7","2021-09-29",,,"1.82",",,N",,,,
"US1LASL0006","30.521844","-92.06700957","17.7","2021-09-30",,,"0.06",",,N",,,,
"US1LASL0006","30.521844","-92.06700957","17.7","2021-10-04",,,,,,,,
"US1LASL0006","30.521844","-92.06700957","17.7","2021-10-05",,,"0.00",",,N","0.0",",,N",,
"US1LASL0006","30.521844","-92.06700957","17.7","2021-10-06",,,"0.00",",,N","0.0",",,N",,
"US1LASL0006","30.521844","-92.06700957","17.7","2021-10-07",,,"0.00",",,N","0.0",",,N",,
"US1LASL0006","30.521844","-92.06700957","17.7","2021-10-08",,,"0.00",",,N","0.0",",,N",,
"US1LASL0006","30.521844","-92.06700957","17.7","2021-10-13",,,,,,,,
"US1LASL0006","30.521844","-92.06700957","17.7","2021-10-14",,,"0.00",",,N","0.0",",,N",,
"US1LASL0006","30.521844","-92.06700957","17.7","2021-10-15",,,"0.00",",,N","0.0",",,N",,
"US1LASL0006","30.521844","-92.06700957","17.7","2021-10-18",,,,,,,,
"US1LASL0006","30.521844","-92.06700957","17.7","2021-10-19",,,"0.00",",,N","0.0",",,N",,
"US1LASL0006","30.521844","-92.06700957","17.7","2021-10-20",,,"0.00",",,N","0.0",",,N",,
"US1LASL0006","30.521844","-92.06700957","17.7","2021-10-21",,,"0.00",",,N","0.0",",,N",,
"US1LASL0006","30.521844","-92.06700957","17.7","2021-10-22",,,"0.00",",,N","0.0",",,N",,
"US1LASL0006","30.521844","-92.06700957","17.7","2021-10-25",,,,,,,,
"US1LASL0006","30.521844","-92.06700957","17.7","2021-10-26",,,"0.00",",,N","0.0",",,N",,
"US1LASL0006","30.521844","-92.06700957","17.7","2021-10-27",,,"0.00",",,N","0.0",",,N",,
"US1LASL0006","30.521844","-92.06700957","17.7","2021-10-29",,,,,,,,
"US1LASL0006","30.521844","-92.06700957","17.7","2021-11-01",,,,,,,,
"US1LASL0006","30.521844","-92.06700957","17.7","2021-11-02",,,"0.00",",,N","0.0",",,N",,
"US1LASL0006","30.521844","-92.06700957","17.7","2021-11-03",,,"0.00",",,N","0.0",",,N",,
"US1LASL0006","30.521844","-92.06700957","17.7","2021-11-05",,,,,,,,
"US1LASL0006","30.521844","-92.06700957","17.7","2021-11-08",,,,,,,,
"US1LASL0006","30.521844","-92.06700957","17.7","2021-11-09",,,"0.00",",,N","0.0",",,N",,
"US1LASL0006","30.521844","-92.06700957","17.7","2021-11-10",,,"0.00",",,N","0.0",",,N",,
"US1LASL0006","30.521844","-92.06700957","17.7","2021-11-12",,,,,,,,
"US1LASL0006","30.521844","-92.06700957","17.7","2021-11-15",,,,,,,,
"US1LASL0006","30.521844","-92.06700957","17.7","2021-11-17",,,,,,,,
"US1LASL0006","30.521844","-92.06700957","17.7","2021-11-18",,,"0.02",",,N",,,,
"US1LASL0006","30.521844","-92.06700957","17.7","2021-11-19",,,"0.00",",,N","0.0",",,N",,
"US1LASL0006","30.521844","-92.06700957","17.7","2021-11-22",,,,,,,,
"US1LASL0006","30.521844","-92.06700957","17.7","2021-11-23",,,"0.00",",,N","0.0",",,N",,
"US1LASL0006","30.521844","-92.06700957","17.7","2021-11-24",,,"0.00",",,N","0.0",",,N",,
"US1LASL0006","30.521844","-92.06700957","17.7","2021-11-26",,,,,,,,
"USC00164816","32.355","-93.8619","61.0","2021-08-01",,,"0.00",",,7,0700","0.0",",,7",,
"USC00164816","32.355","-93.8619","61.0","2021-08-02",,,"0.32",",,7,0700","0.0",",,7",,
"USC00164816","32.355","-93.8619","61.0","2021-08-03",,,"0.27",",,7,0700","0.0",",,7",,
"USC00164816","32.355","-93.8619","61.0","2021-08-04",,,"0.00",",,7,0700","0.0",",,7",,
"USC00164816","32.355","-93.8619","61.0","2021-08-05",,,"0.00",",,7,0700","0.0",",,7",,
"USC00164816","32.355","-93.8619","61.0","2021-08-06",,,"0.00",",,7,0700","0.0",",,7",,
"USC00164816","32.355","-93.8619","61.0","2021-08-07",,,"0.00",",,7,0700","0.0",",,7",,
"USC00164816","32.355","-93.8619","61.0","2021-08-08",,,"0.00",",,7,0700","0.0",",,7",,
"USC00164816","32.355","-93.8619","61.0","2021-08-09",,,"0.00",",,7,0700","0.0",",,7",,
"USC00164816","32.355","-93.8619","61.0","2021-08-10",,,"0.00",",,7,0700","0.0",",,7",,
"USC00164816","32.355","-93.8619","61.0","2021-08-11",,,"0.00",",,7,0700","0.0",",,7",,
"USC00164816","32.355","-93.8619","61.0","2021-08-12",,,"0.00",",,7,0700","0.0",",,7",,
"USC00164816","32.355","-93.8619","61.0","2021-08-13",,,"0.00",",,7,0700","0.0",",,7",,
"USC00164816","32.355","-93.8619","61.0","2021-08-14",,,"0.00",",,7,0700","0.0",",,7",,
"USC00164816","32.355","-93.8619","61.0","2021-08-15",,,"0.00",",,7,0700","0.0",",,7",,
"USC00164816","32.355","-93.8619","61.0","2021-08-16",,,"0.00",",,7,0700","0.0",",,7",,
"USC00164816","32.355","-93.8619","61.0","2021-08-17",,,"0.00","T,,7,0700","0.0",",,7",,
"USC00164816","32.355","-93.8619","61.0","2021-08-18",,,"0.11",",,7,0700","0.0",",,7",,
"USC00164816","32.355","-93.8619","61.0","2021-08-19",,,"0.67",",,7,0700","0.0",",,7",,
"USC00164816","32.355","-93.8619","61.0","2021-08-20",,,"0.21",",,7,0700","0.0",",,7",,
"USC00164816","32.355","-93.8619","61.0","2021-08-21",,,"0.00",",,7,0700","0.0",",,7",,
"USC00164816","32.355","-93.8619","61.0","2021-08-22",,,"0.00",",,7,0700","0.0",",,7",,
"USC00164816","32.355","-93.8619","61.0","2021-08-23",,,"0.00",",,7,0700","0.0",",,7",,
"USC00164816","32.355","-93.8619","61.0","2021-08-24",,,"0.00",",,7,0700","0.0",",,7",,
"USC00164816","32.355","-93.8619","61.0","2021-08-25",,,"0.00",",,7,0700","0.0",",,7",,
"USC00164816","32.355","-93.8619","61.0","2021-08-26",,,"0.00",",,7,0700","0.0",",,7",,
"USC00164816","32.355","-93.8619","61.0","2021-08-27",,,"0.00",",,7,0700","0.0",",,7",,
"USC00164816","32.355","-93.8619","61.0","2021-08-28",,,"0.00",",,7,0700","0.0",",,7",,
"USC00164816","32.355","-93.8619","61.0","2021-08-29",,,"0.06",",,7,0700","0.0",",,7",,
"USC00164816","32.355","-93.8619","61.0","2021-08-30",,,"0.44",",,7,0700","0.0",",,7",,
"USC00164816","32.355","-93.8619","61.0","2021-08-31",,,"0.00",",,7,0700","0.0",",,7",,
"USC00164816","32.355","-93.8619","61.0","2021-09-01",,,"0.00","T,,7,0700","0.0",",,7",,
"USC00164816","32.355","-93.8619","61.0","2021-09-02",,,"0.00",",,7,0700","0.0",",,7",,
"USC00164816","32.355","-93.8619","61.0","2021-09-03",,,"0.65",",,7,0700","0.0",",,7",,
"USC00164816","32.355","-93.8619","61.0","2021-09-04",,,"0.00","T,,7,0700","0.0",",,7",,
"USC00164816","32.355","-93.8619","61.0","2021-09-05",,,"0.00",",,7,0700","0.0",",,7",,
"USC00164816","32.355","-93.8619","61.0","2021-09-06",,,"0.02",",,7,0700","0.0",",,7",,
"USC00164816","32.355","-93.8619","61.0","2021-09-07",,,"0.00",",,7,0700","0.0",",,7",,
"USC00164816","32.355","-93.8619","61.0","2021-09-08",,,"0.00",",,7,0700","0.0",",,7",,
"USC00164816","32.355","-93.8619","61.0","2021-09-09",,,"0.00",",,7,0700","0.0",",,7",,
"USC00164816","32.355","-93.8619","61.0","2021-09-10",,,"0.00",",,7,0700","0.0",",,7",,
"USC00164816","32.355","-93.8619","61.0","2021-09-11",,,"0.00",",,7,0700","0.0",",,7",,
"USC00164816","32.355","-93.8619","61.0","2021-09-12",,,"0.00",",,7,0700","0.0",",,7",,
"USC00164816","32.355","-93.8619","61.0","2021-09-13",,,"0.00",",,7,0700","0.0",",,7",,
"USC00164816","32.355","-93.8619","61.0","2021-09-14",,,"0.14",",,7,0700","0.0",",,7",,
"USC00164816","32.355","-93.8619","61.0","2021-09-15",,,"0.03",",,7,0700","0.0",",,7",,
"USC00164816","32.355","-93.8619","61.0","2021-09-16",,,"0.00",",,7,0700","0.0",",,7",,
"USC00164816","32.355","-93.8619","61.0","2021-09-17",,,"0.00",",,7,0700","0.0",",,7",,
"USC00164816","32.355","-93.8619","61.0","2021-09-18",,,"0.52",",,7,0700","0.0",",,7",,
"USC00164816","32.355","-93.8619","61.0","2021-09-19",,,"0.95",",,7,0700","0.0",",,7",,
"USC00164816","32.355","-93.8619","61.0","2021-09-20",,,"0.01",",,7,0700","0.0",",,7",,
"USC00164816","32.355","-93.8619","61.0","2021-09-21",,,"0.00",",,7,0700","0.0",",,7",,
"USC00164816","32.355","-93.8619","61.0","2021-09-22",,,"0.00",",,7,0700","0.0",",,7",,
"USC00164816","32.355","-93.8619","61.0","2021-09-23",,,"0.00",",,7,0700","0.0",",,7",,
"USC00164816","32.355","-93.8619","61.0","2021-09-24",,,"0.00",",,7,0700","0.0",",,7",,
"USC00164816","32.355","-93.8619","61.0","2021-09-25",,,"0.00",",,7,0700","0.0",",,7",,
"USC00164816","32.355","-93.8619","61.0","2021-09-26",,,"0.00",",,7,0700","0.0",",,7",,
"USC00164816","32.355","-93.8619","61.0","2021-09-27",,,"0.00",",,7,0700","0.0",",,7",,
"USC00164816","32.355","-93.8619","61.0","2021-09-28",,,"0.00",",,7,0700","0.0",",,7",,
"USC00164816","32.355","-93.8619","61.0","2021-09-29",,,"0.14",",,7,0700","0.0",",,7",,
"USC00164816","32.355","-93.8619","61.0","2021-09-30",,,"0.02",",,7,0700","0.0",",,7",,
"USC00164816","32.355","-93.8619","61.0","2021-10-01",,,"0.01",",,7,0700","0.0",",,7",,
"USC00164816","32.355","-93.8619","61.0","2021-10-02",,,"0.55",",,7,0700","0.0",",,7",,
"USC00164816","32.355","-93.8619","61.0","2021-10-03",,,"0.00",",,7,0700","0.0",",,7",,
"USC00164816","32.355","-93.8619","61.0","2021-10-04",,,"0.07",",,7,0700","0.0",",,7",,
"USC00164816","32.355","-93.8619","61.0","2021-10-05",,,"0.00",",,7,0700","0.0",",,7",,
"USC00164816","32.355","-93.8619","61.0","2021-10-06",,,"0.00",",,7,0700","0.0",",,7",,
"USC00164816","32.355","-93.8619","61.0","2021-10-07",,,"0.00",",,7,0700","0.0",",,7",,
"USC00164816","32.355","-93.8619","61.0","2021-10-08",,,"0.00",",,7,0700","0.0",",,7",,
"USC00164816","32.355","-93.8619","61.0","2021-10-09",,,"0.00",",,7,0700","0.0",",,7",,
"USC00164816","32.355","-93.8619","61.0","2021-10-10",,,"0.00",",,7,0700","0.0",",,7",,
"USC00164816","32.355","-93.8619","61.0","2021-10-11",,,"0.05",",,7,0700","0.0",",,7",,
"USC00164816","32.355","-93.8619","61.0","2021-10-12",,,"0.00",",,7,0700","0.0",",,7",,
"USC00164816","32.355","-93.8619","61.0","2021-10-13",,,"0.22",",,7,0700","0.0",",,7",,
"USC00164816","32.355","-93.8619","61.0","2021-10-14",,,"0.00",",,7,0700","0.0",",,7",,
"USC00164816","32.355","-93.8619","61.0","2021-10-15",,,"0.02",",,7,0700","0.0",",,7",,
"USC00164816","32.355","-93.8619","61.0","2021-10-16",,,"0.00",",,7,0700","0.0",",,7",,
"USC00164816","32.355","-93.8619","61.0","2021-10-17",,,"0.00",",,7,0700","0.0",",,7",,
"USC00164816","32.355","-93.8619","61.0","2021-10-18",,,"0.00",",,7,0700","0.0",",,7",,
"USC00164816","32.355","-93.8619","61.0","2021-10-19",,,"0.00",",,7,0700","0.0",",,7",,
"USC00164816","32.355","-93.8619","61.0","2021-10-20",,,"0.00",",,7,0700","0.0",",,7",,
"USC00164816","32.355","-93.8619","61.0","2021-10-21",,,"0.00",",,7,0700","0.0",",,7",,
"USC00164816","32.355","-93.8619","61.0","2021-10-22",,,"0.00",",,7,0700","0.0",",,7",,
"USC00164816","32.355","-93.8619","61.0","2021-10-23",,,"0.00",",,7,0700","0.0",",,7",,
"USC00164816","32.355","-93.8619","61.0","2021-10-24",,,"0.00",",,7,0700","0.0",",,7",,
"USC00164816","32.355","-93.8619","61.0","2021-10-25",,,"0.00",",,7,0700","0.0",",,7",,
"USC00164816","32.355","-93.8619","61.0","2021-10-26",,,"0.00",",,7,0700","0.0",",,7",,
"USC00164816","32.355","-93.8619","61.0","2021-10-27",,,"0.00",",,7,0700","0.0",",,7",,
"USC00164816","32.355","-93.8619","61.0","2021-10-28",,,"1.24",",,7,0700","0.0",",,7",,
"USC00164816","32.355","-93.8619","61.0","2021-10-29",,,"0.00",",,7,0700","0.0",",,7",,
"USC00164816","32.355","-93.8619","61.0","2021-10-30",,,"0.00",",,7,0700","0.0",",,7",,
"USC00164816","32.355","-93.8619","61.0","2021-10-31",,,"0.00",",,7,0700","0.0",",,7",,
"USC00164816","32.355","-93.8619","61.0","2021-11-01",,,"0.00",",,H,0700","0.0",",,H",,
"USC00164816","32.355","-93.8619","61.0","2021-11-02",,,"0.00",",,H,0700","0.0",",,H",,
"USC00164816","32.355","-93.8619","61.0","2021-11-03",,,"0.00",",,H,0700","0.0",",,H",,
"USC00164816","32.355","-93.8619","61.0","2021-11-04",,,"0.19",",,H,0700","0.0",",,H",,
"USC00164816","32.355","-93.8619","61.0","2021-11-05",,,"0.00",",,H,0700","0.0",",,H",,
"USC00164816","32.355","-93.8619","61.0","2021-11-06",,,"0.00",",,H,0700","0.0",",,H",,
"USC00164816","32.355","-93.8619","61.0","2021-11-07",,,"0.00",",,H,0700","0.0",",,H",,
"USC00164816","32.355","-93.8619","61.0","2021-11-08",,,"0.00",",,H,0700","0.0",",,H",,
"USC00164816","32.355","-93.8619","61.0","2021-11-09",,,"0.00",",,H,0700","0.0",",,H",,
"USC00164816","32.355","-93.8619","61.0","2021-11-10",,,"0.00",",,H,0700","0.0",",,H",,
"USC00164816","32.355","-93.8619","61.0","2021-11-11",,,"0.70",",,H,0700","0.0",",,H",,
"USC00164816","32.355","-93.8619","61.0","2021-11-12",,,"0.00",",,H,0700","0.0",",,H",,
"USC00164816","32.355","-93.8619","61.0","2021-11-13",,,"0.00",",,H,0700","0.0",",,H",,
"USC00164816","32.355","-93.8619","61.0","2021-11-14",,,"0.00",",,H,0700","0.0",",,H",,
"USC00164816","32.355","-93.8619","61.0","2021-11-15",,,"0.00",",,H,0700","0.0",",,H",,
"USC00164816","32.355","-93.8619","61.0","2021-11-16",,,"0.00",",,H,0700","0.0",",,H",,
"USC00164816","32.355","-93.8619","61.0","2021-11-17",,,"0.01",",,H,0700","0.0",",,H",,
"USC00164816","32.355","-93.8619","61.0","2021-11-18",,,"0.00",",,H,0700","0.0",",,H",,
"USC00164816","32.355","-93.8619","61.0","2021-11-19",,,"0.00",",,H,0700","0.0",",,H",,
"USC00164816","32.355","-93.8619","61.0","2021-11-20",,,"0.00",",,H,0700","0.0",",,H",,
"USC00164816","32.355","-93.8619","61.0","2021-11-21",,,"0.00",",,H,0700","0.0",",,H",,
"USC00164816","32.355","-93.8619","61.0","2021-11-22",,,"0.56",",,H,0700","0.0",",,H",,
"USC00164816","32.355","-93.8619","61.0","2021-11-23",,,"0.00",",,H,0700","0.0",",,H",,
"USC00164816","32.355","-93.8619","61.0","2021-11-24",,,"0.00",",,H,0700","0.0",",,H",,
"USC00164816","32.355","-93.8619","61.0","2021-11-25",,,"0.73",",,H,0700","0.0",",,H",,
"USC00164816","32.355","-93.8619","61.0","2021-11-26",,,"0.18",",,H,0700","0.0",",,H",,
"USC00164816","32.355","-93.8619","61.0","2021-11-27",,,"0.00",",,H,0700","0.0",",,H",,
"USC00164816","32.355","-93.8619","61.0","2021-11-28",,,"0.12",",,H,0700","0.0",",,H",,
"US1LASL0001","30.4197010303997","-91.9986319541931","17.1","2021-08-01",,,"0.00","T,,N",,,,
"US1LASL0001","30.4197010303997","-91.9986319541931","17.1","2021-08-02",,,"0.00",",,N","0.0",",,N",,
"US1LASL0001","30.4197010303997","-91.9986319541931","17.1","2021-08-03",,,"0.12",",,N",,,,
"US1LASL0001","30.4197010303997","-91.9986319541931","17.1","2021-08-04",,,"0.00",",,N","0.0",",,N",,
"US1LASL0001","30.4197010303997","-91.9986319541931","17.1","2021-08-05",,,"0.00",",,N","0.0",",,N",,
"US1LASL0001","30.4197010303997","-91.9986319541931","17.1","2021-08-06",,,"0.00",",,N","0.0",",,N",,
"US1LASL0001","30.4197010303997","-91.9986319541931","17.1","2021-08-07",,,"0.00",",,N","0.0",",,N",,
"US1LASL0001","30.4197010303997","-91.9986319541931","17.1","2021-08-08",,,"0.00",",,N","0.0",",,N",,
"US1LASL0001","30.4197010303997","-91.9986319541931","17.1","2021-08-09",,,"0.43",",,N",,,,
"US1LASL0001","30.4197010303997","-91.9986319541931","17.1","2021-08-11",,,"0.03",",,N",,,,
"US1LASL0001","30.4197010303997","-91.9986319541931","17.1","2021-08-12",,,"0.00",",,N","0.0",",,N",,
"US1LASL0001","30.4197010303997","-91.9986319541931","17.1","2021-08-13",,,"0.00",",,N","0.0",",,N",,
"US1LASL0001","30.4197010303997","-91.9986319541931","17.1","2021-08-14",,,"0.00",",,N","0.0",",,N",,
"US1LASL0001","30.4197010303997","-91.9986319541931","17.1","2021-08-15",,,"0.00",",,N","0.0",",,N",,
"US1LASL0001","30.4197010303997","-91.9986319541931","17.1","2021-08-16",,,"0.00",",,N","0.0",",,N",,
"US1LASL0001","30.4197010303997","-91.9986319541931","17.1","2021-08-17",,,"0.00",",,N","0.0",",,N",,
"US1LASL0001","30.4197010303997","-91.9986319541931","17.1","2021-08-19",,,"0.05",",,N",,,,
"US1LASL0001","30.4197010303997","-91.9986319541931","17.1","2021-08-20",,,"0.04",",,N",,,,
"US1LASL0001","30.4197010303997","-91.9986319541931","17.1","2021-08-21",,,"0.00",",,N","0.0",",,N",,
"US1LASL0001","30.4197010303997","-91.9986319541931","17.1","2021-08-22",,,"0.00",",,N","0.0",",,N",,
"US1LASL0001","30.4197010303997","-91.9986319541931","17.1","2021-08-23",,,"0.00",",,N","0.0",",,N",,
"US1LASL0001","30.4197010303997","-91.9986319541931","17.1","2021-08-25",,,"1.54",",,N",,,,
"US1LASL0001","30.4197010303997","-91.9986319541931","17.1","2021-08-26",,,"0.00",",,N","0.0",",,N",,
"US1LASL0001","30.4197010303997","-91.9986319541931","17.1","2021-08-27",,,"0.00",",,N","0.0",",,N",,
"US1LASL0001","30.4197010303997","-91.9986319541931","17.1","2021-08-28",,,"0.00",",,N","0.0",",,N",,
"US1LASL0001","30.4197010303997","-91.9986319541931","17.1","2021-08-29",,,"0.29",",,N",,,,
"US1LASL0001","30.4197010303997","-91.9986319541931","17.1","2021-08-30",,,"0.25",",,N",,,,
"US1LASL0001","30.4197010303997","-91.9986319541931","17.1","2021-08-31",,,"0.01",",,N",,,,
"US1LASL0001","30.4197010303997","-91.9986319541931","17.1","2021-09-01",,,"1.03",",,N",,,,
"US1LASL0001","30.4197010303997","-91.9986319541931","17.1","2021-09-02",,,"0.04",",,N",,,,
"US1LASL0001","30.4197010303997","-91.9986319541931","17.1","2021-09-03",,,"0.14",",,N",,,,
"US1LASL0001","30.4197010303997","-91.9986319541931","17.1","2021-09-04",,,"0.00",",,N","0.0",",,N",,
"US1LASL0001","30.4197010303997","-91.9986319541931","17.1","2021-09-05",,,"0.00",",,N","0.0",",,N",,
"US1LASL0001","30.4197010303997","-91.9986319541931","17.1","2021-09-06",,,"1.05",",,N",,,,
"US1LASL0001","30.4197010303997","-91.9986319541931","17.1","2021-09-07",,,"0.28",",,N",,,,
"US1LASL0001","30.4197010303997","-91.9986319541931","17.1","2021-09-08",,,"0.01",",,N",,,,
"US1LASL0001","30.4197010303997","-91.9986319541931","17.1","2021-09-09",,,"0.00",",,N","0.0",",,N",,
"US1LASL0001","30.4197010303997","-91.9986319541931","17.1","2021-09-10",,,"0.00",",,N","0.0",",,N",,
"US1LASL0001","30.4197010303997","-91.9986319541931","17.1","2021-09-11",,,"0.00",",,N","0.0",",,N",,
"US1LASL0001","30.4197010303997","-91.9986319541931","17.1","2021-09-12",,,"0.00",",,N","0.0",",,N",,
"US1LASL0001","30.4197010303997","-91.9986319541931","17.1","2021-09-13",,,"0.04",",,N",,,,
"US1LASL0001","30.4197010303997","-91.9986319541931","17.1","2021-09-14",,,"0.70",",,N",,,,
"US1LASL0001","30.4197010303997","-91.9986319541931","17.1","2021-09-15",,,"4.07",",,N",,,,
"US1LASL0001","30.4197010303997","-91.9986319541931","17.1","2021-09-16",,,"1.40",",,N",,,,
"US1LASL0001","30.4197010303997","-91.9986319541931","17.1","2021-09-17",,,"0.03",",,N",,,,
"US1LASL0001","30.4197010303997","-91.9986319541931","17.1","2021-09-18",,,"0.00",",,N","0.0",",,N",,
"US1LASL0001","30.4197010303997","-91.9986319541931","17.1","2021-09-19",,,"0.23",",,N",,,,
"US1LASL0001","30.4197010303997","-91.9986319541931","17.1","2021-09-20",,,"0.31",",,N",,,,
"US1LASL0001","30.4197010303997","-91.9986319541931","17.1","2021-09-21",,,"0.00",",,N","0.0",",,N",,
"US1LASL0001","30.4197010303997","-91.9986319541931","17.1","2021-09-22",,,"0.50",",,N",,,,
"US1LASL0001","30.4197010303997","-91.9986319541931","17.1","2021-09-23",,,"0.00",",,N","0.0",",,N",,
"US1LASL0001","30.4197010303997","-91.9986319541931","17.1","2021-09-24",,,"0.00",",,N","0.0",",,N",,
"US1LASL0001","30.4197010303997","-91.9986319541931","17.1","2021-09-25",,,"0.00",",,N","0.0",",,N",,
"US1LASL0001","30.4197010303997","-91.9986319541931","17.1","2021-09-26",,,"0.00",",,N","0.0",",,N",,
"US1LASL0001","30.4197010303997","-91.9986319541931","17.1","2021-09-27",,,"0.00",",,N","0.0",",,N",,
"US1LASL0001","30.4197010303997","-91.9986319541931","17.1","2021-09-28",,,"0.00","T,,N",,,,
"US1LASL0001","30.4197010303997","-91.9986319541931","17.1","2021-09-29",,,"1.77",",,N",,,,
"US1LASL0001","30.4197010303997","-91.9986319541931","17.1","2021-09-30",,,"0.05",",,N",,,,
"US1LASL0001","30.4197010303997","-91.9986319541931","17.1","2021-10-01",,,"0.31",",,N",,,,
"US1LASL0001","30.4197010303997","-91.9986319541931","17.1","2021-10-02",,,"0.41",",,N",,,,
"US1LASL0001","30.4197010303997","-91.9986319541931","17.1","2021-10-03",,,"0.74",",,N",,,,
"US1LASL0001","30.4197010303997","-91.9986319541931","17.1","2021-10-04",,,"0.00",",,N","0.0",",,N",,
"US1LASL0001","30.4197010303997","-91.9986319541931","17.1","2021-10-05",,,"0.00",",,N","0.0",",,N",,
"US1LASL0001","30.4197010303997","-91.9986319541931","17.1","2021-10-06",,,"0.00",",,N","0.0",",,N",,
"US1LASL0001","30.4197010303997","-91.9986319541931","17.1","2021-10-07",,,"0.00",",,N","0.0",",,N",,
"US1LASL0001","30.4197010303997","-91.9986319541931","17.1","2021-10-08",,,"0.00",",,N","0.0",",,N",,
"US1LASL0001","30.4197010303997","-91.9986319541931","17.1","2021-10-09",,,"0.00",",,N","0.0",",,N",,
"US1LASL0001","30.4197010303997","-91.9986319541931","17.1","2021-10-10",,,"0.00",",,N","0.0",",,N",,
"US1LASL0001","30.4197010303997","-91.9986319541931","17.1","2021-10-11",,,"0.00",",,N","0.0",",,N",,
"US1LASL0001","30.4197010303997","-91.9986319541931","17.1","2021-10-12",,,"0.00","T,,N",,,,
"US1LASL0001","30.4197010303997","-91.9986319541931","17.1","2021-10-13",,,"0.02",",,N",,,,
"US1LASL0001","30.4197010303997","-91.9986319541931","17.1","2021-10-14",,,"0.00",",,N","0.0",",,N",,
"US1LASL0001","30.4197010303997","-91.9986319541931","17.1","2021-10-15",,,"0.00",",,N","0.0",",,N",,
"US1LASL0001","30.4197010303997","-91.9986319541931","17.1","2021-10-16",,,"0.07",",,N",,,,
"US1LASL0001","30.4197010303997","-91.9986319541931","17.1","2021-10-17",,,"0.00",",,N","0.0",",,N",,
"US1LASL0001","30.4197010303997","-91.9986319541931","17.1","2021-10-18",,,"0.00",",,N","0.0",",,N",,
"US1LASL0001","30.4197010303997","-91.9986319541931","17.1","2021-10-19",,,"0.00",",,N","0.0",",,N",,
"US1LASL0001","30.4197010303997","-91.9986319541931","17.1","2021-10-20",,,"0.00",",,N","0.0",",,N",,
"US1LASL0001","30.4197010303997","-91.9986319541931","17.1","2021-10-21",,,"0.00",",,N","0.0",",,N",,
"US1LASL0001","30.4197010303997","-91.9986319541931","17.1","2021-10-22",,,"0.00",",,N","0.0",",,N",,
"US1LASL0001","30.4197010303997","-91.9986319541931","17.1","2021-10-23",,,"0.00",",,N","0.0",",,N",,
"US1LASL0001","30.4197010303997","-91.9986319541931","17.1","2021-10-24",,,"0.04",",,N",,,,
"US1LASL0001","30.4197010303997","-91.9986319541931","17.1","2021-10-25",,,"0.00","T,,N",,,,
"US1LASL0001","30.4197010303997","-91.9986319541931","17.1","2021-10-26",,,"0.00",",,N","0.0",",,N",,
"US1LASL0001","30.4197010303997","-91.9986319541931","17.1","2021-10-27",,,"0.02",",,N",,,,
"US1LASL0001","30.4197010303997","-91.9986319541931","17.1","2021-10-28",,,"1.43",",,N",,,,
"US1LASL0001","30.4197010303997","-91.9986319541931","17.1","2021-10-29",,,"0.00",",,N","0.0",",,N",,
"US1LASL0001","30.4197010303997","-91.9986319541931","17.1","2021-10-30",,,"0.00",",,N","0.0",",,N",,
"US1LASL0001","30.4197010303997","-91.9986319541931","17.1","2021-10-31",,,"0.00",",,N","0.0",",,N",,
"US1LASL0001","30.4197010303997","-91.9986319541931","17.1","2021-11-01",,,"0.00",",,N","0.0",",,N",,
"US1LASL0001","30.4197010303997","-91.9986319541931","17.1","2021-11-02",,,"0.00",",,N","0.0",",,N",,
"US1LASL0001","30.4197010303997","-91.9986319541931","17.1","2021-11-03",,,"0.00",",,N","0.0",",,N",,
"US1LASL0001","30.4197010303997","-91.9986319541931","17.1","2021-11-04",,,"0.04",",,N",,,,
"US1LASL0001","30.4197010303997","-91.9986319541931","17.1","2021-11-05",,,"0.00",",,N","0.0",",,N",,
"US1LASL0001","30.4197010303997","-91.9986319541931","17.1","2021-11-06",,,"0.00",",,N","0.0",",,N",,
"US1LASL0001","30.4197010303997","-91.9986319541931","17.1","2021-11-07",,,"0.00",",,N","0.0",",,N",,
"US1LASL0001","30.4197010303997","-91.9986319541931","17.1","2021-11-08",,,"0.00",",,N","0.0",",,N",,
"US1LASL0001","30.4197010303997","-91.9986319541931","17.1","2021-11-09",,,"0.00",",,N","0.0",",,N",,
"US1LASL0001","30.4197010303997","-91.9986319541931","17.1","2021-11-10",,,"0.00",",,N","0.0",",,N",,
"US1LASL0001","30.4197010303997","-91.9986319541931","17.1","2021-11-11",,,"0.00","T,,N",,,,
"US1LASL0001","30.4197010303997","-91.9986319541931","17.1","2021-11-12",,,"0.00",",,N","0.0",",,N",,
"US1LASL0001","30.4197010303997","-91.9986319541931","17.1","2021-11-13",,,"0.00",",,N","0.0",",,N",,
"US1LASL0001","30.4197010303997","-91.9986319541931","17.1","2021-11-14",,,"0.00",",,N","0.0",",,N",,
"US1LASL0001","30.4197010303997","-91.9986319541931","17.1","2021-11-15",,,"0.00",",,N","0.0",",,N",,
"US1LASL0001","30.4197010303997","-91.9986319541931","17.1","2021-11-16",,,"0.00",",,N","0.0",",,N",,
"US1LASL0001","30.4197010303997","-91.9986319541931","17.1","2021-11-17",,,"0.00",",,N","0.0",",,N",,
"US1LASL0001","30.4197010303997","-91.9986319541931","17.1","2021-11-18",,,"0.00",",,N","0.0",",,N",,
"US1LASL0001","30.4197010303997","-91.9986319541931","17.1","2021-11-19",,,"0.00",",,N","0.0",",,N",,
"US1LASL0001","30.4197010303997","-91.9986319541931","17.1","2021-11-20",,,"0.00",",,N","0.0",",,N",,
"US1LASL0001","30.4197010303997","-91.9986319541931","17.1","2021-11-21",,,"0.00",",,N","0.0",",,N",,
"US1LASL0001","30.4197010303997","-91.9986319541931","17.1","2021-11-22",,,"0.02",",,N",,,,
"US1LASL0001","30.4197010303997","-91.9986319541931","17.1","2021-11-23",,,"0.00",",,N","0.0",",,N",,
"US1LASL0001","30.4197010303997","-91.9986319541931","17.1","2021-11-24",,,"0.00",",,N","0.0",",,N",,
"US1LASL0001","30.4197010303997","-91.9986319541931","17.1","2021-11-25",,,"0.00",",,N","0.0",",,N",,
"US1LASL0001","30.4197010303997","-91.9986319541931","17.1","2021-11-26",,,"0.12",",,N",,,,
"US1LASL0001","30.4197010303997","-91.9986319541931","17.1","2021-11-27",,,"0.00",",,N","0.0",",,N",,
"US1LASL0001","30.4197010303997","-91.9986319541931","17.1","2021-11-28",,,"0.21",",,N",,,,
"USC00161411","32.5372","-92.3598","36.6","2021-08-01",,,"0.00",",,H,0800",,,,
"USC00161411","32.5372","-92.3598","36.6","2021-08-02",,,"3.86",",,H,0800",,,,
"USC00161411","32.5372","-92.3598","36.6","2021-08-03",,,"0.82",",,H,0800",,,,
"USC00161411","32.5372","-92.3598","36.6","2021-08-04",,,,,,,,
"USC00161411","32.5372","-92.3598","36.6","2021-08-05",,,"0.01",",,H,0800",,,,
"USC00161411","32.5372","-92.3598","36.6","2021-08-06",,,,,,,,
"USC00161411","32.5372","-92.3598","36.6","2021-08-07",,,,,,,,
"USC00161411","32.5372","-92.3598","36.6","2021-08-08",,,"0.00",",,H,0800",,,,
"USC00161411","32.5372","-92.3598","36.6","2021-08-09",,,"0.00",",,H,0800",,,,
"USC00161411","32.5372","-92.3598","36.6","2021-08-10",,,"0.00",",,H,0800",,,,
"USC00161411","32.5372","-92.3598","36.6","2021-08-11",,,"0.00",",,H,0800","0.0",",,H",,
"USC00161411","32.5372","-92.3598","36.6","2021-08-12",,,"0.02",",,H,0800",,,,
"USC00161411","32.5372","-92.3598","36.6","2021-08-13",,,"0.01",",,H,0800",,,,
"USC00161411","32.5372","-92.3598","36.6","2021-08-14",,,"0.01",",,H,0800",,,,
"USC00161411","32.5372","-92.3598","36.6","2021-08-15",,,"3.07",",,H,0800",,,,
"USC00161411","32.5372","-92.3598","36.6","2021-08-16",,,"0.01",",,H,0800",,,,
"USC00161411","32.5372","-92.3598","36.6","2021-08-17",,,"0.01",",,H,0800",,,,
"USC00161411","32.5372","-92.3598","36.6","2021-08-18",,,"0.80",",,H,0800",,,,
"USC00161411","32.5372","-92.3598","36.6","2021-08-19",,,"0.19",",,H,0800",,,,
"USC00161411","32.5372","-92.3598","36.6","2021-08-20",,,"1.08",",,H,0800",,,,
"USC00161411","32.5372","-92.3598","36.6","2021-08-22",,,,,,,,
"USC00161411","32.5372","-92.3598","36.6","2021-08-23",,,,,,,,
"USC00161411","32.5372","-92.3598","36.6","2021-08-24",,,"0.00",",,H,0800",,,,
"USC00161411","32.5372","-92.3598","36.6","2021-08-25",,,"0.00",",,H,0800",,,,
"USC00161411","32.5372","-92.3598","36.6","2021-08-26",,,,,,,,
"USC00161411","32.5372","-92.3598","36.6","2021-08-27",,,,,,,,
"USC00161411","32.5372","-92.3598","36.6","2021-08-28",,,,,,,,
"USC00161411","32.5372","-92.3598","36.6","2021-08-29",,,"0.06",",,H,0800",,,,
"USC00161411","32.5372","-92.3598","36.6","2021-08-30",,,"0.02",",,H,0800",,,,
"USC00161411","32.5372","-92.3598","36.6","2021-08-31",,,"0.09",",,H,0800",,,,
"USC00161411","32.5372","-92.3598","36.6","2021-09-01",,,"0.01",",,H,0800",,,,
"USC00161411","32.5372","-92.3598","36.6","2021-09-03",,,"0.01",",,H,0800",,,,
"USC00161411","32.5372","-92.3598","36.6","2021-09-04",,,"0.01",",,H,0800",,,,
"USC00161411","32.5372","-92.3598","36.6","2021-09-05",,,"0.01",",,H,0800",,,,
"USC00161411","32.5372","-92.3598","36.6","2021-09-06",,,"0.46",",,H,0800",,,,
"USC00161411","32.5372","-92.3598","36.6","2021-09-07",,,"0.00",",,H,0800",,,,
"USC00161411","32.5372","-92.3598","36.6","2021-09-08",,,,,,,,
"USC00161411","32.5372","-92.3598","36.6","2021-09-09",,,,,,,,
"USC00161411","32.5372","-92.3598","36.6","2021-09-10",,,"0.00",",,H,0800",,,,
"USC00161411","32.5372","-92.3598","36.6","2021-09-11",,,,,,,,
"USC00161411","32.5372","-92.3598","36.6","2021-09-12",,,,,,,,
"USC00161411","32.5372","-92.3598","36.6","2021-09-13",,,"0.01",",,H,0800",,,,
"USC00161411","32.5372","-92.3598","36.6","2021-09-14",,,"0.01",",,H,0800",,,,
"USC00161411","32.5372","-92.3598","36.6","2021-09-15",,,"0.09",",,H,0800",,,,
"USC00161411","32.5372","-92.3598","36.6","2021-09-16",,,"0.00",",,H,0800",,,,
"USC00161411","32.5372","-92.3598","36.6","2021-09-17",,,,,,,,
"USC00161411","32.5372","-92.3598","36.6","2021-09-18",,,"1.02",",,H,0800",,,,
"USC00161411","32.5372","-92.3598","36.6","2021-09-19",,,"0.01",",,H,0800",,,,
"USC00161411","32.5372","-92.3598","36.6","2021-09-20",,,"0.14",",,H,0800",,,,
"USC00161411","32.5372","-92.3598","36.6","2021-09-21",,,"0.01",",,H,0800",,,,
"USC00161411","32.5372","-92.3598","36.6","2021-09-22",,,"0.58",",,H,0800",,,,
"USC00161411","32.5372","-92.3598","36.6","2021-09-23",,,,,,,,
"USC00161411","32.5372","-92.3598","36.6","2021-09-24",,,"0.01",",,H,0800",,,,
"USC00161411","32.5372","-92.3598","36.6","2021-09-25",,,,,,,,
"USC00161411","32.5372","-92.3598","36.6","2021-09-26",,,"0.01",",,H,0800",,,,
"USC00161411","32.5372","-92.3598","36.6","2021-09-27",,,,,,,,
"USC00161411","32.5372","-92.3598","36.6","2021-09-28",,,"0.02",",,H,0800",,,,
"USC00161411","32.5372","-92.3598","36.6","2021-09-29",,,"0.00",",,H,0800",,,,
"USC00161411","32.5372","-92.3598","36.6","2021-09-30",,,,,,,,
"USC00161411","32.5372","-92.3598","36.6","2021-10-01",,,,,,,,
"USC00161411","32.5372","-92.3598","36.6","2021-10-02",,,"0.55",",,H,0800",,,,
"USC00161411","32.5372","-92.3598","36.6","2021-10-03",,,"0.47",",,H,0800",,,,
"USC00161411","32.5372","-92.3598","36.6","2021-10-04",,,"0.15",",,H,0800",,,,
"USC00161411","32.5372","-92.3598","36.6","2021-10-05",,,,,,,,
"USC00161411","32.5372","-92.3598","36.6","2021-10-06",,,"0.07",",,H,0800",,,,
"USC00161411","32.5372","-92.3598","36.6","2021-10-07",,,"0.01",",,H,0800",,,,
"USC00161411","32.5372","-92.3598","36.6","2021-10-08",,,"0.01",",,H,0800",,,,
"USC00161411","32.5372","-92.3598","36.6","2021-10-10",,,"0.01",",,H,0800",,,,
"USC00161411","32.5372","-92.3598","36.6","2021-10-11",,,"0.01",",,H,0800",,,,
"USC00161411","32.5372","-92.3598","36.6","2021-10-12",,,"0.01",",,H,0800",,,,
"USC00161411","32.5372","-92.3598","36.6","2021-10-13",,,"0.02",",,H,0800",,,,
"USC00161411","32.5372","-92.3598","36.6","2021-10-14",,,"0.01",",,H,0800",,,,
"USC00161411","32.5372","-92.3598","36.6","2021-10-15",,,"0.01",",,H,0800",,,,
"USC00161411","32.5372","-92.3598","36.6","2021-10-16",,,"0.20",",,H,0800",,,,
"USC00161411","32.5372","-92.3598","36.6","2021-10-17",,,"0.01",",,H,0800",,,,
"USC00161411","32.5372","-92.3598","36.6","2021-10-18",,,"0.01",",,H,0800",,,,
"USC00161411","32.5372","-92.3598","36.6","2021-10-19",,,,,,,,
"USC00161411","32.5372","-92.3598","36.6","2021-10-20",,,,,,,,
"USC00161411","32.5372","-92.3598","36.6","2021-10-21",,,"0.01",",,H,0800",,,,
"USC00161411","32.5372","-92.3598","36.6","2021-10-22",,,,,,,,
"USC00161411","32.5372","-92.3598","36.6","2021-10-23",,,,,,,,
"USC00161411","32.5372","-92.3598","36.6","2021-10-24",,,,,,,,
"USC00161411","32.5372","-92.3598","36.6","2021-10-25",,,,,,,,
"USC00161411","32.5372","-92.3598","36.6","2021-10-26",,,"0.01",",,H,0800",,,,
"USC00161411","32.5372","-92.3598","36.6","2021-10-27",,,"0.01",",,H,0800",,,,
"USC00161411","32.5372","-92.3598","36.6","2021-10-28",,,"1.07",",,H,0800",,,,
"USC00161411","32.5372","-92.3598","36.6","2021-10-29",,,"0.00",",,H,0800",,,,
"USC00161411","32.5372","-92.3598","36.6","2021-10-30",,,"0.01",",,H,0800",,,,
"USC00161411","32.5372","-92.3598","36.6","2021-10-31",,,"0.01",",,H,0800",,,,
"USC00161411","32.5372","-92.3598","36.6","2021-11-01",,,"0.01",",,H,0800",,,,
"USC00161411","32.5372","-92.3598","36.6","2021-11-02",,,"0.01",",,H,0800",,,,
"USC00161411","32.5372","-92.3598","36.6","2021-11-03",,,"0.01",",,H,0800",,,,
"USC00161411","32.5372","-92.3598","36.6","2021-11-04",,,"0.30",",,H,0800",,,,
"USC00161411","32.5372","-92.3598","36.6","2021-11-05",,,"0.01",",,H,0800",,,,
"USC00161411","32.5372","-92.3598","36.6","2021-11-06",,,"0.01",",,H,0800",,,,
"USC00161411","32.5372","-92.3598","36.6","2021-11-07",,,"0.01",",,H,0800",,,,
"USC00161411","32.5372","-92.3598","36.6","2021-11-08",,,"0.01",",,H,0800",,,,
"USC00161411","32.5372","-92.3598","36.6","2021-11-09",,,"0.01",",,H,0800",,,,
"USC00161411","32.5372","-92.3598","36.6","2021-11-10",,,"0.01",",,H,0800",,,,
"USC00161411","32.5372","-92.3598","36.6","2021-11-11",,,"0.41",",,H,0800",,,,
"USC00161411","32.5372","-92.3598","36.6","2021-11-12",,,"0.01",",,H,0800",,,,
"USC00161411","32.5372","-92.3598","36.6","2021-11-14",,,"0.01",",,H,0800",,,,
"USC00161411","32.5372","-92.3598","36.6","2021-11-15",,,"0.01",",,H,0800",,,,
"USC00161411","32.5372","-92.3598","36.6","2021-11-16",,,,,,,,
"USC00161411","32.5372","-92.3598","36.6","2021-11-18",,,"0.05",",,H,0800",,,,
"USC00161411","32.5372","-92.3598","36.6","2021-11-19",,,"0.01",",,H,0800",,,,
"USC00161411","32.5372","-92.3598","36.6","2021-11-20",,,,,,,,
"USC00161411","32.5372","-92.3598","36.6","2021-11-21",,,,,,,,
"USC00161411","32.5372","-92.3598","36.6","2021-11-22",,,"0.36",",,H,0800",,,,
"USC00161411","32.5372","-92.3598","36.6","2021-11-23",,,,,,,,
"USC00161411","32.5372","-92.3598","36.6","2021-11-24",,,,,,,,
"USC00161411","32.5372","-92.3598","36.6","2021-11-25",,,"0.22",",,H,0800",,,,
"USC00161411","32.5372","-92.3598","36.6","2021-11-26",,,"0.13",",,H,0800",,,,
"USC00161411","32.5372","-92.3598","36.6","2021-11-27",,,"0.01",",,H,0800",,,,
"USC00161411","32.5372","-92.3598","36.6","2021-11-28",,,"0.14",",,H,0800",,,,
"USC00160563","30.3453","-90.8931","4.6","2021-08-02",,,"1.65",",,7,0700",,,,
"USC00160563","30.3453","-90.8931","4.6","2021-08-04",,,"3.12",",,7,0700",,,,
"USC00160563","30.3453","-90.8931","4.6","2021-08-05",,,"0.00",",,7,0700",,,,
"USC00160563","30.3453","-90.8931","4.6","2021-08-13",,,"0.97",",,7,0700",,,,
"USC00160563","30.3453","-90.8931","4.6","2021-08-16",,,"0.01",",,7,0700",,,,
"USC00160563","30.3453","-90.8931","4.6","2021-08-19",,,"0.42",",,7,0700",,,,
"USC00160563","30.3453","-90.8931","4.6","2021-08-24",,,"1.05",",,7,0700",,,,
"USC00160563","30.3453","-90.8931","4.6","2021-08-27",,,"0.25",",,7,0700",,,,
"USC00160563","30.3453","-90.8931","4.6","2021-08-28",,,"0.45",",,7,0700",,,,
"USC00160563","30.3453","-90.8931","4.6","2021-08-29",,,"0.00",",,7,0700",,,,
"USC00160563","30.3453","-90.8931","4.6","2021-08-30",,,"4.74",",,7,0700",,,,
"USC00160563","30.3453","-90.8931","4.6","2021-08-31",,,"0.33",",,7,0700",,,,
"USC00160563","30.3453","-90.8931","4.6","2021-09-01",,,"0.21",",,7,0700",,,,
"USC00160563","30.3453","-90.8931","4.6","2021-09-02",,,"0.37",",,7,0700",,,,
"USC00160563","30.3453","-90.8931","4.6","2021-09-05",,,"0.00",",,7,0700",,,,
"USC00160563","30.3453","-90.8931","4.6","2021-09-12",,,"0.00",",,7,0700",,,,
"USC00160563","30.3453","-90.8931","4.6","2021-09-13",,,"0.07",",,7,0700",,,,
"USC00160563","30.3453","-90.8931","4.6","2021-09-14",,,"0.24",",,7,0700",,,,
"USC00160563","30.3453","-90.8931","4.6","2021-09-15",,,"3.95",",,7,0700",,,,
"USC00160563","30.3453","-90.8931","4.6","2021-09-16",,,"0.75",",,7,0700",,,,
"USC00160563","30.3453","-90.8931","4.6","2021-09-17",,,"0.09",",,7,0700",,,,
"USC00160563","30.3453","-90.8931","4.6","2021-09-18",,,"0.65",",,7,0700",,,,
"USC00160563","30.3453","-90.8931","4.6","2021-09-19",,,"0.32",",,7,0700",,,,
"USC00160563","30.3453","-90.8931","4.6","2021-09-29",,,"0.46",",,7,0700",,,,
"USC00160563","30.3453","-90.8931","4.6","2021-09-30",,,"2.34",",,7,0700",,,,
"US1MESM0035","44.7026342153549","-69.7475107759237","85.0","2021-08-19",,,"0.22",",,N",,,,
"US1MESM0035","44.7026342153549","-69.7475107759237","85.0","2021-08-23",,,"0.40",",,N",,,,
"US1MESM0035","44.7026342153549","-69.7475107759237","85.0","2021-09-02",,,"0.84",",,N",,,,
"US1MESM0035","44.7026342153549","-69.7475107759237","85.0","2021-09-10",,,"1.34",",,N",,,,
"US1MESM0035","44.7026342153549","-69.7475107759237","85.0","2021-09-25",,,"0.84",",,N",,,,
"US1MESM0035","44.7026342153549","-69.7475107759237","85.0","2021-09-26",,,"1.59",",,N",,,,
"USC00160565","30.1327","-91.3227","4.6","2021-08-01",,,"0.00",",,7,0800",,,,
"USC00160565","30.1327","-91.3227","4.6","2021-08-02",,,"1.40",",,7,0800",,,,
"USC00160565","30.1327","-91.3227","4.6","2021-08-03",,,"0.40",",,7,0800",,,,
"USC00160565","30.1327","-91.3227","4.6","2021-08-04",,,"0.03",",,7,0800",,,,
"USC00160565","30.1327","-91.3227","4.6","2021-08-05",,,"0.00",",,7,0800",,,,
"USC00160565","30.1327","-91.3227","4.6","2021-08-06",,,"0.00",",,7,0800",,,,
"USC00160565","30.1327","-91.3227","4.6","2021-08-07",,,"0.00",",,7,0800",,,,
"USC00160565","30.1327","-91.3227","4.6","2021-08-08",,,"0.00",",,7,0800",,,,
"USC00160565","30.1327","-91.3227","4.6","2021-08-09",,,"0.00",",,7,0800",,,,
"USC00160565","30.1327","-91.3227","4.6","2021-08-10",,,"0.00",",,7,0800",,,,
"USC00160565","30.1327","-91.3227","4.6","2021-08-11",,,"0.00",",,7,0800",,,,
"USC00160565","30.1327","-91.3227","4.6","2021-08-12",,,"0.30",",,7,0800",,,,
"USC00160565","30.1327","-91.3227","4.6","2021-08-13",,,"0.00",",,7,0800",,,,
"USC00160565","30.1327","-91.3227","4.6","2021-08-15",,,"0.00",",,7,0800",,,,
"USC00160565","30.1327","-91.3227","4.6","2021-08-16",,,"0.16",",,7,0800",,,,
"USC00160565","30.1327","-91.3227","4.6","2021-08-18",,,"0.16",",,7,0800",,,,
"USC00160565","30.1327","-91.3227","4.6","2021-08-19",,,"0.00",",,7,0800",,,,
"USC00160565","30.1327","-91.3227","4.6","2021-08-20",,,"0.18",",,7,0800",,,,
"USC00160565","30.1327","-91.3227","4.6","2021-08-21",,,"0.00",",,7,0800",,,,
"USC00160565","30.1327","-91.3227","4.6","2021-08-22",,,"0.00",",,7,0800",,,,
"USC00160565","30.1327","-91.3227","4.6","2021-08-24",,,"0.00",",,7,0800",,,,
"USC00160565","30.1327","-91.3227","4.6","2021-08-25",,,"0.00",",,7,0800",,,,
"USC00160565","30.1327","-91.3227","4.6","2021-08-26",,,"0.00",",,7,0800",,,,
"USC00160565","30.1327","-91.3227","4.6","2021-08-27",,,"0.00",",,7,0800",,,,
"USC00160565","30.1327","-91.3227","4.6","2021-08-28",,,"0.00",",,7,0800",,,,
"USC00160565","30.1327","-91.3227","4.6","2021-09-04",,,"0.00",",,7,0800",,,,
"USC00160565","30.1327","-91.3227","4.6","2021-09-05",,,"0.00",",,7,0800",,,,
"USC00160565","30.1327","-91.3227","4.6","2021-09-06",,,"0.00",",,7,0800",,,,
"USC00160565","30.1327","-91.3227","4.6","2021-09-10",,,"0.00",",,7,0800",,,,
"USC00160565","30.1327","-91.3227","4.6","2021-09-13",,,"0.34",",,7,0800",,,,
"USC00160565","30.1327","-91.3227","4.6","2021-09-14",,,"0.18",",,7,0800",,,,
"USC00160565","30.1327","-91.3227","4.6","2021-09-15",,,"3.00",",,7,0800",,,,
"USC00160565","30.1327","-91.3227","4.6","2021-09-16",,,"3.00",",,7,0800",,,,
"USC00160565","30.1327","-91.3227","4.6","2021-09-17",,,"0.12",",,7,0800",,,,
"USC00160565","30.1327","-91.3227","4.6","2021-09-18",,,"0.00",",,7,0800",,,,
"USC00160565","30.1327","-91.3227","4.6","2021-09-19",,,"0.10",",,7,0800",,,,
"USC00160565","30.1327","-91.3227","4.6","2021-09-20",,,"0.00",",,7,0800",,,,
"USC00160565","30.1327","-91.3227","4.6","2021-09-22",,,"0.84",",,7,0800",,,,
"USC00160565","30.1327","-91.3227","4.6","2021-09-23",,,"0.00",",,7,0800",,,,
"USC00160565","30.1327","-91.3227","4.6","2021-09-24",,,"0.00",",,7,0800",,,,
"USC00160565","30.1327","-91.3227","4.6","2021-10-01",,,"0.82",",,H,0800",,,,
"USC00160565","30.1327","-91.3227","4.6","2021-10-02",,,"0.00",",,H,0800",,,,
"USC00160565","30.1327","-91.3227","4.6","2021-10-03",,,"0.00",",,H,0800",,,,
"USC00160565","30.1327","-91.3227","4.6","2021-10-04",,,"0.00",",,H,0800",,,,
"USC00160565","30.1327","-91.3227","4.6","2021-10-05",,,"0.00",",,H,0800",,,,
"USC00160565","30.1327","-91.3227","4.6","2021-10-06",,,"0.00",",,H,0800",,,,
"USC00160565","30.1327","-91.3227","4.6","2021-10-07",,,"0.00",",,H,0800",,,,
"USC00160565","30.1327","-91.3227","4.6","2021-10-09",,,"0.00",",,H,0800",,,,
"USC00160565","30.1327","-91.3227","4.6","2021-10-10",,,"0.00",",,H,0800",,,,
"USC00160565","30.1327","-91.3227","4.6","2021-10-11",,,"0.00",",,H,0800",,,,
"USC00160565","30.1327","-91.3227","4.6","2021-10-12",,,"0.00",",,H,0800",,,,
"USC00160565","30.1327","-91.3227","4.6","2021-10-13",,,"0.00",",,H,0800",,,,
"USC00160565","30.1327","-91.3227","4.6","2021-10-15",,,"0.00",",,H,0800",,,,
"USC00160565","30.1327","-91.3227","4.6","2021-10-16",,,"0.18",",,H,0800",,,,
"USC00160565","30.1327","-91.3227","4.6","2021-10-17",,,"0.00",",,H,0800",,,,
"USC00160565","30.1327","-91.3227","4.6","2021-10-18",,,"0.00",",,H,0800",,,,
"USC00160565","30.1327","-91.3227","4.6","2021-10-19",,,"0.00",",,H,0800",,,,
"USC00160565","30.1327","-91.3227","4.6","2021-10-20",,,"0.00",",,H,0800",,,,
"USC00160565","30.1327","-91.3227","4.6","2021-10-21",,,"0.16",",,H,0800",,,,
"USC00160565","30.1327","-91.3227","4.6","2021-10-22",,,"0.00",",,H,0800",,,,
"USC00160565","30.1327","-91.3227","4.6","2021-10-23",,,"0.00",",,H,0800",,,,
"USC00160565","30.1327","-91.3227","4.6","2021-10-24",,,"0.00",",,H,0800",,,,
"USC00160565","30.1327","-91.3227","4.6","2021-10-25",,,"0.00",",,H,0800",,,,
"USC00160565","30.1327","-91.3227","4.6","2021-10-26",,,"0.00",",,H,0800",,,,
"USC00160565","30.1327","-91.3227","4.6","2021-10-27",,,"0.00",",,H,0800",,,,
"USC00160565","30.1327","-91.3227","4.6","2021-10-28",,,"1.84",",,H,0800",,,,
"USC00160565","30.1327","-91.3227","4.6","2021-10-29",,,"0.00",",,H,0800",,,,
"USC00160565","30.1327","-91.3227","4.6","2021-10-30",,,"0.00",",,H,0800",,,,
"USC00160565","30.1327","-91.3227","4.6","2021-10-31",,,"0.00",",,H,0800",,,,
"USC00160565","30.1327","-91.3227","4.6","2021-11-01",,,"0.00",",,H,0800",,,,
"USC00160565","30.1327","-91.3227","4.6","2021-11-02",,,"0.00",",,H,0800",,,,
"USC00160565","30.1327","-91.3227","4.6","2021-11-03",,,"0.00",",,H,0800",,,,
"USC00160565","30.1327","-91.3227","4.6","2021-11-04",,,"0.00",",,H,0800",,,,
"USC00160565","30.1327","-91.3227","4.6","2021-11-05",,,"0.00",",,H,0800",,,,
"USC00160565","30.1327","-91.3227","4.6","2021-11-06",,,"0.00",",,H,0800",,,,
"USC00160565","30.1327","-91.3227","4.6","2021-11-07",,,"0.00",",,H,0800",,,,
"USC00160565","30.1327","-91.3227","4.6","2021-11-09",,,"0.00",",,H,0800",,,,
"USC00160565","30.1327","-91.3227","4.6","2021-11-10",,,"0.00",",,H,0800",,,,
"USC00160565","30.1327","-91.3227","4.6","2021-11-12",,,"0.20",",,H,0800",,,,
"USC00160565","30.1327","-91.3227","4.6","2021-11-13",,,"0.00",",,H,0800",,,,
"USC00160565","30.1327","-91.3227","4.6","2021-11-15",,,"0.00",",,H,0800",,,,
"USC00160565","30.1327","-91.3227","4.6","2021-11-16",,,"0.00",",,H,0800",,,,
"USC00160565","30.1327","-91.3227","4.6","2021-11-17",,,"0.00",",,H,0800",,,,
"USC00160565","30.1327","-91.3227","4.6","2021-11-18",,,"0.05",",,H,0800",,,,
"USC00160565","30.1327","-91.3227","4.6","2021-11-19",,,"0.00",",,H,0800",,,,
"USC00160565","30.1327","-91.3227","4.6","2021-11-20",,,"0.00",",,H,0800",,,,
"USC00160565","30.1327","-91.3227","4.6","2021-11-21",,,"0.00",",,H,0800",,,,
"USC00160565","30.1327","-91.3227","4.6","2021-11-22",,,"0.76",",,H,0800",,,,
"USC00160565","30.1327","-91.3227","4.6","2021-11-23",,,"0.00",",,H,0800",,,,
"USC00160565","30.1327","-91.3227","4.6","2021-11-24",,,"0.00",",,H,0800",,,,
"USC00160565","30.1327","-91.3227","4.6","2021-11-25",,,"0.62",",,H,0800",,,,
"USC00160565","30.1327","-91.3227","4.6","2021-11-27",,,"0.00",",,H,0800",,,,
"USC00161535","30.32005","-92.04455","10.7","2021-08-01",,,"0.75",",,7,0700",,,,
"USC00161535","30.32005","-92.04455","10.7","2021-08-02",,,"0.00",",,7,0700",,,,
"USC00161535","30.32005","-92.04455","10.7","2021-08-03",,,"0.15",",,7,0700",,,,
"USC00161535","30.32005","-92.04455","10.7","2021-08-04",,,"0.23",",,7,0700",,,,
"USC00161535","30.32005","-92.04455","10.7","2021-08-05",,,"0.00",",,7,0700",,,,
"USC00161535","30.32005","-92.04455","10.7","2021-08-06",,,"0.00",",,7,0700",,,,
"USC00161535","30.32005","-92.04455","10.7","2021-08-07",,,"0.00",",,7,0700",,,,
"USC00161535","30.32005","-92.04455","10.7","2021-08-08",,,"0.00",",,7,0700",,,,
"USC00161535","30.32005","-92.04455","10.7","2021-08-09",,,"0.10",",,7,0700",,,,
"USC00161535","30.32005","-92.04455","10.7","2021-08-10",,,"0.00",",,7,0700",,,,
"USC00161535","30.32005","-92.04455","10.7","2021-08-11",,,"0.45",",,7,0700",,,,
"USC00161535","30.32005","-92.04455","10.7","2021-08-12",,,"0.00",",,7,0700",,,,
"USC00161535","30.32005","-92.04455","10.7","2021-08-13",,,"0.00",",,7,0700",,,,
"USC00161535","30.32005","-92.04455","10.7","2021-08-14",,,"0.00",",,7,0700",,,,
"USC00161535","30.32005","-92.04455","10.7","2021-08-15",,,"0.00",",,7,0700",,,,
"USC00161535","30.32005","-92.04455","10.7","2021-08-16",,,"0.00",",,7,0700",,,,
"USC00161535","30.32005","-92.04455","10.7","2021-08-17",,,"0.00",",,7,0700",,,,
"USC00161535","30.32005","-92.04455","10.7","2021-08-18",,,"0.20",",,7,0700",,,,
"USC00161535","30.32005","-92.04455","10.7","2021-08-19",,,"0.10",",,7,0700",,,,
"USC00161535","30.32005","-92.04455","10.7","2021-08-20",,,"0.00",",,7,0700",,,,
"USC00161535","30.32005","-92.04455","10.7","2021-08-21",,,"0.00",",,7,0700",,,,
"USC00161535","30.32005","-92.04455","10.7","2021-08-22",,,"0.00",",,7,0700",,,,
"USC00161535","30.32005","-92.04455","10.7","2021-08-23",,,"0.00",",,7,0700",,,,
"USC00161535","30.32005","-92.04455","10.7","2021-08-24",,,"0.00",",,7,0700",,,,
"USC00161535","30.32005","-92.04455","10.7","2021-08-25",,,"0.40",",,7,0700",,,,
"USC00161535","30.32005","-92.04455","10.7","2021-08-26",,,"0.00",",,7,0700",,,,
"USC00161535","30.32005","-92.04455","10.7","2021-08-27",,,"0.00",",,7,0700",,,,
"USC00161535","30.32005","-92.04455","10.7","2021-08-28",,,"0.00",",,7,0700",,,,
"USC00161535","30.32005","-92.04455","10.7","2021-08-29",,,"0.47",",,7,0700",,,,
"USC00161535","30.32005","-92.04455","10.7","2021-08-30",,,"0.15",",,7,0700",,,,
"USC00161535","30.32005","-92.04455","10.7","2021-08-31",,,"0.00",",,7,0700",,,,
"USC00161535","30.32005","-92.04455","10.7","2021-09-01",,,"3.10",",,7,0700",,,,
"USC00161535","30.32005","-92.04455","10.7","2021-09-02",,,"0.00",",,7,0700",,,,
"USC00161535","30.32005","-92.04455","10.7","2021-09-03",,,"0.15",",,7,0700",,,,
"USC00161535","30.32005","-92.04455","10.7","2021-09-04",,,"0.00",",,7,0700",,,,
"USC00161535","30.32005","-92.04455","10.7","2021-09-05",,,"0.00",",,7,0700",,,,
"USC00161535","30.32005","-92.04455","10.7","2021-09-06",,,"0.00",",,7,0700",,,,
"USC00161535","30.32005","-92.04455","10.7","2021-09-07",,,"0.65",",,7,0700",,,,
"USC00161535","30.32005","-92.04455","10.7","2021-09-08",,,"0.00",",,7,0700",,,,
"USC00161535","30.32005","-92.04455","10.7","2021-09-09",,,"0.00",",,7,0700",,,,
"USC00161535","30.32005","-92.04455","10.7","2021-09-10",,,"0.00",",,7,0700",,,,
"USC00161535","30.32005","-92.04455","10.7","2021-09-11",,,"0.00",",,7,0700",,,,
"USC00161535","30.32005","-92.04455","10.7","2021-09-12",,,"0.00",",,7,0700",,,,
"USC00161535","30.32005","-92.04455","10.7","2021-09-13",,,"0.00",",,7,0700",,,,
"USC00161535","30.32005","-92.04455","10.7","2021-09-14",,,"0.63",",,7,0700",,,,
"USC00161535","30.32005","-92.04455","10.7","2021-09-15",,,"4.25",",,7,0700",,,,
"USC00161535","30.32005","-92.04455","10.7","2021-09-16",,,"0.58",",,7,0700",,,,
"USC00161535","30.32005","-92.04455","10.7","2021-09-17",,,"0.00",",,7,0700",,,,
"USC00161535","30.32005","-92.04455","10.7","2021-09-18",,,"0.00",",,7,0700",,,,
"USC00161535","30.32005","-92.04455","10.7","2021-09-19",,,"0.00",",,7,0700",,,,
"USC00161535","30.32005","-92.04455","10.7","2021-09-20",,,"0.00",",,7,0700",,,,
"USC00161535","30.32005","-92.04455","10.7","2021-09-21",,,"0.05",",,7,0700",,,,
"USC00161535","30.32005","-92.04455","10.7","2021-09-22",,,"0.05",",,7,0700",,,,
"USC00161535","30.32005","-92.04455","10.7","2021-09-23",,,"0.00",",,7,0700",,,,
"USC00161535","30.32005","-92.04455","10.7","2021-09-24",,,"0.00",",,7,0700",,,,
"USC00161535","30.32005","-92.04455","10.7","2021-09-25",,,"0.00",",,7,0700",,,,
"USC00161535","30.32005","-92.04455","10.7","2021-09-26",,,"0.00",",,7,0700",,,,
"USC00161535","30.32005","-92.04455","10.7","2021-09-27",,,"0.00",",,7,0700",,,,
"USC00161535","30.32005","-92.04455","10.7","2021-09-28",,,"0.00",",,7,0700",,,,
"USC00161535","30.32005","-92.04455","10.7","2021-09-29",,,"3.25",",,7,0700",,,,
"USC00161535","30.32005","-92.04455","10.7","2021-09-30",,,"0.07",",,7,0700",,,,
"USC00161535","30.32005","-92.04455","10.7","2021-10-01",,,"2.00",",,7,0700",,,,
"USC00161535","30.32005","-92.04455","10.7","2021-10-02",,,"0.25",",,7,0700",,,,
"USC00161535","30.32005","-92.04455","10.7","2021-10-03",,,"0.78",",,7,0700",,,,
"USC00161535","30.32005","-92.04455","10.7","2021-10-04",,,"0.00",",,7,0700",,,,
"USC00161535","30.32005","-92.04455","10.7","2021-10-05",,,"0.00",",,7,0700",,,,
"USC00161535","30.32005","-92.04455","10.7","2021-10-06",,,"0.00",",,7,0700",,,,
"USC00161535","30.32005","-92.04455","10.7","2021-10-07",,,"0.00",",,7,0700",,,,
"USC00161535","30.32005","-92.04455","10.7","2021-10-08",,,"0.00",",,7,0700",,,,
"USC00161535","30.32005","-92.04455","10.7","2021-10-09",,,"0.00",",,7,0700",,,,
"USC00161535","30.32005","-92.04455","10.7","2021-10-10",,,"0.00",",,7,0700",,,,
"USC00161535","30.32005","-92.04455","10.7","2021-10-11",,,"0.00",",,7,0700",,,,
"USC00161535","30.32005","-92.04455","10.7","2021-10-12",,,"0.00",",,7,0700",,,,
"USC00161535","30.32005","-92.04455","10.7","2021-10-13",,,"0.00",",,7,0700",,,,
"USC00161535","30.32005","-92.04455","10.7","2021-10-14",,,"0.00",",,7,0700",,,,
"USC00161535","30.32005","-92.04455","10.7","2021-10-15",,,"0.00",",,7,0700",,,,
"USC00161535","30.32005","-92.04455","10.7","2021-10-16",,,"0.30",",,7,0700",,,,
"USC00161535","30.32005","-92.04455","10.7","2021-10-17",,,"0.00",",,7,0700",,,,
"USC00161535","30.32005","-92.04455","10.7","2021-10-18",,,"0.00",",,7,0700",,,,
"USC00161535","30.32005","-92.04455","10.7","2021-10-19",,,"0.00",",,7,0700",,,,
"USC00161535","30.32005","-92.04455","10.7","2021-10-20",,,"0.00",",,7,0700",,,,
"USC00161535","30.32005","-92.04455","10.7","2021-10-21",,,"0.00",",,7,0700",,,,
"USC00161535","30.32005","-92.04455","10.7","2021-10-22",,,"0.00",",,7,0700",,,,
"USC00161535","30.32005","-92.04455","10.7","2021-10-23",,,"0.00",",,7,0700",,,,
"USC00161535","30.32005","-92.04455","10.7","2021-10-24",,,"0.10",",,7,0700",,,,
"USC00161535","30.32005","-92.04455","10.7","2021-10-25",,,"0.25",",,7,0700",,,,
"USC00161535","30.32005","-92.04455","10.7","2021-10-26",,,"0.00",",,7,0700",,,,
"USC00161535","30.32005","-92.04455","10.7","2021-10-27",,,"0.00",",,7,0700",,,,
"USC00161535","30.32005","-92.04455","10.7","2021-10-28",,,"1.80",",,7,0700",,,,
"USC00161535","30.32005","-92.04455","10.7","2021-10-29",,,"0.00",",,7,0700",,,,
"USC00161535","30.32005","-92.04455","10.7","2021-10-30",,,"0.00",",,7,0700",,,,
"USC00161535","30.32005","-92.04455","10.7","2021-10-31",,,"0.00",",,7,0700",,,,
"USC00161535","30.32005","-92.04455","10.7","2021-11-01",,,"0.00",",,H,0700",,,,
"USC00161535","30.32005","-92.04455","10.7","2021-11-02",,,"0.00",",,H,0700",,,,
"USC00161535","30.32005","-92.04455","10.7","2021-11-05",,,"0.00",",,H,0700",,,,
"USC00161535","30.32005","-92.04455","10.7","2021-11-06",,,"0.00",",,H,0700",,,,
"USC00161535","30.32005","-92.04455","10.7","2021-11-07",,,"0.00",",,H,0700",,,,
"USC00161535","30.32005","-92.04455","10.7","2021-11-08",,,"0.00",",,H,0700",,,,
"USC00169013","29.7547","-90.7748","4.6","2021-08-01",,,"0.05",",,7,0800",,,,
"USC00169013","29.7547","-90.7748","4.6","2021-08-02",,,"0.00",",,7,0800",,,,
"USC00169013","29.7547","-90.7748","4.6","2021-08-03",,,"1.04",",,7,0800",,,,
"USC00169013","29.7547","-90.7748","4.6","2021-08-04",,,"0.58",",,7,0800",,,,
"USC00169013","29.7547","-90.7748","4.6","2021-08-05",,,"0.00",",,7,0800",,,,
"USC00169013","29.7547","-90.7748","4.6","2021-08-06",,,"0.00",",,7,0800",,,,
"USC00169013","29.7547","-90.7748","4.6","2021-08-07",,,"0.00",",,7,0800",,,,
"USC00169013","29.7547","-90.7748","4.6","2021-08-08",,,"0.00",",,7,0800",,,,
"USC00169013","29.7547","-90.7748","4.6","2021-08-09",,,"0.00",",,7,0800",,,,
"USC00169013","29.7547","-90.7748","4.6","2021-08-10",,,"0.00",",,7,0800",,,,
"USC00169013","29.7547","-90.7748","4.6","2021-08-11",,,"0.97",",,7,0800",,,,
"USC00169013","29.7547","-90.7748","4.6","2021-08-12",,,"0.59",",,7,0800",,,,
"USC00169013","29.7547","-90.7748","4.6","2021-08-13",,,"0.22",",,7,0800",,,,
"USC00169013","29.7547","-90.7748","4.6","2021-08-14",,,"0.16",",,7,0800",,,,
"USC00169013","29.7547","-90.7748","4.6","2021-08-15",,,"0.00",",,7,0800",,,,
"USC00169013","29.7547","-90.7748","4.6","2021-08-16",,,"0.05",",,7,0800",,,,
"USC00169013","29.7547","-90.7748","4.6","2021-08-17",,,"0.00",",,7,0800",,,,
"USC00169013","29.7547","-90.7748","4.6","2021-08-18",,,"0.00",",,7,0800",,,,
"USC00169013","29.7547","-90.7748","4.6","2021-08-19",,,"0.01",",,7,0800",,,,
"USC00169013","29.7547","-90.7748","4.6","2021-08-20",,,"0.00",",,7,0800",,,,
"USC00169013","29.7547","-90.7748","4.6","2021-08-21",,,"0.00",",,7,0800",,,,
"USC00169013","29.7547","-90.7748","4.6","2021-08-22",,,"0.05",",,7,0800",,,,
"USC00169013","29.7547","-90.7748","4.6","2021-08-23",,,"0.00",",,7,0800",,,,
"USC00169013","29.7547","-90.7748","4.6","2021-08-24",,,"0.06",",,7,0800",,,,
"USC00169013","29.7547","-90.7748","4.6","2021-08-25",,,"0.27",",,7,0800",,,,
"USC00169013","29.7547","-90.7748","4.6","2021-08-26",,,"0.00",",,7,0800",,,,
"USC00169013","29.7547","-90.7748","4.6","2021-08-27",,,"0.43",",,7,0800",,,,
"USC00169013","29.7547","-90.7748","4.6","2021-08-28",,,"0.24",",,7,0800",,,,
"USC00169013","29.7547","-90.7748","4.6","2021-08-29",,,"0.00",",,7,0800",,,,
"USC00169013","29.7547","-90.7748","4.6","2021-08-30",,,"3.36",",,7,0800",,,,
"USC00169013","29.7547","-90.7748","4.6","2021-08-31",,,"0.19",",,7,0800",,,,
"USC00169013","29.7547","-90.7748","4.6","2021-09-01",,,"0.20",",,7,0800",,,,
"USC00169013","29.7547","-90.7748","4.6","2021-09-02",,,"0.00","T,,7,0800",,,,
"USC00169013","29.7547","-90.7748","4.6","2021-09-03",,,"0.25",",,7,0800",,,,
"USC00169013","29.7547","-90.7748","4.6","2021-09-04",,,"0.00",",,7,0800",,,,
"USC00169013","29.7547","-90.7748","4.6","2021-09-05",,,"0.00",",,7,0800",,,,
"USC00169013","29.7547","-90.7748","4.6","2021-09-06",,,"0.00","T,,7,0800",,,,
"USC00169013","29.7547","-90.7748","4.6","2021-09-07",,,"0.00",",,7,0800",,,,
"USC00169013","29.7547","-90.7748","4.6","2021-09-08",,,"0.00","T,,7,0800",,,,
"USC00169013","29.7547","-90.7748","4.6","2021-09-09",,,"0.00",",,7,0800",,,,
"USC00169013","29.7547","-90.7748","4.6","2021-09-10",,,"0.00",",,7,0800",,,,
"USC00169013","29.7547","-90.7748","4.6","2021-09-11",,,"0.00",",,7,0800",,,,
"USC00169013","29.7547","-90.7748","4.6","2021-09-12",,,"0.00",",,7,0800",,,,
"USC00169013","29.7547","-90.7748","4.6","2021-09-13",,,"0.40",",,7,0800",,,,
"USC00169013","29.7547","-90.7748","4.6","2021-09-14",,,"0.66",",,7,0800",,,,
"USC00169013","29.7547","-90.7748","4.6","2021-09-15",,,"3.46",",,7,0800",,,,
"USC00169013","29.7547","-90.7748","4.6","2021-09-16",,,"0.40",",,7,0800",,,,
"USC00169013","29.7547","-90.7748","4.6","2021-09-17",,,"0.00",",,7,0800",,,,
"USC00169013","29.7547","-90.7748","4.6","2021-09-18",,,"0.10",",,7,0800",,,,
"USC00169013","29.7547","-90.7748","4.6","2021-09-19",,,"0.02",",,7,0800",,,,
"USC00169013","29.7547","-90.7748","4.6","2021-09-20",,,"0.02",",,7,0800",,,,
"USC00169013","29.7547","-90.7748","4.6","2021-09-21",,,"0.07",",,7,0800",,,,
"USC00169013","29.7547","-90.7748","4.6","2021-09-22",,,"0.00",",,7,0800",,,,
"USC00169013","29.7547","-90.7748","4.6","2021-09-23",,,"0.00",",,7,0800",,,,
"USC00169013","29.7547","-90.7748","4.6","2021-09-24",,,"0.00",",,7,0800",,,,
"USC00169013","29.7547","-90.7748","4.6","2021-09-25",,,"0.00",",,7,0800",,,,
"USC00169013","29.7547","-90.7748","4.6","2021-09-26",,,"0.00",",,7,0800",,,,
"USC00169013","29.7547","-90.7748","4.6","2021-09-27",,,"0.00",",,7,0800",,,,
"USC00169013","29.7547","-90.7748","4.6","2021-09-28",,,"0.00",",,7,0800",,,,
"USC00169013","29.7547","-90.7748","4.6","2021-09-29",,,"0.43",",,7,0800",,,,
"USC00169013","29.7547","-90.7748","4.6","2021-09-30",,,"3.93",",,7,0800",,,,
"USC00169013","29.7547","-90.7748","4.6","2021-10-01",,,"0.12",",,H,0800",,,,
"USC00169013","29.7547","-90.7748","4.6","2021-10-02",,,"0.00",",,H,0800",,,,
"USC00169013","29.7547","-90.7748","4.6","2021-10-03",,,"0.70",",,H,0800",,,,
"USC00169013","29.7547","-90.7748","4.6","2021-10-04",,,"0.00",",,H,0800",,,,
"USC00169013","29.7547","-90.7748","4.6","2021-10-05",,,"0.00",",,H,0800",,,,
"USC00169013","29.7547","-90.7748","4.6","2021-10-06",,,"0.00",",,H,0800",,,,
"USC00169013","29.7547","-90.7748","4.6","2021-10-07",,,"0.00",",,H,0800",,,,
"USC00169013","29.7547","-90.7748","4.6","2021-10-08",,,"0.00",",,H,0800",,,,
"USC00169013","29.7547","-90.7748","4.6","2021-10-09",,,"0.00",",,H,0800",,,,
"USC00169013","29.7547","-90.7748","4.6","2021-10-10",,,"0.00",",,H,0800",,,,
"USC00169013","29.7547","-90.7748","4.6","2021-10-11",,,"0.00",",,H,0800",,,,
"USC00169013","29.7547","-90.7748","4.6","2021-10-12",,,"0.00",",,H,0800",,,,
"USC00169013","29.7547","-90.7748","4.6","2021-10-13",,,"0.00",",,H,0800",,,,
"USC00169013","29.7547","-90.7748","4.6","2021-10-14",,,"0.00",",,H,0800",,,,
"USC00169013","29.7547","-90.7748","4.6","2021-10-15",,,"0.00",",,H,0800",,,,
"USC00169013","29.7547","-90.7748","4.6","2021-10-16",,,"0.00",",,H,0800",,,,
"USC00169013","29.7547","-90.7748","4.6","2021-10-17",,,"0.00",",,H,0800",,,,
"USC00169013","29.7547","-90.7748","4.6","2021-10-18",,,"0.00",",,H,0800",,,,
"USC00169013","29.7547","-90.7748","4.6","2021-10-19",,,"0.00",",,H,0800",,,,
"USC00169013","29.7547","-90.7748","4.6","2021-10-20",,,"0.00",",,H,0800",,,,
"USC00169013","29.7547","-90.7748","4.6","2021-10-21",,,"0.00",",,H,0800",,,,
"USC00169013","29.7547","-90.7748","4.6","2021-10-22",,,"0.00",",,H,0800",,,,
"USC00169013","29.7547","-90.7748","4.6","2021-10-23",,,"0.00",",,H,0800",,,,
"USC00169013","29.7547","-90.7748","4.6","2021-10-24",,,"0.00",",,H,0800",,,,
"USC00169013","29.7547","-90.7748","4.6","2021-10-25",,,"0.00",",,H,0800",,,,
"USC00169013","29.7547","-90.7748","4.6","2021-10-26",,,"0.00",",,H,0800",,,,
"USC00169013","29.7547","-90.7748","4.6","2021-10-27",,,"0.00",",,H,0800",,,,
"USC00169013","29.7547","-90.7748","4.6","2021-10-28",,,"1.76",",,H,0800",,,,
"USC00169013","29.7547","-90.7748","4.6","2021-10-29",,,"0.00",",,H,0800",,,,
"USC00169013","29.7547","-90.7748","4.6","2021-10-30",,,"0.00",",,H,0800",,,,
"USC00169013","29.7547","-90.7748","4.6","2021-10-31",,,"0.00",",,H,0800",,,,
"USC00169013","29.7547","-90.7748","4.6","2021-11-01",,,"0.00",",,H,0800",,,,
"USC00169013","29.7547","-90.7748","4.6","2021-11-02",,,"0.00",",,H,0800",,,,
"USC00169013","29.7547","-90.7748","4.6","2021-11-03",,,"0.00",",,H,0800",,,,
"USC00169013","29.7547","-90.7748","4.6","2021-11-04",,,"0.00",",,H,0800",,,,
"USC00169013","29.7547","-90.7748","4.6","2021-11-05",,,"0.00",",,H,0800",,,,
"USC00169013","29.7547","-90.7748","4.6","2021-11-06",,,"0.00",",,H,0800",,,,
"USC00169013","29.7547","-90.7748","4.6","2021-11-07",,,"0.00",",,H,0800",,,,
"USC00169013","29.7547","-90.7748","4.6","2021-11-08",,,"0.00",",,H,0800",,,,
"USC00169013","29.7547","-90.7748","4.6","2021-11-09",,,"0.00",",,H,0800",,,,
"USC00169013","29.7547","-90.7748","4.6","2021-11-10",,,"0.00",",,H,0800",,,,
"USC00169013","29.7547","-90.7748","4.6","2021-11-11",,,"0.00",",,H,0800",,,,
"USC00169013","29.7547","-90.7748","4.6","2021-11-12",,,"0.04",",,H,0800",,,,
"USC00169013","29.7547","-90.7748","4.6","2021-11-13",,,"0.00",",,H,0800",,,,
"USC00169013","29.7547","-90.7748","4.6","2021-11-14",,,"0.00",",,H,0800",,,,
"USC00169013","29.7547","-90.7748","4.6","2021-11-15",,,"0.00",",,H,0800",,,,
"USC00169013","29.7547","-90.7748","4.6","2021-11-16",,,"0.00",",,H,0800",,,,
"USC00169013","29.7547","-90.7748","4.6","2021-11-17",,,"0.00",",,H,0800",,,,
"USC00169013","29.7547","-90.7748","4.6","2021-11-18",,,"0.25",",,H,0800",,,,
"USC00169013","29.7547","-90.7748","4.6","2021-11-19",,,"0.14",",,H,0800",,,,
"USC00169013","29.7547","-90.7748","4.6","2021-11-20",,,"0.00",",,H,0800",,,,
"USC00169013","29.7547","-90.7748","4.6","2021-11-21",,,"0.00",",,H,0800",,,,
"USC00169013","29.7547","-90.7748","4.6","2021-11-22",,,"0.00",",,H,0800",,,,
"USC00169013","29.7547","-90.7748","4.6","2021-11-23",,,"0.00",",,H,0800",,,,
"USC00169013","29.7547","-90.7748","4.6","2021-11-24",,,"0.00",",,H,0800",,,,
"USC00169013","29.7547","-90.7748","4.6","2021-11-25",,,"0.00",",,H,0800",,,,
"USC00169013","29.7547","-90.7748","4.6","2021-11-26",,,"0.09",",,H,0800",,,,
"USC00169013","29.7547","-90.7748","4.6","2021-11-27",,,"0.00",",,H,0800",,,,
"USC00169013","29.7547","-90.7748","4.6","2021-11-28",,,"0.10",",,H,0800",,,,
"US1MESM0038","44.832097","-69.414816","85.3","2021-08-01",,,"0.00",",,N","0.0",",,N",,
"US1MESM0038","44.832097","-69.414816","85.3","2021-08-02",,,"0.10",",,N",,,,
"US1MESM0038","44.832097","-69.414816","85.3","2021-08-03",,,"0.05",",,N",,,,
"US1MESM0038","44.832097","-69.414816","85.3","2021-08-04",,,"0.00",",,N","0.0",",,N",,
"US1MESM0038","44.832097","-69.414816","85.3","2021-08-05",,,"0.00",",,N","0.0",",,N",,
"US1MESM0038","44.832097","-69.414816","85.3","2021-08-06",,,"0.26",",,N",,,,
"US1MESM0038","44.832097","-69.414816","85.3","2021-08-07",,,"0.00",",,N","0.0",",,N",,
"US1MESM0038","44.832097","-69.414816","85.3","2021-08-08",,,"0.00",",,N","0.0",",,N",,
"US1MESM0038","44.832097","-69.414816","85.3","2021-08-09",,,"0.00",",,N","0.0",",,N",,
"US1MESM0038","44.832097","-69.414816","85.3","2021-08-10",,,"0.02",",,N",,,,
"US1MESM0038","44.832097","-69.414816","85.3","2021-08-11",,,"0.00",",,N","0.0",",,N",,
"US1MESM0038","44.832097","-69.414816","85.3","2021-08-12",,,"0.07",",,N",,,,
"US1MESM0038","44.832097","-69.414816","85.3","2021-08-14",,,"0.00",",,N","0.0",",,N",,
"US1MESM0038","44.832097","-69.414816","85.3","2021-08-15",,,"0.44",",,N",,,,
"US1MESM0038","44.832097","-69.414816","85.3","2021-08-16",,,"0.00",",,N","0.0",",,N",,
"US1MESM0038","44.832097","-69.414816","85.3","2021-08-17",,,"0.00",",,N","0.0",",,N",,
"US1MESM0038","44.832097","-69.414816","85.3","2021-08-18",,,"0.00","T,,N",,,,
"US1MESM0038","44.832097","-69.414816","85.3","2021-08-19",,,"0.14",",,N",,,,
"US1MESM0038","44.832097","-69.414816","85.3","2021-08-20",,,"0.65",",,N",,,,
"US1MESM0038","44.832097","-69.414816","85.3","2021-08-21",,,"0.02",",,N",,,,
"US1MESM0038","44.832097","-69.414816","85.3","2021-08-22",,,"0.00",",,N","0.0",",,N",,
"US1MESM0038","44.832097","-69.414816","85.3","2021-08-23",,,"0.12",",,N",,,,
"US1MESM0038","44.832097","-69.414816","85.3","2021-08-24",,,"0.03",",,N",,,,
"US1MESM0038","44.832097","-69.414816","85.3","2021-08-25",,,"0.00",",,N","0.0",",,N",,
"US1MESM0038","44.832097","-69.414816","85.3","2021-08-26",,,"0.00",",,N","0.0",",,N",,
"US1MESM0038","44.832097","-69.414816","85.3","2021-08-27",,,"0.00",",,N","0.0",",,N",,
"US1MESM0038","44.832097","-69.414816","85.3","2021-08-28",,,"0.00",",,N","0.0",",,N",,
"US1MESM0038","44.832097","-69.414816","85.3","2021-08-29",,,"0.12",",,N",,,,
"US1MESM0038","44.832097","-69.414816","85.3","2021-08-30",,,"0.06",",,N",,,,
"US1MESM0038","44.832097","-69.414816","85.3","2021-08-31",,,"0.11",",,N",,,,
"US1MESM0038","44.832097","-69.414816","85.3","2021-09-01",,,"0.00",",,N","0.0",",,N",,
"US1MESM0038","44.832097","-69.414816","85.3","2021-09-02",,,"0.75",",,N",,,,
"US1MESM0038","44.832097","-69.414816","85.3","2021-09-03",,,"0.15",",,N",,,,
"US1MESM0038","44.832097","-69.414816","85.3","2021-09-04",,,"0.13",",,N",,,,
"US1MESM0038","44.832097","-69.414816","85.3","2021-09-05",,,"0.00",",,N","0.0",",,N",,
"US1MESM0038","44.832097","-69.414816","85.3","2021-09-06",,,"0.13",",,N",,,,
"US1MESM0038","44.832097","-69.414816","85.3","2021-09-07",,,"0.31",",,N",,,,
"US1MESM0038","44.832097","-69.414816","85.3","2021-09-08",,,"0.00",",,N","0.0",",,N",,
"US1MESM0038","44.832097","-69.414816","85.3","2021-09-09",,,"0.18",",,N",,,,
"US1MESM0038","44.832097","-69.414816","85.3","2021-09-10",,,"1.48",",,N",,,,
"US1MESM0038","44.832097","-69.414816","85.3","2021-09-11",,,"0.10",",,N",,,,
"US1MESM0038","44.832097","-69.414816","85.3","2021-09-12",,,"0.00",",,N","0.0",",,N",,
"US1MESM0038","44.832097","-69.414816","85.3","2021-09-13",,,"0.00",",,N","0.0",",,N",,
"US1MESM0038","44.832097","-69.414816","85.3","2021-09-14",,,"0.00",",,N","0.0",",,N",,
"US1MESM0038","44.832097","-69.414816","85.3","2021-09-15",,,"0.00",",,N","0.0",",,N",,
"US1MESM0038","44.832097","-69.414816","85.3","2021-09-16",,,"0.75",",,N",,,,
"US1MESM0038","44.832097","-69.414816","85.3","2021-09-17",,,"0.00",",,N","0.0",",,N",,
"US1MESM0038","44.832097","-69.414816","85.3","2021-09-19",,,"0.04",",,N",,,,
"US1MESM0038","44.832097","-69.414816","85.3","2021-09-20",,,"0.00",",,N","0.0",",,N",,
"US1MESM0038","44.832097","-69.414816","85.3","2021-09-21",,,"0.00",",,N","0.0",",,N",,
"US1MESM0038","44.832097","-69.414816","85.3","2021-09-22",,,"0.00","T,,N",,,,
"US1MESM0038","44.832097","-69.414816","85.3","2021-09-24",,,"0.03",",,N",,,,
"US1MESM0038","44.832097","-69.414816","85.3","2021-09-25",,,"0.52",",,N",,,,
"US1MESM0038","44.832097","-69.414816","85.3","2021-09-26",,,"2.98",",,N",,,,
"US1MESM0038","44.832097","-69.414816","85.3","2021-09-27",,,"0.58",",,N",,,,
"US1MESM0038","44.832097","-69.414816","85.3","2021-09-28",,,"0.07",",,N",,,,
"US1MESM0038","44.832097","-69.414816","85.3","2021-09-29",,,"0.00",",,N","0.0",",,N",,
"US1MESM0038","44.832097","-69.414816","85.3","2021-09-30",,,"0.03",",,N",,,,
"US1MESM0038","44.832097","-69.414816","85.3","2021-10-01",,,"0.11",",,N",,,,
"US1MESM0038","44.832097","-69.414816","85.3","2021-10-02",,,"0.00",",,N","0.0",",,N",,
"US1MESM0038","44.832097","-69.414816","85.3","2021-10-03",,,"0.03",",,N",,,,
"US1MESM0038","44.832097","-69.414816","85.3","2021-10-04",,,"0.00",",,N","0.0",",,N",,
"US1MESM0038","44.832097","-69.414816","85.3","2021-10-05",,,"0.00",",,N","0.0",",,N",,
"US1MESM0038","44.832097","-69.414816","85.3","2021-10-06",,,"0.00",",,N","0.0",",,N",,
"US1MESM0038","44.832097","-69.414816","85.3","2021-10-07",,,"0.00",",,N","0.0",",,N",,
"US1MESM0038","44.832097","-69.414816","85.3","2021-10-08",,,"0.00",",,N","0.0",",,N",,
"US1MESM0038","44.832097","-69.414816","85.3","2021-10-09",,,"0.00",",,N","0.0",",,N",,
"US1MESM0038","44.832097","-69.414816","85.3","2021-10-10",,,"0.00",",,N","0.0",",,N",,
"US1MESM0038","44.832097","-69.414816","85.3","2021-10-11",,,"0.00",",,N","0.0",",,N",,
"US1MESM0038","44.832097","-69.414816","85.3","2021-10-12",,,"0.00",",,N","0.0",",,N",,
"US1MESM0038","44.832097","-69.414816","85.3","2021-10-13",,,"0.00",",,N","0.0",",,N",,
"US1MESM0038","44.832097","-69.414816","85.3","2021-10-14",,,"0.00",",,N","0.0",",,N",,
"US1MESM0038","44.832097","-69.414816","85.3","2021-10-15",,,"0.00",",,N","0.0",",,N",,
"US1MESM0038","44.832097","-69.414816","85.3","2021-10-16",,,"0.15",",,N",,,,
"US1MESM0038","44.832097","-69.414816","85.3","2021-10-17",,,"0.70",",,N",,,,
"US1MESM0038","44.832097","-69.414816","85.3","2021-10-18",,,"0.03",",,N",,,,
"US1MESM0038","44.832097","-69.414816","85.3","2021-10-19",,,"0.00",",,N","0.0",",,N",,
"US1MESM0038","44.832097","-69.414816","85.3","2021-10-20",,,"0.00",",,N","0.0",",,N",,
"US1MESM0038","44.832097","-69.414816","85.3","2021-10-21",,,"0.00",",,N","0.0",",,N",,
"US1MESM0038","44.832097","-69.414816","85.3","2021-10-22",,,"0.11",",,N",,,,
"US1MESM0038","44.832097","-69.414816","85.3","2021-10-23",,,"0.04",",,N",,,,
"US1MESM0038","44.832097","-69.414816","85.3","2021-10-24",,,"0.00",",,N","0.0",",,N",,
"US1MESM0038","44.832097","-69.414816","85.3","2021-10-25",,,"0.00",",,N","0.0",",,N",,
"US1MESM0038","44.832097","-69.414816","85.3","2021-10-26",,,"0.07",",,N",,,,
"US1MESM0038","44.832097","-69.414816","85.3","2021-10-27",,,"0.14",",,N",,,,
"US1MESM0038","44.832097","-69.414816","85.3","2021-10-29",,,"0.00",",,N","0.0",",,N",,
"US1MESM0038","44.832097","-69.414816","85.3","2021-10-30",,,"0.00",",,N","0.0",",,N",,
"US1MESM0038","44.832097","-69.414816","85.3","2021-10-31",,,"2.37",",,N",,,,
"US1MESM0038","44.832097","-69.414816","85.3","2021-11-01",,,"0.22",",,N",,,,
"US1MESM0038","44.832097","-69.414816","85.3","2021-11-03",,,"0.00",",,N","0.0",",,N",,
"US1MESM0038","44.832097","-69.414816","85.3","2021-11-04",,,"0.00",",,N","0.0",",,N",,
"US1MESM0038","44.832097","-69.414816","85.3","2021-11-05",,,"0.00",",,N","0.0",",,N",,
"US1MESM0038","44.832097","-69.414816","85.3","2021-11-06",,,"0.00",",,N","0.0",",,N",,
"US1MESM0038","44.832097","-69.414816","85.3","2021-11-08",,,"0.00",",,N","0.0",",,N",,
"US1MESM0038","44.832097","-69.414816","85.3","2021-11-09",,,"0.00",",,N","0.0",",,N",,
"US1MESM0038","44.832097","-69.414816","85.3","2021-11-10",,,"0.03",",,N",,,,
"US1MESM0038","44.832097","-69.414816","85.3","2021-11-11",,,"0.04",",,N",,,,
"US1MESM0038","44.832097","-69.414816","85.3","2021-11-12",,,"0.00",",,N","0.0",",,N",,
"US1MESM0038","44.832097","-69.414816","85.3","2021-11-13",,,"1.22",",,N",,,,
"US1MESM0038","44.832097","-69.414816","85.3","2021-11-15",,,"0.18",",,N",,,,
"US1MESM0038","44.832097","-69.414816","85.3","2021-11-16",,,"0.03",",,N",,,,
"US1MESM0038","44.832097","-69.414816","85.3","2021-11-17",,,"0.00","T,,N",,,,
"US1MESM0038","44.832097","-69.414816","85.3","2021-11-18",,,"0.17",",,N",,,,
"US1MESM0038","44.832097","-69.414816","85.3","2021-11-19",,,"0.35",",,N",,,,
"US1MESM0038","44.832097","-69.414816","85.3","2021-11-20",,,"0.00",",,N","0.0",",,N",,
"US1MESM0038","44.832097","-69.414816","85.3","2021-11-21",,,"0.00",",,N","0.0",",,N",,
"US1MESM0038","44.832097","-69.414816","85.3","2021-11-22",,,"0.21",",,N",,,,
"US1MESM0038","44.832097","-69.414816","85.3","2021-11-23",,,"0.20",",,N",,,,
"US1MESM0038","44.832097","-69.414816","85.3","2021-11-24",,,"0.00",",,N","0.0",",,N",,
"US1MESM0038","44.832097","-69.414816","85.3","2021-11-26",,,"0.02",",,N",,,,
"US1MESM0038","44.832097","-69.414816","85.3","2021-11-27",,,"0.34",",,N","0.0",",,N",,
"US1MESM0038","44.832097","-69.414816","85.3","2021-11-28",,,"0.00","T,,N","0.0","T,,N",,
"US1MESM0003","44.871801","-69.419524","118.6","2021-08-01",,,"0.00",",,N","0.0",",,N",,
"US1MESM0003","44.871801","-69.419524","118.6","2021-08-02",,,"0.13",",,N","0.0",",,N",,
"US1MESM0003","44.871801","-69.419524","118.6","2021-08-03",,,"0.07",",,N","0.0",",,N",,
"US1MESM0003","44.871801","-69.419524","118.6","2021-08-04",,,"0.00",",,N","0.0",",,N",,
"US1MESM0003","44.871801","-69.419524","118.6","2021-08-05",,,"0.00",",,N","0.0",",,N",,
"US1MESM0003","44.871801","-69.419524","118.6","2021-08-06",,,"0.18",",,N","0.0",",,N",,
"US1MESM0003","44.871801","-69.419524","118.6","2021-08-07",,,"0.00",",,N","0.0",",,N",,
"US1MESM0003","44.871801","-69.419524","118.6","2021-08-08",,,"0.00",",,N","0.0",",,N",,
"US1MESM0003","44.871801","-69.419524","118.6","2021-08-09",,,"0.00",",,N","0.0",",,N",,
"US1MESM0003","44.871801","-69.419524","118.6","2021-08-10",,,"0.00","T,,N","0.0",",,N",,
"US1MESM0003","44.871801","-69.419524","118.6","2021-08-11",,,"0.00",",,N","0.0",",,N",,
"US1MESM0003","44.871801","-69.419524","118.6","2021-08-12",,,"0.07",",,N","0.0",",,N",,
"US1MESM0003","44.871801","-69.419524","118.6","2021-08-13",,,"0.00",",,N","0.0",",,N",,
"US1MESM0003","44.871801","-69.419524","118.6","2021-08-14",,,"0.00",",,N","0.0",",,N",,
"US1MESM0003","44.871801","-69.419524","118.6","2021-08-15",,,"0.58",",,N","0.0",",,N",,
"US1MESM0003","44.871801","-69.419524","118.6","2021-08-16",,,"0.00",",,N","0.0",",,N",,
"US1MESM0003","44.871801","-69.419524","118.6","2021-08-17",,,"0.00",",,N","0.0",",,N",,
"US1MESM0003","44.871801","-69.419524","118.6","2021-08-18",,,"0.00","T,,N","0.0",",,N",,
"US1MESM0003","44.871801","-69.419524","118.6","2021-08-19",,,"0.32",",,N","0.0",",,N",,
"US1MESM0003","44.871801","-69.419524","118.6","2021-08-20",,,"0.42",",,N","0.0",",,N",,
"US1MESM0003","44.871801","-69.419524","118.6","2021-08-21",,,"0.00",",,N","0.0",",,N",,
"US1MESM0003","44.871801","-69.419524","118.6","2021-08-22",,,"0.00",",,N","0.0",",,N",,
"US1MESM0003","44.871801","-69.419524","118.6","2021-08-23",,,"0.13",",,N","0.0",",,N",,
"US1MESM0003","44.871801","-69.419524","118.6","2021-08-24",,,"0.03",",,N","0.0",",,N",,
"US1MESM0003","44.871801","-69.419524","118.6","2021-08-25",,,"0.00",",,N","0.0",",,N",,
"US1MESM0003","44.871801","-69.419524","118.6","2021-08-26",,,"0.00",",,N","0.0",",,N",,
"US1MESM0003","44.871801","-69.419524","118.6","2021-08-27",,,"0.00",",,N","0.0",",,N",,
"US1MESM0003","44.871801","-69.419524","118.6","2021-08-28",,,"0.00",",,N","0.0",",,N",,
"US1MESM0003","44.871801","-69.419524","118.6","2021-08-29",,,"0.13",",,N","0.0",",,N",,
"US1MESM0003","44.871801","-69.419524","118.6","2021-08-30",,,"0.04",",,N","0.0",",,N",,
"US1MESM0003","44.871801","-69.419524","118.6","2021-08-31",,,"0.05",",,N","0.0",",,N",,
"US1MESM0003","44.871801","-69.419524","118.6","2021-09-01",,,"0.00",",,N","0.0",",,N",,
"US1MESM0003","44.871801","-69.419524","118.6","2021-09-02",,,"0.75",",,N","0.0",",,N",,
"US1MESM0003","44.871801","-69.419524","118.6","2021-09-03",,,"0.09",",,N","0.0",",,N",,
"US1MESM0003","44.871801","-69.419524","118.6","2021-09-04",,,"0.22",",,N","0.0",",,N",,
"US1MESM0003","44.871801","-69.419524","118.6","2021-09-05",,,"0.00",",,N","0.0",",,N",,
"US1MESM0003","44.871801","-69.419524","118.6","2021-09-06",,,"0.21",",,N","0.0",",,N",,
"US1MESM0003","44.871801","-69.419524","118.6","2021-09-07",,,"0.20",",,N","0.0",",,N",,
"US1MESM0003","44.871801","-69.419524","118.6","2021-09-08",,,"0.00",",,N","0.0",",,N",,
"US1MESM0003","44.871801","-69.419524","118.6","2021-09-09",,,"0.11",",,N","0.0",",,N",,
"US1MESM0003","44.871801","-69.419524","118.6","2021-09-10",,,"1.63",",,N","0.0",",,N",,
"US1MESM0003","44.871801","-69.419524","118.6","2021-09-11",,,"0.12",",,N","0.0",",,N",,
"US1MESM0003","44.871801","-69.419524","118.6","2021-09-12",,,"0.00",",,N","0.0",",,N",,
"US1MESM0003","44.871801","-69.419524","118.6","2021-09-13",,,"0.00","T,,N","0.0",",,N",,
"US1MESM0003","44.871801","-69.419524","118.6","2021-09-14",,,"0.00",",,N","0.0",",,N",,
"US1MESM0003","44.871801","-69.419524","118.6","2021-09-15",,,"0.00","T,,N","0.0",",,N",,
"US1MESM0003","44.871801","-69.419524","118.6","2021-09-16",,,"0.83",",,N","0.0",",,N",,
"US1MESM0003","44.871801","-69.419524","118.6","2021-09-17",,,"0.00",",,N","0.0",",,N",,
"US1MESM0003","44.871801","-69.419524","118.6","2021-09-18",,,"0.00",",,N","0.0",",,N",,
"US1MESM0003","44.871801","-69.419524","118.6","2021-09-19",,,"0.07",",,N","0.0",",,N",,
"US1MESM0003","44.871801","-69.419524","118.6","2021-09-20",,,"0.00",",,N","0.0",",,N",,
"US1MESM0003","44.871801","-69.419524","118.6","2021-09-21",,,"0.00",",,N","0.0",",,N",,
"US1MESM0003","44.871801","-69.419524","118.6","2021-09-22",,,"0.00","T,,N","0.0",",,N",,
"US1MESM0003","44.871801","-69.419524","118.6","2021-09-23",,,"0.00",",,N","0.0",",,N",,
"US1MESM0003","44.871801","-69.419524","118.6","2021-09-24",,,"0.03",",,N","0.0",",,N",,
"US1MESM0003","44.871801","-69.419524","118.6","2021-09-25",,,"0.68",",,N","0.0",",,N",,
"US1MESM0003","44.871801","-69.419524","118.6","2021-09-26",,,"2.87",",,N","0.0",",,N",,
"US1MESM0003","44.871801","-69.419524","118.6","2021-09-27",,,"0.45",",,N","0.0",",,N",,
"US1MESM0003","44.871801","-69.419524","118.6","2021-09-28",,,"0.10",",,N","0.0",",,N",,
"US1MESM0003","44.871801","-69.419524","118.6","2021-09-29",,,"0.00",",,N","0.0",",,N",,
"US1MESM0003","44.871801","-69.419524","118.6","2021-09-30",,,"0.07",",,N","0.0",",,N",,
"US1MESM0003","44.871801","-69.419524","118.6","2021-10-01",,,"0.08",",,N","0.0",",,N",,
"US1MESM0003","44.871801","-69.419524","118.6","2021-10-02",,,"0.02",",,N","0.0",",,N",,
"US1MESM0003","44.871801","-69.419524","118.6","2021-10-03",,,"0.00","T,,N","0.0",",,N",,
"US1MESM0003","44.871801","-69.419524","118.6","2021-10-04",,,"0.00",",,N","0.0",",,N",,
"US1MESM0003","44.871801","-69.419524","118.6","2021-10-05",,,"0.00",",,N","0.0",",,N",,
"US1MESM0003","44.871801","-69.419524","118.6","2021-10-06",,,"0.00",",,N","0.0",",,N",,
"US1MESM0003","44.871801","-69.419524","118.6","2021-10-07",,,"0.00",",,N","0.0",",,N",,
"US1MESM0003","44.871801","-69.419524","118.6","2021-10-08",,,"0.00",",,N","0.0",",,N",,
"US1MESM0003","44.871801","-69.419524","118.6","2021-10-09",,,"0.00",",,N","0.0",",,N",,
"US1MESM0003","44.871801","-69.419524","118.6","2021-10-10",,,"0.00",",,N","0.0",",,N",,
"US1MESM0003","44.871801","-69.419524","118.6","2021-10-11",,,"0.00",",,N","0.0",",,N",,
"US1MESM0003","44.871801","-69.419524","118.6","2021-10-12",,,"0.00",",,N","0.0",",,N",,
"US1MESM0003","44.871801","-69.419524","118.6","2021-10-13",,,"0.00",",,N","0.0",",,N",,
"US1MESM0003","44.871801","-69.419524","118.6","2021-10-14",,,"0.00",",,N","0.0",",,N",,
"US1MESM0003","44.871801","-69.419524","118.6","2021-10-15",,,"0.00",",,N","0.0",",,N",,
"US1MESM0003","44.871801","-69.419524","118.6","2021-10-16",,,"0.13",",,N","0.0",",,N",,
"US1MESM0003","44.871801","-69.419524","118.6","2021-10-17",,,"0.83",",,N","0.0",",,N",,
"US1MESM0003","44.871801","-69.419524","118.6","2021-10-18",,,"0.09",",,N","0.0",",,N",,
"US1MESM0003","44.871801","-69.419524","118.6","2021-10-19",,,"0.00",",,N","0.0",",,N",,
"US1MESM0003","44.871801","-69.419524","118.6","2021-10-20",,,"0.00",",,N","0.0",",,N",,
"US1MESM0003","44.871801","-69.419524","118.6","2021-10-21",,,"0.00",",,N","0.0",",,N",,
"US1MESM0003","44.871801","-69.419524","118.6","2021-10-22",,,"0.11",",,N","0.0",",,N",,
"US1MESM0003","44.871801","-69.419524","118.6","2021-10-23",,,"0.04",",,N","0.0",",,N",,
"US1MESM0003","44.871801","-69.419524","118.6","2021-10-24",,,"0.00",",,N","0.0",",,N",,
"US1MESM0003","44.871801","-69.419524","118.6","2021-10-25",,,"0.00",",,N","0.0",",,N",,
"US1MESM0003","44.871801","-69.419524","118.6","2021-10-26",,,"0.06",",,N","0.0",",,N",,
"US1MESM0003","44.871801","-69.419524","118.6","2021-10-27",,,"0.11",",,N","0.0",",,N",,
"US1MESM0003","44.871801","-69.419524","118.6","2021-10-28",,,"0.00",",,N","0.0",",,N",,
"US1MESM0003","44.871801","-69.419524","118.6","2021-10-29",,,"0.00",",,N","0.0",",,N",,
"US1MESM0003","44.871801","-69.419524","118.6","2021-10-30",,,"0.00",",,N","0.0",",,N",,
"US1MESM0003","44.871801","-69.419524","118.6","2021-10-31",,,"2.38",",,N","0.0",",,N",,
"US1MESM0003","44.871801","-69.419524","118.6","2021-11-01",,,"0.41",",,N","0.0",",,N",,
"US1MESM0003","44.871801","-69.419524","118.6","2021-11-02",,,"0.00",",,N","0.0",",,N",,
"US1MESM0003","44.871801","-69.419524","118.6","2021-11-03",,,"0.00",",,N","0.0",",,N",,
"US1MESM0003","44.871801","-69.419524","118.6","2021-11-05",,,"0.00",",,N","0.0",",,N",,
"US1MESM0003","44.871801","-69.419524","118.6","2021-11-06",,,"0.00",",,N","0.0",",,N",,
"US1MESM0003","44.871801","-69.419524","118.6","2021-11-07",,,"0.00",",,N","0.0",",,N",,
"US1MESM0003","44.871801","-69.419524","118.6","2021-11-08",,,"0.00",",,N","0.0",",,N",,
"US1MESM0003","44.871801","-69.419524","118.6","2021-11-09",,,"0.00",",,N","0.0",",,N",,
"US1MESM0003","44.871801","-69.419524","118.6","2021-11-10",,,"0.04",",,N","0.0",",,N",,
"US1MESM0003","44.871801","-69.419524","118.6","2021-11-11",,,"0.03",",,N","0.0",",,N",,
"US1MESM0003","44.871801","-69.419524","118.6","2021-11-12",,,"0.00",",,N","0.0",",,N",,
"US1MESM0003","44.871801","-69.419524","118.6","2021-11-13",,,"1.21",",,N","0.0",",,N",,
"US1MESM0003","44.871801","-69.419524","118.6","2021-11-14",,,"0.00",",,N","0.0",",,N",,
"US1MESM0003","44.871801","-69.419524","118.6","2021-11-15",,,"0.14",",,N","0.0",",,N",,
"US1MESM0003","44.871801","-69.419524","118.6","2021-11-16",,,"0.03",",,N","0.0",",,N",,
"US1MESM0003","44.871801","-69.419524","118.6","2021-11-17",,,"0.00","T,,N","0.0","T,,N",,
"US1MESM0003","44.871801","-69.419524","118.6","2021-11-18",,,"0.34",",,N","0.0",",,N",,
"US1MESM0003","44.871801","-69.419524","118.6","2021-11-19",,,"0.32",",,N","0.0",",,N",,
"US1MESM0003","44.871801","-69.419524","118.6","2021-11-20",,,"0.01",",,N","0.0",",,N",,
"US1MESM0003","44.871801","-69.419524","118.6","2021-11-21",,,"0.00",",,N","0.0",",,N",,
"US1MESM0003","44.871801","-69.419524","118.6","2021-11-22",,,"0.21",",,N","0.0",",,N",,
"US1MESM0003","44.871801","-69.419524","118.6","2021-11-23",,,"0.15",",,N","0.0",",,N",,
"US1MESM0003","44.871801","-69.419524","118.6","2021-11-24",,,"0.00",",,N","0.0",",,N",,
"US1MESM0003","44.871801","-69.419524","118.6","2021-11-25",,,"0.00",",,N","0.0",",,N",,
"US1MESM0003","44.871801","-69.419524","118.6","2021-11-26",,,"0.00","T,,N","0.0",",,N",,
"US1MESM0003","44.871801","-69.419524","118.6","2021-11-27",,,"0.28",",,N","0.2",",,N",,
"US1MESM0003","44.871801","-69.419524","118.6","2021-11-28",,,"0.00","T,,N","0.0","T,,N",,
"US1MESM0004","44.9470465","-69.7779439","251.5","2021-08-01",,,"0.00",",,N","0.0",",,N",,
"US1MESM0004","44.9470465","-69.7779439","251.5","2021-08-02",,,"0.21",",,N",,,,
"US1MESM0004","44.9470465","-69.7779439","251.5","2021-08-04",,,"0.00",",,N","0.0",",,N",,
"US1MESM0004","44.9470465","-69.7779439","251.5","2021-08-05",,,"0.00",",,N","0.0",",,N",,
"US1MESM0004","44.9470465","-69.7779439","251.5","2021-08-06",,,"0.28",",,N",,,,
"US1MESM0004","44.9470465","-69.7779439","251.5","2021-08-07",,,"0.00",",,N","0.0",",,N",,
"US1MESM0004","44.9470465","-69.7779439","251.5","2021-08-08",,,"0.22",",,N",,,,
"US1MESM0004","44.9470465","-69.7779439","251.5","2021-08-09",,,"0.00",",,N","0.0",",,N",,
"US1MESM0004","44.9470465","-69.7779439","251.5","2021-08-15",,,"1.11",",,N",,,,
"US1MESM0004","44.9470465","-69.7779439","251.5","2021-08-16",,,"0.00",",,N","0.0",",,N",,
"US1MESM0004","44.9470465","-69.7779439","251.5","2021-08-18",,,"0.00",",,N","0.0",",,N",,
"US1MESM0004","44.9470465","-69.7779439","251.5","2021-08-19",,,"0.52",",,N",,,,
"US1MESM0004","44.9470465","-69.7779439","251.5","2021-08-20",,,"0.52",",,N","0.0",",,N",,
"US1MESM0004","44.9470465","-69.7779439","251.5","2021-08-21",,,"0.00",",,N","0.0",",,N",,
"US1MESM0004","44.9470465","-69.7779439","251.5","2021-08-22",,,"0.00",",,N","0.0",",,N",,
"US1MESM0004","44.9470465","-69.7779439","251.5","2021-08-23",,,"0.32",",,N",,,,
"US1MESM0004","44.9470465","-69.7779439","251.5","2021-08-24",,,"0.04",",,N",,,,
"US1MESM0004","44.9470465","-69.7779439","251.5","2021-08-25",,,"0.00",",,N","0.0",",,N",,
"US1MESM0004","44.9470465","-69.7779439","251.5","2021-08-26",,,"0.00",",,N","0.0",",,N",,
"US1MESM0004","44.9470465","-69.7779439","251.5","2021-08-27",,,"0.00",",,N","0.0",",,N",,
"US1MESM0004","44.9470465","-69.7779439","251.5","2021-08-28",,,"0.00",",,N","0.0",",,N",,
"US1MESM0004","44.9470465","-69.7779439","251.5","2021-08-29",,,"0.17",",,N",,,,
"US1MESM0004","44.9470465","-69.7779439","251.5","2021-08-30",,,"0.08",",,N",,,,
"US1MESM0004","44.9470465","-69.7779439","251.5","2021-08-31",,,"0.03",",,N",,,,
"US1MESM0004","44.9470465","-69.7779439","251.5","2021-09-01",,,"0.01",",,N",,,,
"US1MESM0004","44.9470465","-69.7779439","251.5","2021-09-02",,,"0.73",",,N",,,,
"US1MESM0004","44.9470465","-69.7779439","251.5","2021-09-03",,,"0.28",",,N",,,,
"US1MESM0004","44.9470465","-69.7779439","251.5","2021-09-19",,,,,,,,
"US1MESM0004","44.9470465","-69.7779439","251.5","2021-09-20",,,"0.00",",,N","0.0",",,N",,
"US1MESM0004","44.9470465","-69.7779439","251.5","2021-09-21",,,"0.01",",,N",,,,
"US1MESM0004","44.9470465","-69.7779439","251.5","2021-09-22",,,"0.00",",,N","0.0",",,N",,
"US1MESM0004","44.9470465","-69.7779439","251.5","2021-09-23",,,"0.02",",,N",,,,
"US1MESM0004","44.9470465","-69.7779439","251.5","2021-09-24",,,"0.00",",,N","0.0",",,N",,
"US1MESM0004","44.9470465","-69.7779439","251.5","2021-09-25",,,"1.21",",,N",,,,
"US1MESM0004","44.9470465","-69.7779439","251.5","2021-09-26",,,"1.79",",,N",,,,
"US1MESM0004","44.9470465","-69.7779439","251.5","2021-09-28",,,"0.05",",,N",,,,
"US1MESM0004","44.9470465","-69.7779439","251.5","2021-10-15",,,,,,,,
"US1MESM0004","44.9470465","-69.7779439","251.5","2021-10-16",,,"0.16",",,N",,,,
"US1MESM0004","44.9470465","-69.7779439","251.5","2021-10-17",,,"1.38",",,N",,,,
"US1MESM0004","44.9470465","-69.7779439","251.5","2021-10-18",,,"0.05",",,N",,,,
"US1MESM0004","44.9470465","-69.7779439","251.5","2021-10-19",,,"0.00",",,N","0.0",",,N",,
"US1MESM0004","44.9470465","-69.7779439","251.5","2021-10-20",,,"0.00",",,N","0.0",",,N",,
"US1MESM0004","44.9470465","-69.7779439","251.5","2021-10-21",,,"0.00",",,N","0.0",",,N",,
"US1MESM0004","44.9470465","-69.7779439","251.5","2021-10-22",,,"0.15",",,N",,,,
"US1MESM0004","44.9470465","-69.7779439","251.5","2021-10-23",,,"0.10",",,N",,,,
"US1MESM0004","44.9470465","-69.7779439","251.5","2021-10-24",,,"0.00",",,N","0.0",",,N",,
"US1MESM0004","44.9470465","-69.7779439","251.5","2021-10-25",,,"0.00",",,N","0.0",",,N",,
"US1MESM0004","44.9470465","-69.7779439","251.5","2021-10-26",,,"0.06",",,N",,,,
"US1MESM0004","44.9470465","-69.7779439","251.5","2021-10-28",,,"0.00",",,N","0.0",",,N",,
"US1MESM0004","44.9470465","-69.7779439","251.5","2021-10-29",,,"0.00",",,N","0.0",",,N",,
"US1MESM0004","44.9470465","-69.7779439","251.5","2021-10-30",,,"0.00",",,N","0.0",",,N",,
"US1MESM0004","44.9470465","-69.7779439","251.5","2021-10-31",,,"2.08",",,N",,,,
"US1MESM0004","44.9470465","-69.7779439","251.5","2021-11-01",,,"0.00",",,N","0.0",",,N",,
"US1MESM0004","44.9470465","-69.7779439","251.5","2021-11-02",,,"0.00",",,N","0.0",",,N",,
"US1MESM0004","44.9470465","-69.7779439","251.5","2021-11-03",,,"0.00",",,N","0.0",",,N",,
"US1MESM0004","44.9470465","-69.7779439","251.5","2021-11-04",,,"0.00",",,N","0.0",",,N",,
"US1MESM0004","44.9470465","-69.7779439","251.5","2021-11-05",,,"0.00",",,N","0.0",",,N",,
"USC00169369","30.6951","-92.2665","21.3","2021-08-01",,,"0.14",",,7,0700",,,,
"USC00169369","30.6951","-92.2665","21.3","2021-08-02",,,"0.00",",,7,0700",,,,
"USC00169369","30.6951","-92.2665","21.3","2021-08-03",,,"0.10",",,7,0700",,,,
"USC00169369","30.6951","-92.2665","21.3","2021-08-04",,,"0.20",",,7,0700",,,,
"USC00169369","30.6951","-92.2665","21.3","2021-08-05",,,"0.00",",,7,0700",,,,
"USC00169369","30.6951","-92.2665","21.3","2021-08-06",,,"0.00",",,7,0700",,,,
"USC00169369","30.6951","-92.2665","21.3","2021-08-07",,,"0.00",",,7,0700",,,,
"USC00169369","30.6951","-92.2665","21.3","2021-08-08",,,"0.00",",,7,0700",,,,
"USC00169369","30.6951","-92.2665","21.3","2021-08-09",,,"0.00",",,7,0700",,,,
"USC00169369","30.6951","-92.2665","21.3","2021-08-10",,,"0.21",",,7,0700",,,,
"USC00169369","30.6951","-92.2665","21.3","2021-08-11",,,"0.00",",,7,0700",,,,
"USC00169369","30.6951","-92.2665","21.3","2021-08-12",,,"0.00",",,7,0700",,,,
"USC00169369","30.6951","-92.2665","21.3","2021-08-13",,,"0.05",",,7,0700",,,,
"USC00169369","30.6951","-92.2665","21.3","2021-08-14",,,"0.00",",,7,0700",,,,
"USC00169369","30.6951","-92.2665","21.3","2021-08-15",,,"0.10",",,7,0700",,,,
"USC00169369","30.6951","-92.2665","21.3","2021-08-16",,,"0.00",",,7,0700",,,,
"USC00169369","30.6951","-92.2665","21.3","2021-08-17",,,"0.08",",,7,0700",,,,
"USC00169369","30.6951","-92.2665","21.3","2021-08-18",,,"0.00",",,7,0700",,,,
"USC00169369","30.6951","-92.2665","21.3","2021-08-19",,,"0.01",",,7,0700",,,,
"USC00169369","30.6951","-92.2665","21.3","2021-08-20",,,"0.50",",,7,0700",,,,
"USC00169369","30.6951","-92.2665","21.3","2021-08-21",,,"0.00",",,7,0700",,,,
"USC00169369","30.6951","-92.2665","21.3","2021-08-22",,,"0.00",",,7,0700",,,,
"USC00169369","30.6951","-92.2665","21.3","2021-08-23",,,"0.00",",,7,0700",,,,
"USC00169369","30.6951","-92.2665","21.3","2021-08-24",,,"0.00",",,7,0700",,,,
"USC00169369","30.6951","-92.2665","21.3","2021-08-25",,,"0.05",",,7,0700",,,,
"USC00169369","30.6951","-92.2665","21.3","2021-08-26",,,"0.50",",,7,0700",,,,
"USC00169369","30.6951","-92.2665","21.3","2021-08-27",,,"0.00",",,7,0700",,,,
"USC00169369","30.6951","-92.2665","21.3","2021-08-28",,,"0.01",",,7,0700",,,,
"USC00169369","30.6951","-92.2665","21.3","2021-08-29",,,"0.30",",,7,0700",,,,
"USC00169369","30.6951","-92.2665","21.3","2021-08-30",,,"0.00","T,,7,0700",,,,
"USC00169369","30.6951","-92.2665","21.3","2021-08-31",,,"0.08",",,7,0700",,,,
"USC00169369","30.6951","-92.2665","21.3","2021-09-01",,,"0.00",",,7,0700",,,,
"USC00169369","30.6951","-92.2665","21.3","2021-09-02",,,"0.00",",,7,0700",,,,
"USC00169369","30.6951","-92.2665","21.3","2021-09-03",,,"0.35",",,7,0700",,,,
"USC00169369","30.6951","-92.2665","21.3","2021-09-04",,,"0.40",",,7,0700",,,,
"USC00169369","30.6951","-92.2665","21.3","2021-09-05",,,"0.00",",,7,0700",,,,
"USC00169369","30.6951","-92.2665","21.3","2021-09-06",,,"0.60",",,7,0700",,,,
"USC00169369","30.6951","-92.2665","21.3","2021-09-07",,,"0.00","T,,7,0700",,,,
"USC00169369","30.6951","-92.2665","21.3","2021-09-08",,,"0.00",",,7,0700",,,,
"USC00169369","30.6951","-92.2665","21.3","2021-09-09",,,"0.00",",,7,0700",,,,
"USC00169369","30.6951","-92.2665","21.3","2021-09-10",,,"0.00",",,7,0700",,,,
"USC00169369","30.6951","-92.2665","21.3","2021-09-11",,,"0.00",",,7,0700",,,,
"USC00169369","30.6951","-92.2665","21.3","2021-09-12",,,"0.00",",,7,0700",,,,
"USC00169369","30.6951","-92.2665","21.3","2021-09-13",,,"0.00",",,7,0700",,,,
"USC00169369","30.6951","-92.2665","21.3","2021-09-14",,,"2.00",",,7,0700",,,,
"USC00169369","30.6951","-92.2665","21.3","2021-09-15",,,"6.00",",,7,0700",,,,
"USC00169369","30.6951","-92.2665","21.3","2021-09-16",,,"0.20",",,7,0700",,,,
"USC00169369","30.6951","-92.2665","21.3","2021-09-17",,,"4.85",",,7,0700",,,,
"USC00169369","30.6951","-92.2665","21.3","2021-09-18",,,"0.01",",,7,0700",,,,
"USC00169369","30.6951","-92.2665","21.3","2021-09-19",,,"0.00",",,7,0700",,,,
"USC00169369","30.6951","-92.2665","21.3","2021-09-20",,,"0.00",",,7,0700",,,,
"USC00169369","30.6951","-92.2665","21.3","2021-09-21",,,"0.50",",,7,0700",,,,
"USC00169369","30.6951","-92.2665","21.3","2021-09-22",,,"0.10",",,7,0700",,,,
"USC00169369","30.6951","-92.2665","21.3","2021-09-23",,,"0.00",",,7,0700",,,,
"USC00169369","30.6951","-92.2665","21.3","2021-09-24",,,"0.00",",,7,0700",,,,
"USC00169369","30.6951","-92.2665","21.3","2021-09-25",,,"0.00",",,7,0700",,,,
"USC00169369","30.6951","-92.2665","21.3","2021-09-26",,,"0.00",",,7,0700",,,,
"USC00169369","30.6951","-92.2665","21.3","2021-09-27",,,"0.00",",,7,0700",,,,
"USC00169369","30.6951","-92.2665","21.3","2021-09-28",,,"0.00",",,7,0700",,,,
"USC00169369","30.6951","-92.2665","21.3","2021-09-29",,,"1.03",",,7,0700",,,,
"USC00169369","30.6951","-92.2665","21.3","2021-09-30",,,"0.00","T,,7,0700",,,,
"USC00169369","30.6951","-92.2665","21.3","2021-10-01",,,"0.96",",,7,0700",,,,
"USC00169369","30.6951","-92.2665","21.3","2021-10-02",,,"0.00",",,7,0700",,,,
"USC00169369","30.6951","-92.2665","21.3","2021-10-03",,,"1.14",",,7,0700",,,,
"USC00169369","30.6951","-92.2665","21.3","2021-10-04",,,"0.00",",,7,0700",,,,
"USC00169369","30.6951","-92.2665","21.3","2021-10-05",,,"0.00",",,7,0700",,,,
"USC00169369","30.6951","-92.2665","21.3","2021-10-06",,,"0.00",",,7,0700",,,,
"USC00169369","30.6951","-92.2665","21.3","2021-10-07",,,"0.00",",,7,0700",,,,
"USC00169369","30.6951","-92.2665","21.3","2021-10-08",,,"0.00",",,7,0700",,,,
"USC00169369","30.6951","-92.2665","21.3","2021-10-09",,,"0.00",",,7,0700",,,,
"USC00169369","30.6951","-92.2665","21.3","2021-10-10",,,"0.00",",,7,0700",,,,
"USC00169369","30.6951","-92.2665","21.3","2021-10-11",,,"0.00",",,7,0700",,,,
"USC00169369","30.6951","-92.2665","21.3","2021-10-12",,,"0.00",",,7,0700",,,,
"USC00169369","30.6951","-92.2665","21.3","2021-10-13",,,"0.00",",,7,0700",,,,
"USC00169369","30.6951","-92.2665","21.3","2021-10-14",,,"0.00",",,7,0700",,,,
"USC00169369","30.6951","-92.2665","21.3","2021-10-15",,,"0.00",",,7,0700",,,,
"USC00169369","30.6951","-92.2665","21.3","2021-10-17",,,"0.00",",,7,0700",,,,
"USC00169369","30.6951","-92.2665","21.3","2021-10-20",,,"0.00",",,7,0700",,,,
"USC00169369","30.6951","-92.2665","21.3","2021-10-22",,,"0.00",",,7,0700",,,,
"USC00169369","30.6951","-92.2665","21.3","2021-10-23",,,"0.00",",,7,0700",,,,
"USC00169369","30.6951","-92.2665","21.3","2021-10-24",,,"0.00",",,7,0700",,,,
"USC00169369","30.6951","-92.2665","21.3","2021-10-25",,,"0.00",",,7,0700",,,,
"USC00169369","30.6951","-92.2665","21.3","2021-10-26",,,"0.00",",,7,0700",,,,
"USC00169369","30.6951","-92.2665","21.3","2021-10-27",,,"0.00",",,7,0700",,,,
"USC00169369","30.6951","-92.2665","21.3","2021-10-28",,,"0.90",",,7,0700",,,,
"USC00169369","30.6951","-92.2665","21.3","2021-10-29",,,"0.00",",,7,0700",,,,
"USC00169369","30.6951","-92.2665","21.3","2021-10-30",,,"0.00",",,7,0700",,,,
"USC00169369","30.6951","-92.2665","21.3","2021-10-31",,,"0.00",",,7,0700",,,,
"USC00173862","43.64759","-70.67498","92.7","2021-08-01",,,"0.00",",,7,0700","0.0",",,7,0700",,
"USC00173862","43.64759","-70.67498","92.7","2021-08-02",,,"0.09",",,7,0700","0.0",",,7,0700",,
"USC00173862","43.64759","-70.67498","92.7","2021-08-03",,,"0.00",",,7,0700","0.0",",,7,0700",,
"USC00173862","43.64759","-70.67498","92.7","2021-08-04",,,"0.00",",,7,0700","0.0",",,7,0700",,
"USC00173862","43.64759","-70.67498","92.7","2021-08-05",,,"0.08",",,7,0700","0.0",",,7,0700",,
"USC00173862","43.64759","-70.67498","92.7","2021-08-06",,,"0.53",",,7,0700","0.0",",,7,0700",,
"USC00173862","43.64759","-70.67498","92.7","2021-08-07",,,"0.00",",,7,0700","0.0",",,7,0700",,
"USC00173862","43.64759","-70.67498","92.7","2021-08-08",,,"0.00",",,7,0700","0.0",",,7,0700",,
"USC00173862","43.64759","-70.67498","92.7","2021-08-09",,,"0.00",",,7,0700","0.0",",,7,0700",,
"USC00173862","43.64759","-70.67498","92.7","2021-08-10",,,"0.01",",,7,0700","0.0",",,7,0700",,
"USC00173862","43.64759","-70.67498","92.7","2021-08-11",,,"0.00","T,,7,0700","0.0",",,7,0700",,
"USC00173862","43.64759","-70.67498","92.7","2021-08-12",,,"0.00",",,7,0700","0.0",",,7,0700",,
"USC00173862","43.64759","-70.67498","92.7","2021-08-13",,,"0.00",",,7,0700","0.0",",,7,0700",,
"USC00173862","43.64759","-70.67498","92.7","2021-08-14",,,"0.00",",,7,0700","0.0",",,7,0700",,
"USC00173862","43.64759","-70.67498","92.7","2021-08-15",,,"0.00",",,7,0700","0.0",",,7,0700",,
"USC00173862","43.64759","-70.67498","92.7","2021-08-16",,,"0.00",",,7,0700","0.0",",,7,0700",,
"USC00173862","43.64759","-70.67498","92.7","2021-08-17",,,"0.00",",,7,0700","0.0",",,7,0700",,
"USC00173862","43.64759","-70.67498","92.7","2021-08-18",,,"0.00","T,,7,0700","0.0",",,7,0700",,
"USC00173862","43.64759","-70.67498","92.7","2021-08-19",,,"0.05",",,7,0700","0.0",",,7,0700",,
"USC00173862","43.64759","-70.67498","92.7","2021-08-20",,,"0.81",",,7,0700","0.0",",,7,0700",,
"USC00173862","43.64759","-70.67498","92.7","2021-08-21",,,"0.00",",,7,0700","0.0",",,7,0700",,
"USC00173862","43.64759","-70.67498","92.7","2021-08-22",,,"0.28",",,7,0700","0.0",",,7,0700",,
"USC00173862","43.64759","-70.67498","92.7","2021-08-23",,,"0.46",",,7,0700","0.0",",,7,0700",,
"USC00173862","43.64759","-70.67498","92.7","2021-08-24",,,"0.12",",,7,0700","0.0",",,7,0700",,
"USC00173862","43.64759","-70.67498","92.7","2021-08-25",,,"0.00",",,7,0700","0.0",",,7,0700",,
"USC00173862","43.64759","-70.67498","92.7","2021-08-26",,,"0.00",",,7,0700","0.0",",,7,0700",,
"USC00173862","43.64759","-70.67498","92.7","2021-08-27",,,"0.00",",,7,0700","0.0",",,7,0700",,
"USC00173862","43.64759","-70.67498","92.7","2021-08-28",,,"0.00",",,7,0700","0.0",",,7,0700",,
"USC00173862","43.64759","-70.67498","92.7","2021-08-29",,,"0.00","T,,7,0700","0.0",",,7,0700",,
"USC00173862","43.64759","-70.67498","92.7","2021-08-30",,,"0.00",",,7,0700","0.0",",,7,0700",,
"USC00173862","43.64759","-70.67498","92.7","2021-08-31",,,"0.95",",,7,0700","0.0",",,7,0700",,
"USC00173862","43.64759","-70.67498","92.7","2021-09-01",,,"0.00",",,7,0700","0.0",",,7,0700",,
"USC00173862","43.64759","-70.67498","92.7","2021-09-02",,,"1.75",",,7,0700","0.0",",,7,0700",,
"USC00173862","43.64759","-70.67498","92.7","2021-09-03",,,"0.02",",,7,0700","0.0",",,7,0700",,
"USC00173862","43.64759","-70.67498","92.7","2021-09-04",,,"0.02",",,7,0700","0.0",",,7,0700",,
"USC00173862","43.64759","-70.67498","92.7","2021-09-05",,,"0.00",",,7,0700","0.0",",,7,0700",,
"USC00173862","43.64759","-70.67498","92.7","2021-09-06",,,"0.18",",,7,0700","0.0",",,7,0700",,
"USC00173862","43.64759","-70.67498","92.7","2021-09-07",,,"0.02",",,7,0700","0.0",",,7,0700",,
"USC00173862","43.64759","-70.67498","92.7","2021-09-08",,,"0.00",",,7,0700","0.0",",,7,0700",,
"USC00173862","43.64759","-70.67498","92.7","2021-09-09",,,"0.22",",,7,0700","0.0",",,7,0700",,
"USC00173862","43.64759","-70.67498","92.7","2021-09-10",,,"1.66",",,7,0700","0.0",",,7,0700",,
"USC00173862","43.64759","-70.67498","92.7","2021-09-11",,,"0.01",",,7,0700","0.0",",,7,0700",,
"USC00173862","43.64759","-70.67498","92.7","2021-09-12",,,"0.00",",,7,0700","0.0",",,7,0700",,
"USC00173862","43.64759","-70.67498","92.7","2021-09-13",,,"0.01",",,7,0700","0.0",",,7,0700",,
"USC00173862","43.64759","-70.67498","92.7","2021-09-14",,,"0.00",",,7,0700","0.0",",,7,0700",,
"USC00173862","43.64759","-70.67498","92.7","2021-09-15",,,"0.00",",,7,0700","0.0",",,7,0700",,
"USC00173862","43.64759","-70.67498","92.7","2021-09-16",,,"0.33",",,7,0700","0.0",",,7,0700",,
"USC00173862","43.64759","-70.67498","92.7","2021-09-17",,,"0.00",",,7,0700","0.0",",,7,0700",,
"USC00173862","43.64759","-70.67498","92.7","2021-09-18",,,"0.01",",,7,0700","0.0",",,7,0700",,
"USC00173862","43.64759","-70.67498","92.7","2021-09-19",,,"0.28",",,7,0700","0.0",",,7,0700",,
"USC00173862","43.64759","-70.67498","92.7","2021-09-20",,,"0.00",",,7,0700","0.0",",,7,0700",,
"USC00173862","43.64759","-70.67498","92.7","2021-09-21",,,"0.00",",,7,0700","0.0",",,7,0700",,
"USC00173862","43.64759","-70.67498","92.7","2021-09-22",,,"0.01",",,7,0700","0.0",",,7,0700",,
"USC00173862","43.64759","-70.67498","92.7","2021-09-23",,,"0.02",",,7,0700","0.0",",,7,0700",,
"USC00173862","43.64759","-70.67498","92.7","2021-09-24",,,"0.04",",,7,0700","0.0",",,7,0700",,
"USC00173862","43.64759","-70.67498","92.7","2021-09-25",,,"0.11",",,7,0700","0.0",",,7,0700",,
"USC00173862","43.64759","-70.67498","92.7","2021-09-26",,,"0.08",",,7,0700","0.0",",,7,0700",,
"USC00173862","43.64759","-70.67498","92.7","2021-09-27",,,"0.07",",,7,0700","0.0",",,7,0700",,
"USC00173862","43.64759","-70.67498","92.7","2021-09-28",,,"0.00",",,7,0700","0.0",",,7,0700",,
"USC00173862","43.64759","-70.67498","92.7","2021-09-29",,,"0.00","T,,7,0700","0.0",",,7,0700",,
"USC00173862","43.64759","-70.67498","92.7","2021-09-30",,,"0.00",",,7,0700","0.0",",,7,0700",,
"USC00173862","43.64759","-70.67498","92.7","2021-10-01",,,"0.10",",,7,0700","0.0",",,7,0700",,
"USC00173862","43.64759","-70.67498","92.7","2021-10-02",,,"0.00",",,7,0700","0.0",",,7,0700",,
"USC00173862","43.64759","-70.67498","92.7","2021-10-03",,,"0.02",",,7,0700","0.0",",,7,0700",,
"USC00173862","43.64759","-70.67498","92.7","2021-10-04",,,"0.03",",,7,0700","0.0",",,7,0700",,
"USC00173862","43.64759","-70.67498","92.7","2021-10-05",,,"0.04",",,7,0700","0.0",",,7,0700",,
"USC00173862","43.64759","-70.67498","92.7","2021-10-06",,,"0.00",",,7,0700","0.0",",,7,0700",,
"USC00173862","43.64759","-70.67498","92.7","2021-10-07",,,"0.00",",,7,0700","0.0",",,7,0700",,
"USC00173862","43.64759","-70.67498","92.7","2021-10-08",,,"0.00",",,7,0700","0.0",",,7,0700",,
"USC00173862","43.64759","-70.67498","92.7","2021-10-09",,,"0.00",",,7,0700","0.0",",,7,0700",,
"USC00173862","43.64759","-70.67498","92.7","2021-10-10",,,"0.00",",,7,0700","0.0",",,7,0700",,
"USC00173862","43.64759","-70.67498","92.7","2021-10-11",,,"0.00",",,7,0700","0.0",",,7,0700",,
"USC00173862","43.64759","-70.67498","92.7","2021-10-12",,,"0.00",",,7,0700","0.0",",,7,0700",,
"USC00173862","43.64759","-70.67498","92.7","2021-10-13",,,"0.00",",,7,0700","0.0",",,7,0700",,
"USC00173862","43.64759","-70.67498","92.7","2021-10-14",,,"0.00",",,7,0700","0.0",",,7,0700",,
"USC00173862","43.64759","-70.67498","92.7","2021-10-15",,,"0.00",",,7,0700","0.0",",,7,0700",,
"USC00173862","43.64759","-70.67498","92.7","2021-10-16",,,"0.86",",,7,0700","0.0",",,7,0700",,
"USC00173862","43.64759","-70.67498","92.7","2021-10-17",,,"0.42",",,7,0700","0.0",",,7,0700",,
"USC00173862","43.64759","-70.67498","92.7","2021-10-18",,,"0.00",",,7,0700","0.0",",,7,0700",,
"USC00173862","43.64759","-70.67498","92.7","2021-10-19",,,"0.15",",,7,0700","0.0",",,7,0700",,
"USC00173862","43.64759","-70.67498","92.7","2021-10-20",,,"0.00",",,7,0700","0.0",",,7,0700",,
"USC00173862","43.64759","-70.67498","92.7","2021-10-21",,,"0.00",",,7,0700","0.0",",,7,0700",,
"USC00173862","43.64759","-70.67498","92.7","2021-10-22",,,"0.02",",,7,0700","0.0",",,7,0700",,
"USC00173862","43.64759","-70.67498","92.7","2021-10-23",,,"0.00",",,7,0700","0.0",",,7,0700",,
"USC00173862","43.64759","-70.67498","92.7","2021-10-24",,,"0.00",",,7,0700","0.0",",,7,0700",,
"USC00173862","43.64759","-70.67498","92.7","2021-10-25",,,"0.03",",,7,0700","0.0",",,7,0700",,
"USC00173862","43.64759","-70.67498","92.7","2021-10-26",,,"0.31",",,7,0700","0.0",",,7,0700",,
"USC00173862","43.64759","-70.67498","92.7","2021-10-27",,,"1.07",",,7,0700","0.0",",,7,0700",,
"USC00173862","43.64759","-70.67498","92.7","2021-10-28",,,"0.25",",,7,0700","0.0",",,7,0700",,
"USC00173862","43.64759","-70.67498","92.7","2021-10-29",,,"0.00",",,7,0700","0.0",",,7,0700",,
"USC00173862","43.64759","-70.67498","92.7","2021-10-30",,,"0.07",",,7,0700","0.0",",,7,0700",,
"USC00173862","43.64759","-70.67498","92.7","2021-10-31",,,"4.49",",,7,0700","0.0",",,7,0700",,
"USC00173862","43.64759","-70.67498","92.7","2021-11-01",,,"0.11",",,N,0700","0.0",",,N,0700",,
"USC00173862","43.64759","-70.67498","92.7","2021-11-02",,,"0.00",",,N,0700","0.0",",,N,0700",,
"USC00173862","43.64759","-70.67498","92.7","2021-11-03",,,"0.00","T,,N,0700","0.0",",,N,0700",,
"USC00173862","43.64759","-70.67498","92.7","2021-11-04",,,"0.01",",,N,0700","0.0",",,N,0700",,
"USC00173862","43.64759","-70.67498","92.7","2021-11-05",,,"0.00",",,N,0700","0.0",",,N,0700",,
"USC00173862","43.64759","-70.67498","92.7","2021-11-06",,,"0.00",",,N,0700","0.0",",,N,0700",,
"USC00173862","43.64759","-70.67498","92.7","2021-11-07",,,"0.00",",,N,0700","0.0",",,N,0700",,
"USC00173862","43.64759","-70.67498","92.7","2021-11-08",,,"0.00",",,N,0700","0.0",",,N,0700",,
"USC00173862","43.64759","-70.67498","92.7","2021-11-09",,,"0.00",",,N,0700","0.0",",,N,0700",,
"USC00173862","43.64759","-70.67498","92.7","2021-11-10",,,"0.02",",,N,0700","0.0",",,N,0700",,
"USC00173862","43.64759","-70.67498","92.7","2021-11-11",,,"0.03",",,N,0700","0.0",",,N,0700",,
"USC00173862","43.64759","-70.67498","92.7","2021-11-12",,,"0.00","T,,N,0700","0.0",",,N,0700",,
"USC00173862","43.64759","-70.67498","92.7","2021-11-13",,,"1.69",",,N,0700","0.0",",,N,0700",,
"USC00173862","43.64759","-70.67498","92.7","2021-11-14",,,"0.43",",,N,0700","0.0",",,N,0700",,
"USC00173862","43.64759","-70.67498","92.7","2021-11-15",,,"0.16",",,N,0700","0.0",",,N,0700",,
"USC00173862","43.64759","-70.67498","92.7","2021-11-16",,,"0.00","T,,N,0700","0.0","T,,N,0700",,
"USC00173862","43.64759","-70.67498","92.7","2021-11-17",,,"0.00","T,,N,0700","0.0","T,,N,0700",,
"USC00173862","43.64759","-70.67498","92.7","2021-11-18",,,"0.00",",,N,0700","0.0",",,N,0700",,
"USC00173862","43.64759","-70.67498","92.7","2021-11-19",,,"0.19",",,N,0700","0.0",",,N,0700",,
"USC00173862","43.64759","-70.67498","92.7","2021-11-20",,,"0.00","T,,N,0700","0.0","T,,N,0700",,
"USC00173862","43.64759","-70.67498","92.7","2021-11-21",,,"0.00",",,N,0700","0.0",",,N,0700",,
"USC00173862","43.64759","-70.67498","92.7","2021-11-22",,,"0.14",",,N,0700","0.0",",,N,0700",,
"USC00173862","43.64759","-70.67498","92.7","2021-11-23",,,"0.04",",,N,0700","0.0",",,N,0700",,
"USC00173862","43.64759","-70.67498","92.7","2021-11-24",,,"0.00",",,N,0700","0.0",",,N,0700",,
"USC00173862","43.64759","-70.67498","92.7","2021-11-25",,,"0.00",",,N,0700","0.0",",,N,0700",,
"USC00173862","43.64759","-70.67498","92.7","2021-11-26",,,"0.00","T,,N,0700","0.0",",,N,0700",,
"USC00173862","43.64759","-70.67498","92.7","2021-11-27",,,"0.33",",,N,0700","0.1",",,N,0700",,
"USC00173862","43.64759","-70.67498","92.7","2021-11-28",,,"0.00",",,N,0700","0.0",",,N,0700",,
"USC00160558","30.4494","-91.0477","16.8","2021-08-01",,,"0.09",",,7,0800",,,,
"USC00160558","30.4494","-91.0477","16.8","2021-08-02",,,"0.08",",,7,0800",,,,
"USC00160558","30.4494","-91.0477","16.8","2021-08-03",,,"0.61",",,7,0800",,,,
"USC00160558","30.4494","-91.0477","16.8","2021-08-04",,,"2.09",",,7,0800",,,,
"USC00160558","30.4494","-91.0477","16.8","2021-08-05",,,"0.00",",,7,0800",,,,
"USC00160558","30.4494","-91.0477","16.8","2021-08-06",,,"0.00",",,7,0800",,,,
"USC00160558","30.4494","-91.0477","16.8","2021-08-07",,,"0.00",",,7,0800",,,,
"USC00160558","30.4494","-91.0477","16.8","2021-08-08",,,"0.00",",,7,0800",,,,
"USC00160558","30.4494","-91.0477","16.8","2021-08-09",,,"0.18",",,7,0800",,,,
"USC00160558","30.4494","-91.0477","16.8","2021-08-10",,,"0.00",",,7,0800",,,,
"USC00160558","30.4494","-91.0477","16.8","2021-08-11",,,"0.00",",,7,0800",,,,
"USC00160558","30.4494","-91.0477","16.8","2021-08-12",,,"0.05",",,7,0800",,,,
"USC00160558","30.4494","-91.0477","16.8","2021-08-13",,,"0.02",",,7,0800",,,,
"USC00160558","30.4494","-91.0477","16.8","2021-08-14",,,"0.01",",,7,0800",,,,
"USC00160558","30.4494","-91.0477","16.8","2021-08-15",,,"0.00",",,7,0800",,,,
"USC00160558","30.4494","-91.0477","16.8","2021-08-16",,,"0.84",",,7,0800",,,,
"USC00160558","30.4494","-91.0477","16.8","2021-08-17",,,"0.00",",,7,0800",,,,
"USC00160558","30.4494","-91.0477","16.8","2021-08-18",,,"0.00",",,7,0800",,,,
"USC00160558","30.4494","-91.0477","16.8","2021-08-19",,,"0.18",",,7,0800",,,,
"USC00160558","30.4494","-91.0477","16.8","2021-08-20",,,"0.00",",,7,0800",,,,
"USC00160558","30.4494","-91.0477","16.8","2021-08-21",,,"0.00",",,7,0800",,,,
"USC00160558","30.4494","-91.0477","16.8","2021-08-22",,,"0.00",",,7,0800",,,,
"USC00160558","30.4494","-91.0477","16.8","2021-08-23",,,"0.00",",,7,0800",,,,
"USC00160558","30.4494","-91.0477","16.8","2021-08-24",,,"0.03",",,7,0800",,,,
"USC00160558","30.4494","-91.0477","16.8","2021-08-25",,,"0.68",",,7,0800",,,,
"USC00160558","30.4494","-91.0477","16.8","2021-08-26",,,"0.84",",,7,0800",,,,
"USC00160558","30.4494","-91.0477","16.8","2021-08-27",,,"0.14",",,7,0800",,,,
"USC00160558","30.4494","-91.0477","16.8","2021-08-28",,,"0.54",",,7,0800",,,,
"USC00160558","30.4494","-91.0477","16.8","2021-08-29",,,"0.05",",,7,0800",,,,
"USC00160558","30.4494","-91.0477","16.8","2021-08-30",,,"3.23",",,7,0800",,,,
"USC00160558","30.4494","-91.0477","16.8","2021-08-31",,,"0.22",",,7,0800",,,,
"USC00160558","30.4494","-91.0477","16.8","2021-09-01",,,"0.00",",,7,0800",,,,
"USC00160558","30.4494","-91.0477","16.8","2021-09-02",,,"0.01",",,7,0800",,,,
"USC00160558","30.4494","-91.0477","16.8","2021-09-03",,,"0.00",",,7,0800",,,,
"USC00160558","30.4494","-91.0477","16.8","2021-09-04",,,"0.00",",,7,0800",,,,
"USC00160558","30.4494","-91.0477","16.8","2021-09-05",,,"0.00",",,7,0800",,,,
"USC00160558","30.4494","-91.0477","16.8","2021-09-06",,,"0.00",",,7,0800",,,,
"USC00160558","30.4494","-91.0477","16.8","2021-09-07",,,"0.00",",,7,0800",,,,
"USC00160558","30.4494","-91.0477","16.8","2021-09-08",,,"0.58",",,7,0800",,,,
"USC00160558","30.4494","-91.0477","16.8","2021-09-09",,,"0.00",",,7,0800",,,,
"USC00160558","30.4494","-91.0477","16.8","2021-09-10",,,"0.00",",,7,0800",,,,
"USC00160558","30.4494","-91.0477","16.8","2021-09-11",,,"0.00",",,7,0800",,,,
"USC00160558","30.4494","-91.0477","16.8","2021-09-12",,,"0.00",",,7,0800",,,,
"USC00160558","30.4494","-91.0477","16.8","2021-09-13",,,"0.03",",,7,0800",,,,
"USC00160558","30.4494","-91.0477","16.8","2021-09-14",,,"0.60",",,7,0800",,,,
"USC00160558","30.4494","-91.0477","16.8","2021-09-15",,,"4.11",",,7,0800",,,,
"USC00160558","30.4494","-91.0477","16.8","2021-09-16",,,"1.13",",,7,0800",,,,
"USC00160558","30.4494","-91.0477","16.8","2021-09-17",,,"0.15",",,7,0800",,,,
"USC00160558","30.4494","-91.0477","16.8","2021-09-18",,,"0.03",",,7,0800",,,,
"USC00160558","30.4494","-91.0477","16.8","2021-09-19",,,"0.05",",,7,0800",,,,
"USC00160558","30.4494","-91.0477","16.8","2021-09-20",,,"0.00",",,7,0800",,,,
"USC00160558","30.4494","-91.0477","16.8","2021-09-21",,,"0.00",",,7,0800",,,,
"USC00160558","30.4494","-91.0477","16.8","2021-09-22",,,"0.02",",,7,0800",,,,
"USC00160558","30.4494","-91.0477","16.8","2021-09-23",,,"0.00",",,7,0800",,,,
"USC00160558","30.4494","-91.0477","16.8","2021-09-24",,,"0.00",",,7,0800",,,,
"USC00160558","30.4494","-91.0477","16.8","2021-09-25",,,"0.00",",,7,0800",,,,
"USC00160558","30.4494","-91.0477","16.8","2021-09-26",,,"0.00",",,7,0800",,,,
"USC00160558","30.4494","-91.0477","16.8","2021-09-27",,,"0.00",",,7,0800",,,,
"USC00160558","30.4494","-91.0477","16.8","2021-09-28",,,"0.01",",,7,0800",,,,
"USC00160558","30.4494","-91.0477","16.8","2021-09-29",,,"0.93",",,7,0800",,,,
"USC00160558","30.4494","-91.0477","16.8","2021-09-30",,,"2.07",",,7,0800",,,,
"USC00160558","30.4494","-91.0477","16.8","2021-10-01",,,"0.82",",,H,0800",,,,
"USC00160558","30.4494","-91.0477","16.8","2021-10-02",,,"0.05",",,H,0800",,,,
"USC00160558","30.4494","-91.0477","16.8","2021-10-03",,,"0.55",",,H,0800",,,,
"USC00160558","30.4494","-91.0477","16.8","2021-10-04",,,"0.10",",,H,0800",,,,
"USC00160558","30.4494","-91.0477","16.8","2021-10-05",,,"0.00",",,H,0800",,,,
"USC00160558","30.4494","-91.0477","16.8","2021-10-06",,,"0.00",",,H,0800",,,,
"USC00160558","30.4494","-91.0477","16.8","2021-10-07",,,"0.00",",,H,0800",,,,
"USC00160558","30.4494","-91.0477","16.8","2021-10-08",,,"0.00",",,H,0800",,,,
"USC00160558","30.4494","-91.0477","16.8","2021-10-09",,,"0.00",",,H,0800",,,,
"USC00160558","30.4494","-91.0477","16.8","2021-10-10",,,"0.00",",,H,0800",,,,
"USC00160558","30.4494","-91.0477","16.8","2021-10-11",,,"0.00",",,H,0800",,,,
"USC00160558","30.4494","-91.0477","16.8","2021-10-12",,,"0.00",",,H,0800",,,,
"USC00160558","30.4494","-91.0477","16.8","2021-10-13",,,"0.00",",,H,0800",,,,
"USC00160558","30.4494","-91.0477","16.8","2021-10-14",,,"0.00",",,H,0800",,,,
"USC00160558","30.4494","-91.0477","16.8","2021-10-15",,,"0.00",",,H,0800",,,,
"USC00160558","30.4494","-91.0477","16.8","2021-10-16",,,"0.00",",,H,0800",,,,
"USC00160558","30.4494","-91.0477","16.8","2021-10-17",,,"0.00",",,H,0800",,,,
"USC00160558","30.4494","-91.0477","16.8","2021-10-18",,,"0.00",",,H,0800",,,,
"USC00160558","30.4494","-91.0477","16.8","2021-10-19",,,"0.00",",,H,0800",,,,
"USC00160558","30.4494","-91.0477","16.8","2021-10-20",,,"0.00",",,H,0800",,,,
"USC00160558","30.4494","-91.0477","16.8","2021-10-21",,,"0.01",",,H,0800",,,,
"USC00160558","30.4494","-91.0477","16.8","2021-10-22",,,"0.00",",,H,0800",,,,
"USC00160558","30.4494","-91.0477","16.8","2021-10-23",,,"0.00",",,H,0800",,,,
"USC00160558","30.4494","-91.0477","16.8","2021-10-24",,,"0.00",",,H,0800",,,,
"USC00160558","30.4494","-91.0477","16.8","2021-10-25",,,"0.14",",,H,0800",,,,
"USC00160558","30.4494","-91.0477","16.8","2021-10-26",,,"0.00",",,H,0800",,,,
"USC00160558","30.4494","-91.0477","16.8","2021-10-27",,,"0.00",",,H,0800",,,,
"USC00160558","30.4494","-91.0477","16.8","2021-10-28",,,"1.42",",,H,0800",,,,
"USC00160558","30.4494","-91.0477","16.8","2021-10-29",,,"0.00",",,H,0800",,,,
"USC00160558","30.4494","-91.0477","16.8","2021-10-30",,,"0.00",",,H,0800",,,,
"USC00160558","30.4494","-91.0477","16.8","2021-10-31",,,"0.00",",,H,0800",,,,
"USC00160558","30.4494","-91.0477","16.8","2021-11-01",,,"0.00",",,H,0800",,,,
"USC00160558","30.4494","-91.0477","16.8","2021-11-02",,,"0.00",",,H,0800",,,,
"USC00160558","30.4494","-91.0477","16.8","2021-11-03",,,"0.00",",,H,0800",,,,
"USC00160558","30.4494","-91.0477","16.8","2021-11-04",,,"0.00",",,H,0800",,,,
"USC00160558","30.4494","-91.0477","16.8","2021-11-05",,,"0.00",",,H,0800",,,,
"USC00160558","30.4494","-91.0477","16.8","2021-11-06",,,"0.00",",,H,0800",,,,
"USC00160558","30.4494","-91.0477","16.8","2021-11-07",,,"0.00",",,H,0800",,,,
"USC00160558","30.4494","-91.0477","16.8","2021-11-08",,,"0.00",",,H,0800",,,,
"USC00160558","30.4494","-91.0477","16.8","2021-11-09",,,"0.00",",,H,0800",,,,
"USC00160558","30.4494","-91.0477","16.8","2021-11-10",,,"0.00",",,H,0800",,,,
"USC00160558","30.4494","-91.0477","16.8","2021-11-11",,,"0.00",",,H,0800",,,,
"USC00160558","30.4494","-91.0477","16.8","2021-11-12",,,"0.23",",,H,0800",,,,
"USC00160558","30.4494","-91.0477","16.8","2021-11-13",,,"0.00",",,H,0800",,,,
"USC00160558","30.4494","-91.0477","16.8","2021-11-14",,,"0.00",",,H,0800",,,,
"USC00160558","30.4494","-91.0477","16.8","2021-11-15",,,"0.00",",,H,0800",,,,
"USC00160558","30.4494","-91.0477","16.8","2021-11-16",,,"0.00",",,H,0800",,,,
"USC00160558","30.4494","-91.0477","16.8","2021-11-17",,,"0.00",",,H,0800",,,,
"USC00160558","30.4494","-91.0477","16.8","2021-11-18",,,"0.08",",,H,0800",,,,
"USC00160558","30.4494","-91.0477","16.8","2021-11-19",,,"0.00",",,H,0800",,,,
"USC00160558","30.4494","-91.0477","16.8","2021-11-20",,,"0.00",",,H,0800",,,,
"USC00160558","30.4494","-91.0477","16.8","2021-11-21",,,"0.00",",,H,0800",,,,
"USC00160558","30.4494","-91.0477","16.8","2021-11-22",,,"0.42",",,H,0800",,,,
"USC00160558","30.4494","-91.0477","16.8","2021-11-23",,,"0.00",",,H,0800",,,,
"USC00160558","30.4494","-91.0477","16.8","2021-11-24",,,"0.00",",,H,0800",,,,
"USC00160558","30.4494","-91.0477","16.8","2021-11-25",,,"0.00",",,H,0800",,,,
"USC00160558","30.4494","-91.0477","16.8","2021-11-26",,,"0.07",",,H,0800",,,,
"USC00160558","30.4494","-91.0477","16.8","2021-11-27",,,"0.00",",,H,0800",,,,
"USC00160558","30.4494","-91.0477","16.8","2021-11-28",,,"0.05",",,H,0800",,,,
"USR0000MMCF","44.3769","-68.2608","129.2","2021-08-01",,,,,,,"65",",,U"
"USR0000MMCF","44.3769","-68.2608","129.2","2021-08-02",,,,,,,"61",",,U"
"USR0000MMCF","44.3769","-68.2608","129.2","2021-08-03",,,,,,,"66",",,U"
"USR0000MMCF","44.3769","-68.2608","129.2","2021-08-04",,,,,,,"69",",,U"
"USR0000MMCF","44.3769","-68.2608","129.2","2021-08-05",,,,,,,"63",",,U"
"USR0000MMCF","44.3769","-68.2608","129.2","2021-08-06",,,,,,,"69",",,U"
"USR0000MMCF","44.3769","-68.2608","129.2","2021-08-07",,,,,,,"73",",,U"
"USR0000MMCF","44.3769","-68.2608","129.2","2021-08-08",,,,,,,"71",",,U"
"USR0000MMCF","44.3769","-68.2608","129.2","2021-08-09",,,,,,,"66",",,U"
"USR0000MMCF","44.3769","-68.2608","129.2","2021-08-10",,,,,,,"65",",,U"
"USR0000MMCF","44.3769","-68.2608","129.2","2021-08-11",,,,,,,"67",",,U"
"USR0000MMCF","44.3769","-68.2608","129.2","2021-08-12",,,,,,,"75",",,U"
"USR0000MMCF","44.3769","-68.2608","129.2","2021-08-13",,,,,,,"78",",,U"
"USR0000MMCF","44.3769","-68.2608","129.2","2021-08-14",,,,,,,"75",",,U"
"USR0000MMCF","44.3769","-68.2608","129.2","2021-08-15",,,,,,,"69",",,U"
"USR0000MMCF","44.3769","-68.2608","129.2","2021-08-16",,,,,,,"66",",,U"
"USR0000MMCF","44.3769","-68.2608","129.2","2021-08-17",,,,,,,"68",",,U"
"USR0000MMCF","44.3769","-68.2608","129.2","2021-08-18",,,,,,,"70",",,U"
"USR0000MMCF","44.3769","-68.2608","129.2","2021-08-19",,,,,,,"72",",,U"
"USR0000MMCF","44.3769","-68.2608","129.2","2021-08-20",,,,,,,"73",",,U"
"USR0000MMCF","44.3769","-68.2608","129.2","2021-08-21",,,,,,,"69",",,U"
"USR0000MMCF","44.3769","-68.2608","129.2","2021-08-22",,,,,,,"64",",,U"
"USR0000MMCF","44.3769","-68.2608","129.2","2021-08-23",,,,,,,"66",",,U"
"USR0000MMCF","44.3769","-68.2608","129.2","2021-08-24",,,,,,,"73",",,U"
"USR0000MMCF","44.3769","-68.2608","129.2","2021-08-25",,,,,,,"78",",,U"
"USR0000MMCF","44.3769","-68.2608","129.2","2021-08-26",,,,,,,"77",",,U"
"USR0000MMCF","44.3769","-68.2608","129.2","2021-08-27",,,,,,,"72",",,U"
"USR0000MMCF","44.3769","-68.2608","129.2","2021-08-28",,,,,,,"61",",,U"
"USR0000MMCF","44.3769","-68.2608","129.2","2021-08-29",,,,,,,"60",",,U"
"USR0000MMCF","44.3769","-68.2608","129.2","2021-08-30",,,,,,,"68",",,U"
"USR0000MMCF","44.3769","-68.2608","129.2","2021-08-31",,,,,,,"71",",,U"
"USR0000MMCF","44.3769","-68.2608","129.2","2021-09-01",,,,,,,"66",",,U"
"USR0000MMCF","44.3769","-68.2608","129.2","2021-09-02",,,,,,,"57",",,U"
"USR0000MMCF","44.3769","-68.2608","129.2","2021-09-03",,,,,,,"59",",,U"
"USR0000MMCF","44.3769","-68.2608","129.2","2021-09-04",,,,,,,"61",",,U"
"USR0000MMCF","44.3769","-68.2608","129.2","2021-09-05",,,,,,,"60",",,U"
"USR0000MMCF","44.3769","-68.2608","129.2","2021-09-06",,,,,,,"61",",,U"
"USR0000MMCF","44.3769","-68.2608","129.2","2021-09-14",,,,,,,"59",",,U"
"USR0000MMCF","44.3769","-68.2608","129.2","2021-09-15",,,,,,,"63",",,U"
"USR0000MMCF","44.3769","-68.2608","129.2","2021-09-16",,,,,,,"62",",,U"
"USR0000MMCF","44.3769","-68.2608","129.2","2021-09-17",,,,,,,"64",",,U"
"USR0000MMCF","44.3769","-68.2608","129.2","2021-09-18",,,,,,,"68",",,U"
"USR0000MMCF","44.3769","-68.2608","129.2","2021-09-19",,,,,,,"60",",,U"
"USR0000MMCF","44.3769","-68.2608","129.2","2021-09-20",,,,,,,"58",",,U"
"USR0000MMCF","44.3769","-68.2608","129.2","2021-09-21",,,,,,,"61",",,U"
"USR0000MMCF","44.3769","-68.2608","129.2","2021-09-22",,,,,,,"65",",,U"
"USR0000MMCF","44.3769","-68.2608","129.2","2021-09-23",,,,,,,"67",",,U"
"USR0000MMCF","44.3769","-68.2608","129.2","2021-09-24",,,,,,,"67",",,U"
"USR0000MMCF","44.3769","-68.2608","129.2","2021-09-25",,,,,,,"66",",,U"
"USR0000MMCF","44.3769","-68.2608","129.2","2021-09-26",,,,,,,"61",",,U"
"USR0000MMCF","44.3769","-68.2608","129.2","2021-09-27",,,,,,,"59",",,U"
"USR0000MMCF","44.3769","-68.2608","129.2","2021-09-28",,,,,,,"59",",,U"
"USR0000MMCF","44.3769","-68.2608","129.2","2021-09-29",,,,,,,"54",",,U"
"USR0000MMCF","44.3769","-68.2608","129.2","2021-09-30",,,,,,,"51",",,U"
"USR0000MMCF","44.3769","-68.2608","129.2","2021-10-01",,,,,,,"50",",,U"
"USR0000MMCF","44.3769","-68.2608","129.2","2021-10-02",,,,,,,"54",",,U"
"USR0000MMCF","44.3769","-68.2608","129.2","2021-10-03",,,,,,,"52",",,U"
"USR0000MMCF","44.3769","-68.2608","129.2","2021-10-04",,,,,,,"52",",,U"
"USR0000MMCF","44.3769","-68.2608","129.2","2021-10-05",,,,,,,"55",",,U"
"USR0000MMCF","44.3769","-68.2608","129.2","2021-10-06",,,,,,,"59",",,U"
"USR0000MMCF","44.3769","-68.2608","129.2","2021-10-07",,,,,,,"61",",,U"
"USR0000MMCF","44.3769","-68.2608","129.2","2021-10-08",,,,,,,"55",",,U"
"USR0000MMCF","44.3769","-68.2608","129.2","2021-10-09",,,,,,,"49",",,U"
"USR0000MMCF","44.3769","-68.2608","129.2","2021-10-10",,,,,,,"53",",,U"
"USR0000MMCF","44.3769","-68.2608","129.2","2021-10-11",,,,,,,"59",",,U"
"USR0000MMCF","44.3769","-68.2608","129.2","2021-10-12",,,,,,,"64",",,U"
"USR0000MMCF","44.3769","-68.2608","129.2","2021-10-13",,,,,,,"65",",,U"
"USR0000MMCF","44.3769","-68.2608","129.2","2021-10-14",,,,,,,"62",",,U"
"USR0000MMCF","44.3769","-68.2608","129.2","2021-10-15",,,,,,,"55",",,U"
"USR0000MMCF","44.3769","-68.2608","129.2","2021-10-16",,,,,,,"59",",,U"
"USR0000MMCF","44.3769","-68.2608","129.2","2021-10-17",,,,,,,"55",",,U"
"USR0000MMCF","44.3769","-68.2608","129.2","2021-10-18",,,,,,,"49",",,U"
"USR0000MMCF","44.3769","-68.2608","129.2","2021-10-19",,,,,,,"44",",,U"
"USR0000MMCF","44.3769","-68.2608","129.2","2021-10-20",,,,,,,"48",",,U"
"USR0000MMCF","44.3769","-68.2608","129.2","2021-10-21",,,,,,,"55",",,U"
"USR0000MMCF","44.3769","-68.2608","129.2","2021-10-22",,,,,,,"58",",,U"
"USR0000MMCF","44.3769","-68.2608","129.2","2021-10-23",,,,,,,"46",",,U"
"USR0000MMCF","44.3769","-68.2608","129.2","2021-10-24",,,,,,,"42",",,U"
"USR0000MMCF","44.3769","-68.2608","129.2","2021-10-25",,,,,,,"43",",,U"
"USR0000MMCF","44.3769","-68.2608","129.2","2021-10-26",,,,,,,"47",",,U"
"USR0000MMCF","44.3769","-68.2608","129.2","2021-10-27",,,,,,,"45",",,U"
"USR0000MMCF","44.3769","-68.2608","129.2","2021-10-28",,,,,,,"47",",,U"
"USR0000MMCF","44.3769","-68.2608","129.2","2021-10-29",,,,,,,"45",",,U"
"USR0000MMCF","44.3769","-68.2608","129.2","2021-10-30",,,,,,,"49",",,U"
"USR0000MMCF","44.3769","-68.2608","129.2","2021-10-31",,,,,,,"55",",,U"
"USR0000MMCF","44.3769","-68.2608","129.2","2021-11-01",,,,,,,"50",",,U"
"USR0000MMCF","44.3769","-68.2608","129.2","2021-11-02",,,,,,,"45",",,U"
"USR0000MMCF","44.3769","-68.2608","129.2","2021-11-03",,,,,,,"42",",,U"
"USR0000MMCF","44.3769","-68.2608","129.2","2021-11-04",,,,,,,"38",",,U"
"USR0000MMCF","44.3769","-68.2608","129.2","2021-11-05",,,,,,,"37",",,U"
"USR0000MMCF","44.3769","-68.2608","129.2","2021-11-06",,,,,,,"40",",,U"
"USR0000MMCF","44.3769","-68.2608","129.2","2021-11-07",,,,,,,"44",",,U"
"USR0000MMCF","44.3769","-68.2608","129.2","2021-11-08",,,,,,,"48",",,U"
"USR0000MMCF","44.3769","-68.2608","129.2","2021-11-09",,,,,,,"53",",,U"
"USR0000MMCF","44.3769","-68.2608","129.2","2021-11-10",,,,,,,"44",",,U"
"USR0000MMCF","44.3769","-68.2608","129.2","2021-11-11",,,,,,,"41",",,U"
"USR0000MMCF","44.3769","-68.2608","129.2","2021-11-12",,,,,,,"49",",,U"
"USR0000MMCF","44.3769","-68.2608","129.2","2021-11-13",,,,,,,"50",",,U"
"USR0000MMCF","44.3769","-68.2608","129.2","2021-11-14",,,,,,,"42",",,U"
"USR0000MMCF","44.3769","-68.2608","129.2","2021-11-15",,,,,,,"41",",,U"
"USR0000MMCF","44.3769","-68.2608","129.2","2021-11-16",,,,,,,"36",",,U"
"USR0000MMCF","44.3769","-68.2608","129.2","2021-11-17",,,,,,,"34",",,U"
"USR0000MMCF","44.3769","-68.2608","129.2","2021-11-18",,,,,,,"51",",,U"
"USR0000MMCF","44.3769","-68.2608","129.2","2021-11-19",,,,,,,"39",",,U"
"USR0000MMCF","44.3769","-68.2608","129.2","2021-11-20",,,,,,,"35",",,U"
"USR0000MMCF","44.3769","-68.2608","129.2","2021-11-21",,,,,,,"45",",,U"
"USR0000MMCF","44.3769","-68.2608","129.2","2021-11-22",,,,,,,"47",",,U"
"USR0000MMCF","44.3769","-68.2608","129.2","2021-11-23",,,,,,,"31",",,U"
"USR0000MMCF","44.3769","-68.2608","129.2","2021-11-24",,,,,,,"30",",,U"
"USR0000MMCF","44.3769","-68.2608","129.2","2021-11-25",,,,,,,"38",",,U"
"USR0000MMCF","44.3769","-68.2608","129.2","2021-11-26",,,,,,,"36",",,U"
"USR0000MMCF","44.3769","-68.2608","129.2","2021-11-27",,,,,,,"28",",,U"
"USR0000MMCF","44.3769","-68.2608","129.2","2021-11-28",,,,,,,"27",",,U"
"US1LAFP0003","32.2323698151494","-91.6921091079712","21.9","2021-08-02",,,"2.43",",,N",,,,
"US1LAFP0003","32.2323698151494","-91.6921091079712","21.9","2021-08-03",,,"2.27",",,N",,,,
"US1LAFP0003","32.2323698151494","-91.6921091079712","21.9","2021-08-18",,,"1.52",",,N",,,,
"US1LAFP0003","32.2323698151494","-91.6921091079712","21.9","2021-08-19",,,"0.87",",,N",,,,
"US1LAFP0003","32.2323698151494","-91.6921091079712","21.9","2021-08-20",,,"1.67",",,N",,,,
"US1LAFP0003","32.2323698151494","-91.6921091079712","21.9","2021-10-28",,,"0.75",",,N",,,,
"USW00053960","30.0918","-91.8731","10.7","2021-08-01",,,"0.00",",,R",,,,
"USW00053960","30.0918","-91.8731","10.7","2021-08-02",,,"0.81",",,R",,,,
"USW00053960","30.0918","-91.8731","10.7","2021-08-03",,,"0.00",",,R",,,,
"USW00053960","30.0918","-91.8731","10.7","2021-08-04",,,"0.00",",,R",,,,
"USW00053960","30.0918","-91.8731","10.7","2021-08-05",,,"0.00",",,R",,,,
"USW00053960","30.0918","-91.8731","10.7","2021-08-06",,,"0.00",",,R",,,,
"USW00053960","30.0918","-91.8731","10.7","2021-08-07",,,"0.00",",,R",,,,
"USW00053960","30.0918","-91.8731","10.7","2021-08-08",,,"0.15",",,R",,,,
"USW00053960","30.0918","-91.8731","10.7","2021-08-09",,,"0.38",",,R",,,,
"USW00053960","30.0918","-91.8731","10.7","2021-08-10",,,"1.37",",,R",,,,
"USW00053960","30.0918","-91.8731","10.7","2021-08-11",,,"0.00",",,R",,,,
"USW00053960","30.0918","-91.8731","10.7","2021-08-12",,,"0.00",",,R",,,,
"USW00053960","30.0918","-91.8731","10.7","2021-08-13",,,"0.00",",,R",,,,
"USW00053960","30.0918","-91.8731","10.7","2021-08-14",,,"0.00",",,R",,,,
"USW00053960","30.0918","-91.8731","10.7","2021-08-15",,,"0.00",",,R",,,,
"USW00053960","30.0918","-91.8731","10.7","2021-08-16",,,"0.00",",,R",,,,
"USW00053960","30.0918","-91.8731","10.7","2021-08-17",,,"0.00",",,R",,,,
"USW00053960","30.0918","-91.8731","10.7","2021-08-18",,,"0.00",",,R",,,,
"USW00053960","30.0918","-91.8731","10.7","2021-08-19",,,"0.11",",,R",,,,
"USW00053960","30.0918","-91.8731","10.7","2021-08-20",,,"0.00",",,R",,,,
"USW00053960","30.0918","-91.8731","10.7","2021-08-21",,,"0.00",",,R",,,,
"USW00053960","30.0918","-91.8731","10.7","2021-08-22",,,"0.00",",,R",,,,
"USW00053960","30.0918","-91.8731","10.7","2021-08-23",,,"0.00",",,R",,,,
"USW00053960","30.0918","-91.8731","10.7","2021-08-24",,,"0.35",",,R",,,,
"USW00053960","30.0918","-91.8731","10.7","2021-08-25",,,"0.37",",,R",,,,
"USW00053960","30.0918","-91.8731","10.7","2021-08-26",,,"0.26",",,R",,,,
"USW00053960","30.0918","-91.8731","10.7","2021-08-27",,,"0.12",",,R",,,,
"USW00053960","30.0918","-91.8731","10.7","2021-08-28",,,"0.16",",,R",,,,
"USW00053960","30.0918","-91.8731","10.7","2021-08-29",,,"0.07",",,R",,,,
"USW00053960","30.0918","-91.8731","10.7","2021-08-30",,,"0.00",",,R",,,,
"USW00053960","30.0918","-91.8731","10.7","2021-08-31",,,"1.04",",,R",,,,
"USW00053960","30.0918","-91.8731","10.7","2021-09-01",,,"0.11",",,R",,,,
"USW00053960","30.0918","-91.8731","10.7","2021-09-02",,,"0.08",",,R",,,,
"USW00053960","30.0918","-91.8731","10.7","2021-09-03",,,"0.00",",,R",,,,
"USW00053960","30.0918","-91.8731","10.7","2021-09-04",,,"0.00",",,R",,,,
"USW00053960","30.0918","-91.8731","10.7","2021-09-05",,,"0.00",",,R",,,,
"USW00053960","30.0918","-91.8731","10.7","2021-09-06",,,"0.09",",,R",,,,
"USW00053960","30.0918","-91.8731","10.7","2021-09-07",,,"0.00",",,R",,,,
"USW00053960","30.0918","-91.8731","10.7","2021-09-08",,,"0.00",",,R",,,,
"USW00053960","30.0918","-91.8731","10.7","2021-09-09",,,"0.00",",,R",,,,
"USW00053960","30.0918","-91.8731","10.7","2021-09-10",,,"0.00",",,R",,,,
"USW00053960","30.0918","-91.8731","10.7","2021-09-11",,,"0.00",",,R",,,,
"USW00053960","30.0918","-91.8731","10.7","2021-09-12",,,"0.12",",,R",,,,
"USW00053960","30.0918","-91.8731","10.7","2021-09-13",,,"0.03",",,R",,,,
"USW00053960","30.0918","-91.8731","10.7","2021-09-14",,,"3.13",",,R",,,,
"USW00053960","30.0918","-91.8731","10.7","2021-09-15",,,"0.59",",,R",,,,
"USW00053960","30.0918","-91.8731","10.7","2021-09-16",,,"0.00",",,R",,,,
"USW00053960","30.0918","-91.8731","10.7","2021-09-17",,,"0.00",",,R",,,,
"USW00053960","30.0918","-91.8731","10.7","2021-09-18",,,"0.00",",,R",,,,
"USW00053960","30.0918","-91.8731","10.7","2021-09-19",,,"1.02",",,R",,,,
"USW00053960","30.0918","-91.8731","10.7","2021-09-20",,,"0.00",",,R",,,,
"USW00053960","30.0918","-91.8731","10.7","2021-09-21",,,"1.20",",,R",,,,
"USW00053960","30.0918","-91.8731","10.7","2021-09-22",,,"0.00",",,R",,,,
"USW00053960","30.0918","-91.8731","10.7","2021-09-23",,,"0.00",",,R",,,,
"USW00053960","30.0918","-91.8731","10.7","2021-09-24",,,"0.00",",,R",,,,
"USW00053960","30.0918","-91.8731","10.7","2021-09-25",,,"0.00",",,R",,,,
"USW00053960","30.0918","-91.8731","10.7","2021-09-26",,,"0.00",",,R",,,,
"USW00053960","30.0918","-91.8731","10.7","2021-09-27",,,"0.00",",,R",,,,
"USW00053960","30.0918","-91.8731","10.7","2021-09-28",,,"1.04",",,R",,,,
"USW00053960","30.0918","-91.8731","10.7","2021-09-29",,,"0.40",",,R",,,,
"USW00053960","30.0918","-91.8731","10.7","2021-09-30",,,"0.61",",,R",,,,
"USW00053960","30.0918","-91.8731","10.7","2021-10-01",,,"0.19",",,R",,,,
"USW00053960","30.0918","-91.8731","10.7","2021-10-02",,,"0.02",",,R",,,,
"USW00053960","30.0918","-91.8731","10.7","2021-10-03",,,"0.00",",,R",,,,
"USW00053960","30.0918","-91.8731","10.7","2021-10-04",,,"0.00",",,R",,,,
"USW00053960","30.0918","-91.8731","10.7","2021-10-05",,,"0.00",",,R",,,,
"USW00053960","30.0918","-91.8731","10.7","2021-10-06",,,"0.00",",,R",,,,
"USW00053960","30.0918","-91.8731","10.7","2021-10-07",,,"0.00",",,R",,,,
"USW00053960","30.0918","-91.8731","10.7","2021-10-08",,,"0.00",",,R",,,,
"USW00053960","30.0918","-91.8731","10.7","2021-10-09",,,"0.00",",,R",,,,
"USW00053960","30.0918","-91.8731","10.7","2021-10-10",,,"0.00",",,R",,,,
"USW00053960","30.0918","-91.8731","10.7","2021-10-11",,,"0.00",",,R",,,,
"USW00053960","30.0918","-91.8731","10.7","2021-10-12",,,"0.00",",,R",,,,
"USW00053960","30.0918","-91.8731","10.7","2021-10-13",,,"0.00",",,R",,,,
"USW00053960","30.0918","-91.8731","10.7","2021-10-14",,,"0.00",",,R",,,,
"USW00053960","30.0918","-91.8731","10.7","2021-10-15",,,"0.26",",,R",,,,
"USW00053960","30.0918","-91.8731","10.7","2021-10-16",,,"0.00",",,R",,,,
"USW00053960","30.0918","-91.8731","10.7","2021-10-17",,,"0.00",",,R",,,,
"USW00053960","30.0918","-91.8731","10.7","2021-10-18",,,"0.00",",,R",,,,
"USW00053960","30.0918","-91.8731","10.7","2021-10-19",,,"0.00",",,R",,,,
"USW00053960","30.0918","-91.8731","10.7","2021-10-20",,,"0.00",",,R",,,,
"USW00053960","30.0918","-91.8731","10.7","2021-10-21",,,"0.00",",,R",,,,
"USW00053960","30.0918","-91.8731","10.7","2021-10-22",,,"0.00",",,R",,,,
"USW00053960","30.0918","-91.8731","10.7","2021-10-23",,,"0.00",",,R",,,,
"USW00053960","30.0918","-91.8731","10.7","2021-10-24",,,"0.35",",,R",,,,
"USW00053960","30.0918","-91.8731","10.7","2021-10-25",,,"0.00",",,R",,,,
"USW00053960","30.0918","-91.8731","10.7","2021-10-26",,,"0.00",",,R",,,,
"USW00053960","30.0918","-91.8731","10.7","2021-10-27",,,"0.98",",,R",,,,
"USW00053960","30.0918","-91.8731","10.7","2021-10-28",,,"0.00",",,R",,,,
"USW00053960","30.0918","-91.8731","10.7","2021-10-29",,,"0.00",",,R",,,,
"USW00053960","30.0918","-91.8731","10.7","2021-10-30",,,"0.00",",,R",,,,
"USW00053960","30.0918","-91.8731","10.7","2021-10-31",,,"0.00",",,R",,,,
"USW00053960","30.0918","-91.8731","10.7","2021-11-01",,,"0.00",",,R",,,,
"USW00053960","30.0918","-91.8731","10.7","2021-11-02",,,"0.00",",,R",,,,
"USW00053960","30.0918","-91.8731","10.7","2021-11-03",,,"0.00",",,R",,,,
"USW00053960","30.0918","-91.8731","10.7","2021-11-04",,,"0.00",",,R",,,,
"USW00053960","30.0918","-91.8731","10.7","2021-11-05",,,"0.00",",,R",,,,
"USW00053960","30.0918","-91.8731","10.7","2021-11-06",,,"0.00",",,R",,,,
"USW00053960","30.0918","-91.8731","10.7","2021-11-07",,,"0.00",",,R",,,,
"USW00053960","30.0918","-91.8731","10.7","2021-11-08",,,"0.00",",,R",,,,
"USW00053960","30.0918","-91.8731","10.7","2021-11-09",,,"0.00",",,R",,,,
"USW00053960","30.0918","-91.8731","10.7","2021-11-10",,,"0.00",",,R",,,,
"USW00053960","30.0918","-91.8731","10.7","2021-11-11",,,"0.25",",,R",,,,
"USW00053960","30.0918","-91.8731","10.7","2021-11-12",,,"0.00",",,R",,,,
"USW00053960","30.0918","-91.8731","10.7","2021-11-13",,,"0.00",",,R",,,,
"USW00053960","30.0918","-91.8731","10.7","2021-11-14",,,"0.00",",,R",,,,
"USW00053960","30.0918","-91.8731","10.7","2021-11-15",,,"0.00",",,R",,,,
"USW00053960","30.0918","-91.8731","10.7","2021-11-16",,,"0.00",",,R",,,,
"USW00053960","30.0918","-91.8731","10.7","2021-11-17",,,"0.00",",,R",,,,
"USW00053960","30.0918","-91.8731","10.7","2021-11-18",,,"0.01",",,R",,,,
"USW00053960","30.0918","-91.8731","10.7","2021-11-19",,,"0.00",",,R",,,,
"USW00053960","30.0918","-91.8731","10.7","2021-11-20",,,"0.00",",,R",,,,
"USW00053960","30.0918","-91.8731","10.7","2021-11-21",,,"0.00",",,R",,,,
"USW00053960","30.0918","-91.8731","10.7","2021-11-22",,,"0.01",",,R",,,,
"USW00053960","30.0918","-91.8731","10.7","2021-11-23",,,"0.00",",,R",,,,
"USW00053960","30.0918","-91.8731","10.7","2021-11-24",,,"0.00",",,R",,,,
"USW00053960","30.0918","-91.8731","10.7","2021-11-25",,,"0.02",",,R",,,,
"USW00053960","30.0918","-91.8731","10.7","2021-11-26",,,"0.00",",,R",,,,
"USW00053960","30.0918","-91.8731","10.7","2021-11-27",,,"0.04",",,R",,,,
"USW00053960","30.0918","-91.8731","10.7","2021-11-28",,,"0.19",",,R",,,,
"USW00053961","32.8833","-92.1165","26.8","2021-08-01",,,"0.13",",,R",,,,
"USW00053961","32.8833","-92.1165","26.8","2021-08-02",,,"0.74",",,R",,,,
"USW00053961","32.8833","-92.1165","26.8","2021-08-03",,,"0.00",",,R",,,,
"USW00053961","32.8833","-92.1165","26.8","2021-08-04",,,"0.00",",,R",,,,
"USW00053961","32.8833","-92.1165","26.8","2021-08-05",,,"0.00",",,R",,,,
"USW00053961","32.8833","-92.1165","26.8","2021-08-06",,,"0.00",",,R",,,,
"USW00053961","32.8833","-92.1165","26.8","2021-08-07",,,"0.00",",,R",,,,
"USW00053961","32.8833","-92.1165","26.8","2021-08-08",,,"0.00",",,R",,,,
"USW00053961","32.8833","-92.1165","26.8","2021-08-09",,,"0.00",",,R",,,,
"USW00053961","32.8833","-92.1165","26.8","2021-08-10",,,"0.00",",,R",,,,
"USW00053961","32.8833","-92.1165","26.8","2021-08-11",,,"0.00",",,R",,,,
"USW00053961","32.8833","-92.1165","26.8","2021-08-12",,,"0.00",",,R",,,,
"USW00053961","32.8833","-92.1165","26.8","2021-08-13",,,"0.00",",,R",,,,
"USW00053961","32.8833","-92.1165","26.8","2021-08-14",,,"0.31",",,R",,,,
"USW00053961","32.8833","-92.1165","26.8","2021-08-15",,,"0.00",",,R",,,,
"USW00053961","32.8833","-92.1165","26.8","2021-08-16",,,"0.00",",,R",,,,
"USW00053961","32.8833","-92.1165","26.8","2021-08-17",,,"0.00",",,R",,,,
"USW00053961","32.8833","-92.1165","26.8","2021-08-18",,,"0.44",",,R",,,,
"USW00053961","32.8833","-92.1165","26.8","2021-08-19",,,"0.12",",,R",,,,
"USW00053961","32.8833","-92.1165","26.8","2021-08-20",,,"0.00",",,R",,,,
"USW00053961","32.8833","-92.1165","26.8","2021-08-21",,,"0.00",",,R",,,,
"USW00053961","32.8833","-92.1165","26.8","2021-08-22",,,"0.06",",,R",,,,
"USW00053961","32.8833","-92.1165","26.8","2021-08-23",,,"0.00",",,R",,,,
"USW00053961","32.8833","-92.1165","26.8","2021-08-24",,,"0.00",",,R",,,,
"USW00053961","32.8833","-92.1165","26.8","2021-08-25",,,"0.00",",,R",,,,
"USW00053961","32.8833","-92.1165","26.8","2021-08-26",,,"0.00",",,R",,,,
"USW00053961","32.8833","-92.1165","26.8","2021-08-27",,,"0.00",",,R",,,,
"USW00053961","32.8833","-92.1165","26.8","2021-08-28",,,"0.00",",,R",,,,
"USW00053961","32.8833","-92.1165","26.8","2021-08-29",,,"0.00",",,R",,,,
"USW00053961","32.8833","-92.1165","26.8","2021-08-30",,,"0.18",",,R",,,,
"USW00053961","32.8833","-92.1165","26.8","2021-09-10",,,"0.00",",,R",,,,
"USW00053961","32.8833","-92.1165","26.8","2021-09-11",,,"0.00",",,R",,,,
"USW00053961","32.8833","-92.1165","26.8","2021-09-12",,,"0.00",",,R",,,,
"USW00053961","32.8833","-92.1165","26.8","2021-09-13",,,"0.00",",,R",,,,
"USW00053961","32.8833","-92.1165","26.8","2021-09-14",,,"0.00",",,R",,,,
"USW00053961","32.8833","-92.1165","26.8","2021-09-15",,,"0.00",",,R",,,,
"USW00053961","32.8833","-92.1165","26.8","2021-09-16",,,"0.00",",,R",,,,
"USW00053961","32.8833","-92.1165","26.8","2021-09-17",,,"0.98",",,R",,,,
"USW00053961","32.8833","-92.1165","26.8","2021-09-18",,,"0.15",",,R",,,,
"USW00053961","32.8833","-92.1165","26.8","2021-09-19",,,"0.65",",,R",,,,
"USW00053961","32.8833","-92.1165","26.8","2021-09-20",,,"0.00",",,R",,,,
"USW00053961","32.8833","-92.1165","26.8","2021-09-21",,,"0.69",",,R",,,,
"USW00053961","32.8833","-92.1165","26.8","2021-09-22",,,"0.00",",,R",,,,
"USW00053961","32.8833","-92.1165","26.8","2021-09-23",,,"0.00",",,R",,,,
"USW00053961","32.8833","-92.1165","26.8","2021-09-24",,,"0.00",",,R",,,,
"USW00053961","32.8833","-92.1165","26.8","2021-09-25",,,"0.00",",,R",,,,
"USW00053961","32.8833","-92.1165","26.8","2021-09-26",,,"0.00",",,R",,,,
"USW00053961","32.8833","-92.1165","26.8","2021-09-27",,,"0.00",",,R",,,,
"USW00053961","32.8833","-92.1165","26.8","2021-09-28",,,"0.00",",,R",,,,
"USW00053961","32.8833","-92.1165","26.8","2021-09-29",,,"0.56",",,R",,,,
"USW00053961","32.8833","-92.1165","26.8","2021-09-30",,,"0.00",",,R",,,,
"USW00053961","32.8833","-92.1165","26.8","2021-10-01",,,"0.24",",,R",,,,
"USW00053961","32.8833","-92.1165","26.8","2021-10-02",,,"0.20",",,R",,,,
"USW00053961","32.8833","-92.1165","26.8","2021-10-03",,,"0.03",",,R",,,,
"USW00053961","32.8833","-92.1165","26.8","2021-10-04",,,"0.00",",,R",,,,
"USW00053961","32.8833","-92.1165","26.8","2021-10-05",,,"0.00",",,R",,,,
"USW00053961","32.8833","-92.1165","26.8","2021-10-06",,,"0.00",",,R",,,,
"USW00053961","32.8833","-92.1165","26.8","2021-10-07",,,"0.00",",,R",,,,
"USW00053961","32.8833","-92.1165","26.8","2021-10-08",,,"0.00",",,R",,,,
"USW00053961","32.8833","-92.1165","26.8","2021-10-09",,,"0.00",",,R",,,,
"USW00053961","32.8833","-92.1165","26.8","2021-10-10",,,"0.00",",,R",,,,
"USW00053961","32.8833","-92.1165","26.8","2021-10-11",,,"0.00",",,R",,,,
"USW00053961","32.8833","-92.1165","26.8","2021-10-12",,,"0.01",",,R",,,,
"USW00053961","32.8833","-92.1165","26.8","2021-10-13",,,"0.00",",,R",,,,
"USW00053961","32.8833","-92.1165","26.8","2021-10-14",,,"0.00",",,R",,,,
"USW00053961","32.8833","-92.1165","26.8","2021-10-15",,,"0.16",",,R",,,,
"USW00053961","32.8833","-92.1165","26.8","2021-10-16",,,"0.00",",,R",,,,
"USW00053961","32.8833","-92.1165","26.8","2021-10-17",,,"0.00",",,R",,,,
"USW00053961","32.8833","-92.1165","26.8","2021-10-18",,,"0.00",",,R",,,,
"USW00053961","32.8833","-92.1165","26.8","2021-10-19",,,"0.00",",,R",,,,
"USW00053961","32.8833","-92.1165","26.8","2021-10-20",,,"0.00",",,R",,,,
"USW00053961","32.8833","-92.1165","26.8","2021-10-21",,,"0.00",",,R",,,,
"USW00053961","32.8833","-92.1165","26.8","2021-10-22",,,"0.00",",,R",,,,
"USW00053961","32.8833","-92.1165","26.8","2021-10-23",,,"0.00",",,R",,,,
"USW00053961","32.8833","-92.1165","26.8","2021-10-24",,,"0.00",",,R",,,,
"USW00053961","32.8833","-92.1165","26.8","2021-10-25",,,"0.00",",,R",,,,
"USW00053961","32.8833","-92.1165","26.8","2021-10-26",,,"0.00",",,R",,,,
"USW00053961","32.8833","-92.1165","26.8","2021-10-27",,,"1.12",",,R",,,,
"USW00053961","32.8833","-92.1165","26.8","2021-10-28",,,"0.01",",,R",,,,
"USW00053961","32.8833","-92.1165","26.8","2021-10-29",,,"0.00",",,R",,,,
"USW00053961","32.8833","-92.1165","26.8","2021-10-30",,,"0.00",",,R",,,,
"USW00053961","32.8833","-92.1165","26.8","2021-10-31",,,"0.00",",,R",,,,
"USW00053961","32.8833","-92.1165","26.8","2021-11-01",,,"0.00",",,R",,,,
"USW00053961","32.8833","-92.1165","26.8","2021-11-02",,,"0.00",",,R",,,,
"USW00053961","32.8833","-92.1165","26.8","2021-11-03",,,"0.29",",,R",,,,
"USW00053961","32.8833","-92.1165","26.8","2021-11-04",,,"0.00",",,R",,,,
"USW00053961","32.8833","-92.1165","26.8","2021-11-05",,,"0.00",",,R",,,,
"USW00053961","32.8833","-92.1165","26.8","2021-11-06",,,"0.00",",,R",,,,
"USW00053961","32.8833","-92.1165","26.8","2021-11-07",,,"0.00",",,R",,,,
"USW00053961","32.8833","-92.1165","26.8","2021-11-08",,,"0.00",",,R",,,,
"USW00053961","32.8833","-92.1165","26.8","2021-11-09",,,"0.00",",,R",,,,
"USW00053961","32.8833","-92.1165","26.8","2021-11-10",,,"0.00",",,R",,,,
"USW00053961","32.8833","-92.1165","26.8","2021-11-11",,,"0.61",",,R",,,,
"USW00053961","32.8833","-92.1165","26.8","2021-11-12",,,"0.00",",,R",,,,
"USW00053961","32.8833","-92.1165","26.8","2021-11-13",,,"0.00",",,R",,,,
"USW00053961","32.8833","-92.1165","26.8","2021-11-14",,,"0.00",",,R",,,,
"USW00053961","32.8833","-92.1165","26.8","2021-11-15",,,"0.00",",,R",,,,
"USW00053961","32.8833","-92.1165","26.8","2021-11-16",,,"0.00",",,R",,,,
"USW00053961","32.8833","-92.1165","26.8","2021-11-17",,,"0.00",",,R",,,,
"USW00053961","32.8833","-92.1165","26.8","2021-11-18",,,"0.14",",,R",,,,
"USW00053961","32.8833","-92.1165","26.8","2021-11-19",,,"0.00",",,R",,,,
"USW00053961","32.8833","-92.1165","26.8","2021-11-20",,,"0.00",",,R",,,,
"USW00053961","32.8833","-92.1165","26.8","2021-11-21",,,"0.80",",,R",,,,
"USW00053961","32.8833","-92.1165","26.8","2021-11-22",,,"0.00",",,R",,,,
"USW00053961","32.8833","-92.1165","26.8","2021-11-23",,,"0.00",",,R",,,,
"USW00053961","32.8833","-92.1165","26.8","2021-11-24",,,"0.00",",,R",,,,
"USW00053961","32.8833","-92.1165","26.8","2021-11-25",,,"0.23",",,R",,,,
"USW00053961","32.8833","-92.1165","26.8","2021-11-26",,,"0.00",",,R",,,,
"USW00053961","32.8833","-92.1165","26.8","2021-11-27",,,"0.01",",,R",,,,
"USW00053961","32.8833","-92.1165","26.8","2021-11-28",,,"0.15",",,R",,,,
"US1MESM0010","44.923537","-70.027881","120.1","2021-08-01",,,"0.00",",,N","0.0",",,N",,
"US1MESM0010","44.923537","-70.027881","120.1","2021-08-02",,,"0.19",",,N",,,,
"US1MESM0010","44.923537","-70.027881","120.1","2021-08-03",,,"0.07",",,N",,,,
"US1MESM0010","44.923537","-70.027881","120.1","2021-08-04",,,"0.00",",,N","0.0",",,N",,
"US1MESM0010","44.923537","-70.027881","120.1","2021-08-05",,,"0.00",",,N","0.0",",,N",,
"US1MESM0010","44.923537","-70.027881","120.1","2021-08-06",,,"0.14",",,N",,,,
"US1MESM0010","44.923537","-70.027881","120.1","2021-08-07",,,"0.00",",,N","0.0",",,N",,
"US1MESM0010","44.923537","-70.027881","120.1","2021-08-08",,,"0.02",",,N",,,,
"US1MESM0010","44.923537","-70.027881","120.1","2021-08-09",,,"0.00",",,N","0.0",",,N",,
"US1MESM0010","44.923537","-70.027881","120.1","2021-08-10",,,"0.00",",,N","0.0",",,N",,
"US1MESM0010","44.923537","-70.027881","120.1","2021-08-11",,,"0.00",",,N","0.0",",,N",,
"US1MESM0010","44.923537","-70.027881","120.1","2021-08-12",,,"0.10",",,N",,,,
"US1MESM0010","44.923537","-70.027881","120.1","2021-08-13",,,"0.26",",,N",,,,
"US1MESM0010","44.923537","-70.027881","120.1","2021-08-14",,,"0.00",",,N","0.0",",,N",,
"US1MESM0010","44.923537","-70.027881","120.1","2021-08-15",,,"0.46",",,N",,,,
"US1MESM0010","44.923537","-70.027881","120.1","2021-08-16",,,"0.01",",,N",,,,
"US1MESM0010","44.923537","-70.027881","120.1","2021-08-17",,,"0.00",",,N","0.0",",,N",,
"US1MESM0010","44.923537","-70.027881","120.1","2021-08-18",,,"0.03",",,N",,,,
"US1MESM0010","44.923537","-70.027881","120.1","2021-08-19",,,"0.14",",,N",,,,
"US1MESM0010","44.923537","-70.027881","120.1","2021-08-20",,,"0.35",",,N",,,,
"US1MESM0010","44.923537","-70.027881","120.1","2021-08-21",,,"0.00",",,N","0.0",",,N",,
"US1MESM0010","44.923537","-70.027881","120.1","2021-08-22",,,"0.00",",,N","0.0",",,N",,
"US1MESM0010","44.923537","-70.027881","120.1","2021-08-23",,,"0.27",",,N",,,,
"US1MESM0010","44.923537","-70.027881","120.1","2021-08-24",,,"0.03",",,N",,,,
"US1MESM0010","44.923537","-70.027881","120.1","2021-08-25",,,"0.00",",,N","0.0",",,N",,
"US1MESM0010","44.923537","-70.027881","120.1","2021-08-26",,,"0.00",",,N","0.0",",,N",,
"US1MESM0010","44.923537","-70.027881","120.1","2021-08-27",,,"0.00",",,N","0.0",",,N",,
"US1MESM0010","44.923537","-70.027881","120.1","2021-08-28",,,"0.00",",,N","0.0",",,N",,
"US1MESM0010","44.923537","-70.027881","120.1","2021-08-29",,,"0.30",",,N",,,,
"US1MESM0010","44.923537","-70.027881","120.1","2021-08-30",,,"0.06",",,N",,,,
"US1MESM0010","44.923537","-70.027881","120.1","2021-08-31",,,"0.02",",,N",,,,
"US1MESM0010","44.923537","-70.027881","120.1","2021-09-01",,,"0.00",",,N","0.0",",,N",,
"US1MESM0010","44.923537","-70.027881","120.1","2021-09-02",,,"0.42",",,N",,,,
"US1MESM0010","44.923537","-70.027881","120.1","2021-09-03",,,"0.09",",,N",,,,
"US1MESM0010","44.923537","-70.027881","120.1","2021-09-04",,,"0.09",",,N",,,,
"US1MESM0010","44.923537","-70.027881","120.1","2021-09-05",,,"0.00",",,N","0.0",",,N",,
"US1MESM0010","44.923537","-70.027881","120.1","2021-09-06",,,"0.16",",,N",,,,
"US1MESM0010","44.923537","-70.027881","120.1","2021-09-07",,,"0.76",",,N",,,,
"US1MESM0010","44.923537","-70.027881","120.1","2021-09-08",,,"0.00",",,N","0.0",",,N",,
"US1MESM0010","44.923537","-70.027881","120.1","2021-09-09",,,"0.20",",,N",,,,
"US1MESM0010","44.923537","-70.027881","120.1","2021-09-10",,,"2.17",",,N",,,,
"US1MESM0010","44.923537","-70.027881","120.1","2021-09-11",,,"0.02",",,N",,,,
"US1MESM0010","44.923537","-70.027881","120.1","2021-09-12",,,"0.00",",,N","0.0",",,N",,
"US1MESM0010","44.923537","-70.027881","120.1","2021-09-13",,,"0.00",",,N","0.0",",,N",,
"US1MESM0010","44.923537","-70.027881","120.1","2021-09-14",,,"0.00",",,N","0.0",",,N",,
"US1MESM0010","44.923537","-70.027881","120.1","2021-09-15",,,"0.00",",,N","0.0",",,N",,
"US1MESM0010","44.923537","-70.027881","120.1","2021-09-16",,,"0.81",",,N",,,,
"US1MESM0010","44.923537","-70.027881","120.1","2021-09-17",,,"0.00",",,N","0.0",",,N",,
"US1MESM0010","44.923537","-70.027881","120.1","2021-09-18",,,"0.00",",,N","0.0",",,N",,
"US1MESM0010","44.923537","-70.027881","120.1","2021-09-19",,,"0.12",",,N",,,,
"US1MESM0010","44.923537","-70.027881","120.1","2021-09-20",,,"0.00",",,N","0.0",",,N",,
"US1MESM0010","44.923537","-70.027881","120.1","2021-09-21",,,"0.00",",,N","0.0",",,N",,
"US1MESM0010","44.923537","-70.027881","120.1","2021-09-22",,,"0.00",",,N","0.0",",,N",,
"US1MESM0010","44.923537","-70.027881","120.1","2021-09-23",,,"0.03",",,N",,,,
"US1MESM0010","44.923537","-70.027881","120.1","2021-09-24",,,"0.01",",,N",,,,
"US1MESM0010","44.923537","-70.027881","120.1","2021-09-25",,,"0.79",",,N",,,,
"US1MESM0010","44.923537","-70.027881","120.1","2021-09-26",,,"0.13",",,N",,,,
"US1MESM0010","44.923537","-70.027881","120.1","2021-09-27",,,"0.07",",,N",,,,
"US1MESM0010","44.923537","-70.027881","120.1","2021-09-28",,,"0.06",",,N",,,,
"US1MESM0010","44.923537","-70.027881","120.1","2021-09-29",,,"0.00",",,N","0.0",",,N",,
"US1MESM0010","44.923537","-70.027881","120.1","2021-09-30",,,"0.11",",,N",,,,
"US1MESM0010","44.923537","-70.027881","120.1","2021-10-01",,,"0.04",",,N",,,,
"US1MESM0010","44.923537","-70.027881","120.1","2021-10-02",,,"0.00",",,N","0.0",",,N",,
"US1MESM0010","44.923537","-70.027881","120.1","2021-10-03",,,"0.03",",,N",,,,
"US1MESM0010","44.923537","-70.027881","120.1","2021-10-04",,,"0.01",",,N",,,,
"US1MESM0010","44.923537","-70.027881","120.1","2021-10-05",,,"0.00",",,N","0.0",",,N",,
"US1MESM0010","44.923537","-70.027881","120.1","2021-10-06",,,"0.00",",,N","0.0",",,N",,
"US1MESM0010","44.923537","-70.027881","120.1","2021-10-07",,,"0.00",",,N","0.0",",,N",,
"US1MESM0010","44.923537","-70.027881","120.1","2021-10-08",,,"0.00",",,N","0.0",",,N",,
"US1MESM0010","44.923537","-70.027881","120.1","2021-10-09",,,"0.00",",,N","0.0",",,N",,
"US1MESM0010","44.923537","-70.027881","120.1","2021-10-10",,,"0.01",",,N",,,,
"US1MESM0010","44.923537","-70.027881","120.1","2021-10-11",,,"0.00",",,N","0.0",",,N",,
"US1MESM0010","44.923537","-70.027881","120.1","2021-10-12",,,"0.00",",,N","0.0",",,N",,
"US1MESM0010","44.923537","-70.027881","120.1","2021-10-13",,,"0.00",",,N","0.0",",,N",,
"US1MESM0010","44.923537","-70.027881","120.1","2021-10-14",,,"0.00",",,N","0.0",",,N",,
"US1MESM0010","44.923537","-70.027881","120.1","2021-10-15",,,"0.00",",,N","0.0",",,N",,
"US1MESM0010","44.923537","-70.027881","120.1","2021-10-16",,,"0.08",",,N",,,,
"US1MESM0010","44.923537","-70.027881","120.1","2021-10-17",,,"0.95",",,N",,,,
"US1MESM0010","44.923537","-70.027881","120.1","2021-10-18",,,"0.00",",,N","0.0",",,N",,
"US1MESM0010","44.923537","-70.027881","120.1","2021-10-19",,,"0.00",",,N","0.0",",,N",,
"US1MESM0010","44.923537","-70.027881","120.1","2021-10-20",,,"0.00",",,N","0.0",",,N",,
"US1MESM0010","44.923537","-70.027881","120.1","2021-10-21",,,"0.00",",,N","0.0",",,N",,
"US1MESM0010","44.923537","-70.027881","120.1","2021-10-22",,,"0.05",",,N",,,,
"US1MESM0010","44.923537","-70.027881","120.1","2021-10-23",,,"0.24",",,N","0.0",",,N",,
"US1MESM0010","44.923537","-70.027881","120.1","2021-10-24",,,"0.00",",,N","0.0",",,N",,
"US1MESM0010","44.923537","-70.027881","120.1","2021-10-25",,,"0.00",",,N","0.0",",,N",,
"US1MESM0010","44.923537","-70.027881","120.1","2021-10-26",,,"0.05",",,N",,,,
"US1MESM0010","44.923537","-70.027881","120.1","2021-10-27",,,"0.06",",,N",,,,
"US1MESM0010","44.923537","-70.027881","120.1","2021-10-28",,,"0.00",",,N","0.0",",,N",,
"US1MESM0010","44.923537","-70.027881","120.1","2021-10-29",,,"0.00",",,N","0.0",",,N",,
"US1MESM0010","44.923537","-70.027881","120.1","2021-10-30",,,"0.02",",,N",,,,
"US1MESM0010","44.923537","-70.027881","120.1","2021-10-31",,,"1.25",",,N",,,,
"US1MESM0010","44.923537","-70.027881","120.1","2021-11-01",,,"0.74",",,N",,,,
"US1MESM0010","44.923537","-70.027881","120.1","2021-11-02",,,"0.00",",,N","0.0",",,N",,
"US1MESM0010","44.923537","-70.027881","120.1","2021-11-03",,,"0.00",",,N","0.0",",,N",,
"US1MESM0010","44.923537","-70.027881","120.1","2021-11-04",,,"0.00","T,,N","0.0","T,,N",,
"US1MESM0010","44.923537","-70.027881","120.1","2021-11-05",,,"0.00",",,N","0.0",",,N",,
"US1MESM0010","44.923537","-70.027881","120.1","2021-11-06",,,"0.00",",,N","0.0",",,N",,
"US1MESM0010","44.923537","-70.027881","120.1","2021-11-07",,,"0.00",",,N","0.0",",,N",,
"US1MESM0010","44.923537","-70.027881","120.1","2021-11-08",,,"0.00","T,,N",,,,
"US1MESM0010","44.923537","-70.027881","120.1","2021-11-09",,,"0.00",",,N","0.0",",,N",,
"US1MESM0010","44.923537","-70.027881","120.1","2021-11-10",,,"0.00",",,N","0.0",",,N",,
"US1MESM0010","44.923537","-70.027881","120.1","2021-11-11",,,"0.01",",,N",,,,
"US1MESM0010","44.923537","-70.027881","120.1","2021-11-12",,,"0.00",",,N","0.0",",,N",,
"US1MESM0010","44.923537","-70.027881","120.1","2021-11-13",,,"1.44",",,N",,,,
"US1MESM0010","44.923537","-70.027881","120.1","2021-11-14",,,"0.02",",,N",,,,
"US1MESM0010","44.923537","-70.027881","120.1","2021-11-15",,,"0.14",",,N","0.6",",,N",,
"US1MESM0010","44.923537","-70.027881","120.1","2021-11-16",,,"0.00",",,N","0.0",",,N",,
"US1MESM0010","44.923537","-70.027881","120.1","2021-11-17",,,"0.00","T,,N","0.0","T,,N",,
"US1MESM0010","44.923537","-70.027881","120.1","2021-11-18",,,"0.37",",,N",,,,
"US1MESM0010","44.923537","-70.027881","120.1","2021-11-19",,,"0.10",",,N",,,,
"US1MESM0010","44.923537","-70.027881","120.1","2021-11-20",,,"0.00","T,,N","0.0","T,,N",,
"US1MESM0010","44.923537","-70.027881","120.1","2021-11-21",,,"0.00",",,N","0.0",",,N",,
"US1MESM0010","44.923537","-70.027881","120.1","2021-11-22",,,"0.16",",,N",,,,
"US1MESM0010","44.923537","-70.027881","120.1","2021-11-23",,,"0.08",",,N","0.0",",,N",,
"US1MESM0010","44.923537","-70.027881","120.1","2021-11-24",,,"0.00",",,N","0.0",",,N",,
"US1MESM0010","44.923537","-70.027881","120.1","2021-11-25",,,"0.00",",,N","0.0",",,N",,
"US1MESM0010","44.923537","-70.027881","120.1","2021-11-26",,,"0.00","T,,N","0.0",",,N",,
"US1MESM0010","44.923537","-70.027881","120.1","2021-11-27",,,"0.24",",,N","0.3",",,N",,
"US1MESM0010","44.923537","-70.027881","120.1","2021-11-28",,,"0.00",",,N","0.0",",,N",,
"US1MESM0017","44.932561","-69.5608367","117.0","2021-08-01",,,"0.00",",,N","0.0",",,N",,
"US1MESM0017","44.932561","-69.5608367","117.0","2021-08-02",,,"0.21",",,N",,,,
"US1MESM0017","44.932561","-69.5608367","117.0","2021-08-03",,,"0.12",",,N",,,,
"US1MESM0017","44.932561","-69.5608367","117.0","2021-08-04",,,"0.00",",,N","0.0",",,N",,
"US1MESM0017","44.932561","-69.5608367","117.0","2021-08-05",,,"0.00",",,N","0.0",",,N",,
"US1MESM0017","44.932561","-69.5608367","117.0","2021-08-06",,,"0.19",",,N",,,,
"US1MESM0017","44.932561","-69.5608367","117.0","2021-08-07",,,"0.00",",,N","0.0",",,N",,
"US1MESM0017","44.932561","-69.5608367","117.0","2021-08-08",,,"0.00",",,N","0.0",",,N",,
"US1MESM0017","44.932561","-69.5608367","117.0","2021-08-09",,,"0.00",",,N","0.0",",,N",,
"US1MESM0017","44.932561","-69.5608367","117.0","2021-08-10",,,"0.01",",,N",,,,
"US1MESM0017","44.932561","-69.5608367","117.0","2021-08-11",,,"0.00",",,N","0.0",",,N",,
"US1MESM0017","44.932561","-69.5608367","117.0","2021-08-12",,,"0.53",",,N",,,,
"US1MESM0017","44.932561","-69.5608367","117.0","2021-08-13",,,"0.34",",,N",,,,
"US1MESM0017","44.932561","-69.5608367","117.0","2021-08-14",,,"0.00",",,N","0.0",",,N",,
"US1MESM0017","44.932561","-69.5608367","117.0","2021-08-15",,,"0.53",",,N",,,,
"US1MESM0017","44.932561","-69.5608367","117.0","2021-08-16",,,"0.00",",,N","0.0",",,N",,
"US1MESM0017","44.932561","-69.5608367","117.0","2021-08-17",,,"0.00",",,N","0.0",",,N",,
"US1MESM0017","44.932561","-69.5608367","117.0","2021-08-19",,,"0.15",",,N",,,,
"US1MESM0017","44.932561","-69.5608367","117.0","2021-08-20",,,"0.41",",,N",,,,
"US1MESM0017","44.932561","-69.5608367","117.0","2021-08-21",,,"0.00",",,N","0.0",",,N",,
"US1MESM0017","44.932561","-69.5608367","117.0","2021-08-22",,,"0.00",",,N","0.0",",,N",,
"US1MESM0017","44.932561","-69.5608367","117.0","2021-08-23",,,"0.10",",,N",,,,
"US1MESM0017","44.932561","-69.5608367","117.0","2021-08-25",,,,,,,,
"US1MESM0017","44.932561","-69.5608367","117.0","2021-08-26",,,"0.00",",,N","0.0",",,N",,
"US1MESM0017","44.932561","-69.5608367","117.0","2021-08-27",,,"0.00",",,N","0.0",",,N",,
"US1MESM0017","44.932561","-69.5608367","117.0","2021-08-28",,,"0.00",",,N","0.0",",,N",,
"US1MESM0017","44.932561","-69.5608367","117.0","2021-08-29",,,"0.13",",,N",,,,
"US1MESM0017","44.932561","-69.5608367","117.0","2021-08-31",,,,,,,,
"US1MESM0017","44.932561","-69.5608367","117.0","2021-09-02",,,"0.64",",,N",,,,
"US1MESM0017","44.932561","-69.5608367","117.0","2021-09-03",,,"0.00",",,N","0.0",",,N",,
"US1MESM0017","44.932561","-69.5608367","117.0","2021-09-04",,,"0.04",",,N",,,,
"US1MESM0017","44.932561","-69.5608367","117.0","2021-09-05",,,"0.00",",,N","0.0",",,N",,
"US1MESM0017","44.932561","-69.5608367","117.0","2021-09-07",,,,,,,,
"US1MESM0017","44.932561","-69.5608367","117.0","2021-09-10",,,,,,,,
"US1MESM0017","44.932561","-69.5608367","117.0","2021-09-11",,,"0.06",",,N",,,,
"US1MESM0017","44.932561","-69.5608367","117.0","2021-09-12",,,"0.00",",,N","0.0",",,N",,
"US1MESM0017","44.932561","-69.5608367","117.0","2021-09-13",,,"0.00",",,N","0.0",",,N",,
"US1MESM0017","44.932561","-69.5608367","117.0","2021-09-14",,,"0.00",",,N","0.0",",,N",,
"US1MESM0017","44.932561","-69.5608367","117.0","2021-09-15",,,"0.00",",,N","0.0",",,N",,
"US1MESM0017","44.932561","-69.5608367","117.0","2021-09-16",,,"0.50",",,N",,,,
"US1MESM0017","44.932561","-69.5608367","117.0","2021-09-17",,,"0.00",",,N","0.0",",,N",,
"US1MESM0017","44.932561","-69.5608367","117.0","2021-09-19",,,"0.22",",,N",,,,
"US1MESM0017","44.932561","-69.5608367","117.0","2021-09-20",,,"0.00",",,N","0.0",",,N",,
"US1MESM0017","44.932561","-69.5608367","117.0","2021-09-21",,,"0.00",",,N","0.0",",,N",,
"US1MESM0017","44.932561","-69.5608367","117.0","2021-09-22",,,"0.03",",,N",,,,
"US1MESM0017","44.932561","-69.5608367","117.0","2021-09-23",,,"0.00",",,N","0.0",",,N",,
"US1MESM0017","44.932561","-69.5608367","117.0","2021-09-25",,,,,,,,
"US1MESM0017","44.932561","-69.5608367","117.0","2021-09-26",,,"1.29",",,N",,,,
"US1MESM0017","44.932561","-69.5608367","117.0","2021-09-27",,,"0.31",",,N",,,,
"US1MESM0017","44.932561","-69.5608367","117.0","2021-09-28",,,"0.05",",,N",,,,
"US1MESM0017","44.932561","-69.5608367","117.0","2021-09-29",,,"0.00",",,N","0.0",",,N",,
"US1MESM0017","44.932561","-69.5608367","117.0","2021-09-30",,,"0.05",",,N",,,,
"US1MESM0017","44.932561","-69.5608367","117.0","2021-10-01",,,"0.00",",,N","0.0",",,N",,
"US1MESM0017","44.932561","-69.5608367","117.0","2021-10-04",,,"0.00",",,N","0.0",",,N",,
"US1MESM0017","44.932561","-69.5608367","117.0","2021-10-05",,,"0.00",",,N","0.0",",,N",,
"US1MESM0017","44.932561","-69.5608367","117.0","2021-10-06",,,"0.00",",,N","0.0",",,N",,
"US1MESM0017","44.932561","-69.5608367","117.0","2021-10-07",,,"0.00",",,N","0.0",",,N",,
"US1MESM0017","44.932561","-69.5608367","117.0","2021-10-08",,,"0.00",",,N","0.0",",,N",,
"US1MESM0017","44.932561","-69.5608367","117.0","2021-10-09",,,"0.00",",,N","0.0",",,N",,
"US1MESM0017","44.932561","-69.5608367","117.0","2021-10-10",,,"0.00",",,N","0.0",",,N",,
"US1MESM0017","44.932561","-69.5608367","117.0","2021-10-11",,,"0.00",",,N","0.0",",,N",,
"US1MESM0017","44.932561","-69.5608367","117.0","2021-10-12",,,"0.00",",,N","0.0",",,N",,
"US1MESM0017","44.932561","-69.5608367","117.0","2021-10-13",,,"0.00",",,N","0.0",",,N",,
"US1MESM0017","44.932561","-69.5608367","117.0","2021-10-24",,,,,,,,
"US1MESM0017","44.932561","-69.5608367","117.0","2021-10-25",,,"0.00",",,N","0.0",",,N",,
"US1MESM0017","44.932561","-69.5608367","117.0","2021-10-26",,,"0.04",",,N",,,,
"US1MESM0017","44.932561","-69.5608367","117.0","2021-10-28",,,"0.00",",,N","0.0",",,N",,
"US1MESM0017","44.932561","-69.5608367","117.0","2021-10-29",,,"0.00",",,N","0.0",",,N",,
"US1MESM0017","44.932561","-69.5608367","117.0","2021-10-30",,,"0.00",",,N","0.0",",,N",,
"US1MESM0017","44.932561","-69.5608367","117.0","2021-11-01",,,"0.27",",,N",,,,
"US1MESM0017","44.932561","-69.5608367","117.0","2021-11-02",,,"0.00",",,N","0.0",",,N",,
"US1MESM0017","44.932561","-69.5608367","117.0","2021-11-03",,,"0.00",",,N","0.0",",,N",,
"US1MESM0017","44.932561","-69.5608367","117.0","2021-11-04",,,"0.00",",,N","0.0",",,N",,
"US1MESM0017","44.932561","-69.5608367","117.0","2021-11-05",,,"0.00",",,N","0.0",",,N",,
"US1MESM0017","44.932561","-69.5608367","117.0","2021-11-06",,,"0.00",",,N","0.0",",,N",,
"US1MESM0017","44.932561","-69.5608367","117.0","2021-11-08",,,"0.00",",,N","0.0",",,N",,
"US1MESM0017","44.932561","-69.5608367","117.0","2021-11-09",,,"0.00",",,N","0.0",",,N",,
"US1MESM0017","44.932561","-69.5608367","117.0","2021-11-10",,,"0.00",",,N","0.0",",,N",,
"US1MESM0017","44.932561","-69.5608367","117.0","2021-11-11",,,"0.00",",,N","0.0",",,N",,
"US1MESM0017","44.932561","-69.5608367","117.0","2021-11-12",,,"0.00",",,N","0.0",",,N",,
"US1MESM0017","44.932561","-69.5608367","117.0","2021-11-13",,,"1.20",",,N",,,,
"US1MESM0017","44.932561","-69.5608367","117.0","2021-11-14",,,"0.00",",,N","0.0",",,N",,
"US1MESM0017","44.932561","-69.5608367","117.0","2021-11-15",,,"0.14",",,N","0.0",",,N",,
"US1MESM0017","44.932561","-69.5608367","117.0","2021-11-16",,,"0.05",",,N",,,,
"US1MESM0017","44.932561","-69.5608367","117.0","2021-11-17",,,"0.00",",,N","0.0",",,N",,
"US1MESM0017","44.932561","-69.5608367","117.0","2021-11-18",,,"0.34",",,N",,,,
"US1MESM0017","44.932561","-69.5608367","117.0","2021-11-19",,,"0.25",",,N",,,,
"US1MESM0017","44.932561","-69.5608367","117.0","2021-11-20",,,"0.00",",,N","0.0",",,N",,
"US1MESM0017","44.932561","-69.5608367","117.0","2021-11-21",,,"0.00",",,N","0.0",",,N",,
"US1MESM0017","44.932561","-69.5608367","117.0","2021-11-22",,,"0.26",",,N",,,,
"US1MESM0017","44.932561","-69.5608367","117.0","2021-11-23",,,"0.14",",,N",,,,
"US1MESM0017","44.932561","-69.5608367","117.0","2021-11-24",,,"0.00",",,N","0.0",",,N",,
"US1MESM0017","44.932561","-69.5608367","117.0","2021-11-25",,,"0.00",",,N","0.0",",,N",,
"US1MESM0017","44.932561","-69.5608367","117.0","2021-11-26",,,"0.00",",,N","0.0",",,N",,
"US1MESM0017","44.932561","-69.5608367","117.0","2021-11-27",,,"0.00",",,N","0.0",",,N",,
"USC00172765","44.68938","-70.15646","123.4","2021-08-01",,,"0.00","T,,7,2400","0.0",",,7,2400",,
"USC00172765","44.68938","-70.15646","123.4","2021-08-02",,,"0.44",",,7,2400","0.0",",,7,2400",,
"USC00172765","44.68938","-70.15646","123.4","2021-08-03",,,"0.00",",,7,2400","0.0",",,7,2400",,
"USC00172765","44.68938","-70.15646","123.4","2021-08-04",,,"0.00",",,7,2400","0.0",",,7,2400",,
"USC00172765","44.68938","-70.15646","123.4","2021-08-05",,,"0.08",",,7,2400","0.0",",,7,2400",,
"USC00172765","44.68938","-70.15646","123.4","2021-08-06",,,"0.00",",,7,2400","0.0",",,7,2400",,
"USC00172765","44.68938","-70.15646","123.4","2021-08-07",,,"0.00","T,,7,2400","0.0",",,7,2400",,
"USC00172765","44.68938","-70.15646","123.4","2021-08-08",,,"0.28",",,7,2400","0.0",",,7,2400",,
"USC00172765","44.68938","-70.15646","123.4","2021-08-09",,,"0.00",",,7,2400","0.0",",,7,2400",,
"USC00172765","44.68938","-70.15646","123.4","2021-08-10",,,"0.00",",,7,2400","0.0",",,7,2400",,
"USC00172765","44.68938","-70.15646","123.4","2021-08-11",,,"0.00",",,7,2400","0.0",",,7,2400",,
"USC00172765","44.68938","-70.15646","123.4","2021-08-12",,,"0.00","T,,7,2400","0.0",",,7,2400",,
"USC00172765","44.68938","-70.15646","123.4","2021-08-13",,,"0.00",",,7,2400","0.0",",,7,2400",,
"USC00172765","44.68938","-70.15646","123.4","2021-08-14",,,"0.46",",,7,2400","0.0",",,7,2400",,
"USC00172765","44.68938","-70.15646","123.4","2021-08-15",,,"0.00",",,7,2400","0.0",",,7,2400",,
"USC00172765","44.68938","-70.15646","123.4","2021-08-16",,,"0.00",",,7,2400","0.0",",,7,2400",,
"USC00172765","44.68938","-70.15646","123.4","2021-08-17",,,"0.00",",,7,2400","0.0",",,7,2400",,
"USC00172765","44.68938","-70.15646","123.4","2021-08-18",,,"0.34",",,7,2400","0.0",",,7,2400",,
"USC00172765","44.68938","-70.15646","123.4","2021-08-19",,,"0.12",",,7,2400","0.0",",,7,2400",,
"USC00172765","44.68938","-70.15646","123.4","2021-08-20",,,"0.02",",,7,2400","0.0",",,7,2400",,
"USC00172765","44.68938","-70.15646","123.4","2021-08-21",,,"0.00","T,,7,2400","0.0",",,7,2400",,
"USC00172765","44.68938","-70.15646","123.4","2021-08-22",,,"0.22",",,7,2400","0.0",",,7,2400",,
"USC00172765","44.68938","-70.15646","123.4","2021-08-23",,,"0.12",",,7,2400","0.0",",,7,2400",,
"USC00172765","44.68938","-70.15646","123.4","2021-08-24",,,"0.00",",,7,2400","0.0",",,7,2400",,
"USC00172765","44.68938","-70.15646","123.4","2021-08-25",,,"0.00",",,7,2400","0.0",",,7,2400",,
"USC00172765","44.68938","-70.15646","123.4","2021-08-26",,,"0.00",",,7,2400","0.0",",,7,2400",,
"USC00172765","44.68938","-70.15646","123.4","2021-08-27",,,"0.00",",,7,2400","0.0",",,7,2400",,
"USC00172765","44.68938","-70.15646","123.4","2021-08-28",,,"0.16",",,7,2400","0.0",",,7,2400",,
"USC00172765","44.68938","-70.15646","123.4","2021-08-29",,,"0.14",",,7,2400","0.0",",,7,2400",,
"USC00172765","44.68938","-70.15646","123.4","2021-08-30",,,"0.20",",,7,2400","0.0",",,7,2400",,
"USC00172765","44.68938","-70.15646","123.4","2021-08-31",,,"0.00",",,7,2400","0.0",",,7,2400",,
"USC00172765","44.68938","-70.15646","123.4","2021-09-01",,,"0.00",",,7,2400","0.0",",,7,2400",,
"USC00172765","44.68938","-70.15646","123.4","2021-09-02",,,"0.66",",,7,2400","0.0",",,7,2400",,
"USC00172765","44.68938","-70.15646","123.4","2021-09-03",,,"0.02",",,7,2400","0.0",",,7,2400",,
"USC00172765","44.68938","-70.15646","123.4","2021-09-04",,,"0.00",",,7,2400","0.0",",,7,2400",,
"USC00172765","44.68938","-70.15646","123.4","2021-09-05",,,"0.20",",,7,2400","0.0",",,7,2400",,
"USC00172765","44.68938","-70.15646","123.4","2021-09-06",,,"0.52",",,7,2400","0.0",",,7,2400",,
"USC00172765","44.68938","-70.15646","123.4","2021-09-07",,,"0.00",",,7,2400","0.0",",,7,2400",,
"USC00172765","44.68938","-70.15646","123.4","2021-09-08",,,"0.00",",,7,2400","0.0",",,7,2400",,
"USC00172765","44.68938","-70.15646","123.4","2021-09-09",,,"1.46",",,7,2400","0.0",",,7,2400",,
"USC00172765","44.68938","-70.15646","123.4","2021-09-10",,,"0.40",",,7,2400","0.0",",,7,2400",,
"USC00172765","44.68938","-70.15646","123.4","2021-09-11",,,"0.00",",,7,2400","0.0",",,7,2400",,
"USC00172765","44.68938","-70.15646","123.4","2021-09-12",,,"0.00",",,7,2400","0.0",",,7,2400",,
"USC00172765","44.68938","-70.15646","123.4","2021-09-13",,,"0.00",",,7,2400","0.0",",,7,2400",,
"USC00172765","44.68938","-70.15646","123.4","2021-09-14",,,"0.00",",,7,2400","0.0",",,7,2400",,
"USC00172765","44.68938","-70.15646","123.4","2021-09-15",,,"0.62",",,7,2400","0.0",",,7,2400",,
"USC00172765","44.68938","-70.15646","123.4","2021-09-16",,,"0.00",",,7,2400","0.0",",,7,2400",,
"USC00172765","44.68938","-70.15646","123.4","2021-09-17",,,"0.00",",,7,2400","0.0",",,7,2400",,
"USC00172765","44.68938","-70.15646","123.4","2021-09-18",,,"0.00","T,,7,2400","0.0",",,7,2400",,
"USC00172765","44.68938","-70.15646","123.4","2021-09-19",,,"0.42",",,7,2400","0.0",",,7,2400",,
"USC00172765","44.68938","-70.15646","123.4","2021-09-20",,,"0.00",",,7,2400","0.0",",,7,2400",,
"USC00172765","44.68938","-70.15646","123.4","2021-09-21",,,"0.00",",,7,2400","0.0",",,7,2400",,
"USC00172765","44.68938","-70.15646","123.4","2021-09-22",,,"0.06",",,7,2400","0.0",",,7,2400",,
"USC00172765","44.68938","-70.15646","123.4","2021-09-23",,,"0.00","T,,7,2400","0.0",",,7,2400",,
"USC00172765","44.68938","-70.15646","123.4","2021-09-24",,,"0.76",",,7,2400","0.0",",,7,2400",,
"USC00172765","44.68938","-70.15646","123.4","2021-09-25",,,"0.00",",,7,2400","0.0",",,7,2400",,
"USC00172765","44.68938","-70.15646","123.4","2021-09-26",,,"0.12",",,7,2400","0.0",",,7,2400",,
"USC00172765","44.68938","-70.15646","123.4","2021-09-27",,,"0.00",",,7,2400","0.0",",,7,2400",,
"USC00172765","44.68938","-70.15646","123.4","2021-09-28",,,"0.00",",,7,2400","0.0",",,7,2400",,
"USC00172765","44.68938","-70.15646","123.4","2021-09-29",,,"0.04",",,7,2400","0.0",",,7,2400",,
"USC00172765","44.68938","-70.15646","123.4","2021-09-30",,,"0.10",",,7,2400","0.0",",,7,2400",,
"USC00172765","44.68938","-70.15646","123.4","2021-10-01",,,"0.00",",,7,2400","0.0",",,7,2400",,
"USC00172765","44.68938","-70.15646","123.4","2021-10-02",,,"0.02",",,7,2400","0.0",",,7,2400",,
"USC00172765","44.68938","-70.15646","123.4","2021-10-03",,,"0.02",",,7,2400","0.0",",,7,2400",,
"USC00172765","44.68938","-70.15646","123.4","2021-10-04",,,"0.00",",,7,2400","0.0",",,7,2400",,
"USC00172765","44.68938","-70.15646","123.4","2021-10-05",,,"0.00",",,7,2400","0.0",",,7,2400",,
"USC00172765","44.68938","-70.15646","123.4","2021-10-06",,,"0.00",",,7,2400","0.0",",,7,2400",,
"USC00172765","44.68938","-70.15646","123.4","2021-10-07",,,"0.00",",,7,2400","0.0",",,7,2400",,
"USC00172765","44.68938","-70.15646","123.4","2021-10-08",,,"0.00",",,7,2400","0.0",",,7,2400",,
"USC00172765","44.68938","-70.15646","123.4","2021-10-09",,,"0.00",",,7,2400","0.0",",,7,2400",,
"USC00172765","44.68938","-70.15646","123.4","2021-10-10",,,"0.00",",,7,2400","0.0",",,7,2400",,
"USC00172765","44.68938","-70.15646","123.4","2021-10-11",,,"0.00",",,7,2400","0.0",",,7,2400",,
"USC00172765","44.68938","-70.15646","123.4","2021-10-12",,,"0.00",",,7,2400","0.0",",,7,2400",,
"USC00172765","44.68938","-70.15646","123.4","2021-10-13",,,"0.00",",,7,2400","0.0",",,7,2400",,
"USC00172765","44.68938","-70.15646","123.4","2021-10-14",,,"0.00",",,7,2400","0.0",",,7,2400",,
"USC00172765","44.68938","-70.15646","123.4","2021-10-15",,,"0.02",",,7,2400","0.0",",,7,2400",,
"USC00172765","44.68938","-70.15646","123.4","2021-10-16",,,"0.66",",,7,2400","0.0",",,7,2400",,
"USC00172765","44.68938","-70.15646","123.4","2021-10-17",,,"0.28",",,7,2400","0.0",",,7,2400",,
"USC00172765","44.68938","-70.15646","123.4","2021-10-18",,,"0.00",",,7,2400","0.0",",,7,2400",,
"USC00172765","44.68938","-70.15646","123.4","2021-10-19",,,"0.00",",,7,2400","0.0",",,7,2400",,
"USC00172765","44.68938","-70.15646","123.4","2021-10-20",,,"0.00",",,7,2400","0.0",",,7,2400",,
"USC00172765","44.68938","-70.15646","123.4","2021-10-21",,,"0.12",",,7,2400","0.0",",,7,2400",,
"USC00172765","44.68938","-70.15646","123.4","2021-10-22",,,"0.12",",,7,2400","0.0",",,7,2400",,
"USC00172765","44.68938","-70.15646","123.4","2021-10-23",,,"0.00",",,7,2400","0.0",",,7,2400",,
"USC00172765","44.68938","-70.15646","123.4","2021-10-24",,,"0.00",",,7,2400","0.0",",,7,2400",,
"USC00172765","44.68938","-70.15646","123.4","2021-10-25",,,"0.10",",,7,2400","0.0",",,7,2400",,
"USC00172765","44.68938","-70.15646","123.4","2021-10-26",,,"0.30",",,7,2400","0.0",",,7,2400",,
"USC00172765","44.68938","-70.15646","123.4","2021-10-27",,,"0.12",",,7,2400","0.0",",,7,2400",,
"USC00172765","44.68938","-70.15646","123.4","2021-10-28",,,"0.00",",,7,2400","0.0",",,7,2400",,
"USC00172765","44.68938","-70.15646","123.4","2021-10-29",,,"0.00",",,7,2400","0.0",",,7,2400",,
"USC00172765","44.68938","-70.15646","123.4","2021-10-30",,,"0.72",",,7,2400","0.0",",,7,2400",,
"USC00172765","44.68938","-70.15646","123.4","2021-10-31",,,"1.82",",,7,2400","0.0",",,7,2400",,
"USC00172765","44.68938","-70.15646","123.4","2021-11-01",,,"0.00",",,H,2400","0.0",",,H,2400",,
"USC00172765","44.68938","-70.15646","123.4","2021-11-02",,,"0.00",",,H,2400","0.0",",,H,2400",,
"USC00172765","44.68938","-70.15646","123.4","2021-11-12",,,"1.75",",,H,2400","0.0",",,H,2400",,
"USC00172765","44.68938","-70.15646","123.4","2021-11-13",,,"0.08",",,H,2400","0.0",",,H,2400",,
"USC00172765","44.68938","-70.15646","123.4","2021-11-14",,,"0.00",",,H,2400","0.0",",,H,2400",,
"USC00172765","44.68938","-70.15646","123.4","2021-11-17",,,"0.05",",,H,2400","0.0",",,H,2400",,
"USC00172765","44.68938","-70.15646","123.4","2021-11-18",,,"0.11",",,H,2400","0.0",",,H,2400",,
"USC00172765","44.68938","-70.15646","123.4","2021-11-19",,,"0.04",",,H,2400","0.0",",,H,2400",,
"USC00172765","44.68938","-70.15646","123.4","2021-11-24",,,"0.00",",,H,2400","0.0",",,H,2400",,
"USC00172765","44.68938","-70.15646","123.4","2021-11-25",,,"0.00",",,H,2400","0.0",",,H,2400",,
"USC00172765","44.68938","-70.15646","123.4","2021-11-26",,,"0.22",",,H,2400","0.8",",,H,2400",,
"USC00172765","44.68938","-70.15646","123.4","2021-11-27",,,"0.02",",,H,2400","0.0",",,H,2400",,
"USC00172765","44.68938","-70.15646","123.4","2021-11-28",,,"0.00",",,H,2400","0.0",",,H,2400",,
"USR0000LEVA","31.185","-92.6314","56.4","2021-08-01",,,,,,,"84",",,U"
"USR0000LEVA","31.185","-92.6314","56.4","2021-08-02",,,,,,,"78",",,U"
"USR0000LEVA","31.185","-92.6314","56.4","2021-08-03",,,,,,,"78",",,U"
"USR0000LEVA","31.185","-92.6314","56.4","2021-08-04",,,,,,,"78",",,U"
"USR0000LEVA","31.185","-92.6314","56.4","2021-08-05",,,,,,,"76",",,U"
"USR0000LEVA","31.185","-92.6314","56.4","2021-08-06",,,,,,,"79",",,U"
"USR0000LEVA","31.185","-92.6314","56.4","2021-08-07",,,,,,,"80",",,U"
"USR0000LEVA","31.185","-92.6314","56.4","2021-08-08",,,,,,,"83",",,U"
"USR0000LEVA","31.185","-92.6314","56.4","2021-08-09",,,,,,,"83",",,U"
"USR0000LEVA","31.185","-92.6314","56.4","2021-08-10",,,,,,,"85",",,U"
"USR0000LEVA","31.185","-92.6314","56.4","2021-08-11",,,,,,,"82",",,U"
"USR0000LEVA","31.185","-92.6314","56.4","2021-08-12",,,,,,,"80",",,U"
"USR0000LEVA","31.185","-92.6314","56.4","2021-08-13",,,,,,,"82",",,U"
"USR0000LEVA","31.185","-92.6314","56.4","2021-08-14",,,,,,,"81",",,U"
"USR0000LEVA","31.185","-92.6314","56.4","2021-08-15",,,,,,,"80",",,U"
"USR0000LEVA","31.185","-92.6314","56.4","2021-08-16",,,,,,,"80",",,U"
"USR0000LEVA","31.185","-92.6314","56.4","2021-08-17",,,,,,,"82",",,U"
"USR0000LEVA","31.185","-92.6314","56.4","2021-08-18",,,,,,,"81",",,U"
"USR0000LEVA","31.185","-92.6314","56.4","2021-08-19",,,,,,,"79",",,U"
"USR0000LEVA","31.185","-92.6314","56.4","2021-08-20",,,,,,,"83",",,U"
"USR0000LEVA","31.185","-92.6314","56.4","2021-08-21",,,,,,,"83",",,U"
"USR0000LEVA","31.185","-92.6314","56.4","2021-08-22",,,,,,,"85",",,U"
"USR0000LEVA","31.185","-92.6314","56.4","2021-08-23",,,,,,,"85",",,U"
"USR0000LEVA","31.185","-92.6314","56.4","2021-08-24",,,,,,,"84",",,U"
"USR0000LEVA","31.185","-92.6314","56.4","2021-08-25",,,,,,,"84",",,U"
"USR0000LEVA","31.185","-92.6314","56.4","2021-08-26",,,,,,,"81",",,U"
"USR0000LEVA","31.185","-92.6314","56.4","2021-08-27",,,,,,,"81",",,U"
"USR0000LEVA","31.185","-92.6314","56.4","2021-08-28",,,,,,,"80",",,U"
"USR0000LEVA","31.185","-92.6314","56.4","2021-08-29",,,,,,,"80",",,U"
"USR0000LEVA","31.185","-92.6314","56.4","2021-08-30",,,,,,,"78",",,U"
"USR0000LEVA","31.185","-92.6314","56.4","2021-08-31",,,,,,,"82",",,U"
"USR0000LEVA","31.185","-92.6314","56.4","2021-09-01",,,,,,,"82",",,U"
"USR0000LEVA","31.185","-92.6314","56.4","2021-09-02",,,,,,,"78",",,U"
"USR0000LEVA","31.185","-92.6314","56.4","2021-09-03",,,,,,,"80",",,U"
"USR0000LEVA","31.185","-92.6314","56.4","2021-09-04",,,,,,,"83",",,U"
"USR0000LEVA","31.185","-92.6314","56.4","2021-09-05",,,,,,,"83",",,U"
"USR0000LEVA","31.185","-92.6314","56.4","2021-09-06",,,,,,,"76",",,U"
"USR0000LEVA","31.185","-92.6314","56.4","2021-09-07",,,,,,,"76",",,U"
"USR0000LEVA","31.185","-92.6314","56.4","2021-09-08",,,,,,,"78",",,U"
"USR0000LEVA","31.185","-92.6314","56.4","2021-09-09",,,,,,,"77",",,U"
"USR0000LEVA","31.185","-92.6314","56.4","2021-09-10",,,,,,,"71",",,U"
"USR0000LEVA","31.185","-92.6314","56.4","2021-09-11",,,,,,,"71",",,U"
"USR0000LEVA","31.185","-92.6314","56.4","2021-09-12",,,,,,,"75",",,U"
"USR0000LEVA","31.185","-92.6314","56.4","2021-09-13",,,,,,,"78",",,U"
"USR0000LEVA","31.185","-92.6314","56.4","2021-09-14",,,,,,,"73",",,U"
"USR0000LEVA","31.185","-92.6314","56.4","2021-09-15",,,,,,,"73",",,U"
"USR0000LEVA","31.185","-92.6314","56.4","2021-09-16",,,,,,,"74",",,U"
"USR0000LEVA","31.185","-92.6314","56.4","2021-09-17",,,,,,,"78",",,U"
"USR0000LEVA","31.185","-92.6314","56.4","2021-09-18",,,,,,,"79",",,U"
"USR0000LEVA","31.185","-92.6314","56.4","2021-09-19",,,,,,,"77",",,U"
"USR0000LEVA","31.185","-92.6314","56.4","2021-09-20",,,,,,,"79",",,U"
"USR0000LEVA","31.185","-92.6314","56.4","2021-09-21",,,,,,,"81",",,U"
"USR0000LEVA","31.185","-92.6314","56.4","2021-09-22",,,,,,,"69",",,U"
"USR0000LEVA","31.185","-92.6314","56.4","2021-09-23",,,,,,,"65",",,U"
"USR0000LEVA","31.185","-92.6314","56.4","2021-09-24",,,,,,,"65",",,U"
"USR0000LEVA","31.185","-92.6314","56.4","2021-09-25",,,,,,,"67",",,U"
"USR0000LEVA","31.185","-92.6314","56.4","2021-09-26",,,,,,,"69",",,U"
"USR0000LEVA","31.185","-92.6314","56.4","2021-09-27",,,,,,,"76",",,U"
"USR0000LEVA","31.185","-92.6314","56.4","2021-09-28",,,,,,,"72",",,U"
"USR0000LEVA","31.185","-92.6314","56.4","2021-09-29",,,,,,,"73",",,U"
"USR0000LEVA","31.185","-92.6314","56.4","2021-09-30",,,,,,,"76",",,U"
"USR0000LEVA","31.185","-92.6314","56.4","2021-10-01",,,,,,,"76",",,U"
"USR0000LEVA","31.185","-92.6314","56.4","2021-10-02",,,,,,,"74",",,U"
"USR0000LEVA","31.185","-92.6314","56.4","2021-10-03",,,,,,,"74",",,U"
"USR0000LEVA","31.185","-92.6314","56.4","2021-10-04",,,,,,,"74",",,U"
"USR0000LEVA","31.185","-92.6314","56.4","2021-10-05",,,,,,,"71",",,U"
"USR0000LEVA","31.185","-92.6314","56.4","2021-10-06",,,,,,,"70",",,U"
"USR0000LEVA","31.185","-92.6314","56.4","2021-10-07",,,,,,,"71",",,U"
"USR0000LEVA","31.185","-92.6314","56.4","2021-10-08",,,,,,,"72",",,U"
"USR0000LEVA","31.185","-92.6314","56.4","2021-10-09",,,,,,,"73",",,U"
"USR0000LEVA","31.185","-92.6314","56.4","2021-10-10",,,,,,,"76",",,U"
"USR0000LEVA","31.185","-92.6314","56.4","2021-10-11",,,,,,,"77",",,U"
"USR0000LEVA","31.185","-92.6314","56.4","2021-10-12",,,,,,,"77",",,U"
"USR0000LEVA","31.185","-92.6314","56.4","2021-10-13",,,,,,,"77",",,U"
"USR0000LEVA","31.185","-92.6314","56.4","2021-10-14",,,,,,,"76",",,U"
"USR0000LEVA","31.185","-92.6314","56.4","2021-10-15",,,,,,,"79",",,U"
"USR0000LEVA","31.185","-92.6314","56.4","2021-10-16",,,,,,,"62",",,U"
"USR0000LEVA","31.185","-92.6314","56.4","2021-10-17",,,,,,,"57",",,U"
"USR0000LEVA","31.185","-92.6314","56.4","2021-10-18",,,,,,,"58",",,U"
"USR0000LEVA","31.185","-92.6314","56.4","2021-10-19",,,,,,,"61",",,U"
"USR0000LEVA","31.185","-92.6314","56.4","2021-10-20",,,,,,,"69",",,U"
"USR0000LEVA","31.185","-92.6314","56.4","2021-10-21",,,,,,,"75",",,U"
"USR0000LEVA","31.185","-92.6314","56.4","2021-10-22",,,,,,,"71",",,U"
"USR0000LEVA","31.185","-92.6314","56.4","2021-10-23",,,,,,,"72",",,U"
"USR0000LEVA","31.185","-92.6314","56.4","2021-10-24",,,,,,,"75",",,U"
"USR0000LEVA","31.185","-92.6314","56.4","2021-10-25",,,,,,,"75",",,U"
"USR0000LEVA","31.185","-92.6314","56.4","2021-10-26",,,,,,,"71",",,U"
"USR0000LEVA","31.185","-92.6314","56.4","2021-10-27",,,,,,,"69",",,U"
"USR0000LEVA","31.185","-92.6314","56.4","2021-10-28",,,,,,,"61",",,U"
"USR0000LEVA","31.185","-92.6314","56.4","2021-10-29",,,,,,,"60",",,U"
"USR0000LEVA","31.185","-92.6314","56.4","2021-10-30",,,,,,,"57",",,U"
"USR0000LEVA","31.185","-92.6314","56.4","2021-10-31",,,,,,,"58",",,U"
"USR0000LEVA","31.185","-92.6314","56.4","2021-11-01",,,,,,,"59",",,U"
"USR0000LEVA","31.185","-92.6314","56.4","2021-11-02",,,,,,,"59",",,U"
"USR0000LEVA","31.185","-92.6314","56.4","2021-11-03",,,,,,,"51",",,U"
"USR0000LEVA","31.185","-92.6314","56.4","2021-11-04",,,,,,,"48",",,U"
"USR0000LEVA","31.185","-92.6314","56.4","2021-11-05",,,,,,,"49",",,U"
"USR0000LEVA","31.185","-92.6314","56.4","2021-11-06",,,,,,,"46",",,U"
"USR0000LEVA","31.185","-92.6314","56.4","2021-11-07",,,,,,,"50",",,U"
"USR0000LEVA","31.185","-92.6314","56.4","2021-11-08",,,,,,,"54",",,U"
"USR0000LEVA","31.185","-92.6314","56.4","2021-11-09",,,,,,,"55",",,U"
"USR0000LEVA","31.185","-92.6314","56.4","2021-11-10",,,,,,,"60",",,U"
"USR0000LEVA","31.185","-92.6314","56.4","2021-11-11",,,,,,,"60",",,U"
"USR0000LEVA","31.185","-92.6314","56.4","2021-11-12",,,,,,,"57",",,U"
"USR0000LEVA","31.185","-92.6314","56.4","2021-11-13",,,,,,,"47",",,U"
"USR0000LEVA","31.185","-92.6314","56.4","2021-11-14",,,,,,,"53",",,U"
"USR0000LEVA","31.185","-92.6314","56.4","2021-11-15",,,,,,,"61",",,U"
"USR0000LEVA","31.185","-92.6314","56.4","2021-11-16",,,,,,,"67",",,U"
"USR0000LEVA","31.185","-92.6314","56.4","2021-11-17",,,,,,,"69",",,U"
"USR0000LEVA","31.185","-92.6314","56.4","2021-11-18",,,,,,,"56",",,U"
"USR0000LEVA","31.185","-92.6314","56.4","2021-11-19",,,,,,,"48",",,U"
"USR0000LEVA","31.185","-92.6314","56.4","2021-11-20",,,,,,,"53",",,U"
"USR0000LEVA","31.185","-92.6314","56.4","2021-11-21",,,,,,,"65",",,U"
"USR0000LEVA","31.185","-92.6314","56.4","2021-11-22",,,,,,,"57",",,U"
"USR0000LEVA","31.185","-92.6314","56.4","2021-11-23",,,,,,,"48",",,U"
"USR0000LEVA","31.185","-92.6314","56.4","2021-11-24",,,,,,,"58",",,U"
"USR0000LEVA","31.185","-92.6314","56.4","2021-11-25",,,,,,,"59",",,U"
"USR0000LEVA","31.185","-92.6314","56.4","2021-11-26",,,,,,,"46",",,U"
"USR0000LEVA","31.185","-92.6314","56.4","2021-11-27",,,,,,,"45",",,U"
"USR0000LEVA","31.185","-92.6314","56.4","2021-11-28",,,,,,,"50",",,U"
"USC00170583","44.32","-70.7568","240.8","2021-08-01",,,"0.00",",,7,0700","0.0",",,7,0700",,
"USC00170583","44.32","-70.7568","240.8","2021-08-02",,,"0.70",",,7,0700","0.0",",,7,0700",,
"USC00170583","44.32","-70.7568","240.8","2021-08-03",,,"0.00",",,7,0700","0.0",",,7,0700",,
"USC00170583","44.32","-70.7568","240.8","2021-08-04",,,"0.00",",,7,0700","0.0",",,7,0700",,
"USC00170583","44.32","-70.7568","240.8","2021-08-05",,,"0.00",",,7,0700","0.0",",,7,0700",,
"USC00170583","44.32","-70.7568","240.8","2021-08-06",,,"0.04",",,7,0700","0.0",",,7,0700",,
"USC00170583","44.32","-70.7568","240.8","2021-08-07",,,"0.00",",,7,0700","0.0",",,7,0700",,
"USC00170583","44.32","-70.7568","240.8","2021-08-08",,,"0.11",",,7,0700","0.0",",,7,0700",,
"USC00170583","44.32","-70.7568","240.8","2021-08-09",,,"0.00",",,7,0700","0.0",",,7,0700",,
"USC00170583","44.32","-70.7568","240.8","2021-08-10",,,"0.00",",,7,0700","0.0",",,7,0700",,
"USC00170583","44.32","-70.7568","240.8","2021-08-11",,,"0.00",",,7,0700","0.0",",,7,0700",,
"USC00170583","44.32","-70.7568","240.8","2021-08-12",,,"0.00","T,,7,0700","0.0",",,7,0700",,
"USC00170583","44.32","-70.7568","240.8","2021-08-13",,,"0.00","T,,7,0700","0.0",",,7,0700",,
"USC00170583","44.32","-70.7568","240.8","2021-08-14",,,"0.00",",,7,0700","0.0",",,7,0700",,
"USC00170583","44.32","-70.7568","240.8","2021-08-15",,,"0.44",",,7,0700","0.0",",,7,0700",,
"USC00170583","44.32","-70.7568","240.8","2021-08-16",,,"0.00",",,7,0700","0.0",",,7,0700",,
"USC00170583","44.32","-70.7568","240.8","2021-08-17",,,"0.00",",,7,0700","0.0",",,7,0700",,
"USC00170583","44.32","-70.7568","240.8","2021-08-18",,,"0.00","T,,7,0700","0.0",",,7,0700",,
"USC00170583","44.32","-70.7568","240.8","2021-08-19",,,"0.43",",,7,0700","0.0",",,7,0700",,
"USC00170583","44.32","-70.7568","240.8","2021-08-20",,,"0.10",",,7,0700","0.0",",,7,0700",,
"USC00170583","44.32","-70.7568","240.8","2021-08-21",,,"0.00",",,7,0700","0.0",",,7,0700",,
"USC00170583","44.32","-70.7568","240.8","2021-08-22",,,"0.02",",,7,0700","0.0",",,7,0700",,
"USC00170583","44.32","-70.7568","240.8","2021-08-23",,,"0.17",",,7,0700","0.0",",,7,0700",,
"USC00170583","44.32","-70.7568","240.8","2021-08-24",,,"0.02",",,7,0700","0.0",",,7,0700",,
"USC00170583","44.32","-70.7568","240.8","2021-08-25",,,"0.00",",,7,0700","0.0",",,7,0700",,
"USC00170583","44.32","-70.7568","240.8","2021-08-26",,,"0.00",",,7,0700","0.0",",,7,0700",,
"USC00170583","44.32","-70.7568","240.8","2021-08-27",,,"0.00",",,7,0700","0.0",",,7,0700",,
"USC00170583","44.32","-70.7568","240.8","2021-08-28",,,"0.00",",,7,0700","0.0",",,7,0700",,
"USC00170583","44.32","-70.7568","240.8","2021-08-29",,,"0.04",",,7,0700","0.0",",,7,0700",,
"USC00170583","44.32","-70.7568","240.8","2021-08-30",,,"0.00",",,7,0700","0.0",",,7,0700",,
"USC00170583","44.32","-70.7568","240.8","2021-08-31",,,"0.15",",,7,0700","0.0",",,7,0700",,
"USC00170583","44.32","-70.7568","240.8","2021-09-01",,,"0.00",",,7,0700","0.0",",,7,0700",,
"USC00170583","44.32","-70.7568","240.8","2021-09-02",,,"0.80",",,7,0700","0.0",",,7,0700",,
"USC00170583","44.32","-70.7568","240.8","2021-09-03",,,"0.00",",,7,0700","0.0",",,7,0700",,
"USC00170583","44.32","-70.7568","240.8","2021-09-04",,,"0.04",",,7,0700","0.0",",,7,0700",,
"USC00170583","44.32","-70.7568","240.8","2021-09-05",,,"0.00",",,7,0700","0.0",",,7,0700",,
"USC00170583","44.32","-70.7568","240.8","2021-09-06",,,"0.15",",,7,0700","0.0",",,7,0700",,
"USC00170583","44.32","-70.7568","240.8","2021-09-07",,,"0.16",",,7,0700","0.0",",,7,0700",,
"USC00170583","44.32","-70.7568","240.8","2021-09-08",,,"0.00",",,7,0700","0.0",",,7,0700",,
"USC00170583","44.32","-70.7568","240.8","2021-09-09",,,"0.60",",,7,0700","0.0",",,7,0700",,
"USC00170583","44.32","-70.7568","240.8","2021-09-10",,,"0.73",",,7,0700","0.0",",,7,0700",,
"USC00170583","44.32","-70.7568","240.8","2021-09-11",,,"0.00",",,7,0700","0.0",",,7,0700",,
"USC00170583","44.32","-70.7568","240.8","2021-09-12",,,"0.00",",,7,0700","0.0",",,7,0700",,
"USC00170583","44.32","-70.7568","240.8","2021-09-13",,,"0.00",",,7,0700","0.0",",,7,0700",,
"USC00170583","44.32","-70.7568","240.8","2021-09-14",,,"0.00",",,7,0700","0.0",",,7,0700",,
"USC00170583","44.32","-70.7568","240.8","2021-09-15",,,"0.00",",,7,0700","0.0",",,7,0700",,
"USC00170583","44.32","-70.7568","240.8","2021-09-16",,,"0.44",",,7,0700","0.0",",,7,0700",,
"USC00170583","44.32","-70.7568","240.8","2021-09-17",,,"0.00",",,7,0700","0.0",",,7,0700",,
"USC00170583","44.32","-70.7568","240.8","2021-09-18",,,"0.00",",,7,0700","0.0",",,7,0700",,
"USC00170583","44.32","-70.7568","240.8","2021-09-19",,,"0.00",",,7,0700","0.0",",,7,0700",,
"USC00170583","44.32","-70.7568","240.8","2021-09-20",,,"0.00",",,7,0700","0.0",",,7,0700",,
"USC00170583","44.32","-70.7568","240.8","2021-09-21",,,"0.00",",,7,0700","0.0",",,7,0700",,
"USC00170583","44.32","-70.7568","240.8","2021-09-22",,,"0.00","T,,7,0700","0.0",",,7,0700",,
"USC00170583","44.32","-70.7568","240.8","2021-09-23",,,"0.34",",,7,0700","0.0",",,7,0700",,
"USC00170583","44.32","-70.7568","240.8","2021-09-24",,,"0.02",",,7,0700","0.0",",,7,0700",,
"USC00170583","44.32","-70.7568","240.8","2021-09-25",,,"0.67",",,7,0700","0.0",",,7,0700",,
"USC00170583","44.32","-70.7568","240.8","2021-09-26",,,"0.01",",,7,0700","0.0",",,7,0700",,
"USC00170583","44.32","-70.7568","240.8","2021-09-27",,,"0.00",",,7,0700","0.0",",,7,0700",,
"USC00170583","44.32","-70.7568","240.8","2021-09-28",,,"0.00",",,7,0700","0.0",",,7,0700",,
"USC00170583","44.32","-70.7568","240.8","2021-09-29",,,"0.00",",,7,0700","0.0",",,7,0700",,
"USC00170583","44.32","-70.7568","240.8","2021-09-30",,,"0.01",",,7,0700","0.0",",,7,0700",,
"USC00170583","44.32","-70.7568","240.8","2021-10-01",,,"0.00",",,H,0700",,,,
"USC00170583","44.32","-70.7568","240.8","2021-10-02",,,"0.00",",,H,0700",,,,
"USC00170583","44.32","-70.7568","240.8","2021-10-03",,,"0.02",",,H,0700",,,,
"USC00170583","44.32","-70.7568","240.8","2021-10-04",,,"0.23",",,H,0700",,,,
"USC00170583","44.32","-70.7568","240.8","2021-10-05",,,"0.00",",,H,0700",,,,
"USC00170583","44.32","-70.7568","240.8","2021-10-06",,,"0.00",",,H,0700",,,,
"USC00170583","44.32","-70.7568","240.8","2021-10-07",,,"0.00",",,H,0700",,,,
"USC00170583","44.32","-70.7568","240.8","2021-10-08",,,"0.00",",,H,0700",,,,
"USC00170583","44.32","-70.7568","240.8","2021-10-09",,,"0.00",",,H,0700",,,,
"USC00170583","44.32","-70.7568","240.8","2021-10-10",,,"0.00",",,H,0700",,,,
"USC00170583","44.32","-70.7568","240.8","2021-10-11",,,"0.00",",,H,0700",,,,
"USC00170583","44.32","-70.7568","240.8","2021-10-12",,,"0.00",",,H,0700",,,,
"USC00170583","44.32","-70.7568","240.8","2021-10-13",,,"0.00",",,H,0700",,,,
"USC00170583","44.32","-70.7568","240.8","2021-10-14",,,"0.00",",,H,0700",,,,
"USC00170583","44.32","-70.7568","240.8","2021-10-15",,,"0.00",",,H,0700",,,,
"USC00170583","44.32","-70.7568","240.8","2021-10-16",,,"0.22",",,H,0700",,,,
"USC00170583","44.32","-70.7568","240.8","2021-10-17",,,"0.69",",,H,0700",,,,
"USC00170583","44.32","-70.7568","240.8","2021-10-18",,,"0.00",",,H,0700",,,,
"USC00170583","44.32","-70.7568","240.8","2021-10-19",,,"0.00",",,H,0700",,,,
"USC00170583","44.32","-70.7568","240.8","2021-10-20",,,"0.00",",,H,0700",,,,
"USC00170583","44.32","-70.7568","240.8","2021-10-21",,,"0.00",",,H,0700",,,,
"USC00170583","44.32","-70.7568","240.8","2021-10-22",,,"0.13",",,H,0700",,,,
"USC00170583","44.32","-70.7568","240.8","2021-10-23",,,"0.00",",,H,0700",,,,
"USC00170583","44.32","-70.7568","240.8","2021-10-24",,,"0.00",",,H,0700",,,,
"USC00170583","44.32","-70.7568","240.8","2021-10-25",,,"0.03",",,H,0700","0.0",",,H,0700",,
"USC00170583","44.32","-70.7568","240.8","2021-10-26",,,"0.39",",,H,0700",,,,
"USC00170583","44.32","-70.7568","240.8","2021-10-28",,,"0.00",",,H,0700",,,,
"USC00170583","44.32","-70.7568","240.8","2021-10-29",,,"0.00",",,H,0700",,,,
"USC00170583","44.32","-70.7568","240.8","2021-10-30",,,"0.03",",,H,0700",,,,
"USC00170583","44.32","-70.7568","240.8","2021-10-31",,,"1.55",",,H,0700",,,,
"USC00170583","44.32","-70.7568","240.8","2021-11-01",,,"0.31",",,H,0700",,,,
"USC00170583","44.32","-70.7568","240.8","2021-11-02",,,"0.00",",,H,0700",,,,
"USC00170583","44.32","-70.7568","240.8","2021-11-03",,,"0.00",",,H,0700",,,,
"USC00170583","44.32","-70.7568","240.8","2021-11-04",,,"0.00",",,H,0700","0.0",",,H,0700",,
"USC00170583","44.32","-70.7568","240.8","2021-11-05",,,"0.00",",,H,0700","0.0",",,H,0700",,
"USC00170583","44.32","-70.7568","240.8","2021-11-06",,,"0.00",",,H,0700","0.0",",,H,0700",,
"USC00170583","44.32","-70.7568","240.8","2021-11-07",,,"0.00",",,H,0700","0.0",",,H,0700",,
"USC00170583","44.32","-70.7568","240.8","2021-11-08",,,"0.00",",,H,0700","0.0",",,H,0700",,
"USC00170583","44.32","-70.7568","240.8","2021-11-09",,,"0.00",",,H,0700","0.0",",,H,0700",,
"USC00170583","44.32","-70.7568","240.8","2021-11-10",,,"0.10",",,H,0700",,,,
"USC00170583","44.32","-70.7568","240.8","2021-11-11",,,"0.00",",,H,0700",,,,
"USC00170583","44.32","-70.7568","240.8","2021-11-12",,,"0.00",",,H,0700","0.0",",,H,0700",,
"USC00170583","44.32","-70.7568","240.8","2021-11-13",,,"1.29",",,H,0700","0.0",",,H,0700",,
"USC00170583","44.32","-70.7568","240.8","2021-11-14",,,"0.19",",,H,0700","0.0",",,H,0700",,
"USC00170583","44.32","-70.7568","240.8","2021-11-15",,,"0.12",",,H,0700","0.0",",,H,0700",,
"USC00170583","44.32","-70.7568","240.8","2021-11-16",,,"0.03",",,H,0700","0.0",",,H,0700",,
"USC00170583","44.32","-70.7568","240.8","2021-11-17",,,"0.05",",,H,0700","0.4",",,H,0700",,
"USC00170583","44.32","-70.7568","240.8","2021-11-18",,,"0.00",",,H,0700","0.0",",,H,0700",,
"USC00170583","44.32","-70.7568","240.8","2021-11-19",,,"0.12",",,H,0700","0.0",",,H,0700",,
"USC00170583","44.32","-70.7568","240.8","2021-11-20",,,"0.00",",,H,0700","0.0",",,H,0700",,
"USC00170583","44.32","-70.7568","240.8","2021-11-21",,,"0.00",",,H,0700","0.0",",,H,0700",,
"USC00170583","44.32","-70.7568","240.8","2021-11-22",,,"0.14",",,H,0700","0.0",",,H,0700",,
"USC00170583","44.32","-70.7568","240.8","2021-11-23",,,"0.00",",,H,0700","0.0",",,H,0700",,
"USC00170583","44.32","-70.7568","240.8","2021-11-24",,,"0.00",",,H,0700","0.0",",,H,0700",,
"USC00170583","44.32","-70.7568","240.8","2021-11-25",,,"0.00",",,H,0700","0.0",",,H,0700",,
"USC00170583","44.32","-70.7568","240.8","2021-11-26",,,"0.00",",,H,0700","0.0",",,H,0700",,
"USC00170583","44.32","-70.7568","240.8","2021-11-27",,,"0.00",",,H,0700","0.0",",,H,0700",,
"USC00170583","44.32","-70.7568","240.8","2021-11-28",,,"0.00",",,H,0700","0.0",",,H,0700",,
"USC00171430","46.4925","-69.2863","284.7","2021-08-01",,,"0.01",",,7,0700",,,,
"USC00171430","46.4925","-69.2863","284.7","2021-08-02",,,"0.77",",,7,0700",,,,
"USC00171430","46.4925","-69.2863","284.7","2021-08-03",,,"0.21",",,7,0700",,,,
"USC00171430","46.4925","-69.2863","284.7","2021-08-04",,,"0.00",",,7,0700",,,,
"USC00171430","46.4925","-69.2863","284.7","2021-08-05",,,"0.00",",,7,0700",,,,
"USC00171430","46.4925","-69.2863","284.7","2021-08-07",,,,,,,,
"USC00171430","46.4925","-69.2863","284.7","2021-08-08",,,"0.22",",,7,0700",,,,
"USC00171430","46.4925","-69.2863","284.7","2021-08-09",,,"0.00",",,7,0700",,,,
"USC00171430","46.4925","-69.2863","284.7","2021-08-10",,,"0.00",",,7,0700",,,,
"USC00171430","46.4925","-69.2863","284.7","2021-08-12",,,,,,,,
"USC00171430","46.4925","-69.2863","284.7","2021-08-15",,,,,,,,
"USC00171430","46.4925","-69.2863","284.7","2021-08-17",,,,,,,,
"USC00171430","46.4925","-69.2863","284.7","2021-08-19",,,,,,,,
"USC00171430","46.4925","-69.2863","284.7","2021-08-20",,,"0.00",",,7,0700",,,,
"USC00171430","46.4925","-69.2863","284.7","2021-08-24",,,,,,,,
"USC00171430","46.4925","-69.2863","284.7","2021-08-25",,,"0.00",",,7,0700",,,,
"USC00171430","46.4925","-69.2863","284.7","2021-08-26",,,"0.00",",,7,0700",,,,
"USC00171430","46.4925","-69.2863","284.7","2021-08-27",,,"0.00",",,7,0700",,,,
"USC00171430","46.4925","-69.2863","284.7","2021-08-28",,,"0.00",",,7,0700",,,,
"USC00171430","46.4925","-69.2863","284.7","2021-08-29",,,"0.00",",,7,0700",,,,
"USC00171430","46.4925","-69.2863","284.7","2021-08-30",,,"0.32",",,7,0700",,,,
"USC00171430","46.4925","-69.2863","284.7","2021-08-31",,,"0.29",",,7,0700",,,,
"USC00171430","46.4925","-69.2863","284.7","2021-09-01",,,"0.00",",,7,0700",,,,
"USC00171430","46.4925","-69.2863","284.7","2021-09-02",,,"0.00",",,7,0700",,,,
"USC00171430","46.4925","-69.2863","284.7","2021-09-03",,,"0.05",",,7,0700",,,,
"USC00171430","46.4925","-69.2863","284.7","2021-09-04",,,"0.01",",,7,0700",,,,
"USC00171430","46.4925","-69.2863","284.7","2021-09-06",,,,,,,,
"USC00171430","46.4925","-69.2863","284.7","2021-09-07",,,"0.25",",,7,0700",,,,
"USC00171430","46.4925","-69.2863","284.7","2021-09-08",,,"0.00",",,7,0700",,,,
"USC00171430","46.4925","-69.2863","284.7","2021-09-09",,,"0.14",",,7,0700",,,,
"USC00171430","46.4925","-69.2863","284.7","2021-09-10",,,"0.26",",,7,0700",,,,
"USC00171430","46.4925","-69.2863","284.7","2021-09-11",,,"0.04",",,7,0700",,,,
"USC00171430","46.4925","-69.2863","284.7","2021-09-12",,,"0.02",",,7,0700",,,,
"USC00171430","46.4925","-69.2863","284.7","2021-09-13",,,"0.02",",,7,0700",,,,
"USC00171430","46.4925","-69.2863","284.7","2021-09-14",,,"0.00",",,7,0700",,,,
"USC00171430","46.4925","-69.2863","284.7","2021-09-15",,,"0.06",",,7,0700",,,,
"USC00171430","46.4925","-69.2863","284.7","2021-09-16",,,"0.10",",,7,0700",,,,
"USC00171430","46.4925","-69.2863","284.7","2021-09-17",,,"0.00",",,7,0700",,,,
"USC00171430","46.4925","-69.2863","284.7","2021-09-18",,,"0.00",",,7,0700",,,,
"USC00171430","46.4925","-69.2863","284.7","2021-09-19",,,"0.24",",,7,0700",,,,
"USC00171430","46.4925","-69.2863","284.7","2021-09-20",,,"0.00",",,7,0700",,,,
"USC00171430","46.4925","-69.2863","284.7","2021-09-21",,,"0.00",",,7,0700",,,,
"USC00171430","46.4925","-69.2863","284.7","2021-09-24",,,,,,,,
"USC00171430","46.4925","-69.2863","284.7","2021-09-25",,,"0.74",",,7,0700",,,,
"USC00171430","46.4925","-69.2863","284.7","2021-09-26",,,"1.43",",,7,0700",,,,
"USC00171430","46.4925","-69.2863","284.7","2021-09-27",,,"0.22",",,7,0700",,,,
"USC00171430","46.4925","-69.2863","284.7","2021-09-28",,,"0.03",",,7,0700",,,,
"USC00171430","46.4925","-69.2863","284.7","2021-09-29",,,"0.00",",,7,0700",,,,
"USC00171430","46.4925","-69.2863","284.7","2021-09-30",,,"0.05",",,7,0700",,,,
"USC00171430","46.4925","-69.2863","284.7","2021-10-01",,,"0.13",",,7,0700",,,,
"USC00171430","46.4925","-69.2863","284.7","2021-10-02",,,"0.11",",,7,0700",,,,
"USC00171430","46.4925","-69.2863","284.7","2021-10-03",,,"0.00",",,7,0700",,,,
"USC00171430","46.4925","-69.2863","284.7","2021-10-04",,,"0.00",",,7,0700",,,,
"USC00171430","46.4925","-69.2863","284.7","2021-10-05",,,"0.00",",,7,0700",,,,
"USC00171430","46.4925","-69.2863","284.7","2021-10-06",,,"0.00",",,7,0700",,,,
"USC00171430","46.4925","-69.2863","284.7","2021-10-07",,,"0.01",",,7,0700",,,,
"USC00171430","46.4925","-69.2863","284.7","2021-10-08",,,"0.00",",,7,0700",,,,
"USC00171430","46.4925","-69.2863","284.7","2021-10-09",,,"0.00",",,7,0700",,,,
"USC00171430","46.4925","-69.2863","284.7","2021-10-10",,,"0.00",",,7,0700",,,,
"USC00171430","46.4925","-69.2863","284.7","2021-10-11",,,"0.00",",,7,0700",,,,
"USC00171430","46.4925","-69.2863","284.7","2021-10-12",,,"0.00",",,7,0700",,,,
"USC00171430","46.4925","-69.2863","284.7","2021-10-15",,,,,,,,
"USC00171430","46.4925","-69.2863","284.7","2021-10-16",,,"0.02",",,7,0700",,,,
"USC00171430","46.4925","-69.2863","284.7","2021-10-17",,,"0.85",",,7,0700",,,,
"USC00171430","46.4925","-69.2863","284.7","2021-10-18",,,"0.02",",,7,0700",,,,
"USC00171430","46.4925","-69.2863","284.7","2021-10-19",,,"0.00",",,7,0700",,,,
"USC00171430","46.4925","-69.2863","284.7","2021-10-25",,,,,,,,
"USC00171430","46.4925","-69.2863","284.7","2021-10-26",,,"0.00",",,7,0700",,,,
"USC00171430","46.4925","-69.2863","284.7","2021-10-27",,,"0.00",",,7,0700",,,,
"USC00171430","46.4925","-69.2863","284.7","2021-11-03",,,"1.70",",,H,0700",,,,
"USC00171430","46.4925","-69.2863","284.7","2021-11-04",,,"0.00",",,H,0700",,,,
"USC00171430","46.4925","-69.2863","284.7","2021-11-10",,,,,,,,
"USC00171430","46.4925","-69.2863","284.7","2021-11-18",,,,,,,,
"USC00171430","46.4925","-69.2863","284.7","2021-11-23",,,,,,,,
"US1LAST0008","30.3282","-89.9313","5.5","2021-08-01",,,"0.63",",,N",,,,
"US1LAST0008","30.3282","-89.9313","5.5","2021-08-02",,,"0.31",",,N",,,,
"US1LAST0008","30.3282","-89.9313","5.5","2021-08-03",,,"0.45",",,N",,,,
"US1LAST0008","30.3282","-89.9313","5.5","2021-08-04",,,"0.00",",,N","0.0",",,N",,
"US1LAST0008","30.3282","-89.9313","5.5","2021-08-05",,,"0.00",",,N","0.0",",,N",,
"US1LAST0008","30.3282","-89.9313","5.5","2021-08-06",,,"0.00",",,N","0.0",",,N",,
"US1LAST0008","30.3282","-89.9313","5.5","2021-08-07",,,"0.00",",,N","0.0",",,N",,
"US1LAST0008","30.3282","-89.9313","5.5","2021-08-08",,,"0.00",",,N","0.0",",,N",,
"US1LAST0008","30.3282","-89.9313","5.5","2021-08-09",,,"0.00",",,N","0.0",",,N",,
"US1LAST0008","30.3282","-89.9313","5.5","2021-08-10",,,"0.00",",,N","0.0",",,N",,
"US1LAST0008","30.3282","-89.9313","5.5","2021-08-11",,,"0.00",",,N","0.0",",,N",,
"US1LAST0008","30.3282","-89.9313","5.5","2021-08-12",,,"0.71",",,N",,,,
"US1LAST0008","30.3282","-89.9313","5.5","2021-08-13",,,"1.09",",,N",,,,
"US1LAST0008","30.3282","-89.9313","5.5","2021-08-14",,,"0.02",",,N",,,,
"US1LAST0008","30.3282","-89.9313","5.5","2021-08-15",,,"0.00","T,,N",,,,
"US1LAST0008","30.3282","-89.9313","5.5","2021-08-16",,,"0.00",",,N","0.0",",,N",,
"US1LAST0008","30.3282","-89.9313","5.5","2021-08-17",,,"0.00",",,N","0.0",",,N",,
"US1LAST0008","30.3282","-89.9313","5.5","2021-08-18",,,"0.00",",,N","0.0",",,N",,
"US1LAST0008","30.3282","-89.9313","5.5","2021-08-19",,,"0.09",",,N",,,,
"US1LAST0008","30.3282","-89.9313","5.5","2021-08-20",,,"0.00",",,N","0.0",",,N",,
"US1LAST0008","30.3282","-89.9313","5.5","2021-08-21",,,"0.00",",,N","0.0",",,N",,
"US1LAST0008","30.3282","-89.9313","5.5","2021-08-22",,,"0.00",",,N","0.0",",,N",,
"US1LAST0008","30.3282","-89.9313","5.5","2021-08-23",,,"0.00",",,N","0.0",",,N",,
"US1LAST0008","30.3282","-89.9313","5.5","2021-08-24",,,"1.25",",,N",,,,
"US1LAST0008","30.3282","-89.9313","5.5","2021-08-25",,,"0.00",",,N","0.0",",,N",,
"US1LAST0008","30.3282","-89.9313","5.5","2021-08-26",,,"0.00",",,N","0.0",",,N",,
"US1LAST0008","30.3282","-89.9313","5.5","2021-08-27",,,"0.25",",,N",,,,
"US1LAST0008","30.3282","-89.9313","5.5","2021-08-28",,,"1.25",",,N",,,,
"US1LAST0008","30.3282","-89.9313","5.5","2021-08-29",,,"0.06",",,N",,,,
"US1LAST0008","30.3282","-89.9313","5.5","2021-08-30",,,"8.75",",,N",,,,
"US1LAST0008","30.3282","-89.9313","5.5","2021-08-31",,,"1.25",",,N",,,,
"US1LAST0008","30.3282","-89.9313","5.5","2021-09-01",,,"0.00",",,N","0.0",",,N",,
"US1LAST0008","30.3282","-89.9313","5.5","2021-09-02",,,"0.00",",,N","0.0",",,N",,
"US1LAST0008","30.3282","-89.9313","5.5","2021-09-03",,,"0.42",",,N",,,,
"US1LAST0008","30.3282","-89.9313","5.5","2021-09-04",,,"0.00",",,N","0.0",",,N",,
"US1LAST0008","30.3282","-89.9313","5.5","2021-09-05",,,"0.00",",,N","0.0",",,N",,
"US1LAST0008","30.3282","-89.9313","5.5","2021-09-06",,,"0.00",",,N","0.0",",,N",,
"US1LAST0008","30.3282","-89.9313","5.5","2021-09-07",,,"0.00",",,N","0.0",",,N",,
"US1LAST0008","30.3282","-89.9313","5.5","2021-09-08",,,"0.04",",,N",,,,
"US1LAST0008","30.3282","-89.9313","5.5","2021-09-09",,,"0.00",",,N","0.0",",,N",,
"US1LAST0008","30.3282","-89.9313","5.5","2021-09-10",,,"0.00",",,N","0.0",",,N",,
"US1LAST0008","30.3282","-89.9313","5.5","2021-09-11",,,"0.00",",,N","0.0",",,N",,
"US1LAST0008","30.3282","-89.9313","5.5","2021-09-12",,,"0.00",",,N","0.0",",,N",,
"US1LAST0008","30.3282","-89.9313","5.5","2021-09-13",,,"0.12",",,N",,,,
"US1LAST0008","30.3282","-89.9313","5.5","2021-09-14",,,"0.34",",,N",,,,
"US1LAST0008","30.3282","-89.9313","5.5","2021-09-15",,,"3.47",",,N",,,,
"US1LAST0008","30.3282","-89.9313","5.5","2021-09-16",,,"0.34",",,N",,,,
"US1LAST0008","30.3282","-89.9313","5.5","2021-09-17",,,"0.06",",,N",,,,
"US1LAST0008","30.3282","-89.9313","5.5","2021-09-18",,,"0.04",",,N",,,,
"US1LAST0008","30.3282","-89.9313","5.5","2021-09-19",,,"0.00",",,N","0.0",",,N",,
"US1LAST0008","30.3282","-89.9313","5.5","2021-09-20",,,"0.06",",,N",,,,
"US1LAST0008","30.3282","-89.9313","5.5","2021-09-21",,,"0.00",",,N","0.0",",,N",,
"US1LAST0008","30.3282","-89.9313","5.5","2021-09-22",,,"0.00",",,N","0.0",",,N",,
"US1LAST0008","30.3282","-89.9313","5.5","2021-09-23",,,"0.00",",,N","0.0",",,N",,
"US1LAST0008","30.3282","-89.9313","5.5","2021-09-24",,,"0.00",",,N","0.0",",,N",,
"US1LAST0008","30.3282","-89.9313","5.5","2021-09-25",,,"0.00",",,N","0.0",",,N",,
"US1LAST0008","30.3282","-89.9313","5.5","2021-09-26",,,"0.00",",,N","0.0",",,N",,
"US1LAST0008","30.3282","-89.9313","5.5","2021-09-27",,,"0.00",",,N","0.0",",,N",,
"US1LAST0008","30.3282","-89.9313","5.5","2021-09-28",,,"0.00",",,N","0.0",",,N",,
"US1LAST0008","30.3282","-89.9313","5.5","2021-09-29",,,"1.98",",,N",,,,
"US1LAST0008","30.3282","-89.9313","5.5","2021-09-30",,,"0.02",",,N",,,,
"US1LAST0008","30.3282","-89.9313","5.5","2021-10-01",,,"0.00",",,N","0.0",",,N",,
"US1LAST0008","30.3282","-89.9313","5.5","2021-10-02",,,"0.00",",,N","0.0",",,N",,
"US1LAST0008","30.3282","-89.9313","5.5","2021-10-03",,,"0.21",",,N",,,,
"US1LAST0008","30.3282","-89.9313","5.5","2021-10-04",,,"0.00",",,N","0.0",",,N",,
"US1LAST0008","30.3282","-89.9313","5.5","2021-10-05",,,"0.00",",,N","0.0",",,N",,
"US1LAST0008","30.3282","-89.9313","5.5","2021-10-06",,,"0.00",",,N","0.0",",,N",,
"US1LAST0008","30.3282","-89.9313","5.5","2021-10-07",,,"0.00",",,N","0.0",",,N",,
"US1LAST0008","30.3282","-89.9313","5.5","2021-10-08",,,"0.00",",,N","0.0",",,N",,
"US1LAST0008","30.3282","-89.9313","5.5","2021-10-09",,,"0.00",",,N","0.0",",,N",,
"US1LAST0008","30.3282","-89.9313","5.5","2021-10-10",,,"0.00",",,N","0.0",",,N",,
"US1LAST0008","30.3282","-89.9313","5.5","2021-10-11",,,"0.00",",,N","0.0",",,N",,
"US1LAST0008","30.3282","-89.9313","5.5","2021-10-12",,,"0.00",",,N","0.0",",,N",,
"US1LAST0008","30.3282","-89.9313","5.5","2021-10-13",,,"0.00",",,N","0.0",",,N",,
"US1LAST0008","30.3282","-89.9313","5.5","2021-10-14",,,"0.00",",,N","0.0",",,N",,
"US1LAST0008","30.3282","-89.9313","5.5","2021-10-15",,,"0.25",",,N",,,,
"US1LAST0008","30.3282","-89.9313","5.5","2021-10-16",,,"0.00",",,N","0.0",",,N",,
"US1LAST0008","30.3282","-89.9313","5.5","2021-10-17",,,"0.00",",,N","0.0",",,N",,
"US1LAST0008","30.3282","-89.9313","5.5","2021-10-18",,,"0.00",",,N","0.0",",,N",,
"US1LAST0008","30.3282","-89.9313","5.5","2021-10-19",,,"0.00",",,N","0.0",",,N",,
"US1LAST0008","30.3282","-89.9313","5.5","2021-10-20",,,"0.00",",,N","0.0",",,N",,
"US1LAST0008","30.3282","-89.9313","5.5","2021-10-21",,,"0.02",",,N",,,,
"US1LAST0008","30.3282","-89.9313","5.5","2021-10-22",,,"0.00",",,N","0.0",",,N",,
"US1LAST0008","30.3282","-89.9313","5.5","2021-10-23",,,"0.00",",,N","0.0",",,N",,
"US1LAST0008","30.3282","-89.9313","5.5","2021-10-24",,,"0.00",",,N","0.0",",,N",,
"US1LAST0008","30.3282","-89.9313","5.5","2021-10-25",,,"0.00","T,,N",,,,
"US1LAST0008","30.3282","-89.9313","5.5","2021-10-26",,,"0.00",",,N","0.0",",,N",,
"US1LAST0008","30.3282","-89.9313","5.5","2021-10-27",,,"0.00",",,N","0.0",",,N",,
"US1LAST0008","30.3282","-89.9313","5.5","2021-10-28",,,"0.52",",,N",,,,
"US1LAST0008","30.3282","-89.9313","5.5","2021-10-29",,,"0.00",",,N","0.0",",,N",,
"US1LAST0008","30.3282","-89.9313","5.5","2021-10-30",,,"0.00",",,N","0.0",",,N",,
"US1LAST0008","30.3282","-89.9313","5.5","2021-10-31",,,"0.00",",,N","0.0",",,N",,
"US1LAST0008","30.3282","-89.9313","5.5","2021-11-01",,,"0.00",",,N","0.0",",,N",,
"US1LAST0008","30.3282","-89.9313","5.5","2021-11-02",,,"0.00",",,N","0.0",",,N",,
"US1LAST0008","30.3282","-89.9313","5.5","2021-11-03",,,"0.00",",,N","0.0",",,N",,
"US1LAST0008","30.3282","-89.9313","5.5","2021-11-04",,,"0.00",",,N","0.0",",,N",,
"US1LAST0008","30.3282","-89.9313","5.5","2021-11-05",,,"0.00",",,N","0.0",",,N",,
"US1LAST0008","30.3282","-89.9313","5.5","2021-11-06",,,"0.00",",,N","0.0",",,N",,
"US1LAST0008","30.3282","-89.9313","5.5","2021-11-07",,,"0.00",",,N","0.0",",,N",,
"US1LAST0008","30.3282","-89.9313","5.5","2021-11-08",,,"0.00",",,N","0.0",",,N",,
"US1LAST0008","30.3282","-89.9313","5.5","2021-11-09",,,"0.00",",,N","0.0",",,N",,
"US1LAST0008","30.3282","-89.9313","5.5","2021-11-10",,,"0.00",",,N","0.0",",,N",,
"US1LAST0008","30.3282","-89.9313","5.5","2021-11-11",,,"0.00",",,N","0.0",",,N",,
"US1LAST0008","30.3282","-89.9313","5.5","2021-11-12",,,"0.00","T,,N",,,,
"US1LAST0008","30.3282","-89.9313","5.5","2021-11-13",,,"0.00",",,N","0.0",",,N",,
"US1LAST0008","30.3282","-89.9313","5.5","2021-11-14",,,"0.00",",,N","0.0",",,N",,
"US1LAST0008","30.3282","-89.9313","5.5","2021-11-15",,,"0.00",",,N","0.0",",,N",,
"US1LAST0008","30.3282","-89.9313","5.5","2021-11-16",,,"0.00",",,N","0.0",",,N",,
"US1LAST0008","30.3282","-89.9313","5.5","2021-11-17",,,"0.00",",,N","0.0",",,N",,
"US1LAST0008","30.3282","-89.9313","5.5","2021-11-18",,,"0.00",",,N","0.0",",,N",,
"US1LAST0008","30.3282","-89.9313","5.5","2021-11-19",,,"0.03",",,N",,,,
"US1LAST0008","30.3282","-89.9313","5.5","2021-11-20",,,"0.00",",,N","0.0",",,N",,
"US1LAST0008","30.3282","-89.9313","5.5","2021-11-21",,,"0.00",",,N","0.0",",,N",,
"US1LAST0008","30.3282","-89.9313","5.5","2021-11-22",,,"1.12",",,N",,,,
"US1LAST0008","30.3282","-89.9313","5.5","2021-11-23",,,"0.00",",,N","0.0",",,N",,
"US1LAST0008","30.3282","-89.9313","5.5","2021-11-24",,,"0.00",",,N","0.0",",,N",,
"US1LAST0008","30.3282","-89.9313","5.5","2021-11-25",,,"0.00",",,N","0.0",",,N",,
"US1LAST0008","30.3282","-89.9313","5.5","2021-11-26",,,"0.00",",,N","0.0",",,N",,
"US1LAST0008","30.3282","-89.9313","5.5","2021-11-27",,,"0.00",",,N","0.0",",,N",,
"US1LAST0008","30.3282","-89.9313","5.5","2021-11-28",,,"0.16",",,N",,,,
"USC00170217","44.65279","-70.79293","246.0","2021-08-01",,,"0.00",",,7,0700",,,,
"USC00170217","44.65279","-70.79293","246.0","2021-08-02",,,"0.35",",,7,0700",,,,
"USC00170217","44.65279","-70.79293","246.0","2021-08-03",,,"0.17",",,7,0700",,,,
"USC00170217","44.65279","-70.79293","246.0","2021-08-04",,,"0.00",",,7,0700",,,,
"USC00170217","44.65279","-70.79293","246.0","2021-08-05",,,"0.17",",,7,0700",,,,
"USC00170217","44.65279","-70.79293","246.0","2021-08-06",,,"0.12",",,7,0700",,,,
"USC00170217","44.65279","-70.79293","246.0","2021-08-07",,,"0.00",",,7,0700",,,,
"USC00170217","44.65279","-70.79293","246.0","2021-08-08",,,"0.00",",,7,0700",,,,
"USC00170217","44.65279","-70.79293","246.0","2021-08-09",,,"0.00",",,7,0700",,,,
"USC00170217","44.65279","-70.79293","246.0","2021-08-10",,,"0.00",",,7,0700",,,,
"USC00170217","44.65279","-70.79293","246.0","2021-08-11",,,"0.00",",,7,0700",,,,
"USC00170217","44.65279","-70.79293","246.0","2021-08-12",,,"0.35",",,7,0700",,,,
"USC00170217","44.65279","-70.79293","246.0","2021-08-13",,,"0.00",",,7,0700",,,,
"USC00170217","44.65279","-70.79293","246.0","2021-08-14",,,"0.55",",,7,0700",,,,
"USC00170217","44.65279","-70.79293","246.0","2021-08-15",,,"0.43",",,7,0700",,,,
"USC00170217","44.65279","-70.79293","246.0","2021-08-16",,,"0.02",",,7,0700",,,,
"USC00170217","44.65279","-70.79293","246.0","2021-08-17",,,"0.24",",,7,0700",,,,
"USC00170217","44.65279","-70.79293","246.0","2021-08-18",,,"0.23",",,7,0700",,,,
"USC00170217","44.65279","-70.79293","246.0","2021-08-19",,,"0.12",",,7,0700",,,,
"USC00170217","44.65279","-70.79293","246.0","2021-08-20",,,"0.14",",,7,0700",,,,
"USC00170217","44.65279","-70.79293","246.0","2021-08-21",,,"0.00",",,7,0700",,,,
"USC00170217","44.65279","-70.79293","246.0","2021-08-22",,,"0.02",",,7,0700",,,,
"USC00170217","44.65279","-70.79293","246.0","2021-08-23",,,"0.26",",,7,0700",,,,
"USC00170217","44.65279","-70.79293","246.0","2021-08-24",,,"0.01",",,7,0700",,,,
"USC00170217","44.65279","-70.79293","246.0","2021-08-25",,,"0.00",",,7,0700",,,,
"USC00170217","44.65279","-70.79293","246.0","2021-08-26",,,"0.00",",,7,0700",,,,
"USC00170217","44.65279","-70.79293","246.0","2021-08-27",,,"0.19",",,7,0700",,,,
"USC00170217","44.65279","-70.79293","246.0","2021-08-28",,,"0.00",",,7,0700",,,,
"USC00170217","44.65279","-70.79293","246.0","2021-08-29",,,"0.58",",,7,0700",,,,
"USC00170217","44.65279","-70.79293","246.0","2021-08-30",,,"0.06",",,7,0700",,,,
"USC00170217","44.65279","-70.79293","246.0","2021-08-31",,,"0.48",",,7,0700",,,,
"USC00170217","44.65279","-70.79293","246.0","2021-09-01",,,"0.00",",,7,0700",,,,
"USC00170217","44.65279","-70.79293","246.0","2021-09-02",,,"0.12",",,7,0700",,,,
"USC00170217","44.65279","-70.79293","246.0","2021-09-03",,,"0.01",",,7,0700",,,,
"USC00170217","44.65279","-70.79293","246.0","2021-09-04",,,"0.03",",,7,0700",,,,
"USC00170217","44.65279","-70.79293","246.0","2021-09-05",,,"0.01",",,7,0700",,,,
"USC00170217","44.65279","-70.79293","246.0","2021-09-06",,,"0.11",",,7,0700",,,,
"USC00170217","44.65279","-70.79293","246.0","2021-09-07",,,"0.38",",,7,0700",,,,
"USC00170217","44.65279","-70.79293","246.0","2021-09-08",,,"0.01",",,7,0700",,,,
"USC00170217","44.65279","-70.79293","246.0","2021-09-09",,,"0.38",",,7,0700",,,,
"USC00170217","44.65279","-70.79293","246.0","2021-09-10",,,"0.30",",,7,0700",,,,
"USC00170217","44.65279","-70.79293","246.0","2021-09-11",,,"0.05",",,7,0700",,,,
"USC00170217","44.65279","-70.79293","246.0","2021-09-12",,,"0.00",",,7,0700",,,,
"USC00170217","44.65279","-70.79293","246.0","2021-09-13",,,"0.00",",,7,0700",,,,
"USC00170217","44.65279","-70.79293","246.0","2021-09-14",,,"0.00",",,7,0700",,,,
"USC00170217","44.65279","-70.79293","246.0","2021-09-15",,,"0.00",",,7,0700",,,,
"USC00170217","44.65279","-70.79293","246.0","2021-09-16",,,"0.48",",,7,0700",,,,
"USC00170217","44.65279","-70.79293","246.0","2021-09-17",,,"0.00",",,7,0700",,,,
"USC00170217","44.65279","-70.79293","246.0","2021-09-18",,,"0.00",",,7,0700",,,,
"USC00170217","44.65279","-70.79293","246.0","2021-09-19",,,"0.00",",,7,0700",,,,
"USC00170217","44.65279","-70.79293","246.0","2021-09-20",,,"0.00",",,7,0700",,,,
"USC00170217","44.65279","-70.79293","246.0","2021-09-21",,,"0.00",",,7,0700",,,,
"USC00170217","44.65279","-70.79293","246.0","2021-09-22",,,"0.01",",,7,0700",,,,
"USC00170217","44.65279","-70.79293","246.0","2021-09-23",,,"0.21",",,7,0700",,,,
"USC00170217","44.65279","-70.79293","246.0","2021-09-24",,,"0.04",",,7,0700",,,,
"USC00170217","44.65279","-70.79293","246.0","2021-09-25",,,"0.44",",,7,0700",,,,
"USC00170217","44.65279","-70.79293","246.0","2021-09-26",,,"0.00",",,7,0700",,,,
"USC00170217","44.65279","-70.79293","246.0","2021-09-27",,,"0.04",",,7,0700",,,,
"USC00170217","44.65279","-70.79293","246.0","2021-09-28",,,"0.04",",,7,0700",,,,
"USC00170217","44.65279","-70.79293","246.0","2021-09-29",,,"0.00",",,7,0700",,,,
"USC00170217","44.65279","-70.79293","246.0","2021-09-30",,,"0.02",",,7,0700",,,,
"USC00170217","44.65279","-70.79293","246.0","2021-10-01",,,"0.01",",,7,0700",,,,
"USC00170217","44.65279","-70.79293","246.0","2021-10-02",,,"0.03",",,7,0700",,,,
"USC00170217","44.65279","-70.79293","246.0","2021-10-03",,,"0.10",",,7,0700",,,,
"USC00170217","44.65279","-70.79293","246.0","2021-10-04",,,"0.07",",,7,0700",,,,
"USC00170217","44.65279","-70.79293","246.0","2021-10-05",,,"0.00",",,7,0700",,,,
"USC00170217","44.65279","-70.79293","246.0","2021-10-06",,,"0.00",",,7,0700",,,,
"USC00170217","44.65279","-70.79293","246.0","2021-10-07",,,"0.00",",,7,0700",,,,
"USC00170217","44.65279","-70.79293","246.0","2021-10-08",,,"0.00",",,7,0700",,,,
"USC00170217","44.65279","-70.79293","246.0","2021-10-09",,,"0.00",",,7,0700",,,,
"USC00170217","44.65279","-70.79293","246.0","2021-10-10",,,"0.00",",,7,0700",,,,
"USC00170217","44.65279","-70.79293","246.0","2021-10-11",,,"0.00",",,7,0700",,,,
"USC00170217","44.65279","-70.79293","246.0","2021-10-12",,,"0.07",",,7,0700",,,,
"USC00170217","44.65279","-70.79293","246.0","2021-10-13",,,"0.00",",,7,0700",,,,
"USC00170217","44.65279","-70.79293","246.0","2021-10-14",,,"0.01",",,7,0700",,,,
"USC00170217","44.65279","-70.79293","246.0","2021-10-15",,,"0.00",",,7,0700",,,,
"USC00170217","44.65279","-70.79293","246.0","2021-10-16",,,"0.18",",,7,0700",,,,
"USC00170217","44.65279","-70.79293","246.0","2021-10-17",,,"0.73",",,7,0700",,,,
"USC00170217","44.65279","-70.79293","246.0","2021-10-18",,,"0.00",",,7,0700",,,,
"USC00170217","44.65279","-70.79293","246.0","2021-10-19",,,"0.05",",,7,0700",,,,
"USC00170217","44.65279","-70.79293","246.0","2021-10-20",,,"0.00",",,7,0700",,,,
"USC00170217","44.65279","-70.79293","246.0","2021-10-21",,,"0.07",",,7,0700",,,,
"USC00170217","44.65279","-70.79293","246.0","2021-10-22",,,"0.23",",,7,0700",,,,
"USC00170217","44.65279","-70.79293","246.0","2021-10-23",,,"0.24",",,7,0700",,,,
"USC00170217","44.65279","-70.79293","246.0","2021-10-24",,,"0.04",",,7,0700",,,,
"USC00170217","44.65279","-70.79293","246.0","2021-10-25",,,"0.03",",,7,0700",,,,
"USC00170217","44.65279","-70.79293","246.0","2021-10-26",,,"0.20",",,7,0700",,,,
"USC00170217","44.65279","-70.79293","246.0","2021-10-27",,,"0.41",",,7,0700",,,,
"USC00170217","44.65279","-70.79293","246.0","2021-10-28",,,"0.00",",,7,0700",,,,
"USC00170217","44.65279","-70.79293","246.0","2021-10-29",,,"0.00",",,7,0700",,,,
"USC00170217","44.65279","-70.79293","246.0","2021-10-30",,,"0.05",",,7,0700",,,,
"USC00170217","44.65279","-70.79293","246.0","2021-10-31",,,"1.50",",,7,0700",,,,
"USC00170217","44.65279","-70.79293","246.0","2021-11-01",,,"0.40",",,H,0700",,,,
"USC00170217","44.65279","-70.79293","246.0","2021-11-02",,,"0.00",",,H,0700",,,,
"USC00170217","44.65279","-70.79293","246.0","2021-11-03",,,"0.00",",,H,0700",,,,
"USC00170217","44.65279","-70.79293","246.0","2021-11-04",,,"0.00",",,H,0700",,,,
"USC00170217","44.65279","-70.79293","246.0","2021-11-05",,,"0.00",",,H,0700",,,,
"USC00170217","44.65279","-70.79293","246.0","2021-11-06",,,"0.00",",,H,0700",,,,
"USC00170217","44.65279","-70.79293","246.0","2021-11-07",,,"0.00",",,H,0700",,,,
"USC00170217","44.65279","-70.79293","246.0","2021-11-08",,,"0.00",",,H,0700",,,,
"USC00170217","44.65279","-70.79293","246.0","2021-11-09",,,"0.00",",,H,0700",,,,
"USC00170217","44.65279","-70.79293","246.0","2021-11-10",,,"0.12",",,H,0700",,,,
"USC00170217","44.65279","-70.79293","246.0","2021-11-11",,,"0.13",",,H,0700",,,,
"USC00170217","44.65279","-70.79293","246.0","2021-11-12",,,"0.04",",,H,0700",,,,
"USC00170217","44.65279","-70.79293","246.0","2021-11-13",,,"1.37",",,H,0700",,,,
"USC00170217","44.65279","-70.79293","246.0","2021-11-14",,,"0.26",",,H,0700",,,,
"USC00170217","44.65279","-70.79293","246.0","2021-11-15",,,"0.05",",,H,0700",,,,
"USC00170217","44.65279","-70.79293","246.0","2021-11-16",,,"0.06",",,H,0700",,,,
"USC00170217","44.65279","-70.79293","246.0","2021-11-17",,,"0.01",",,H,0700",,,,
"USC00170217","44.65279","-70.79293","246.0","2021-11-18",,,"0.04",",,H,0700",,,,
"USC00170217","44.65279","-70.79293","246.0","2021-11-19",,,"0.07",",,H,0700",,,,
"USC00170217","44.65279","-70.79293","246.0","2021-11-20",,,"0.02",",,H,0700",,,,
"USC00170217","44.65279","-70.79293","246.0","2021-11-21",,,"0.00",",,H,0700",,,,
"USC00170217","44.65279","-70.79293","246.0","2021-11-22",,,"0.14",",,H,0700",,,,
"USC00170217","44.65279","-70.79293","246.0","2021-11-23",,,"0.05",",,H,0700",,,,
"USC00170217","44.65279","-70.79293","246.0","2021-11-24",,,"0.01",",,H,0700",,,,
"USC00170217","44.65279","-70.79293","246.0","2021-11-25",,,"0.00",",,H,0700",,,,
"USC00170217","44.65279","-70.79293","246.0","2021-11-26",,,"0.02",",,H,0700",,,,
"USC00170217","44.65279","-70.79293","246.0","2021-11-27",,,"0.21",",,H,0700",,,,
"USC00170217","44.65279","-70.79293","246.0","2021-11-28",,,"0.02",",,H,0700",,,,
"USC00179151","44.52735","-69.65378","18.9","2021-08-01",,,"0.00",",,7,0700","0.0",",,7,0700",,
"USC00179151","44.52735","-69.65378","18.9","2021-08-02",,,"0.14",",,7,0700","0.0",",,7,0700",,
"USC00179151","44.52735","-69.65378","18.9","2021-08-03",,,"0.05",",,7,0700","0.0",",,7,0700",,
"USC00179151","44.52735","-69.65378","18.9","2021-08-04",,,"0.00",",,7,0700","0.0",",,7,0700",,
"USC00179151","44.52735","-69.65378","18.9","2021-08-05",,,"0.00",",,7,0700","0.0",",,7,0700",,
"USC00179151","44.52735","-69.65378","18.9","2021-08-06",,,"0.23",",,7,0700","0.0",",,7,0700",,
"USC00179151","44.52735","-69.65378","18.9","2021-08-07",,,"0.00",",,7,0700","0.0",",,7,0700",,
"USC00179151","44.52735","-69.65378","18.9","2021-08-08",,,"0.00",",,7,0700","0.0",",,7,0700",,
"USC00179151","44.52735","-69.65378","18.9","2021-08-09",,,"0.00",",,7,0700","0.0",",,7,0700",,
"USC00179151","44.52735","-69.65378","18.9","2021-08-10",,,"0.00",",,7,0700","0.0",",,7,0700",,
"USC00179151","44.52735","-69.65378","18.9","2021-08-11",,,"0.00",",,7,0700","0.0",",,7,0700",,
"USC00179151","44.52735","-69.65378","18.9","2021-08-12",,,"0.00",",,7,0700","0.0",",,7,0700",,
"USC00179151","44.52735","-69.65378","18.9","2021-08-13",,,"0.00",",,7,0700","0.0",",,7,0700",,
"USC00179151","44.52735","-69.65378","18.9","2021-08-14",,,"0.00",",,7,0700","0.0",",,7,0700",,
"USC00179151","44.52735","-69.65378","18.9","2021-08-15",,,"1.46",",,7,0700","0.0",",,7,0700",,
"USC00179151","44.52735","-69.65378","18.9","2021-08-16",,,"0.00",",,7,0700","0.0",",,7,0700",,
"USC00179151","44.52735","-69.65378","18.9","2021-08-17",,,"0.00",",,7,0700","0.0",",,7,0700",,
"USC00179151","44.52735","-69.65378","18.9","2021-08-18",,,"0.05",",,7,0700","0.0",",,7,0700",,
"USC00179151","44.52735","-69.65378","18.9","2021-08-19",,,"0.50",",,7,0700","0.0",",,7,0700",,
"USC00179151","44.52735","-69.65378","18.9","2021-08-20",,,"0.56",",,7,0700","0.0",",,7,0700",,
"USC00179151","44.52735","-69.65378","18.9","2021-08-21",,,"0.02",",,7,0700","0.0",",,7,0700",,
"USC00179151","44.52735","-69.65378","18.9","2021-08-22",,,"0.00",",,7,0700","0.0",",,7,0700",,
"USC00179151","44.52735","-69.65378","18.9","2021-08-23",,,"0.20",",,7,0700","0.0",",,7,0700",,
"USC00179151","44.52735","-69.65378","18.9","2021-08-24",,,"0.06",",,7,0700","0.0",",,7,0700",,
"USC00179151","44.52735","-69.65378","18.9","2021-08-25",,,"0.00",",,7,0700","0.0",",,7,0700",,
"USC00179151","44.52735","-69.65378","18.9","2021-08-26",,,"0.00",",,7,0700","0.0",",,7,0700",,
"USC00179151","44.52735","-69.65378","18.9","2021-08-27",,,"0.00",",,7,0700","0.0",",,7,0700",,
"USC00179151","44.52735","-69.65378","18.9","2021-08-28",,,"0.00",",,7,0700","0.0",",,7,0700",,
"USC00179151","44.52735","-69.65378","18.9","2021-08-29",,,"0.22",",,7,0700","0.0",",,7,0700",,
"USC00179151","44.52735","-69.65378","18.9","2021-08-30",,,"0.03",",,7,0700","0.0",",,7,0700",,
"USC00179151","44.52735","-69.65378","18.9","2021-08-31",,,"0.31",",,7,0700","0.0",",,7,0700",,
"USC00179151","44.52735","-69.65378","18.9","2021-09-01",,,"0.00",",,7,0700","0.0",",,7,0700",,
"USC00179151","44.52735","-69.65378","18.9","2021-09-02",,,"0.80",",,7,0700","0.0",",,7,0700",,
"USC00179151","44.52735","-69.65378","18.9","2021-09-03",,,"0.05",",,7,0700","0.0",",,7,0700",,
"USC00179151","44.52735","-69.65378","18.9","2021-09-04",,,"0.32",",,7,0700","0.0",",,7,0700",,
"USC00179151","44.52735","-69.65378","18.9","2021-09-05",,,"0.00",",,7,0700","0.0",",,7,0700",,
"USC00179151","44.52735","-69.65378","18.9","2021-09-06",,,"0.05",",,7,0700","0.0",",,7,0700",,
"USC00179151","44.52735","-69.65378","18.9","2021-09-07",,,"0.30",",,7,0700","0.0",",,7,0700",,
"USC00179151","44.52735","-69.65378","18.9","2021-09-08",,,"0.00",",,7,0700","0.0",",,7,0700",,
"USC00179151","44.52735","-69.65378","18.9","2021-09-09",,,"0.43",",,7,0700","0.0",",,7,0700",,
"USC00179151","44.52735","-69.65378","18.9","2021-09-10",,,"1.10",",,7,0700","0.0",",,7,0700",,
"USC00179151","44.52735","-69.65378","18.9","2021-09-11",,,"0.00",",,7,0700","0.0",",,7,0700",,
"USC00179151","44.52735","-69.65378","18.9","2021-09-12",,,"0.07",",,7,0700","0.0",",,7,0700",,
"USC00179151","44.52735","-69.65378","18.9","2021-09-13",,,"0.00",",,7,0700","0.0",",,7,0700",,
"USC00179151","44.52735","-69.65378","18.9","2021-09-14",,,"0.00",",,7,0700","0.0",",,7,0700",,
"USC00179151","44.52735","-69.65378","18.9","2021-09-15",,,"0.03",",,7,0700","0.0",",,7,0700",,
"USC00179151","44.52735","-69.65378","18.9","2021-09-16",,,"0.57",",,7,0700","0.0",",,7,0700",,
"USC00179151","44.52735","-69.65378","18.9","2021-09-17",,,"0.00",",,7,0700","0.0",",,7,0700",,
"USC00179151","44.52735","-69.65378","18.9","2021-09-18",,,"0.02",",,7,0700","0.0",",,7,0700",,
"USC00179151","44.52735","-69.65378","18.9","2021-09-19",,,"0.50",",,7,0700","0.0",",,7,0700",,
"USC00179151","44.52735","-69.65378","18.9","2021-09-20",,,"0.00",",,7,0700","0.0",",,7,0700",,
"USC00179151","44.52735","-69.65378","18.9","2021-09-21",,,"0.00",",,7,0700","0.0",",,7,0700",,
"USC00179151","44.52735","-69.65378","18.9","2021-09-22",,,"0.00","T,,7,0700","0.0",",,7,0700",,
"USC00179151","44.52735","-69.65378","18.9","2021-09-23",,,"0.02",",,7,0700","0.0",",,7,0700",,
"USC00179151","44.52735","-69.65378","18.9","2021-09-24",,,"0.00",",,7,0700","0.0",",,7,0700",,
"USC00179151","44.52735","-69.65378","18.9","2021-09-25",,,"0.47",",,7,0700","0.0",",,7,0700",,
"USC00179151","44.52735","-69.65378","18.9","2021-09-26",,,"1.86",",,7,0700","0.0",",,7,0700",,
"USC00179151","44.52735","-69.65378","18.9","2021-09-27",,,"0.16",",,7,0700","0.0",",,7,0700",,
"USC00179151","44.52735","-69.65378","18.9","2021-09-28",,,"0.00",",,7,0700","0.0",",,7,0700",,
"USC00179151","44.52735","-69.65378","18.9","2021-09-29",,,"0.00",",,7,0700","0.0",",,7,0700",,
"USC00179151","44.52735","-69.65378","18.9","2021-09-30",,,"0.50",",,7,0700","0.0",",,7,0700",,
"USC00179151","44.52735","-69.65378","18.9","2021-10-01",,,"0.21",",,H,0700","0.0",",,H,0700",,
"USC00179151","44.52735","-69.65378","18.9","2021-10-02",,,"0.00",",,H,0700","0.0",",,H,0700",,
"USC00179151","44.52735","-69.65378","18.9","2021-10-03",,,"0.02",",,H,0700","0.0",",,H,0700",,
"USC00179151","44.52735","-69.65378","18.9","2021-10-05",,,"0.00",",,H,0700","0.0",",,H,0700",,
"USC00179151","44.52735","-69.65378","18.9","2021-10-06",,,"0.00",",,H,0700","0.0",",,H,0700",,
"USC00179151","44.52735","-69.65378","18.9","2021-10-07",,,"0.00",",,H,0700","0.0",",,H,0700",,
"USC00179151","44.52735","-69.65378","18.9","2021-10-08",,,"0.00",",,H,0700","0.0",",,H,0700",,
"USC00179151","44.52735","-69.65378","18.9","2021-10-09",,,"0.00",",,H,0700","0.0",",,H,0700",,
"USC00179151","44.52735","-69.65378","18.9","2021-10-10",,,"0.00",",,H,0700","0.0",",,H,0700",,
"USC00179151","44.52735","-69.65378","18.9","2021-10-11",,,"0.00",",,H,0700","0.0",",,H,0700",,
"USC00179151","44.52735","-69.65378","18.9","2021-10-12",,,"0.00",",,H,0700","0.0",",,H,0700",,
"USC00179151","44.52735","-69.65378","18.9","2021-10-13",,,"0.00",",,H,0700","0.0",",,H,0700",,
"USC00179151","44.52735","-69.65378","18.9","2021-10-14",,,"0.00",",,H,0700","0.0",",,H,0700",,
"USC00179151","44.52735","-69.65378","18.9","2021-10-15",,,"0.00",",,H,0700","0.0",",,H,0700",,
"USC00179151","44.52735","-69.65378","18.9","2021-10-16",,,"0.31",",,H,0700","0.0",",,H,0700",,
"USC00179151","44.52735","-69.65378","18.9","2021-10-17",,,"0.48",",,H,0700","0.0",",,H,0700",,
"USC00179151","44.52735","-69.65378","18.9","2021-10-18",,,"0.00",",,H,0700","0.0",",,H,0700",,
"USC00179151","44.52735","-69.65378","18.9","2021-10-19",,,"0.00",",,H,0700","0.0",",,H,0700",,
"USC00179151","44.52735","-69.65378","18.9","2021-10-20",,,"0.00",",,H,0700","0.0",",,H,0700",,
"USC00179151","44.52735","-69.65378","18.9","2021-10-21",,,"0.00",",,H,0700","0.0",",,H,0700",,
"USC00179151","44.52735","-69.65378","18.9","2021-10-22",,,"0.16",",,H,0700","0.0",",,H,0700",,
"USC00179151","44.52735","-69.65378","18.9","2021-10-23",,,"0.00",",,H,0700","0.0",",,H,0700",,
"USC00179151","44.52735","-69.65378","18.9","2021-10-25",,,"0.00",",,H,0700","0.0",",,H,0700",,
"USC00179151","44.52735","-69.65378","18.9","2021-10-26",,,"0.05",",,H,0700","0.0",",,H,0700",,
"USC00179151","44.52735","-69.65378","18.9","2021-10-28",,,"0.10",",,H,0700","0.0",",,H,0700",,
"USC00179151","44.52735","-69.65378","18.9","2021-10-29",,,"0.00",",,H,0700","0.0",",,H,0700",,
"USC00179151","44.52735","-69.65378","18.9","2021-11-01",,,"0.02",",,H,0700","0.0",",,H,0700",,
"USC00179151","44.52735","-69.65378","18.9","2021-11-02",,,"0.00",",,H,0700","0.0",",,H,0700",,
"USC00179151","44.52735","-69.65378","18.9","2021-11-03",,,"0.00",",,H,0700","0.0",",,H,0700",,
"USC00179151","44.52735","-69.65378","18.9","2021-11-04",,,"0.05",",,H,0700","0.0",",,H,0700",,
"USC00179151","44.52735","-69.65378","18.9","2021-11-05",,,"0.00",",,H,0700","0.0",",,H,0700",,
"USC00179151","44.52735","-69.65378","18.9","2021-11-06",,,"0.00",",,H,0700","0.0",",,H,0700",,
"USC00179151","44.52735","-69.65378","18.9","2021-11-07",,,"0.00",",,H,0700","0.0",",,H,0700",,
"USC00179151","44.52735","-69.65378","18.9","2021-11-08",,,"0.00",",,H,0700","0.0",",,H,0700",,
"USC00179151","44.52735","-69.65378","18.9","2021-11-09",,,"0.00",",,H,0700","0.0",",,H,0700",,
"USC00179151","44.52735","-69.65378","18.9","2021-11-11",,,"0.08",",,H,0700","0.0",",,H,0700",,
"USC00179151","44.52735","-69.65378","18.9","2021-11-12",,,"0.34",",,H,0700","0.0",",,H,0700",,
"USC00179151","44.52735","-69.65378","18.9","2021-11-13",,,"1.01",",,H,0700","0.0",",,H,0700",,
"USC00179151","44.52735","-69.65378","18.9","2021-11-14",,,"0.16",",,H,0700","0.0",",,H,0700",,
"USC00179151","44.52735","-69.65378","18.9","2021-11-15",,,"0.22",",,H,0700","0.0",",,H,0700",,
"USC00179151","44.52735","-69.65378","18.9","2021-11-18",,,"0.15",",,H,0700","0.0",",,H,0700",,
"USC00179151","44.52735","-69.65378","18.9","2021-11-19",,,"0.25",",,H,0700","0.0",",,H,0700",,
"USC00179151","44.52735","-69.65378","18.9","2021-11-20",,,"0.00",",,H,0700","0.0",",,H,0700",,
"USC00179151","44.52735","-69.65378","18.9","2021-11-21",,,"0.00",",,H,0700","0.0",",,H,0700",,
"USC00179151","44.52735","-69.65378","18.9","2021-11-22",,,"0.20",",,H,0700","0.0",",,H,0700",,
"USC00179151","44.52735","-69.65378","18.9","2021-11-23",,,"0.20",",,H,0700","0.0",",,H,0700",,
"USC00179151","44.52735","-69.65378","18.9","2021-11-24",,,"0.00",",,H,0700","0.0",",,H,0700",,
"USC00179151","44.52735","-69.65378","18.9","2021-11-25",,,"0.00",",,H,0700","0.0",",,H,0700",,
"USC00179151","44.52735","-69.65378","18.9","2021-11-26",,,"0.04",",,H,0700","0.0",",,H,0700",,
"USC00179151","44.52735","-69.65378","18.9","2021-11-27",,,"0.52",",,H,0700","0.0",",,H,0700",,
"USC00179151","44.52735","-69.65378","18.9","2021-11-28",,,"0.00",",,H,0700","0.0",",,H,0700",,
"USC00163800","30.4184","-92.0443","16.8","2021-08-01",,,"0.00",",,7,1700","0.0",",,7",,
"USC00163800","30.4184","-92.0443","16.8","2021-08-02",,,"0.03",",,7,1700",,,,
"USC00163800","30.4184","-92.0443","16.8","2021-08-03",,,"0.05",",,7,1700",,,,
"USC00163800","30.4184","-92.0443","16.8","2021-08-04",,,"0.00",",,7,1700",,,,
"USC00163800","30.4184","-92.0443","16.8","2021-08-05",,,"0.00",",,7,1700",,,,
"USC00163800","30.4184","-92.0443","16.8","2021-08-06",,,"0.00",",,7,1700",,,,
"USC00163800","30.4184","-92.0443","16.8","2021-08-07",,,"0.00",",,7,1700",,,,
"USC00163800","30.4184","-92.0443","16.8","2021-08-08",,,"0.02",",,7,1700",,,,
"USC00163800","30.4184","-92.0443","16.8","2021-08-09",,,"0.01",",,7,1700",,,,
"USC00163800","30.4184","-92.0443","16.8","2021-08-10",,,"0.00",",,7,1700",,,,
"USC00163800","30.4184","-92.0443","16.8","2021-08-11",,,"0.20",",,7,1700",,,,
"USC00163800","30.4184","-92.0443","16.8","2021-08-12",,,"0.01",",,7,1700",,,,
"USC00163800","30.4184","-92.0443","16.8","2021-08-13",,,"0.01",",,7,1700",,,,
"USC00163800","30.4184","-92.0443","16.8","2021-08-14",,,"0.00",",,7,1700",,,,
"USC00163800","30.4184","-92.0443","16.8","2021-08-15",,,"0.00",",,7,1700",,,,
"USC00163800","30.4184","-92.0443","16.8","2021-08-16",,,"0.00",",,7,1700",,,,
"USC00163800","30.4184","-92.0443","16.8","2021-08-17",,,"0.01",",,7,1700",,,,
"USC00163800","30.4184","-92.0443","16.8","2021-08-18",,,"0.01",",,7,1700",,,,
"USC00163800","30.4184","-92.0443","16.8","2021-08-19",,,"0.00",",,7,1700",,,,
"USC00163800","30.4184","-92.0443","16.8","2021-08-20",,,"0.00",",,7,1700",,,,
"USC00163800","30.4184","-92.0443","16.8","2021-08-21",,,"0.00",",,7,1700",,,,
"USC00163800","30.4184","-92.0443","16.8","2021-08-22",,,"0.00",",,7,1700",,,,
"USC00163800","30.4184","-92.0443","16.8","2021-08-23",,,"0.00",",,7,1700",,,,
"USC00163800","30.4184","-92.0443","16.8","2021-08-24",,,"0.00",",,7,1700",,,,
"USC00163800","30.4184","-92.0443","16.8","2021-08-25",,,"2.00",",,7,1700",,,,
"USC00163800","30.4184","-92.0443","16.8","2021-08-26",,,"0.01",",,7,1700",,,,
"USC00163800","30.4184","-92.0443","16.8","2021-08-27",,,"0.00",",,7,1700",,,,
"USC00163800","30.4184","-92.0443","16.8","2021-08-28",,,"0.39",",,7,1700",,,,
"USC00163800","30.4184","-92.0443","16.8","2021-08-29",,,"0.38",",,7,1700",,,,
"USC00163800","30.4184","-92.0443","16.8","2021-08-30",,,"0.07",",,7,1700",,,,
"USC00163800","30.4184","-92.0443","16.8","2021-08-31",,,"0.00",",,7,1700",,,,
"USC00163800","30.4184","-92.0443","16.8","2021-09-01",,,"0.45",",,7,1700",,,,
"USC00163800","30.4184","-92.0443","16.8","2021-09-02",,,"0.01",",,7,1700",,,,
"USC00163800","30.4184","-92.0443","16.8","2021-09-03",,,"0.00",",,7,1700",,,,
"USC00163800","30.4184","-92.0443","16.8","2021-09-04",,,"0.00",",,7,1700",,,,
"USC00163800","30.4184","-92.0443","16.8","2021-09-05",,,"0.00",",,7,1700",,,,
"USC00163800","30.4184","-92.0443","16.8","2021-09-06",,,"0.85",",,7,1700",,,,
"USC00163800","30.4184","-92.0443","16.8","2021-09-07",,,"0.00",",,7,1700",,,,
"USC00163800","30.4184","-92.0443","16.8","2021-09-08",,,"0.00",",,7,1700",,,,
"USC00163800","30.4184","-92.0443","16.8","2021-09-09",,,"0.00",",,7,1700",,,,
"USC00163800","30.4184","-92.0443","16.8","2021-09-10",,,"0.00",",,7,1700",,,,
"USC00163800","30.4184","-92.0443","16.8","2021-09-11",,,"0.00",",,7,1700",,,,
"USC00163800","30.4184","-92.0443","16.8","2021-09-12",,,"0.00",",,7,1700",,,,
"USC00163800","30.4184","-92.0443","16.8","2021-09-13",,,"0.00",",,7,1700",,,,
"USC00163800","30.4184","-92.0443","16.8","2021-09-14",,,"2.60",",,7,1700",,,,
"USC00163800","30.4184","-92.0443","16.8","2021-09-15",,,"1.95",",,7,1700",,,,
"USC00163800","30.4184","-92.0443","16.8","2021-09-16",,,"0.84",",,7,1700",,,,
"USC00163800","30.4184","-92.0443","16.8","2021-09-17",,,"0.12",",,7,1700",,,,
"USC00163800","30.4184","-92.0443","16.8","2021-09-18",,,"0.00",",,7,1700",,,,
"USC00163800","30.4184","-92.0443","16.8","2021-09-19",,,"0.00",",,7,1700",,,,
"USC00163800","30.4184","-92.0443","16.8","2021-09-20",,,"0.00",",,7,1700",,,,
"USC00163800","30.4184","-92.0443","16.8","2021-09-21",,,"0.33",",,7,1700",,,,
"USC00163800","30.4184","-92.0443","16.8","2021-09-22",,,"0.00",",,7,1700",,,,
"USC00163800","30.4184","-92.0443","16.8","2021-09-23",,,"0.00",",,7,1700",,,,
"USC00163800","30.4184","-92.0443","16.8","2021-09-24",,,"0.00",",,7,1700",,,,
"USC00163800","30.4184","-92.0443","16.8","2021-09-25",,,"0.00",",,7,1700",,,,
"USC00163800","30.4184","-92.0443","16.8","2021-09-26",,,"0.00",",,7,1700",,,,
"USC00163800","30.4184","-92.0443","16.8","2021-09-27",,,"0.00",",,7,1700",,,,
"USC00163800","30.4184","-92.0443","16.8","2021-09-28",,,"1.80",",,7,1700",,,,
"USC00163800","30.4184","-92.0443","16.8","2021-09-29",,,"0.05",",,7,1700",,,,
"USC00163800","30.4184","-92.0443","16.8","2021-09-30",,,"0.25",",,7,1700",,,,
"USC00163800","30.4184","-92.0443","16.8","2021-10-01",,,"0.00",",,7,1700",,,,
"USC00163800","30.4184","-92.0443","16.8","2021-10-02",,,"0.55",",,7,1700",,,,
"USC00163800","30.4184","-92.0443","16.8","2021-10-03",,,"0.00",",,7,1700",,,,
"USC00163800","30.4184","-92.0443","16.8","2021-10-04",,,"0.00",",,7,1700",,,,
"USC00163800","30.4184","-92.0443","16.8","2021-10-05",,,"0.00",",,7,1700",,,,
"USC00163800","30.4184","-92.0443","16.8","2021-10-06",,,"0.00",",,7,1700",,,,
"USC00163800","30.4184","-92.0443","16.8","2021-10-07",,,"0.00",",,7,1700",,,,
"USC00163800","30.4184","-92.0443","16.8","2021-10-08",,,"0.00",",,7,1700",,,,
"USC00163800","30.4184","-92.0443","16.8","2021-10-09",,,"0.00",",,7,1700",,,,
"USC00163800","30.4184","-92.0443","16.8","2021-10-10",,,"0.00",",,7,1700",,,,
"USC00163800","30.4184","-92.0443","16.8","2021-10-11",,,"0.00",",,7,1700",,,,
"USC00163800","30.4184","-92.0443","16.8","2021-10-12",,,"0.00",",,7,1700",,,,
"USC00163800","30.4184","-92.0443","16.8","2021-10-13",,,"0.00",",,7,1700",,,,
"USC00163800","30.4184","-92.0443","16.8","2021-10-14",,,"0.00",",,7,1700",,,,
"USC00163800","30.4184","-92.0443","16.8","2021-10-15",,,"0.05",",,7,1700",,,,
"USC00163800","30.4184","-92.0443","16.8","2021-10-16",,,"0.00",",,7,1700",,,,
"USC00163800","30.4184","-92.0443","16.8","2021-10-17",,,"0.00",",,7,1700",,,,
"USC00163800","30.4184","-92.0443","16.8","2021-10-18",,,"0.00",",,7,1700",,,,
"USC00163800","30.4184","-92.0443","16.8","2021-10-19",,,"0.00",",,7,1700",,,,
"USC00163800","30.4184","-92.0443","16.8","2021-10-20",,,"0.00",",,7,1700",,,,
"USC00163800","30.4184","-92.0443","16.8","2021-10-21",,,"0.00",",,7,1700",,,,
"USC00163800","30.4184","-92.0443","16.8","2021-10-22",,,"0.00",",,7,1700",,,,
"USC00163800","30.4184","-92.0443","16.8","2021-10-23",,,"0.00",",,7,1700",,,,
"USC00163800","30.4184","-92.0443","16.8","2021-10-24",,,"0.00",",,7,1700",,,,
"USC00163800","30.4184","-92.0443","16.8","2021-10-25",,,"0.00",",,7,1700",,,,
"USC00163800","30.4184","-92.0443","16.8","2021-10-26",,,"0.00",",,7,1700",,,,
"USC00163800","30.4184","-92.0443","16.8","2021-10-27",,,"1.90",",,7,1700",,,,
"USC00163800","30.4184","-92.0443","16.8","2021-10-28",,,"0.00",",,7,1700",,,,
"USC00163800","30.4184","-92.0443","16.8","2021-10-29",,,"0.00",",,7,1700",,,,
"USC00163800","30.4184","-92.0443","16.8","2021-10-30",,,"0.00",",,7,1700",,,,
"USC00163800","30.4184","-92.0443","16.8","2021-10-31",,,"0.00",",,7,1700",,,,
"USC00163800","30.4184","-92.0443","16.8","2021-11-01",,,"0.00",",,H,1700",,,,
"USC00163800","30.4184","-92.0443","16.8","2021-11-02",,,"0.00",",,H,1700",,,,
"USC00163800","30.4184","-92.0443","16.8","2021-11-03",,,"0.00",",,H,1700",,,,
"USC00163800","30.4184","-92.0443","16.8","2021-11-04",,,"0.00",",,H,1700",,,,
"USC00163800","30.4184","-92.0443","16.8","2021-11-05",,,"0.00",",,H,1700",,,,
"USC00163800","30.4184","-92.0443","16.8","2021-11-06",,,"0.00",",,H,1700",,,,
"USC00163800","30.4184","-92.0443","16.8","2021-11-07",,,"0.00",",,H,1700",,,,
"USC00163800","30.4184","-92.0443","16.8","2021-11-08",,,"0.00",",,H,1700",,,,
"USC00163800","30.4184","-92.0443","16.8","2021-11-09",,,"0.00",",,H,1700",,,,
"USC00163800","30.4184","-92.0443","16.8","2021-11-10",,,"0.00",",,H,1700",,,,
"USC00163800","30.4184","-92.0443","16.8","2021-11-11",,,"0.30",",,H,1700",,,,
"USC00163800","30.4184","-92.0443","16.8","2021-11-12",,,"0.00",",,H,1700",,,,
"USC00163800","30.4184","-92.0443","16.8","2021-11-13",,,"0.00",",,H,1700",,,,
"USC00163800","30.4184","-92.0443","16.8","2021-11-14",,,"0.00",",,H,1700",,,,
"USC00163800","30.4184","-92.0443","16.8","2021-11-15",,,"0.00",",,H,1700",,,,
"USC00163800","30.4184","-92.0443","16.8","2021-11-16",,,"0.00",",,H,1700",,,,
"USC00163800","30.4184","-92.0443","16.8","2021-11-17",,,"0.00",",,H,1700",,,,
"USC00163800","30.4184","-92.0443","16.8","2021-11-18",,,"0.00",",,H,1700",,,,
"USC00163800","30.4184","-92.0443","16.8","2021-11-19",,,"0.00",",,H,1700",,,,
"USC00163800","30.4184","-92.0443","16.8","2021-11-20",,,"0.00",",,H,1700",,,,
"USC00163800","30.4184","-92.0443","16.8","2021-11-21",,,"0.00",",,H,1700",,,,
"USC00163800","30.4184","-92.0443","16.8","2021-11-22",,,"0.00",",,H,1700",,,,
"USC00163800","30.4184","-92.0443","16.8","2021-11-23",,,"0.00",",,H,1700",,,,
"USC00163800","30.4184","-92.0443","16.8","2021-11-24",,,"0.00",",,H,1700",,,,
"USC00163800","30.4184","-92.0443","16.8","2021-11-25",,,"0.05",",,H,1700",,,,
"USC00163800","30.4184","-92.0443","16.8","2021-11-26",,,"0.00",",,H,1700",,,,
"USC00163800","30.4184","-92.0443","16.8","2021-11-27",,,"0.00",",,H,1700",,,,
"USC00163800","30.4184","-92.0443","16.8","2021-11-28",,,"0.22",",,H,1700",,,,
"USC00168136","30.7775","-91.3769","35.1","2021-08-01",,,"0.00",",,7,0700",,,,
"USC00168136","30.7775","-91.3769","35.1","2021-08-02",,,"1.89",",,7,0700",,,,
"USC00168136","30.7775","-91.3769","35.1","2021-08-03",,,"0.68",",,7,0700",,,,
"USC00168136","30.7775","-91.3769","35.1","2021-08-04",,,"1.16",",,7,0700",,,,
"USC00168136","30.7775","-91.3769","35.1","2021-08-05",,,"0.00",",,7,0700",,,,
"USC00168136","30.7775","-91.3769","35.1","2021-08-06",,,"0.00",",,7,0700",,,,
"USC00168136","30.7775","-91.3769","35.1","2021-08-07",,,"0.00",",,7,0700",,,,
"USC00168136","30.7775","-91.3769","35.1","2021-08-08",,,"0.00",",,7,0700",,,,
"USC00168136","30.7775","-91.3769","35.1","2021-08-09",,,"0.00",",,7,0700",,,,
"USC00168136","30.7775","-91.3769","35.1","2021-08-10",,,"0.20",",,7,0700",,,,
"USC00168136","30.7775","-91.3769","35.1","2021-08-11",,,"0.00",",,7,0700",,,,
"USC00168136","30.7775","-91.3769","35.1","2021-08-12",,,"0.03",",,7,0700",,,,
"USC00168136","30.7775","-91.3769","35.1","2021-08-13",,,"0.00",",,7,0700",,,,
"USC00168136","30.7775","-91.3769","35.1","2021-08-14",,,"0.00",",,7,0700",,,,
"USC00168136","30.7775","-91.3769","35.1","2021-08-15",,,"0.00",",,7,0700",,,,
"USC00168136","30.7775","-91.3769","35.1","2021-08-16",,,"0.05",",,7,0700",,,,
"USC00168136","30.7775","-91.3769","35.1","2021-08-17",,,"0.00",",,7,0700",,,,
"USC00168136","30.7775","-91.3769","35.1","2021-08-18",,,"0.00",",,7,0700",,,,
"USC00168136","30.7775","-91.3769","35.1","2021-08-19",,,"0.00",",,7,0700",,,,
"USC00168136","30.7775","-91.3769","35.1","2021-08-20",,,"0.00",",,7,0700",,,,
"USC00168136","30.7775","-91.3769","35.1","2021-08-21",,,"0.00",",,7,0700",,,,
"USC00168136","30.7775","-91.3769","35.1","2021-08-22",,,"0.00",",,7,0700",,,,
"USC00168136","30.7775","-91.3769","35.1","2021-08-23",,,"0.00",",,7,0700",,,,
"USC00168136","30.7775","-91.3769","35.1","2021-08-24",,,"0.00",",,7,0700",,,,
"USC00168136","30.7775","-91.3769","35.1","2021-08-25",,,"0.44",",,7,0700",,,,
"USC00168136","30.7775","-91.3769","35.1","2021-08-26",,,"0.30",",,7,0700",,,,
"USC00168136","30.7775","-91.3769","35.1","2021-08-27",,,"0.75",",,7,0700",,,,
"USC00168136","30.7775","-91.3769","35.1","2021-08-28",,,"0.07",",,7,0700",,,,
"USC00168136","30.7775","-91.3769","35.1","2021-08-29",,,"0.02",",,7,0700",,,,
"USC00168136","30.7775","-91.3769","35.1","2021-08-30",,,"1.00",",,7,0700",,,,
"USC00168136","30.7775","-91.3769","35.1","2021-08-31",,,"0.25",",,7,0700",,,,
"USC00168136","30.7775","-91.3769","35.1","2021-09-01",,,"0.00",",,7,0700",,,,
"USC00168136","30.7775","-91.3769","35.1","2021-09-02",,,"0.00",",,7,0700",,,,
"USC00168136","30.7775","-91.3769","35.1","2021-09-03",,,"0.13",",,7,0700",,,,
"USC00168136","30.7775","-91.3769","35.1","2021-09-04",,,"0.00",",,7,0700",,,,
"USC00168136","30.7775","-91.3769","35.1","2021-09-05",,,"0.00",",,7,0700",,,,
"USC00168136","30.7775","-91.3769","35.1","2021-09-06",,,"0.05",",,7,0700",,,,
"USC00168136","30.7775","-91.3769","35.1","2021-09-07",,,"0.11",",,7,0700",,,,
"USC00168136","30.7775","-91.3769","35.1","2021-09-08",,,"0.28",",,7,0700",,,,
"USC00168136","30.7775","-91.3769","35.1","2021-09-09",,,"0.00",",,7,0700",,,,
"USC00168136","30.7775","-91.3769","35.1","2021-09-10",,,"0.00",",,7,0700",,,,
"USC00168136","30.7775","-91.3769","35.1","2021-09-11",,,"0.00",",,7,0700",,,,
"USC00168136","30.7775","-91.3769","35.1","2021-09-12",,,"0.00",",,7,0700",,,,
"USC00168136","30.7775","-91.3769","35.1","2021-09-13",,,"0.38",",,7,0700",,,,
"USC00168136","30.7775","-91.3769","35.1","2021-09-14",,,"1.59",",,7,0700",,,,
"USC00168136","30.7775","-91.3769","35.1","2021-09-15",,,"3.74",",,7,0700",,,,
"USC00168136","30.7775","-91.3769","35.1","2021-09-16",,,"0.38",",,7,0700",,,,
"USC00168136","30.7775","-91.3769","35.1","2021-09-17",,,"1.27",",,7,0700",,,,
"USC00168136","30.7775","-91.3769","35.1","2021-09-18",,,"0.03",",,7,0700",,,,
"USC00168136","30.7775","-91.3769","35.1","2021-09-19",,,"0.00",",,7,0700",,,,
"USC00168136","30.7775","-91.3769","35.1","2021-09-20",,,"0.62",",,7,0700",,,,
"USC00168136","30.7775","-91.3769","35.1","2021-09-21",,,"0.12",",,7,0700",,,,
"USC00168136","30.7775","-91.3769","35.1","2021-09-22",,,"0.19",",,7,0700",,,,
"USC00168136","30.7775","-91.3769","35.1","2021-09-23",,,"0.00",",,7,0700",,,,
"USC00168136","30.7775","-91.3769","35.1","2021-09-24",,,"0.00",",,7,0700",,,,
"USC00168136","30.7775","-91.3769","35.1","2021-09-25",,,"0.00",",,7,0700",,,,
"USC00168136","30.7775","-91.3769","35.1","2021-09-26",,,"0.00",",,7,0700",,,,
"USC00168136","30.7775","-91.3769","35.1","2021-09-27",,,"0.00",",,7,0700",,,,
"USC00168136","30.7775","-91.3769","35.1","2021-09-28",,,"0.00",",,7,0700",,,,
"USC00168136","30.7775","-91.3769","35.1","2021-09-29",,,"0.90",",,7,0700",,,,
"USC00168136","30.7775","-91.3769","35.1","2021-09-30",,,"0.10",",,7,0700",,,,
"USC00172878","47.2386","-68.61195","185.9","2021-08-01",,,"0.00",",,7,0700","0.0",",,7,0700",,
"USC00172878","47.2386","-68.61195","185.9","2021-08-02",,,"0.05",",,7,0700","0.0",",,7,0700",,
"USC00172878","47.2386","-68.61195","185.9","2021-08-03",,,"0.33",",,7,0700","0.0",",,7,0700",,
"USC00172878","47.2386","-68.61195","185.9","2021-08-04",,,"0.07",",,7,0700","0.0",",,7,0700",,
"USC00172878","47.2386","-68.61195","185.9","2021-08-05",,,"0.00",",,7,0700","0.0",",,7,0700",,
"USC00172878","47.2386","-68.61195","185.9","2021-08-06",,,"0.00",",,7,0700",,,,
"USC00172878","47.2386","-68.61195","185.9","2021-08-07",,,"0.00",",,7,0700",,,,
"USC00172878","47.2386","-68.61195","185.9","2021-08-08",,,"0.00",",,7,0700",,,,
"USC00172878","47.2386","-68.61195","185.9","2021-08-09",,,"0.00",",,7,0700","0.0",",,7,0700",,
"USC00172878","47.2386","-68.61195","185.9","2021-08-10",,,"0.02",",,7,0700","0.0",",,7,0700",,
"USC00172878","47.2386","-68.61195","185.9","2021-08-11",,,"0.00",",,7,0700","0.0",",,7,0700",,
"USC00172878","47.2386","-68.61195","185.9","2021-08-12",,,"0.00","T,,7,0700","0.0",",,7,0700",,
"USC00172878","47.2386","-68.61195","185.9","2021-08-13",,,"0.00",",,7,0700","0.0",",,7,0700",,
"USC00172878","47.2386","-68.61195","185.9","2021-08-14",,,"0.00",",,7,0700","0.0",",,7,0700",,
"USC00172878","47.2386","-68.61195","185.9","2021-08-15",,,"0.60",",,7,0700","0.0",",,7,0700",,
"USC00172878","47.2386","-68.61195","185.9","2021-08-16",,,"0.00",",,7,0700",,,,
"USC00172878","47.2386","-68.61195","185.9","2021-08-17",,,"0.00",",,7,0700",,,,
"USC00172878","47.2386","-68.61195","185.9","2021-08-18",,,"0.00",",,7,0700","0.0",",,7,0700",,
"USC00172878","47.2386","-68.61195","185.9","2021-08-19",,,"0.00",",,7,0700","0.0",",,7,0700",,
"USC00172878","47.2386","-68.61195","185.9","2021-08-20",,,"0.00",",,7,0700",,,,
"USC00172878","47.2386","-68.61195","185.9","2021-08-21",,,"0.00",",,7,0700",,,,
"USC00172878","47.2386","-68.61195","185.9","2021-08-22",,,"0.00",",,7,0700",,,,
"USC00172878","47.2386","-68.61195","185.9","2021-08-23",,,"0.07",",,7,0700","0.0",",,7,0700",,
"USC00172878","47.2386","-68.61195","185.9","2021-08-24",,,"0.08",",,7,0700","0.0",",,7,0700",,
"USC00172878","47.2386","-68.61195","185.9","2021-08-25",,,"0.02",",,7,0700","0.0",",,7,0700",,
"USC00172878","47.2386","-68.61195","185.9","2021-08-26",,,"0.00","T,,7,0700","0.0",",,7,0700",,
"USC00172878","47.2386","-68.61195","185.9","2021-08-27",,,"0.00",",,7,0700",,,,
"USC00172878","47.2386","-68.61195","185.9","2021-08-28",,,"0.00",",,7,0700",,,,
"USC00172878","47.2386","-68.61195","185.9","2021-08-29",,,"0.00",",,7,0700",,,,
"USC00172878","47.2386","-68.61195","185.9","2021-08-30",,,"0.05",",,7,0700","0.0",",,7,0700",,
"USC00172878","47.2386","-68.61195","185.9","2021-08-31",,,"0.35",",,7,0700","0.0",",,7,0700",,
"USC00172878","47.2386","-68.61195","185.9","2021-09-01",,,"0.00",",,7,0700","0.0",",,7,0700",,
"USC00172878","47.2386","-68.61195","185.9","2021-09-02",,,"0.00","T,,7,0700","0.0",",,7,0700",,
"USC00172878","47.2386","-68.61195","185.9","2021-09-03",,,"0.18",",,7,0700",,,,
"USC00172878","47.2386","-68.61195","185.9","2021-09-04",,,"0.04",",,7,0700",,,,
"USC00172878","47.2386","-68.61195","185.9","2021-09-05",,,"0.00",",,7,0700",,,,
"USC00172878","47.2386","-68.61195","185.9","2021-09-06",,,"0.40",",,7,0700",,,,
"USC00172878","47.2386","-68.61195","185.9","2021-09-07",,,"0.57",",,7,0700","0.0",",,7,0700",,
"USC00172878","47.2386","-68.61195","185.9","2021-09-08",,,"0.03",",,7,0700","0.0",",,7,0700",,
"USC00172878","47.2386","-68.61195","185.9","2021-09-09",,,"0.21",",,7,0700","0.0",",,7,0700",,
"USC00172878","47.2386","-68.61195","185.9","2021-09-10",,,"0.18",",,7,0700",,,,
"USC00172878","47.2386","-68.61195","185.9","2021-09-11",,,"0.28",",,7,0700",,,,
"USC00172878","47.2386","-68.61195","185.9","2021-09-12",,,"0.00","T,,7,0700",,,,
"USC00172878","47.2386","-68.61195","185.9","2021-09-13",,,"0.26",",,7,0700","0.0",",,7,0700",,
"USC00172878","47.2386","-68.61195","185.9","2021-09-14",,,"0.00","T,,7,0700","0.0",",,7,0700",,
"USC00172878","47.2386","-68.61195","185.9","2021-09-15",,,"0.85",",,7,0700","0.0",",,7,0700",,
"USC00172878","47.2386","-68.61195","185.9","2021-09-16",,,"0.55",",,7,0700",,,,
"USC00172878","47.2386","-68.61195","185.9","2021-09-17",,,"0.00",",,7,0700",,,,
"USC00172878","47.2386","-68.61195","185.9","2021-09-18",,,"0.00","T,,7,0700",,,,
"USC00172878","47.2386","-68.61195","185.9","2021-09-19",,,"0.00",",,7,0700",,,,
"USC00172878","47.2386","-68.61195","185.9","2021-09-20",,,"0.07",",,7,0700","0.0",",,7,0700",,
"USC00172878","47.2386","-68.61195","185.9","2021-09-21",,,"0.00",",,7,0700","0.0",",,7,0700",,
"USC00172878","47.2386","-68.61195","185.9","2021-09-22",,,"0.00",",,7,0700",,,,
"USC00172878","47.2386","-68.61195","185.9","2021-09-23",,,"0.00",",,7,0700",,,,
"USC00172878","47.2386","-68.61195","185.9","2021-09-24",,,"0.00",",,7,0700","0.0",",,7,0700",,
"USC00172878","47.2386","-68.61195","185.9","2021-09-25",,,"0.60",",,7,0700","0.0",",,7,0700",,
"USC00172878","47.2386","-68.61195","185.9","2021-09-26",,,"0.35",",,7,0700","0.0",",,7,0700",,
"USC00172878","47.2386","-68.61195","185.9","2021-09-27",,,"1.13",",,7,0700",,,,
"USC00172878","47.2386","-68.61195","185.9","2021-09-28",,,"0.05",",,7,0700",,,,
"USC00172878","47.2386","-68.61195","185.9","2021-09-29",,,"0.00",",,7,0700","0.0",",,7,0700",,
"USC00172878","47.2386","-68.61195","185.9","2021-09-30",,,"0.05",",,7,0700",,,,
"USC00172878","47.2386","-68.61195","185.9","2021-10-01",,,"0.06",",,7,0700","0.0",",,7,0700",,
"USC00172878","47.2386","-68.61195","185.9","2021-10-02",,,"0.05",",,7,0700","0.0",",,7,0700",,
"USC00172878","47.2386","-68.61195","185.9","2021-10-03",,,"0.00","T,,7,0700","0.0",",,7,0700",,
"USC00172878","47.2386","-68.61195","185.9","2021-10-04",,,"0.00","T,,7,0700","0.0",",,7,0700",,
"USC00172878","47.2386","-68.61195","185.9","2021-10-05",,,"0.00",",,7,0700","0.0",",,7,0700",,
"USC00172878","47.2386","-68.61195","185.9","2021-10-06",,,"0.00",",,7,0700","0.0",",,7,0700",,
"USC00172878","47.2386","-68.61195","185.9","2021-10-07",,,"0.00",",,7,0700","0.0",",,7,0700",,
"USC00172878","47.2386","-68.61195","185.9","2021-10-08",,,"0.00",",,7,0700","0.0",",,7,0700",,
"USC00172878","47.2386","-68.61195","185.9","2021-10-09",,,"0.00",",,7,0700","0.0",",,7,0700",,
"USC00172878","47.2386","-68.61195","185.9","2021-10-10",,,"0.00",",,7,0700","0.0",",,7,0700",,
"USC00172878","47.2386","-68.61195","185.9","2021-10-11",,,"0.00",",,7,0700","0.0",",,7,0700",,
"USC00172878","47.2386","-68.61195","185.9","2021-10-12",,,"0.00",",,7,0700","0.0",",,7,0700",,
"USC00172878","47.2386","-68.61195","185.9","2021-10-13",,,"0.00",",,7,0700","0.0",",,7,0700",,
"USC00172878","47.2386","-68.61195","185.9","2021-10-14",,,"0.05",",,7,0700","0.0",",,7,0700",,
"USC00172878","47.2386","-68.61195","185.9","2021-10-15",,,"0.00",",,7,0700","0.0",",,7,0700",,
"USC00172878","47.2386","-68.61195","185.9","2021-10-16",,,"0.20",",,7,0700","0.0",",,7,0700",,
"USC00172878","47.2386","-68.61195","185.9","2021-10-17",,,"0.60",",,7,0700","0.0",",,7,0700",,
"USC00172878","47.2386","-68.61195","185.9","2021-10-18",,,"0.35",",,7,0700","0.0",",,7,0700",,
"USC00172878","47.2386","-68.61195","185.9","2021-10-19",,,"0.00","T,,7,0700","0.0",",,7,0700",,
"USC00172878","47.2386","-68.61195","185.9","2021-10-20",,,"0.05",",,7,0700","0.0",",,7,0700",,
"USC00172878","47.2386","-68.61195","185.9","2021-10-21",,,"0.00",",,7,0700","0.0",",,7,0700",,
"USC00172878","47.2386","-68.61195","185.9","2021-10-22",,,"0.05",",,7,0700","0.0",",,7,0700",,
"USC00172878","47.2386","-68.61195","185.9","2021-10-23",,,"0.15",",,7,0700","0.0",",,7,0700",,
"USC00172878","47.2386","-68.61195","185.9","2021-10-24",,,"0.00",",,7,0700","0.0",",,7,0700",,
"USC00172878","47.2386","-68.61195","185.9","2021-10-25",,,"0.00",",,7,0700","0.0",",,7,0700",,
"USC00172878","47.2386","-68.61195","185.9","2021-10-26",,,"0.00",",,7,0700","0.0",",,7,0700",,
"USC00172878","47.2386","-68.61195","185.9","2021-10-27",,,"0.00",",,7,0700","0.0",",,7,0700",,
"USC00172878","47.2386","-68.61195","185.9","2021-10-28",,,"0.00",",,7,0700","0.0",",,7,0700",,
"USC00172878","47.2386","-68.61195","185.9","2021-10-29",,,"0.00",",,7,0700","0.0",",,7,0700",,
"USC00172878","47.2386","-68.61195","185.9","2021-10-30",,,"0.00",",,7,0700","0.0",",,7,0700",,
"USC00172878","47.2386","-68.61195","185.9","2021-10-31",,,"0.38",",,7,0700","0.0",",,7,0700",,
"USC00172878","47.2386","-68.61195","185.9","2021-11-01",,,"0.95",",,H,0700",,,,
"USC00172878","47.2386","-68.61195","185.9","2021-11-02",,,"0.02",",,H,0700",,,,
"USC00172878","47.2386","-68.61195","185.9","2021-11-03",,,"0.00",",,H,0700",,,,
"USC00172878","47.2386","-68.61195","185.9","2021-11-04",,,"0.00",",,H,0700",,,,
"USC00172878","47.2386","-68.61195","185.9","2021-11-05",,,"0.00",",,H,0700","0.0",",,H,0700",,
"USC00172878","47.2386","-68.61195","185.9","2021-11-06",,,"0.00",",,H,0700","0.0",",,H,0700",,
"USC00172878","47.2386","-68.61195","185.9","2021-11-07",,,"0.00",",,H,0700","0.0",",,H,0700",,
"USC00172878","47.2386","-68.61195","185.9","2021-11-08",,,"0.00",",,H,0700",,,,
"USC00172878","47.2386","-68.61195","185.9","2021-11-09",,,"0.00",",,H,0700","0.0",",,H,0700",,
"USC00172878","47.2386","-68.61195","185.9","2021-11-10",,,"0.00",",,H,0700","0.0",",,H,0700",,
"USC00172878","47.2386","-68.61195","185.9","2021-11-11",,,"0.00",",,H,0700",,,,
"USC00172878","47.2386","-68.61195","185.9","2021-11-12",,,"0.00",",,H,0700","0.0",",,H,0700",,
"USC00172878","47.2386","-68.61195","185.9","2021-11-13",,,"0.65",",,H,0700",,,,
"USC00172878","47.2386","-68.61195","185.9","2021-11-14",,,"0.28",",,H,0700",,,,
"USC00172878","47.2386","-68.61195","185.9","2021-11-15",,,"0.00",",,H,0700",,,,
"USC00172878","47.2386","-68.61195","185.9","2021-11-16",,,"0.28",",,H,0700","1.0",",,H,0700",,
"USC00172878","47.2386","-68.61195","185.9","2021-11-17",,,"0.00",",,H,0700","0.0",",,H,0700",,
"USC00172878","47.2386","-68.61195","185.9","2021-11-18",,,"0.25",",,H,0700","0.5",",,H,0700",,
"USC00172878","47.2386","-68.61195","185.9","2021-11-19",,,"0.24",",,H,0700","0.0",",,H,0700",,
"USC00172878","47.2386","-68.61195","185.9","2021-11-20",,,"0.00",",,H,0700","0.0",",,H,0700",,
"USC00172878","47.2386","-68.61195","185.9","2021-11-21",,,"0.00",",,H,0700","0.0",",,H,0700",,
"USC00172878","47.2386","-68.61195","185.9","2021-11-22",,,"0.19",",,H,0700","0.0",",,H,0700",,
"USC00172878","47.2386","-68.61195","185.9","2021-11-23",,,"0.08",",,H,0700","0.0",",,H,0700",,
"USC00172878","47.2386","-68.61195","185.9","2021-11-24",,,"0.00",",,H,0700","0.0",",,H,0700",,
"USC00172878","47.2386","-68.61195","185.9","2021-11-25",,,"0.00",",,H,0700","0.0",",,H,0700",,
"USC00172878","47.2386","-68.61195","185.9","2021-11-26",,,"0.00",",,H,0700","0.0",",,H,0700",,
"USC00172878","47.2386","-68.61195","185.9","2021-11-27",,,"0.49",",,H,0700","5.0",",,H,0700",,
"USC00172878","47.2386","-68.61195","185.9","2021-11-28",,,"0.00",",,H,0700","2.0",",,H,0700",,
"USC00168138","30.7872","-91.3675","39.3","2021-08-01",,,"0.00",",,7,0800",,,,
"USC00168138","30.7872","-91.3675","39.3","2021-08-02",,,"0.86",",,7,0800",,,,
"USC00168138","30.7872","-91.3675","39.3","2021-08-03",,,"0.46",",,7,0800",,,,
"USC00168138","30.7872","-91.3675","39.3","2021-08-04",,,"0.79",",,7,0800",,,,
"USC00168138","30.7872","-91.3675","39.3","2021-08-05",,,"0.00",",,7,0800",,,,
"USC00168138","30.7872","-91.3675","39.3","2021-08-06",,,"0.00",",,7,0800",,,,
"USC00168138","30.7872","-91.3675","39.3","2021-08-07",,,"0.00",",,7,0800",,,,
"USC00168138","30.7872","-91.3675","39.3","2021-08-08",,,"0.00",",,7,0800",,,,
"USC00168138","30.7872","-91.3675","39.3","2021-08-09",,,"0.05",",,7,0800",,,,
"USC00168138","30.7872","-91.3675","39.3","2021-08-10",,,"0.39",",,7,0800",,,,
"USC00168138","30.7872","-91.3675","39.3","2021-08-11",,,"0.00",",,7,0800",,,,
"USC00168138","30.7872","-91.3675","39.3","2021-08-12",,,"0.00",",,7,0800",,,,
"USC00168138","30.7872","-91.3675","39.3","2021-08-13",,,"0.00",",,7,0800",,,,
"USC00168138","30.7872","-91.3675","39.3","2021-08-14",,,"0.00",",,7,0800",,,,
"USC00168138","30.7872","-91.3675","39.3","2021-08-15",,,"0.00",",,7,0800",,,,
"USC00168138","30.7872","-91.3675","39.3","2021-08-16",,,"0.26",",,7,0800",,,,
"USC00168138","30.7872","-91.3675","39.3","2021-08-17",,,"0.00",",,7,0800",,,,
"USC00168138","30.7872","-91.3675","39.3","2021-08-18",,,"0.00",",,7,0800",,,,
"USC00168138","30.7872","-91.3675","39.3","2021-08-19",,,"0.00",",,7,0800",,,,
"USC00168138","30.7872","-91.3675","39.3","2021-08-20",,,"0.00",",,7,0800",,,,
"USC00168138","30.7872","-91.3675","39.3","2021-08-21",,,"0.00",",,7,0800",,,,
"USC00168138","30.7872","-91.3675","39.3","2021-08-22",,,"0.00",",,7,0800",,,,
"USC00168138","30.7872","-91.3675","39.3","2021-08-23",,,"0.00",",,7,0800",,,,
"USC00168138","30.7872","-91.3675","39.3","2021-08-24",,,"0.00",",,7,0800",,,,
"USC00168138","30.7872","-91.3675","39.3","2021-08-25",,,"0.52",",,7,0800",,,,
"USC00168138","30.7872","-91.3675","39.3","2021-08-26",,,"0.05",",,7,0800",,,,
"USC00168138","30.7872","-91.3675","39.3","2021-08-27",,,"0.46",",,7,0800",,,,
"USC00168138","30.7872","-91.3675","39.3","2021-08-28",,,"0.02",",,7,0800",,,,
"USC00168138","30.7872","-91.3675","39.3","2021-08-29",,,"0.02",",,7,0800",,,,
"USC00168138","30.7872","-91.3675","39.3","2021-08-30",,,"0.84",",,7,0800",,,,
"USC00168138","30.7872","-91.3675","39.3","2021-08-31",,,"0.23",",,7,0800",,,,
"USC00168138","30.7872","-91.3675","39.3","2021-09-01",,,"0.00",",,7,0800",,,,
"USC00168138","30.7872","-91.3675","39.3","2021-09-02",,,"0.00",",,7,0800",,,,
"USC00168138","30.7872","-91.3675","39.3","2021-09-03",,,"0.24",",,7,0800",,,,
"USC00168138","30.7872","-91.3675","39.3","2021-09-04",,,"0.00",",,7,0800",,,,
"USC00168138","30.7872","-91.3675","39.3","2021-09-05",,,"0.00",",,7,0800",,,,
"USC00168138","30.7872","-91.3675","39.3","2021-09-06",,,"0.00",",,7,0800",,,,
"USC00168138","30.7872","-91.3675","39.3","2021-09-07",,,"0.14",",,7,0800",,,,
"USC00168138","30.7872","-91.3675","39.3","2021-09-08",,,"0.26",",,7,0800",,,,
"USC00168138","30.7872","-91.3675","39.3","2021-09-09",,,"0.00",",,7,0800",,,,
"USC00168138","30.7872","-91.3675","39.3","2021-09-10",,,"0.00",",,7,0800",,,,
"USC00168138","30.7872","-91.3675","39.3","2021-09-11",,,"0.00",",,7,0800",,,,
"USC00168138","30.7872","-91.3675","39.3","2021-09-12",,,"0.00",",,7,0800",,,,
"USC00168138","30.7872","-91.3675","39.3","2021-09-13",,,"0.43",",,7,0800",,,,
"USC00168138","30.7872","-91.3675","39.3","2021-09-14",,,"1.69",",,7,0800",,,,
"USC00168138","30.7872","-91.3675","39.3","2021-09-15",,,"3.55",",,7,0800",,,,
"USC00168138","30.7872","-91.3675","39.3","2021-09-16",,,"0.31",",,7,0800",,,,
"USC00168138","30.7872","-91.3675","39.3","2021-09-17",,,"0.37",",,7,0800",,,,
"USC00168138","30.7872","-91.3675","39.3","2021-09-18",,,"0.00",",,7,0800",,,,
"USC00168138","30.7872","-91.3675","39.3","2021-09-19",,,"0.00",",,7,0800",,,,
"USC00168138","30.7872","-91.3675","39.3","2021-09-20",,,"0.82",",,7,0800",,,,
"USC00168138","30.7872","-91.3675","39.3","2021-09-21",,,"0.08",",,7,0800",,,,
"USC00168138","30.7872","-91.3675","39.3","2021-09-22",,,"0.08",",,7,0800",,,,
"USC00168138","30.7872","-91.3675","39.3","2021-09-23",,,"0.00",",,7,0800",,,,
"USC00168138","30.7872","-91.3675","39.3","2021-09-24",,,"0.00",",,7,0800",,,,
"USC00168138","30.7872","-91.3675","39.3","2021-09-25",,,"0.00",",,7,0800",,,,
"USC00168138","30.7872","-91.3675","39.3","2021-09-26",,,"0.00",",,7,0800",,,,
"USC00168138","30.7872","-91.3675","39.3","2021-09-27",,,"0.00",",,7,0800",,,,
"USC00168138","30.7872","-91.3675","39.3","2021-09-28",,,"0.00",",,7,0800",,,,
"USC00168138","30.7872","-91.3675","39.3","2021-09-29",,,"0.70",",,7,0800",,,,
"USC00168138","30.7872","-91.3675","39.3","2021-09-30",,,"0.18",",,7,0800",,,,
"USC00168138","30.7872","-91.3675","39.3","2021-10-01",,,"0.28",",,H,0800",,,,
"USC00168138","30.7872","-91.3675","39.3","2021-10-02",,,"0.62",",,H,0800",,,,
"USC00168138","30.7872","-91.3675","39.3","2021-10-03",,,"0.22",",,H,0800",,,,
"USC00168138","30.7872","-91.3675","39.3","2021-10-04",,,"0.00",",,H,0800",,,,
"USC00168138","30.7872","-91.3675","39.3","2021-10-05",,,"0.00",",,H,0800",,,,
"USC00168138","30.7872","-91.3675","39.3","2021-10-06",,,"0.00",",,H,0800",,,,
"USC00168138","30.7872","-91.3675","39.3","2021-10-07",,,"0.00",",,H,0800",,,,
"USC00168138","30.7872","-91.3675","39.3","2021-10-08",,,"0.00",",,H,0800",,,,
"USC00168138","30.7872","-91.3675","39.3","2021-10-09",,,"0.00",",,H,0800",,,,
"USC00168138","30.7872","-91.3675","39.3","2021-10-10",,,"0.00",",,H,0800",,,,
"USC00168138","30.7872","-91.3675","39.3","2021-10-11",,,"0.00",",,H,0800",,,,
"USC00168138","30.7872","-91.3675","39.3","2021-10-12",,,"0.00",",,H,0800",,,,
"USC00168138","30.7872","-91.3675","39.3","2021-10-13",,,"0.00",",,H,0800",,,,
"USC00168138","30.7872","-91.3675","39.3","2021-10-14",,,"0.00",",,H,0800",,,,
"USC00168138","30.7872","-91.3675","39.3","2021-10-16",,,"0.03",",,H,0800",,,,
"USC00168138","30.7872","-91.3675","39.3","2021-10-17",,,"0.00",",,H,0800",,,,
"USC00168138","30.7872","-91.3675","39.3","2021-10-18",,,"0.00",",,H,0800",,,,
"USC00168138","30.7872","-91.3675","39.3","2021-10-19",,,"0.00",",,H,0800",,,,
"USC00168138","30.7872","-91.3675","39.3","2021-10-20",,,"0.00",",,H,0800",,,,
"USC00168138","30.7872","-91.3675","39.3","2021-10-21",,,"0.00",",,H,0800",,,,
"USC00168138","30.7872","-91.3675","39.3","2021-10-22",,,"0.00",",,H,0800",,,,
"USC00168138","30.7872","-91.3675","39.3","2021-10-25",,,"0.00",",,H,0800",,,,
"USC00168138","30.7872","-91.3675","39.3","2021-10-26",,,"0.00",",,H,0800",,,,
"USC00168138","30.7872","-91.3675","39.3","2021-10-27",,,"0.00",",,H,0800",,,,
"USC00168138","30.7872","-91.3675","39.3","2021-10-28",,,"1.71",",,H,0800",,,,
"USC00168138","30.7872","-91.3675","39.3","2021-10-29",,,"0.00",",,H,0800",,,,
"USC00168138","30.7872","-91.3675","39.3","2021-10-30",,,"0.00",",,H,0800",,,,
"USC00168138","30.7872","-91.3675","39.3","2021-10-31",,,"0.00",",,H,0800",,,,
"USC00168138","30.7872","-91.3675","39.3","2021-11-01",,,"0.00",",,H,0800",,,,
"USC00168138","30.7872","-91.3675","39.3","2021-11-02",,,"0.00",",,H,0800",,,,
"USC00168138","30.7872","-91.3675","39.3","2021-11-03",,,"0.00",",,H,0800",,,,
"USC00168138","30.7872","-91.3675","39.3","2021-11-04",,,"0.00",",,H,0800",,,,
"USC00168138","30.7872","-91.3675","39.3","2021-11-05",,,"0.00",",,H,0800",,,,
"USC00168138","30.7872","-91.3675","39.3","2021-11-06",,,"0.00",",,H,0800",,,,
"USC00168138","30.7872","-91.3675","39.3","2021-11-07",,,"0.00",",,H,0800",,,,
"USC00168138","30.7872","-91.3675","39.3","2021-11-08",,,"0.00",",,H,0800",,,,
"USC00168138","30.7872","-91.3675","39.3","2021-11-09",,,"0.00",",,H,0800",,,,
"USC00168138","30.7872","-91.3675","39.3","2021-11-10",,,"0.00",",,H,0800",,,,
"USC00168138","30.7872","-91.3675","39.3","2021-11-11",,,"0.00",",,H,0800",,,,
"USC00168138","30.7872","-91.3675","39.3","2021-11-12",,,"0.17",",,H,0800",,,,
"USC00168138","30.7872","-91.3675","39.3","2021-11-13",,,"0.00",",,H,0800",,,,
"USC00168138","30.7872","-91.3675","39.3","2021-11-14",,,"0.00",",,H,0800",,,,
"USC00168138","30.7872","-91.3675","39.3","2021-11-15",,,"0.00",",,H,0800",,,,
"USC00168138","30.7872","-91.3675","39.3","2021-11-16",,,"0.00",",,H,0800",,,,
"USC00168138","30.7872","-91.3675","39.3","2021-11-17",,,"0.00",",,H,0800",,,,
"USC00168138","30.7872","-91.3675","39.3","2021-11-18",,,"0.00",",,H,0800",,,,
"USC00168138","30.7872","-91.3675","39.3","2021-11-20",,,"0.00",",,H,0800",,,,
"USC00168138","30.7872","-91.3675","39.3","2021-11-21",,,"0.00",",,H,0800",,,,
"USC00168138","30.7872","-91.3675","39.3","2021-11-22",,,"0.52",",,H,0800",,,,
"USC00168138","30.7872","-91.3675","39.3","2021-11-23",,,"0.00",",,H,0800",,,,
"USC00168138","30.7872","-91.3675","39.3","2021-11-26",,,"0.03",",,H,0800",,,,
"USC00168138","30.7872","-91.3675","39.3","2021-11-27",,,"0.00",",,H,0800",,,,
"USC00168138","30.7872","-91.3675","39.3","2021-11-28",,,"0.07",",,H,0800",,,,
"US1LASB0002","29.86914","-89.814","0.9","2021-08-01",,,"0.00",",,N","0.0",",,N",,
"US1LASB0002","29.86914","-89.814","0.9","2021-08-02",,,"0.67",",,N",,,,
"US1LASB0002","29.86914","-89.814","0.9","2021-08-03",,,"0.27",",,N",,,,
"US1LASB0002","29.86914","-89.814","0.9","2021-08-04",,,"1.89",",,N",,,,
"US1LASB0002","29.86914","-89.814","0.9","2021-08-05",,,"0.00",",,N","0.0",",,N",,
"US1LASB0002","29.86914","-89.814","0.9","2021-08-06",,,"0.00",",,N","0.0",",,N",,
"US1LASB0002","29.86914","-89.814","0.9","2021-08-07",,,"0.00",",,N","0.0",",,N",,
"US1LASB0002","29.86914","-89.814","0.9","2021-08-08",,,"0.00","T,,N",,,,
"US1LASB0002","29.86914","-89.814","0.9","2021-08-09",,,"0.34",",,N",,,,
"US1LASB0002","29.86914","-89.814","0.9","2021-08-10",,,"0.00",",,N","0.0",",,N",,
"US1LASB0002","29.86914","-89.814","0.9","2021-08-11",,,"0.23",",,N",,,,
"US1LASB0002","29.86914","-89.814","0.9","2021-08-12",,,"0.14",",,N",,,,
"US1LASB0002","29.86914","-89.814","0.9","2021-08-13",,,"0.00","T,,N",,,,
"US1LASB0002","29.86914","-89.814","0.9","2021-08-14",,,"0.00","T,,N",,,,
"US1LASB0002","29.86914","-89.814","0.9","2021-08-15",,,"0.00",",,N","0.0",",,N",,
"US1LASB0002","29.86914","-89.814","0.9","2021-08-16",,,"0.00",",,N","0.0",",,N",,
"US1LASB0002","29.86914","-89.814","0.9","2021-08-17",,,"0.00",",,N","0.0",",,N",,
"US1LASB0002","29.86914","-89.814","0.9","2021-08-18",,,"0.73",",,N",,,,
"US1LASB0002","29.86914","-89.814","0.9","2021-08-19",,,"0.00",",,N","0.0",",,N",,
"US1LASB0002","29.86914","-89.814","0.9","2021-08-20",,,"0.00","T,,N",,,,
"US1LASB0002","29.86914","-89.814","0.9","2021-08-23",,,,,,,,
"US1LASB0002","29.86914","-89.814","0.9","2021-08-24",,,"0.26",",,N",,,,
"US1LASB0002","29.86914","-89.814","0.9","2021-08-25",,,"0.00","T,,N",,,,
"US1LASB0002","29.86914","-89.814","0.9","2021-08-26",,,"0.03",",,N",,,,
"US1LASB0002","29.86914","-89.814","0.9","2021-09-02",,,,,,,,
"US1LASB0002","29.86914","-89.814","0.9","2021-09-03",,,"0.55",",,N",,,,
"US1LASB0002","29.86914","-89.814","0.9","2021-09-04",,,"0.00",",,N","0.0",",,N",,
"US1LASB0002","29.86914","-89.814","0.9","2021-09-05",,,"0.00",",,N","0.0",",,N",,
"US1LASB0002","29.86914","-89.814","0.9","2021-09-06",,,"0.00",",,N","0.0",",,N",,
"US1LASB0002","29.86914","-89.814","0.9","2021-09-07",,,"1.34",",,N",,,,
"US1LASB0002","29.86914","-89.814","0.9","2021-09-08",,,"0.00","T,,N",,,,
"US1LASB0002","29.86914","-89.814","0.9","2021-09-09",,,"0.00",",,N","0.0",",,N",,
"US1LASB0002","29.86914","-89.814","0.9","2021-09-10",,,"0.00",",,N","0.0",",,N",,
"US1LASB0002","29.86914","-89.814","0.9","2021-09-11",,,"0.00",",,N","0.0",",,N",,
"US1LASB0002","29.86914","-89.814","0.9","2021-09-12",,,"0.01",",,N",,,,
"US1LASB0002","29.86914","-89.814","0.9","2021-09-13",,,"0.02",",,N",,,,
"US1LASB0002","29.86914","-89.814","0.9","2021-09-14",,,"0.10",",,N",,,,
"US1LASB0002","29.86914","-89.814","0.9","2021-09-15",,,"5.89",",,N",,,,
"US1LASB0002","29.86914","-89.814","0.9","2021-09-16",,,"2.86",",,N",,,,
"US1LASB0002","29.86914","-89.814","0.9","2021-09-17",,,"0.02",",,N",,,,
"US1LASB0002","29.86914","-89.814","0.9","2021-09-18",,,"3.98",",,N",,,,
"US1LASB0002","29.86914","-89.814","0.9","2021-09-19",,,"0.34",",,N",,,,
"US1LASB0002","29.86914","-89.814","0.9","2021-09-20",,,"0.57",",,N",,,,
"US1LASB0002","29.86914","-89.814","0.9","2021-09-21",,,"0.85",",,N",,,,
"US1LASB0002","29.86914","-89.814","0.9","2021-09-22",,,"0.24",",,N",,,,
"US1LASB0002","29.86914","-89.814","0.9","2021-09-23",,,"0.00",",,N","0.0",",,N",,
"US1LASB0002","29.86914","-89.814","0.9","2021-09-24",,,"0.00",",,N","0.0",",,N",,
"US1LASB0002","29.86914","-89.814","0.9","2021-09-25",,,"0.00",",,N","0.0",",,N",,
"US1LASB0002","29.86914","-89.814","0.9","2021-09-26",,,"0.00",",,N","0.0",",,N",,
"US1LASB0002","29.86914","-89.814","0.9","2021-09-27",,,"0.00",",,N","0.0",",,N",,
"US1LASB0002","29.86914","-89.814","0.9","2021-09-28",,,"0.00",",,N","0.0",",,N",,
"US1LASB0002","29.86914","-89.814","0.9","2021-09-29",,,"2.44",",,N",,,,
"US1LASB0002","29.86914","-89.814","0.9","2021-09-30",,,"0.81",",,N",,,,
"US1LASB0002","29.86914","-89.814","0.9","2021-10-01",,,"0.00","T,,N",,,,
"US1LASB0002","29.86914","-89.814","0.9","2021-10-02",,,"0.00",",,N","0.0",",,N",,
"US1LASB0002","29.86914","-89.814","0.9","2021-10-03",,,"0.43",",,N",,,,
"US1LASB0002","29.86914","-89.814","0.9","2021-10-04",,,"0.00","T,,N","0.0",",,N",,
"US1LASB0002","29.86914","-89.814","0.9","2021-10-05",,,"0.03",",,N",,,,
"US1LASB0002","29.86914","-89.814","0.9","2021-10-06",,,"0.00",",,N","0.0",",,N",,
"US1LASB0002","29.86914","-89.814","0.9","2021-10-07",,,"0.00",",,N","0.0",",,N",,
"US1LASB0002","29.86914","-89.814","0.9","2021-10-08",,,"0.00",",,N","0.0",",,N",,
"US1LASB0002","29.86914","-89.814","0.9","2021-10-09",,,"0.00",",,N","0.0",",,N",,
"US1LASB0002","29.86914","-89.814","0.9","2021-10-10",,,"0.00",",,N","0.0",",,N",,
"US1LASB0002","29.86914","-89.814","0.9","2021-10-11",,,"0.00",",,N","0.0",",,N",,
"US1LASB0002","29.86914","-89.814","0.9","2021-10-12",,,"0.00",",,N","0.0",",,N",,
"US1LASB0002","29.86914","-89.814","0.9","2021-10-13",,,"0.00",",,N","0.0",",,N",,
"US1LASB0002","29.86914","-89.814","0.9","2021-10-14",,,"0.00",",,N","0.0",",,N",,
"US1LASB0002","29.86914","-89.814","0.9","2021-10-15",,,"0.00","T,,N",,,,
"US1LASB0002","29.86914","-89.814","0.9","2021-10-16",,,"0.01",",,N",,,,
"US1LASB0002","29.86914","-89.814","0.9","2021-10-17",,,"0.00",",,N","0.0",",,N",,
"US1LASB0002","29.86914","-89.814","0.9","2021-10-18",,,"0.00",",,N","0.0",",,N",,
"US1LASB0002","29.86914","-89.814","0.9","2021-10-19",,,"0.00",",,N","0.0",",,N",,
"US1LASB0002","29.86914","-89.814","0.9","2021-10-20",,,"0.02",",,N",,,,
"US1LASB0002","29.86914","-89.814","0.9","2021-10-21",,,"0.02",",,N",,,,
"US1LASB0002","29.86914","-89.814","0.9","2021-10-22",,,"0.01",",,N",,,,
"US1LASB0002","29.86914","-89.814","0.9","2021-10-23",,,"0.00",",,N","0.0",",,N",,
"US1LASB0002","29.86914","-89.814","0.9","2021-10-25",,,"0.02",",,N",,,,
"US1LASB0002","29.86914","-89.814","0.9","2021-10-26",,,"0.00",",,N","0.0",",,N",,
"US1LASB0002","29.86914","-89.814","0.9","2021-10-27",,,"0.00",",,N","0.0",",,N",,
"US1LASB0002","29.86914","-89.814","0.9","2021-10-28",,,"0.00",",,N","0.0",",,N",,
"US1LASB0002","29.86914","-89.814","0.9","2021-10-29",,,"0.00",",,N","0.0",",,N",,
"US1LASB0002","29.86914","-89.814","0.9","2021-10-30",,,"0.00",",,N","0.0",",,N",,
"US1LASB0002","29.86914","-89.814","0.9","2021-10-31",,,"0.00",",,N","0.0",",,N",,
"US1LASB0002","29.86914","-89.814","0.9","2021-11-01",,,"0.00",",,N","0.0",",,N",,
"US1LASB0002","29.86914","-89.814","0.9","2021-11-02",,,"0.00",",,N","0.0",",,N",,
"US1LASB0002","29.86914","-89.814","0.9","2021-11-03",,,"0.00",",,N","0.0",",,N",,
"US1LASB0002","29.86914","-89.814","0.9","2021-11-04",,,"0.00",",,N","0.0",",,N",,
"US1LASB0002","29.86914","-89.814","0.9","2021-11-05",,,"0.00",",,N","0.0",",,N",,
"US1LASB0002","29.86914","-89.814","0.9","2021-11-06",,,"0.00",",,N","0.0",",,N",,
"US1LASB0002","29.86914","-89.814","0.9","2021-11-07",,,"0.00",",,N","0.0",",,N",,
"US1LASB0002","29.86914","-89.814","0.9","2021-11-08",,,"0.00",",,N","0.0",",,N",,
"US1LASB0002","29.86914","-89.814","0.9","2021-11-11",,,,,,,,
"US1LASB0002","29.86914","-89.814","0.9","2021-11-12",,,"0.02",",,N",,,,
"US1LASB0002","29.86914","-89.814","0.9","2021-11-13",,,"0.00",",,N","0.0",",,N",,
"US1LASB0002","29.86914","-89.814","0.9","2021-11-14",,,"0.00",",,N","0.0",",,N",,
"US1LASB0002","29.86914","-89.814","0.9","2021-11-15",,,"0.00",",,N","0.0",",,N",,
"US1LASB0002","29.86914","-89.814","0.9","2021-11-16",,,"0.00",",,N","0.0",",,N",,
"US1LASB0002","29.86914","-89.814","0.9","2021-11-17",,,"0.00",",,N","0.0",",,N",,
"US1LASB0002","29.86914","-89.814","0.9","2021-11-18",,,"0.00",",,N","0.0",",,N",,
"US1LASB0002","29.86914","-89.814","0.9","2021-11-19",,,"0.04",",,N",,,,
"US1LASB0002","29.86914","-89.814","0.9","2021-11-20",,,"0.00",",,N","0.0",",,N",,
"US1LASB0002","29.86914","-89.814","0.9","2021-11-21",,,"0.00",",,N","0.0",",,N",,
"US1LASB0002","29.86914","-89.814","0.9","2021-11-22",,,"0.28",",,N",,,,
"US1LASB0002","29.86914","-89.814","0.9","2021-11-23",,,"0.00",",,N","0.0",",,N",,
"US1LASB0002","29.86914","-89.814","0.9","2021-11-24",,,"0.00",",,N","0.0",",,N",,
"US1LASB0002","29.86914","-89.814","0.9","2021-11-25",,,"0.00",",,N","0.0",",,N",,
"US1LASB0002","29.86914","-89.814","0.9","2021-11-26",,,"0.02",",,N",,,,
"US1LASB0002","29.86914","-89.814","0.9","2021-11-27",,,"0.00",",,N","0.0",",,N",,
"US1LASB0002","29.86914","-89.814","0.9","2021-11-28",,,"0.02",",,N",,,,
"USW00053905","32.54278","-93.745","54.6","2021-08-01","4.92",",,W","0.31",",,W,2400",,,,
"USW00053905","32.54278","-93.745","54.6","2021-08-02","4.25",",,W","0.08",",,W,2400",,,,
"USW00053905","32.54278","-93.745","54.6","2021-08-03","6.04",",,W","0.00",",,W,2400",,,,
"USW00053905","32.54278","-93.745","54.6","2021-08-04","5.14",",,W","0.00",",,W,2400",,,,
"USW00053905","32.54278","-93.745","54.6","2021-08-05","2.68",",,W","0.00",",,W,2400",,,,
"USW00053905","32.54278","-93.745","54.6","2021-08-06","2.46",",,W","0.00",",,W,2400",,,,
"USW00053905","32.54278","-93.745","54.6","2021-08-07","6.71",",,W","0.00",",,W,2400",,,,
"USW00053905","32.54278","-93.745","54.6","2021-08-08","10.74",",,W","0.00",",,W,2400",,,,
"USW00053905","32.54278","-93.745","54.6","2021-08-09","10.51",",,W","0.00","T,,W,2400",,,,
"USW00053905","32.54278","-93.745","54.6","2021-08-10","9.62",",,W","0.00",",,W,2400",,,,
"USW00053905","32.54278","-93.745","54.6","2021-08-11","7.38",",,W","0.00",",,W,2400",,,,
"USW00053905","32.54278","-93.745","54.6","2021-08-12","6.49",",,W","0.00",",,W,2400",,,,
"USW00053905","32.54278","-93.745","54.6","2021-08-13","4.47",",,W","0.00",",,W,2400",,,,
"USW00053905","32.54278","-93.745","54.6","2021-08-14","5.59",",,W","0.02",",,W,2400",,,,
"USW00053905","32.54278","-93.745","54.6","2021-08-15","3.13",",,W","1.47",",,W,2400",,,,
"USW00053905","32.54278","-93.745","54.6","2021-08-16","4.03",",,W","0.01",",,W,2400",,,,
"USW00053905","32.54278","-93.745","54.6","2021-08-17","4.70",",,W","0.26",",,W,2400",,,,
"USW00053905","32.54278","-93.745","54.6","2021-08-18","3.80",",,W","0.11",",,W,2400",,,,
"USW00053905","32.54278","-93.745","54.6","2021-08-19","5.59",",,W","0.03",",,W,2400",,,,
"USW00053905","32.54278","-93.745","54.6","2021-08-20","7.16",",,W","0.00",",,W,2400",,,,
"USW00053905","32.54278","-93.745","54.6","2021-08-21","6.04",",,W","0.00",",,W,2400",,,,
"USW00053905","32.54278","-93.745","54.6","2021-08-22","5.14",",,W","0.00",",,W,2400",,,,
"USW00053905","32.54278","-93.745","54.6","2021-08-23","2.46",",,W","0.00",",,W,2400",,,,
"USW00053905","32.54278","-93.745","54.6","2021-08-24","2.46",",,W","0.00",",,W,2400",,,,
"USW00053905","32.54278","-93.745","54.6","2021-08-25","3.36",",,W","0.00","T,,W,2400",,,,
"USW00053905","32.54278","-93.745","54.6","2021-08-26","5.82",",,W","0.00",",,W,2400",,,,
"USW00053905","32.54278","-93.745","54.6","2021-08-27","7.38",",,W","0.00",",,W,2400",,,,
"USW00053905","32.54278","-93.745","54.6","2021-08-28","6.71",",,W","0.31",",,W,2400",,,,
"USW00053905","32.54278","-93.745","54.6","2021-08-29","6.26",",,W","0.06",",,W,2400",,,,
"USW00053905","32.54278","-93.745","54.6","2021-08-30","8.72",",,W","0.00",",,W,2400",,,,
"USW00053905","32.54278","-93.745","54.6","2021-08-31","2.01",",,W","0.09",",,W,2400",,,,
"USW00053905","32.54278","-93.745","54.6","2021-09-01","4.47",",,W","0.01",",,W,2400",,,,
"USW00053905","32.54278","-93.745","54.6","2021-09-02","3.36",",,W","0.00",",,W,2400",,,,
"USW00053905","32.54278","-93.745","54.6","2021-09-03","3.58",",,W","0.00",",,W,2400",,,,
"USW00053905","32.54278","-93.745","54.6","2021-09-04","4.70",",,W","0.00",",,W,2400",,,,
"USW00053905","32.54278","-93.745","54.6","2021-09-05","5.82",",,W","0.02",",,W,2400",,,,
"USW00053905","32.54278","-93.745","54.6","2021-09-06","4.70",",,W","0.00",",,W,2400",,,,
"USW00053905","32.54278","-93.745","54.6","2021-09-07","3.13",",,W","0.00",",,W,2400",,,,
"USW00053905","32.54278","-93.745","54.6","2021-09-08","3.80",",,W","0.00",",,W,2400",,,,
"USW00053905","32.54278","-93.745","54.6","2021-09-09","5.37",",,W","0.00",",,W,2400",,,,
"USW00053905","32.54278","-93.745","54.6","2021-09-10","2.68",",,W","0.00",",,W,2400",,,,
"USW00053905","32.54278","-93.745","54.6","2021-09-11","4.03",",,W","0.00",",,W,2400",,,,
"USW00053905","32.54278","-93.745","54.6","2021-09-12","4.92",",,W","0.00",",,W,2400",,,,
"USW00053905","32.54278","-93.745","54.6","2021-09-13","6.93",",,W","0.00","T,,W,2400",,,,
"USW00053905","32.54278","-93.745","54.6","2021-09-14","8.95",",,W","0.00","T,,W,2400",,,,
"USW00053905","32.54278","-93.745","54.6","2021-09-15","9.40",",,W","0.00",",,W,2400",,,,
"USW00053905","32.54278","-93.745","54.6","2021-09-16","7.16",",,W","0.00",",,W,2400",,,,
"USW00053905","32.54278","-93.745","54.6","2021-09-17","4.92",",,W","0.09",",,W,2400",,,,
"USW00053905","32.54278","-93.745","54.6","2021-09-18","5.14",",,W","0.94",",,W,2400",,,,
"USW00053905","32.54278","-93.745","54.6","2021-09-19","4.47",",,W","0.00",",,W,2400",,,,
"USW00053905","32.54278","-93.745","54.6","2021-09-20","5.37",",,W","0.00",",,W,2400",,,,
"USW00053905","32.54278","-93.745","54.6","2021-09-21","8.28",",,W","0.12",",,W,2400",,,,
"USW00053905","32.54278","-93.745","54.6","2021-09-22","7.61",",,W","0.00",",,W,2400",,,,
"USW00053905","32.54278","-93.745","54.6","2021-09-23","0.67",",,W","0.00",",,W,2400",,,,
"USW00053905","32.54278","-93.745","54.6","2021-09-24","2.46",",,W","0.00",",,W,2400",,,,
"USW00053905","32.54278","-93.745","54.6","2021-09-25","2.91",",,W","0.00",",,W,2400",,,,
"USW00053905","32.54278","-93.745","54.6","2021-09-26","2.91",",,W","0.00",",,W,2400",,,,
"USW00053905","32.54278","-93.745","54.6","2021-09-27","3.80",",,W","0.00",",,W,2400",,,,
"USW00053905","32.54278","-93.745","54.6","2021-09-28","6.93",",,W","0.09",",,W,2400",,,,
"USW00053905","32.54278","-93.745","54.6","2021-09-29","6.93",",,W","0.00",",,W,2400",,,,
"USW00053905","32.54278","-93.745","54.6","2021-09-30","5.82",",,W","0.00",",,W,2400",,,,
"USW00053905","32.54278","-93.745","54.6","2021-10-01","4.92",",,W","0.53",",,W,2400",,,,
"USW00053905","32.54278","-93.745","54.6","2021-10-02","3.13",",,W","0.16",",,W,2400",,,,
"USW00053905","32.54278","-93.745","54.6","2021-10-03","3.36",",,W","0.06",",,W,2400",,,,
"USW00053905","32.54278","-93.745","54.6","2021-10-04","4.25",",,W","0.00",",,W,2400",,,,
"USW00053905","32.54278","-93.745","54.6","2021-10-05","3.80",",,W","0.00",",,W,2400",,,,
"USW00053905","32.54278","-93.745","54.6","2021-10-06","2.01",",,W","0.00",",,W,2400",,,,
"USW00053905","32.54278","-93.745","54.6","2021-10-07","2.91",",,W","0.00",",,W,2400",,,,
"USW00053905","32.54278","-93.745","54.6","2021-10-08","4.25",",,W","0.00",",,W,2400",,,,
"USW00053905","32.54278","-93.745","54.6","2021-10-09","8.05",",,W","0.00",",,W,2400",,,,
"USW00053905","32.54278","-93.745","54.6","2021-10-10","10.96",",,W","0.00",",,W,2400",,,,
"USW00053905","32.54278","-93.745","54.6","2021-10-11","7.83",",,W","0.00",",,W,2400",,,,
"USW00053905","32.54278","-93.745","54.6","2021-10-12","4.70",",,W","0.01",",,W,2400",,,,
"USW00053905","32.54278","-93.745","54.6","2021-10-13","9.84",",,W","0.00",",,W,2400",,,,
"USW00053905","32.54278","-93.745","54.6","2021-10-14","6.26",",,W","0.00","T,,W,2400",,,,
"USW00053905","32.54278","-93.745","54.6","2021-10-15","10.51",",,W","0.00",",,W,2400",,,,
"USW00053905","32.54278","-93.745","54.6","2021-10-16","6.71",",,W","0.00",",,W,2400",,,,
"USW00053905","32.54278","-93.745","54.6","2021-10-17","1.34",",,W","0.00",",,W,2400",,,,
"USW00053905","32.54278","-93.745","54.6","2021-10-18","4.03",",,W","0.00",",,W,2400",,,,
"USW00053905","32.54278","-93.745","54.6","2021-10-19","4.25",",,W","0.00",",,W,2400",,,,
"USW00053905","32.54278","-93.745","54.6","2021-10-20","2.01",",,W","0.00",",,W,2400",,,,
"USW00053905","32.54278","-93.745","54.6","2021-10-21","2.91",",,W","0.00",",,W,2400",,,,
"USW00053905","32.54278","-93.745","54.6","2021-10-22","1.79",",,W","0.00",",,W,2400",,,,
"USW00053905","32.54278","-93.745","54.6","2021-10-23","5.82",",,W","0.00",",,W,2400",,,,
"USW00053905","32.54278","-93.745","54.6","2021-10-24","9.62",",,W","0.00",",,W,2400",,,,
"USW00053905","32.54278","-93.745","54.6","2021-10-25","5.14",",,W","0.00",",,W,2400",,,,
"USW00053905","32.54278","-93.745","54.6","2021-10-26","9.17",",,W","0.00",",,W,2400",,,,
"USW00053905","32.54278","-93.745","54.6","2021-10-27","9.62",",,W","1.05",",,W,2400",,,,
"USW00053905","32.54278","-93.745","54.6","2021-10-28","11.86",",,W","0.00",",,W,2400",,,,
"USW00053905","32.54278","-93.745","54.6","2021-10-29","11.41",",,W","0.00",",,W,2400",,,,
"USW00053905","32.54278","-93.745","54.6","2021-10-30","2.91",",,W","0.00",",,W,2400",,,,
"USW00053905","32.54278","-93.745","54.6","2021-10-31","1.34",",,W","0.00",",,W,2400",,,,
"USW00053905","32.54278","-93.745","54.6","2021-11-01","4.03",",,W","0.00",",,W,2400",,,,
"USW00053905","32.54278","-93.745","54.6","2021-11-02","6.71",",,W","0.04",",,W,2400",,,,
"USW00053905","32.54278","-93.745","54.6","2021-11-03","8.50",",,W","0.32",",,W,2400",,,,
"USW00053905","32.54278","-93.745","54.6","2021-11-04","6.71",",,W","0.00",",,W,2400",,,,
"USW00053905","32.54278","-93.745","54.6","2021-11-05","3.36",",,W","0.00",",,W,2400",,,,
"USW00053905","32.54278","-93.745","54.6","2021-11-06","1.34",",,W","0.00",",,W,2400",,,,
"USW00053905","32.54278","-93.745","54.6","2021-11-07","2.01",",,W","0.00",",,W,2400",,,,
"USW00053905","32.54278","-93.745","54.6","2021-11-08","2.46",",,W","0.00",",,W,2400",,,,
"USW00053905","32.54278","-93.745","54.6","2021-11-09","3.80",",,W","0.00",",,W,2400",,,,
"USW00053905","32.54278","-93.745","54.6","2021-11-10","7.38",",,W","0.00",",,W,2400",,,,
"USW00053905","32.54278","-93.745","54.6","2021-11-11","6.26",",,W","0.50",",,W,2400",,,,
"USW00053905","32.54278","-93.745","54.6","2021-11-12","6.04",",,W","0.00",",,W,2400",,,,
"USW00053905","32.54278","-93.745","54.6","2021-11-13","4.92",",,W","0.00",",,W,2400",,,,
"USW00053905","32.54278","-93.745","54.6","2021-11-14","3.58",",,W","0.00",",,W,2400",,,,
"USW00053905","32.54278","-93.745","54.6","2021-11-15","6.71",",,W","0.00",",,W,2400",,,,
"USW00053905","32.54278","-93.745","54.6","2021-11-16","9.62",",,W","0.00",",,W,2400",,,,
"USW00053905","32.54278","-93.745","54.6","2021-11-17","10.07",",,W","0.00",",,W,2400",,,,
"USW00053905","32.54278","-93.745","54.6","2021-11-18","11.18",",,W","0.00","T,,W,2400",,,,
"USW00053905","32.54278","-93.745","54.6","2021-11-19","3.36",",,W","0.00",",,W,2400",,,,
"USW00053905","32.54278","-93.745","54.6","2021-11-20","6.49",",,W","0.00",",,W,2400",,,,
"USW00053905","32.54278","-93.745","54.6","2021-11-21","6.04",",,W","0.68",",,W,2400",,,,
"USW00053905","32.54278","-93.745","54.6","2021-11-22","5.14",",,W","0.00",",,W,2400",,,,
"USW00053905","32.54278","-93.745","54.6","2021-11-23","5.82",",,W","0.00",",,W,2400",,,,
"USW00053905","32.54278","-93.745","54.6","2021-11-24","10.96",",,W","0.00",",,W,2400",,,,
"USW00053905","32.54278","-93.745","54.6","2021-11-25","7.38",",,W","0.84",",,W,2400",,,,
"USW00053905","32.54278","-93.745","54.6","2021-11-26","2.68",",,W","0.00",",,W,2400",,,,
"USW00053905","32.54278","-93.745","54.6","2021-11-27","3.80",",,W","0.04",",,W,2400",,,,
"USW00053905","32.54278","-93.745","54.6","2021-11-28","2.68",",,W","0.07",",,W,2400",,,,
"US1MEAR0015","46.6796","-68.0127","151.2","2021-08-01",,,"0.00",",,N","0.0",",,N",,
"US1MEAR0015","46.6796","-68.0127","151.2","2021-08-02",,,"0.15",",,N","0.0",",,N",,
"US1MEAR0015","46.6796","-68.0127","151.2","2021-08-03",,,"0.13",",,N","0.0",",,N",,
"US1MEAR0015","46.6796","-68.0127","151.2","2021-08-04",,,"0.00",",,N","0.0",",,N",,
"US1MEAR0015","46.6796","-68.0127","151.2","2021-08-05",,,"0.18",",,N","0.0",",,N",,
"US1MEAR0015","46.6796","-68.0127","151.2","2021-08-06",,,"0.25",",,N","0.0",",,N",,
"US1MEAR0015","46.6796","-68.0127","151.2","2021-08-07",,,"0.00",",,N","0.0",",,N",,
"US1MEAR0015","46.6796","-68.0127","151.2","2021-08-08",,,"0.18",",,N","0.0",",,N",,
"US1MEAR0015","46.6796","-68.0127","151.2","2021-08-09",,,"0.00",",,N","0.0",",,N",,
"US1MEAR0015","46.6796","-68.0127","151.2","2021-08-10",,,"0.00",",,N","0.0",",,N",,
"US1MEAR0015","46.6796","-68.0127","151.2","2021-08-11",,,"0.00",",,N","0.0",",,N",,
"US1MEAR0015","46.6796","-68.0127","151.2","2021-08-12",,,"0.00","T,,N","0.0",",,N",,
"US1MEAR0015","46.6796","-68.0127","151.2","2021-08-13",,,"0.08",",,N","0.0",",,N",,
"US1MEAR0015","46.6796","-68.0127","151.2","2021-08-14",,,"0.00",",,N","0.0",",,N",,
"US1MEAR0015","46.6796","-68.0127","151.2","2021-08-15",,,"0.25",",,N","0.0",",,N",,
"US1MEAR0015","46.6796","-68.0127","151.2","2021-08-16",,,"0.00",",,N","0.0",",,N",,
"US1MEAR0015","46.6796","-68.0127","151.2","2021-08-17",,,"0.00",",,N","0.0",",,N",,
"US1MEAR0015","46.6796","-68.0127","151.2","2021-08-18",,,"0.00",",,N","0.0",",,N",,
"US1MEAR0015","46.6796","-68.0127","151.2","2021-08-19",,,"0.00","T,,N","0.0",",,N",,
"US1MEAR0015","46.6796","-68.0127","151.2","2021-08-20",,,"0.00",",,N","0.0",",,N",,
"US1MEAR0015","46.6796","-68.0127","151.2","2021-08-21",,,"0.00",",,N","0.0",",,N",,
"US1MEAR0015","46.6796","-68.0127","151.2","2021-08-22",,,"0.00",",,N","0.0",",,N",,
"US1MEAR0015","46.6796","-68.0127","151.2","2021-08-23",,,"0.03",",,N","0.0",",,N",,
"US1MEAR0015","46.6796","-68.0127","151.2","2021-08-24",,,"0.95",",,N","0.0",",,N",,
"US1MEAR0015","46.6796","-68.0127","151.2","2021-08-25",,,"0.00",",,N","0.0",",,N",,
"US1MEAR0015","46.6796","-68.0127","151.2","2021-08-26",,,"0.00",",,N","0.0",",,N",,
"US1MEAR0015","46.6796","-68.0127","151.2","2021-08-27",,,"0.00",",,N","0.0",",,N",,
"US1MEAR0015","46.6796","-68.0127","151.2","2021-08-28",,,"0.00",",,N","0.0",",,N",,
"US1MEAR0015","46.6796","-68.0127","151.2","2021-08-29",,,"0.00",",,N","0.0",",,N",,
"US1MEAR0015","46.6796","-68.0127","151.2","2021-08-30",,,"0.14",",,N","0.0",",,N",,
"US1MEAR0015","46.6796","-68.0127","151.2","2021-08-31",,,"1.78",",,N","0.0",",,N",,
"US1MEAR0015","46.6796","-68.0127","151.2","2021-09-01",,,"0.00",",,N","0.0",",,N",,
"US1MEAR0015","46.6796","-68.0127","151.2","2021-09-02",,,"0.00",",,N","0.0",",,N",,
"US1MEAR0015","46.6796","-68.0127","151.2","2021-09-03",,,"0.16",",,N","0.0",",,N",,
"US1MEAR0015","46.6796","-68.0127","151.2","2021-09-04",,,"0.07",",,N","0.0",",,N",,
"US1MEAR0015","46.6796","-68.0127","151.2","2021-09-05",,,"0.00",",,N","0.0",",,N",,
"US1MEAR0015","46.6796","-68.0127","151.2","2021-09-06",,,"0.41",",,N","0.0",",,N",,
"US1MEAR0015","46.6796","-68.0127","151.2","2021-09-07",,,"1.00",",,N","0.0",",,N",,
"US1MEAR0015","46.6796","-68.0127","151.2","2021-09-08",,,"0.00",",,N","0.0",",,N",,
"US1MEAR0015","46.6796","-68.0127","151.2","2021-09-09",,,"0.00","T,,N","0.0",",,N",,
"US1MEAR0015","46.6796","-68.0127","151.2","2021-09-10",,,"1.76",",,N","0.0",",,N",,
"US1MEAR0015","46.6796","-68.0127","151.2","2021-09-11",,,"0.04",",,N","0.0",",,N",,
"US1MEAR0015","46.6796","-68.0127","151.2","2021-09-12",,,"0.00","T,,N","0.0",",,N",,
"US1MEAR0015","46.6796","-68.0127","151.2","2021-09-13",,,"0.14",",,N","0.0",",,N",,
"US1MEAR0015","46.6796","-68.0127","151.2","2021-09-14",,,"0.00",",,N","0.0",",,N",,
"US1MEAR0015","46.6796","-68.0127","151.2","2021-09-15",,,"0.02",",,N","0.0",",,N",,
"US1MEAR0015","46.6796","-68.0127","151.2","2021-09-16",,,"0.52",",,N","0.0",",,N",,
"US1MEAR0015","46.6796","-68.0127","151.2","2021-09-17",,,"0.00",",,N","0.0",",,N",,
"US1MEAR0015","46.6796","-68.0127","151.2","2021-09-18",,,"0.00",",,N","0.0",",,N",,
"US1MEAR0015","46.6796","-68.0127","151.2","2021-09-19",,,"0.04",",,N","0.0",",,N",,
"US1MEAR0015","46.6796","-68.0127","151.2","2021-09-20",,,"0.00",",,N","0.0",",,N",,
"US1MEAR0015","46.6796","-68.0127","151.2","2021-09-21",,,"0.00",",,N","0.0",",,N",,
"US1MEAR0015","46.6796","-68.0127","151.2","2021-09-22",,,"0.00",",,N","0.0",",,N",,
"US1MEAR0015","46.6796","-68.0127","151.2","2021-09-23",,,"0.00","T,,N","0.0",",,N",,
"US1MEAR0015","46.6796","-68.0127","151.2","2021-09-24",,,"0.00","T,,N","0.0",",,N",,
"US1MEAR0015","46.6796","-68.0127","151.2","2021-09-25",,,"1.17",",,N","0.0",",,N",,
"US1MEAR0015","46.6796","-68.0127","151.2","2021-09-26",,,"0.14",",,N","0.0",",,N",,
"US1MEAR0015","46.6796","-68.0127","151.2","2021-09-27",,,"1.31",",,N","0.0",",,N",,
"US1MEAR0015","46.6796","-68.0127","151.2","2021-09-28",,,"0.03",",,N","0.0",",,N",,
"US1MEAR0015","46.6796","-68.0127","151.2","2021-09-29",,,"0.00",",,N","0.0",",,N",,
"US1MEAR0015","46.6796","-68.0127","151.2","2021-09-30",,,"0.02",",,N","0.0",",,N",,
"US1MEAR0015","46.6796","-68.0127","151.2","2021-10-01",,,"0.07",",,N","0.0",",,N",,
"US1MEAR0015","46.6796","-68.0127","151.2","2021-10-02",,,"0.02",",,N","0.0",",,N",,
"US1MEAR0015","46.6796","-68.0127","151.2","2021-10-03",,,"0.00",",,N","0.0",",,N",,
"US1MEAR0015","46.6796","-68.0127","151.2","2021-10-04",,,"0.00",",,N","0.0",",,N",,
"US1MEAR0015","46.6796","-68.0127","151.2","2021-10-05",,,"0.00",",,N","0.0",",,N",,
"US1MEAR0015","46.6796","-68.0127","151.2","2021-10-06",,,"0.00",",,N","0.0",",,N",,
"US1MEAR0015","46.6796","-68.0127","151.2","2021-10-07",,,"0.00",",,N","0.0",",,N",,
"US1MEAR0015","46.6796","-68.0127","151.2","2021-10-08",,,"0.00",",,N","0.0",",,N",,
"US1MEAR0015","46.6796","-68.0127","151.2","2021-10-09",,,"0.00",",,N","0.0",",,N",,
"US1MEAR0015","46.6796","-68.0127","151.2","2021-10-10",,,"0.00",",,N","0.0",",,N",,
"US1MEAR0015","46.6796","-68.0127","151.2","2021-10-11",,,"0.00",",,N","0.0",",,N",,
"US1MEAR0015","46.6796","-68.0127","151.2","2021-10-12",,,"0.00",",,N","0.0",",,N",,
"US1MEAR0015","46.6796","-68.0127","151.2","2021-10-13",,,"0.00",",,N","0.0",",,N",,
"US1MEAR0015","46.6796","-68.0127","151.2","2021-10-14",,,"0.01",",,N","0.0",",,N",,
"US1MEAR0015","46.6796","-68.0127","151.2","2021-10-15",,,"0.00",",,N","0.0",",,N",,
"US1MEAR0015","46.6796","-68.0127","151.2","2021-10-16",,,"0.04",",,N","0.0",",,N",,
"US1MEAR0015","46.6796","-68.0127","151.2","2021-10-17",,,"1.04",",,N","0.0",",,N",,
"US1MEAR0015","46.6796","-68.0127","151.2","2021-10-18",,,"0.55",",,N","0.0",",,N",,
"US1MEAR0015","46.6796","-68.0127","151.2","2021-10-19",,,"0.00","T,,N","0.0",",,N",,
"US1MEAR0015","46.6796","-68.0127","151.2","2021-10-20",,,"0.10",",,N","0.0",",,N",,
"US1MEAR0015","46.6796","-68.0127","151.2","2021-10-21",,,"0.00","T,,N","0.0",",,N",,
"US1MEAR0015","46.6796","-68.0127","151.2","2021-10-22",,,"0.11",",,N","0.0",",,N",,
"US1MEAR0015","46.6796","-68.0127","151.2","2021-10-23",,,"0.08",",,N","0.0",",,N",,
"US1MEAR0015","46.6796","-68.0127","151.2","2021-10-24",,,"0.00",",,N","0.0",",,N",,
"US1MEAR0015","46.6796","-68.0127","151.2","2021-10-25",,,"0.00",",,N","0.0",",,N",,
"US1MEAR0015","46.6796","-68.0127","151.2","2021-10-26",,,"0.00",",,N","0.0",",,N",,
"US1MEAR0015","46.6796","-68.0127","151.2","2021-10-27",,,"0.00",",,N","0.0",",,N",,
"US1MEAR0015","46.6796","-68.0127","151.2","2021-10-28",,,"0.00",",,N","0.0",",,N",,
"US1MEAR0015","46.6796","-68.0127","151.2","2021-10-29",,,"0.00",",,N","0.0",",,N",,
"US1MEAR0015","46.6796","-68.0127","151.2","2021-10-30",,,"0.00",",,N","0.0",",,N",,
"US1MEAR0015","46.6796","-68.0127","151.2","2021-10-31",,,"0.12",",,N","0.0",",,N",,
"US1MEAR0015","46.6796","-68.0127","151.2","2021-11-01",,,"0.63",",,N","0.0",",,N",,
"US1MEAR0015","46.6796","-68.0127","151.2","2021-11-02",,,"0.00","T,,N","0.0",",,N",,
"US1MEAR0015","46.6796","-68.0127","151.2","2021-11-03",,,"0.00","T,,N","0.0",",,N",,
"US1MEAR0015","46.6796","-68.0127","151.2","2021-11-04",,,"0.02",",,N","0.0",",,N",,
"US1MEAR0015","46.6796","-68.0127","151.2","2021-11-05",,,"0.00",",,N","0.0",",,N",,
"US1MEAR0015","46.6796","-68.0127","151.2","2021-11-06",,,"0.00",",,N","0.0",",,N",,
"US1MEAR0015","46.6796","-68.0127","151.2","2021-11-07",,,"0.00",",,N","0.0",",,N",,
"US1MEAR0015","46.6796","-68.0127","151.2","2021-11-08",,,"0.00",",,N","0.0",",,N",,
"US1MEAR0015","46.6796","-68.0127","151.2","2021-11-09",,,"0.00",",,N","0.0",",,N",,
"US1MEAR0015","46.6796","-68.0127","151.2","2021-11-10",,,"0.00",",,N","0.0",",,N",,
"US1MEAR0015","46.6796","-68.0127","151.2","2021-11-11",,,"0.00",",,N","0.0",",,N",,
"US1MEAR0015","46.6796","-68.0127","151.2","2021-11-12",,,"0.00",",,N","0.0",",,N",,
"US1MEAR0015","46.6796","-68.0127","151.2","2021-11-13",,,"0.31",",,N","0.0","T,,N",,
"US1MEAR0015","46.6796","-68.0127","151.2","2021-11-14",,,"0.21",",,N","0.0","T,,N",,
"US1MEAR0015","46.6796","-68.0127","151.2","2021-11-15",,,"0.02",",,N","0.0","T,,N",,
"US1MEAR0015","46.6796","-68.0127","151.2","2021-11-16",,,"0.42",",,N","0.9",",,N",,
"US1MEAR0015","46.6796","-68.0127","151.2","2021-11-17",,,"0.01",",,N","0.0","T,,N",,
"US1MEAR0015","46.6796","-68.0127","151.2","2021-11-18",,,"0.15",",,N","0.5",",,N",,
"US1MEAR0015","46.6796","-68.0127","151.2","2021-11-19",,,"0.33",",,N","0.0",",,N",,
"US1MEAR0015","46.6796","-68.0127","151.2","2021-11-20",,,"0.02",",,N","0.1",",,N",,
"US1MEAR0015","46.6796","-68.0127","151.2","2021-11-21",,,"0.00",",,N","0.0",",,N",,
"US1MEAR0015","46.6796","-68.0127","151.2","2021-11-22",,,"0.29",",,N","0.0",",,N",,
"US1MEAR0015","46.6796","-68.0127","151.2","2021-11-23",,,"0.54",",,N","0.0",",,N",,
"US1MEAR0015","46.6796","-68.0127","151.2","2021-11-24",,,"0.00",",,N","0.0",",,N",,
"US1MEAR0015","46.6796","-68.0127","151.2","2021-11-25",,,"0.00",",,N","0.0",",,N",,
"US1MEAR0015","46.6796","-68.0127","151.2","2021-11-26",,,"0.00",",,N","0.0",",,N",,
"US1MEAR0015","46.6796","-68.0127","151.2","2021-11-27",,,"0.42",",,N","5.5",",,N",,
"US1MEAR0015","46.6796","-68.0127","151.2","2021-11-28",,,"0.04",",,N","1.0",",,N",,
"USC00174927","44.7976","-69.889","67.1","2021-08-01",,,"0.00",",,7,0700","0.0",",,7,0700",,
"USC00174927","44.7976","-69.889","67.1","2021-08-02",,,"0.20",",,7,0700","0.0",",,7,0700",,
"USC00174927","44.7976","-69.889","67.1","2021-08-03",,,"0.12",",,7,0700","0.0",",,7,0700",,
"USC00174927","44.7976","-69.889","67.1","2021-08-04",,,"0.00",",,7,0700","0.0",",,7,0700",,
"USC00174927","44.7976","-69.889","67.1","2021-08-05",,,"0.13",",,7,0700","0.0",",,7,0700",,
"USC00174927","44.7976","-69.889","67.1","2021-08-06",,,"0.00",",,7,0700","0.0",",,7,0700",,
"USC00174927","44.7976","-69.889","67.1","2021-08-07",,,"0.00",",,7,0700","0.0",",,7,0700",,
"USC00174927","44.7976","-69.889","67.1","2021-08-08",,,"0.00",",,7,0700","0.0",",,7,0700",,
"USC00174927","44.7976","-69.889","67.1","2021-08-09",,,"0.00",",,7,0700","0.0",",,7,0700",,
"USC00174927","44.7976","-69.889","67.1","2021-08-10",,,"0.00",",,7,0700","0.0",",,7,0700",,
"USC00174927","44.7976","-69.889","67.1","2021-08-11",,,"0.00",",,7,0700","0.0",",,7,0700",,
"USC00174927","44.7976","-69.889","67.1","2021-08-12",,,"0.10",",,7,0700","0.0",",,7,0700",,
"USC00174927","44.7976","-69.889","67.1","2021-08-13",,,"0.57",",,7,0700","0.0",",,7,0700",,
"USC00174927","44.7976","-69.889","67.1","2021-08-14",,,"0.00",",,7,0700","0.0",",,7,0700",,
"USC00174927","44.7976","-69.889","67.1","2021-08-15",,,"0.48",",,7,0700","0.0",",,7,0700",,
"USC00174927","44.7976","-69.889","67.1","2021-08-16",,,"0.00",",,7,0700","0.0",",,7,0700",,
"USC00174927","44.7976","-69.889","67.1","2021-08-17",,,"0.00",",,7,0700","0.0",",,7,0700",,
"USC00174927","44.7976","-69.889","67.1","2021-08-18",,,"0.00",",,7,0700","0.0",",,7,0700",,
"USC00174927","44.7976","-69.889","67.1","2021-08-19",,,"0.59",",,7,0700","0.0",",,7,0700",,
"USC00174927","44.7976","-69.889","67.1","2021-08-20",,,"0.40",",,7,0700","0.0",",,7,0700",,
"USC00174927","44.7976","-69.889","67.1","2021-08-21",,,"0.00",",,7,0700","0.0",",,7,0700",,
"USC00174927","44.7976","-69.889","67.1","2021-08-22",,,"0.00",",,7,0700","0.0",",,7,0700",,
"USC00174927","44.7976","-69.889","67.1","2021-08-23",,,"0.23",",,7,0700","0.0",",,7,0700",,
"USC00174927","44.7976","-69.889","67.1","2021-08-24",,,"0.08",",,7,0700","0.0",",,7,0700",,
"USC00174927","44.7976","-69.889","67.1","2021-08-25",,,"0.00",",,7,0700","0.0",",,7,0700",,
"USC00174927","44.7976","-69.889","67.1","2021-08-26",,,"0.00",",,7,0700","0.0",",,7,0700",,
"USC00174927","44.7976","-69.889","67.1","2021-08-27",,,"0.00",",,7,0700","0.0",",,7,0700",,
"USC00174927","44.7976","-69.889","67.1","2021-08-28",,,"0.00",",,7,0700","0.0",",,7,0700",,
"USC00174927","44.7976","-69.889","67.1","2021-08-29",,,"0.36",",,7,0700","0.0",",,7,0700",,
"USC00174927","44.7976","-69.889","67.1","2021-08-30",,,"0.07",",,7,0700","0.0",",,7,0700",,
"USC00174927","44.7976","-69.889","67.1","2021-08-31",,,"0.10",",,7,0700","0.0",",,7,0700",,
"USC00174927","44.7976","-69.889","67.1","2021-09-01",,,"0.00",",,7,0700","0.0",",,7,0700",,
"USC00174927","44.7976","-69.889","67.1","2021-09-02",,,"0.60",",,7,0700","0.0",",,7,0700",,
"USC00174927","44.7976","-69.889","67.1","2021-09-03",,,"0.02",",,7,0700","0.0",",,7,0700",,
"USC00174927","44.7976","-69.889","67.1","2021-09-04",,,"0.04",",,7,0700","0.0",",,7,0700",,
"USC00174927","44.7976","-69.889","67.1","2021-09-05",,,"0.00",",,7,0700","0.0",",,7,0700",,
"USC00174927","44.7976","-69.889","67.1","2021-09-06",,,"0.15",",,7,0700","0.0",",,7,0700",,
"USC00174927","44.7976","-69.889","67.1","2021-09-07",,,"0.17",",,7,0700","0.0",",,7,0700",,
"USC00174927","44.7976","-69.889","67.1","2021-09-08",,,"0.00",",,7,0700","0.0",",,7,0700",,
"USC00174927","44.7976","-69.889","67.1","2021-09-09",,,"0.19",",,7,0700","0.0",",,7,0700",,
"USC00174927","44.7976","-69.889","67.1","2021-09-10",,,"1.29",",,7,0700","0.0",",,7,0700",,
"USC00174927","44.7976","-69.889","67.1","2021-09-11",,,"0.00",",,7,0700","0.0",",,7,0700",,
"USC00174927","44.7976","-69.889","67.1","2021-09-12",,,"0.00",",,7,0700","0.0",",,7,0700",,
"USC00174927","44.7976","-69.889","67.1","2021-09-13",,,"0.00",",,7,0700","0.0",",,7,0700",,
"USC00174927","44.7976","-69.889","67.1","2021-09-14",,,"0.00",",,7,0700","0.0",",,7,0700",,
"USC00174927","44.7976","-69.889","67.1","2021-09-15",,,"0.00",",,7,0700","0.0",",,7,0700",,
"USC00174927","44.7976","-69.889","67.1","2021-09-16",,,"0.76",",,7,0700","0.0",",,7,0700",,
"USC00174927","44.7976","-69.889","67.1","2021-09-17",,,"0.00",",,7,0700","0.0",",,7,0700",,
"USC00174927","44.7976","-69.889","67.1","2021-09-18",,,"0.00",",,7,0700","0.0",",,7,0700",,
"USC00174927","44.7976","-69.889","67.1","2021-09-19",,,"0.05",",,7,0700","0.0",",,7,0700",,
"USC00174927","44.7976","-69.889","67.1","2021-09-20",,,"0.00",",,7,0700","0.0",",,7,0700",,
"USC00174927","44.7976","-69.889","67.1","2021-09-21",,,"0.00",",,7,0700","0.0",",,7,0700",,
"USC00174927","44.7976","-69.889","67.1","2021-09-22",,,"0.00",",,7,0700","0.0",",,7,0700",,
"USC00174927","44.7976","-69.889","67.1","2021-09-23",,,"0.01",",,7,0700","0.0",",,7,0700",,
"USC00174927","44.7976","-69.889","67.1","2021-09-24",,,"0.02",",,7,0700","0.0",",,7,0700",,
"USC00174927","44.7976","-69.889","67.1","2021-09-25",,,"0.71",",,7,0700","0.0",",,7,0700",,
"USC00174927","44.7976","-69.889","67.1","2021-09-26",,,"0.90",",,7,0700","0.0",",,7,0700",,
"USC00174927","44.7976","-69.889","67.1","2021-09-27",,,"0.31",",,7,0700","0.0",",,7,0700",,
"USC00174927","44.7976","-69.889","67.1","2021-09-28",,,"0.06",",,7,0700","0.0",",,7,0700",,
"USC00174927","44.7976","-69.889","67.1","2021-09-29",,,"0.00",",,7,0700","0.0",",,7,0700",,
"USC00174927","44.7976","-69.889","67.1","2021-09-30",,,"0.11",",,7,0700","0.0",",,7,0700",,
"USC00161979","32.1673","-92.10769","25.0","2021-08-01",,,"0.00",",,7,0700","0.0",",,7",,
"USC00161979","32.1673","-92.10769","25.0","2021-08-02",,,"0.05",",,7,0700","0.0",",,7",,
"USC00161979","32.1673","-92.10769","25.0","2021-08-03",,,"1.13",",,7,0700","0.0",",,7",,
"USC00161979","32.1673","-92.10769","25.0","2021-08-04",,,"0.06",",,7,0700","0.0",",,7",,
"USC00161979","32.1673","-92.10769","25.0","2021-08-05",,,"0.00",",,7,0700","0.0",",,7",,
"USC00161979","32.1673","-92.10769","25.0","2021-08-06",,,"0.00",",,7,0700","0.0",",,7",,
"USC00161979","32.1673","-92.10769","25.0","2021-08-07",,,"0.00",",,7,0700","0.0",",,7",,
"USC00161979","32.1673","-92.10769","25.0","2021-08-08",,,"0.00",",,7,0700","0.0",",,7",,
"USC00161979","32.1673","-92.10769","25.0","2021-08-09",,,"0.00",",,7,0700","0.0",",,7",,
"USC00161979","32.1673","-92.10769","25.0","2021-08-10",,,"0.00",",,7,0700","0.0",",,7",,
"USC00161979","32.1673","-92.10769","25.0","2021-08-11",,,"0.00",",,7,0700","0.0",",,7",,
"USC00161979","32.1673","-92.10769","25.0","2021-08-12",,,"0.00",",,7,0700","0.0",",,7",,
"USC00161979","32.1673","-92.10769","25.0","2021-08-13",,,"0.00",",,7,0700","0.0",",,7",,
"USC00161979","32.1673","-92.10769","25.0","2021-08-14",,,"0.00",",,7,0700","0.0",",,7",,
"USC00161979","32.1673","-92.10769","25.0","2021-08-15",,,"0.27",",,7,0700","0.0",",,7",,
"USC00161979","32.1673","-92.10769","25.0","2021-08-16",,,"0.00",",,7,0700","0.0",",,7",,
"USC00161979","32.1673","-92.10769","25.0","2021-08-17",,,"0.00",",,7,0700","0.0",",,7",,
"USC00161979","32.1673","-92.10769","25.0","2021-08-18",,,"0.12",",,7,0700","0.0",",,7",,
"USC00161979","32.1673","-92.10769","25.0","2021-08-19",,,"0.66",",,7,0700","0.0",",,7",,
"USC00161979","32.1673","-92.10769","25.0","2021-08-20",,,"0.70",",,7,0700","0.0",",,7",,
"USC00161979","32.1673","-92.10769","25.0","2021-08-21",,,"0.00",",,7,0700","0.0",",,7",,
"USC00161979","32.1673","-92.10769","25.0","2021-08-22",,,"0.00",",,7,0700","0.0",",,7",,
"USC00161979","32.1673","-92.10769","25.0","2021-08-23",,,"0.00",",,7,0700","0.0",",,7",,
"USC00161979","32.1673","-92.10769","25.0","2021-08-24",,,"0.00",",,7,0700","0.0",",,7",,
"USC00161979","32.1673","-92.10769","25.0","2021-08-25",,,"0.00",",,7,0700","0.0",",,7",,
"USC00161979","32.1673","-92.10769","25.0","2021-08-26",,,"0.00",",,7,0700","0.0",",,7",,
"USC00161979","32.1673","-92.10769","25.0","2021-08-27",,,"0.00",",,7,0700","0.0",",,7",,
"USC00161979","32.1673","-92.10769","25.0","2021-08-28",,,"0.00",",,7,0700","0.0",",,7",,
"USC00161979","32.1673","-92.10769","25.0","2021-08-29",,,"0.08",",,7,0700","0.0",",,7",,
"USC00161979","32.1673","-92.10769","25.0","2021-08-30",,,"0.00",",,7,0700","0.0",",,7",,
"USC00161979","32.1673","-92.10769","25.0","2021-08-31",,,"0.41",",,7,0700","0.0",",,7",,
"USC00161979","32.1673","-92.10769","25.0","2021-09-01",,,"0.00",",,7,0700","0.0",",,7",,
"USC00161979","32.1673","-92.10769","25.0","2021-09-02",,,"0.00",",,7,0700","0.0",",,7",,
"USC00161979","32.1673","-92.10769","25.0","2021-09-03",,,"0.00",",,7,0700","0.0",",,7",,
"USC00161979","32.1673","-92.10769","25.0","2021-09-04",,,"0.00",",,7,0700","0.0",",,7",,
"USC00161979","32.1673","-92.10769","25.0","2021-09-05",,,"0.00",",,7,0700","0.0",",,7",,
"USC00161979","32.1673","-92.10769","25.0","2021-09-06",,,"0.00",",,7,0700","0.0",",,7",,
"USC00161979","32.1673","-92.10769","25.0","2021-09-07",,,"0.00",",,7,0700","0.0",",,7",,
"USC00161979","32.1673","-92.10769","25.0","2021-09-08",,,"0.00",",,7,0700","0.0",",,7",,
"USC00161979","32.1673","-92.10769","25.0","2021-09-09",,,"0.00",",,7,0700","0.0",",,7",,
"USC00161979","32.1673","-92.10769","25.0","2021-09-10",,,"0.00",",,7,0700","0.0",",,7",,
"USC00161979","32.1673","-92.10769","25.0","2021-09-11",,,"0.00",",,7,0700","0.0",",,7",,
"USC00161979","32.1673","-92.10769","25.0","2021-09-12",,,"0.00",",,7,0700","0.0",",,7",,
"USC00161979","32.1673","-92.10769","25.0","2021-09-13",,,"0.00",",,7,0700","0.0",",,7",,
"USC00161979","32.1673","-92.10769","25.0","2021-09-14",,,"0.55",",,7,0700","0.0",",,7",,
"USC00161979","32.1673","-92.10769","25.0","2021-09-15",,,"0.22",",,7,0700","0.0",",,7",,
"USC00161979","32.1673","-92.10769","25.0","2021-09-16",,,"0.08",",,7,0700","0.0",",,7",,
"USC00161979","32.1673","-92.10769","25.0","2021-09-17",,,"0.00",",,7,0700","0.0",",,7",,
"USC00161979","32.1673","-92.10769","25.0","2021-09-18",,,"1.57",",,7,0700","0.0",",,7",,
"USC00161979","32.1673","-92.10769","25.0","2021-09-19",,,"0.00",",,7,0700","0.0",",,7",,
"USC00161979","32.1673","-92.10769","25.0","2021-09-20",,,"0.00",",,7,0700","0.0",",,7",,
"USC00161979","32.1673","-92.10769","25.0","2021-09-21",,,"0.00",",,7,0700","0.0",",,7",,
"USC00161979","32.1673","-92.10769","25.0","2021-09-22",,,"0.50",",,7,0700","0.0",",,7",,
"USC00161979","32.1673","-92.10769","25.0","2021-09-23",,,"0.00",",,7,0700","0.0",",,7",,
"USC00161979","32.1673","-92.10769","25.0","2021-09-24",,,"0.00",",,7,0700","0.0",",,7",,
"USC00161979","32.1673","-92.10769","25.0","2021-09-25",,,"0.00",",,7,0700","0.0",",,7",,
"USC00161979","32.1673","-92.10769","25.0","2021-09-26",,,"0.00",",,7,0700","0.0",",,7",,
"USC00161979","32.1673","-92.10769","25.0","2021-09-27",,,"0.00",",,7,0700","0.0",",,7",,
"USC00161979","32.1673","-92.10769","25.0","2021-09-28",,,"0.00",",,7,0700","0.0",",,7",,
"USC00161979","32.1673","-92.10769","25.0","2021-09-29",,,"0.00",",,7,0700","0.0",",,7",,
"USC00161979","32.1673","-92.10769","25.0","2021-09-30",,,"0.05",",,7,0700","0.0",",,7",,
"USC00161979","32.1673","-92.10769","25.0","2021-10-01",,,"0.00",",,7,0700","0.0",",,7",,
"USC00161979","32.1673","-92.10769","25.0","2021-10-02",,,"0.10",",,7,0700","0.0",",,7",,
"USC00161979","32.1673","-92.10769","25.0","2021-10-03",,,"1.28",",,7,0700","0.0",",,7",,
"USC00161979","32.1673","-92.10769","25.0","2021-10-04",,,"0.00",",,7,0700","0.0",",,7",,
"USC00161979","32.1673","-92.10769","25.0","2021-10-05",,,"0.00",",,7,0700","0.0",",,7",,
"USC00161979","32.1673","-92.10769","25.0","2021-10-06",,,"0.00",",,7,0700","0.0",",,7",,
"USC00161979","32.1673","-92.10769","25.0","2021-10-07",,,"0.00",",,7,0700","0.0",",,7",,
"USC00161979","32.1673","-92.10769","25.0","2021-10-08",,,"0.00",",,7,0700","0.0",",,7",,
"USC00161979","32.1673","-92.10769","25.0","2021-10-09",,,"0.00",",,7,0700","0.0",",,7",,
"USC00161979","32.1673","-92.10769","25.0","2021-10-10",,,"0.00",",,7,0700","0.0",",,7",,
"USC00161979","32.1673","-92.10769","25.0","2021-10-11",,,"0.00",",,7,0700","0.0",",,7",,
"USC00161979","32.1673","-92.10769","25.0","2021-10-12",,,"0.00",",,7,0700","0.0",",,7",,
"USC00161979","32.1673","-92.10769","25.0","2021-10-13",,,"0.08",",,7,0700","0.0",",,7",,
"USC00161979","32.1673","-92.10769","25.0","2021-10-14",,,"0.00",",,7,0700","0.0",",,7",,
"USC00161979","32.1673","-92.10769","25.0","2021-10-15",,,"0.00",",,7,0700","0.0",",,7",,
"USC00161979","32.1673","-92.10769","25.0","2021-10-16",,,"0.00",",,7,0700","0.0",",,7",,
"USC00161979","32.1673","-92.10769","25.0","2021-10-17",,,"0.00",",,7,0700","0.0",",,7",,
"USC00161979","32.1673","-92.10769","25.0","2021-10-18",,,"0.00",",,7,0700","0.0",",,7",,
"USC00161979","32.1673","-92.10769","25.0","2021-10-19",,,"0.00",",,7,0700","0.0",",,7",,
"USC00161979","32.1673","-92.10769","25.0","2021-10-20",,,"0.00",",,7,0700","0.0",",,7",,
"USC00161979","32.1673","-92.10769","25.0","2021-10-21",,,"0.00",",,7,0700","0.0",",,7",,
"USC00161979","32.1673","-92.10769","25.0","2021-10-22",,,"0.00",",,7,0700","0.0",",,7",,
"USC00161979","32.1673","-92.10769","25.0","2021-10-23",,,"0.00",",,7,0700","0.0",",,7",,
"USC00161979","32.1673","-92.10769","25.0","2021-10-24",,,"0.00",",,7,0700","0.0",",,7",,
"USC00161979","32.1673","-92.10769","25.0","2021-10-25",,,"0.00",",,7,0700","0.0",",,7",,
"USC00161979","32.1673","-92.10769","25.0","2021-10-26",,,"0.00",",,7,0700","0.0",",,7",,
"USC00161979","32.1673","-92.10769","25.0","2021-10-27",,,"0.00",",,7,0700","0.0",",,7",,
"USC00161979","32.1673","-92.10769","25.0","2021-10-28",,,"0.85",",,7,0700","0.0",",,7",,
"USC00161979","32.1673","-92.10769","25.0","2021-10-29",,,"0.00",",,7,0700","0.0",",,7",,
"USC00161979","32.1673","-92.10769","25.0","2021-10-30",,,"0.00",",,7,0700","0.0",",,7",,
"USC00161979","32.1673","-92.10769","25.0","2021-10-31",,,"0.00",",,7,0700","0.0",",,7",,
"USC00161979","32.1673","-92.10769","25.0","2021-11-01",,,"0.00",",,H,0700","0.0",",,H",,
"USC00161979","32.1673","-92.10769","25.0","2021-11-02",,,"0.00",",,H,0700","0.0",",,H",,
"USC00161979","32.1673","-92.10769","25.0","2021-11-03",,,"0.00",",,H,0700","0.0",",,H",,
"USC00161979","32.1673","-92.10769","25.0","2021-11-04",,,"0.20",",,H,0700","0.0",",,H",,
"USC00161979","32.1673","-92.10769","25.0","2021-11-05",,,"0.00",",,H,0700",,,,
"USC00161979","32.1673","-92.10769","25.0","2021-11-06",,,"0.00",",,H,0700",,,,
"USC00161979","32.1673","-92.10769","25.0","2021-11-07",,,"0.00",",,H,0700",,,,
"USC00161979","32.1673","-92.10769","25.0","2021-11-08",,,"0.00",",,H,0700",,,,
"USC00161979","32.1673","-92.10769","25.0","2021-11-09",,,"0.00",",,H,0700",,,,
"USC00161979","32.1673","-92.10769","25.0","2021-11-10",,,"0.00",",,H,0700",,,,
"USC00161979","32.1673","-92.10769","25.0","2021-11-11",,,"0.39",",,H,0700",,,,
"USC00161979","32.1673","-92.10769","25.0","2021-11-12",,,"0.00",",,H,0700","0.0",",,H",,
"USC00161979","32.1673","-92.10769","25.0","2021-11-13",,,"0.00",",,H,0700","0.0",",,H",,
"USC00161979","32.1673","-92.10769","25.0","2021-11-14",,,"0.00",",,H,0700","0.0",",,H",,
"USC00161979","32.1673","-92.10769","25.0","2021-11-15",,,"0.00",",,H,0700","0.0",",,H",,
"USC00161979","32.1673","-92.10769","25.0","2021-11-16",,,"0.00",",,H,0700","0.0",",,H",,
"USC00161979","32.1673","-92.10769","25.0","2021-11-17",,,"0.00",",,H,0700","0.0",",,H",,
"USC00161979","32.1673","-92.10769","25.0","2021-11-18",,,"0.00",",,H,0700","0.0",",,H",,
"USC00161979","32.1673","-92.10769","25.0","2021-11-20",,,"0.00",",,H,0700",,,,
"USC00161979","32.1673","-92.10769","25.0","2021-11-21",,,"0.00",",,H,0700",,,,
"USC00161979","32.1673","-92.10769","25.0","2021-11-22",,,"0.00",",,H,0700",,,,
"USC00161979","32.1673","-92.10769","25.0","2021-11-23",,,"0.22",",,H,0700",,,,
"USC00161979","32.1673","-92.10769","25.0","2021-11-24",,,"0.00",",,H,0700",,,,
"USC00161979","32.1673","-92.10769","25.0","2021-11-25",,,"0.00",",,H,0700","0.0",",,H",,
"USC00161979","32.1673","-92.10769","25.0","2021-11-26",,,"0.31",",,H,0700","0.0",",,H",,
"USC00161979","32.1673","-92.10769","25.0","2021-11-27",,,"0.00",",,H,0700","0.0",",,H",,
"USC00161979","32.1673","-92.10769","25.0","2021-11-28",,,"0.15",",,H,0700","0.0",",,H",,
"US1LAST0027","30.5237","-90.10996","12.5","2021-08-02",,,"1.93",",,N",,,,
"US1LAST0027","30.5237","-90.10996","12.5","2021-08-03",,,"1.21",",,N",,,,
"US1LAST0027","30.5237","-90.10996","12.5","2021-08-04",,,"0.00",",,N","0.0",",,N",,
"US1LAST0027","30.5237","-90.10996","12.5","2021-08-07",,,"0.00",",,N","0.0",",,N",,
"US1LAST0027","30.5237","-90.10996","12.5","2021-08-10",,,"0.00",",,N","0.0",",,N",,
"US1LAST0027","30.5237","-90.10996","12.5","2021-08-11",,,"0.28",",,N",,,,
"US1LAST0027","30.5237","-90.10996","12.5","2021-08-15",,,"0.16",",,N",,,,
"US1LAST0027","30.5237","-90.10996","12.5","2021-08-16",,,"2.70",",,N",,,,
"US1LAST0027","30.5237","-90.10996","12.5","2021-08-18",,,"0.00",",,N","0.0",",,N",,
"US1LAST0027","30.5237","-90.10996","12.5","2021-08-19",,,"0.30",",,N",,,,
"US1LAST0027","30.5237","-90.10996","12.5","2021-08-24",,,"0.83",",,N",,,,
"US1LAST0027","30.5237","-90.10996","12.5","2021-08-27",,,"0.23",",,N",,,,
"US1LAST0027","30.5237","-90.10996","12.5","2021-08-28",,,"0.48",",,N",,,,
"US1LAST0027","30.5237","-90.10996","12.5","2021-08-29",,,"0.02",",,N",,,,
"US1LAST0027","30.5237","-90.10996","12.5","2021-09-15",,,"3.68",",,N",,,,
"US1LAST0027","30.5237","-90.10996","12.5","2021-09-16",,,"0.48",",,N",,,,
"US1LAST0027","30.5237","-90.10996","12.5","2021-10-21",,,"0.04",",,N",,,,
"US1LAST0027","30.5237","-90.10996","12.5","2021-10-26",,,"0.00",",,N","0.0",",,N",,
"US1LAST0027","30.5237","-90.10996","12.5","2021-10-27",,,"0.00",",,N","0.0",",,N",,
"US1LAST0027","30.5237","-90.10996","12.5","2021-10-28",,,"2.55",",,N",,,,
"US1LAST0027","30.5237","-90.10996","12.5","2021-10-30",,,"0.00",",,N","0.0",",,N",,
"US1LAST0027","30.5237","-90.10996","12.5","2021-11-06",,,"0.00",",,N","0.0",",,N",,
"US1LAST0027","30.5237","-90.10996","12.5","2021-11-07",,,"0.00",",,N","0.0",",,N",,
"US1LAST0027","30.5237","-90.10996","12.5","2021-11-10",,,"0.00",",,N","0.0",",,N",,
"US1LAST0027","30.5237","-90.10996","12.5","2021-11-17",,,,,,,,
"US1LAST0027","30.5237","-90.10996","12.5","2021-11-22",,,"0.25",",,N",,,,
"US1LAST0027","30.5237","-90.10996","12.5","2021-11-28",,,,,,,,
"US1LAST0026","30.283484","-89.724485","2.7","2021-08-01",,,"1.65",",,N",,,,
"US1LAST0026","30.283484","-89.724485","2.7","2021-08-02",,,"0.01",",,N",,,,
"US1LAST0026","30.283484","-89.724485","2.7","2021-08-03",,,"1.17",",,N",,,,
"US1LAST0026","30.283484","-89.724485","2.7","2021-08-04",,,"0.08",",,N",,,,
"US1LAST0026","30.283484","-89.724485","2.7","2021-08-05",,,"0.00",",,N","0.0",",,N",,
"US1LAST0026","30.283484","-89.724485","2.7","2021-08-06",,,"0.00",",,N","0.0",",,N",,
"US1LAST0026","30.283484","-89.724485","2.7","2021-08-07",,,"0.00",",,N","0.0",",,N",,
"US1LAST0026","30.283484","-89.724485","2.7","2021-08-08",,,"0.00",",,N","0.0",",,N",,
"US1LAST0026","30.283484","-89.724485","2.7","2021-08-09",,,"0.00",",,N","0.0",",,N",,
"US1LAST0026","30.283484","-89.724485","2.7","2021-08-10",,,"0.00",",,N","0.0",",,N",,
"US1LAST0026","30.283484","-89.724485","2.7","2021-08-11",,,"0.00",",,N","0.0",",,N",,
"US1LAST0026","30.283484","-89.724485","2.7","2021-08-12",,,"0.38",",,N",,,,
"US1LAST0026","30.283484","-89.724485","2.7","2021-08-13",,,"0.00","T,,N",,,,
"US1LAST0026","30.283484","-89.724485","2.7","2021-08-14",,,"0.06",",,N",,,,
"US1LAST0026","30.283484","-89.724485","2.7","2021-08-15",,,"0.00",",,N","0.0",",,N",,
"US1LAST0026","30.283484","-89.724485","2.7","2021-08-16",,,"0.14",",,N",,,,
"US1LAST0026","30.283484","-89.724485","2.7","2021-08-17",,,"0.00",",,N","0.0",",,N",,
"US1LAST0026","30.283484","-89.724485","2.7","2021-08-18",,,"0.00",",,N","0.0",",,N",,
"US1LAST0026","30.283484","-89.724485","2.7","2021-08-19",,,"0.00",",,N","0.0",",,N",,
"US1LAST0026","30.283484","-89.724485","2.7","2021-08-20",,,"0.00",",,N","0.0",",,N",,
"US1LAST0026","30.283484","-89.724485","2.7","2021-08-22",,,"0.00",",,N","0.0",",,N",,
"US1LAST0026","30.283484","-89.724485","2.7","2021-08-23",,,"0.00",",,N","0.0",",,N",,
"US1LAST0026","30.283484","-89.724485","2.7","2021-08-24",,,"0.21",",,N",,,,
"US1LAST0026","30.283484","-89.724485","2.7","2021-08-25",,,"0.00",",,N","0.0",",,N",,
"US1LAST0026","30.283484","-89.724485","2.7","2021-08-26",,,"0.55",",,N",,,,
"US1LAST0026","30.283484","-89.724485","2.7","2021-08-27",,,"0.59",",,N",,,,
"US1LAST0026","30.283484","-89.724485","2.7","2021-08-28",,,"1.35",",,N",,,,
"US1LAST0026","30.283484","-89.724485","2.7","2021-08-29",,,"1.41",",,N",,,,
"US1LAST0026","30.283484","-89.724485","2.7","2021-08-31",,,,,,,,
"US1LAST0026","30.283484","-89.724485","2.7","2021-09-02",,,"0.09",",,N",,,,
"US1LAST0026","30.283484","-89.724485","2.7","2021-09-04",,,"0.00",",,N","0.0",",,N",,
"US1LAST0026","30.283484","-89.724485","2.7","2021-09-05",,,"0.00",",,N","0.0",",,N",,
"US1LAST0026","30.283484","-89.724485","2.7","2021-09-06",,,"0.00",",,N","0.0",",,N",,
"US1LAST0026","30.283484","-89.724485","2.7","2021-09-07",,,"0.34",",,N",,,,
"US1LAST0026","30.283484","-89.724485","2.7","2021-09-08",,,"0.00",",,N","0.0",",,N",,
"US1LAST0026","30.283484","-89.724485","2.7","2021-09-09",,,"0.10",",,N",,,,
"US1LAST0026","30.283484","-89.724485","2.7","2021-09-10",,,"0.00",",,N","0.0",",,N",,
"US1LAST0026","30.283484","-89.724485","2.7","2021-09-11",,,"0.00",",,N","0.0",",,N",,
"US1LAST0026","30.283484","-89.724485","2.7","2021-09-12",,,"0.00","T,,N",,,,
"US1LAST0026","30.283484","-89.724485","2.7","2021-09-13",,,"0.10",",,N",,,,
"US1LAST0026","30.283484","-89.724485","2.7","2021-09-14",,,"1.15",",,N",,,,
"US1LAST0026","30.283484","-89.724485","2.7","2021-09-15",,,"2.25",",,N",,,,
"US1LAST0026","30.283484","-89.724485","2.7","2021-09-16",,,"0.14",",,N",,,,
"US1LAST0026","30.283484","-89.724485","2.7","2021-09-17",,,"0.13",",,N",,,,
"US1LAST0026","30.283484","-89.724485","2.7","2021-09-18",,,"0.68",",,N",,,,
"US1LAST0026","30.283484","-89.724485","2.7","2021-09-19",,,"0.12",",,N",,,,
"US1LAST0026","30.283484","-89.724485","2.7","2021-09-20",,,"0.00",",,N","0.0",",,N",,
"US1LAST0026","30.283484","-89.724485","2.7","2021-09-21",,,"0.00",",,N","0.0",",,N",,
"US1LAST0026","30.283484","-89.724485","2.7","2021-09-22",,,"0.06",",,N",,,,
"US1LAST0026","30.283484","-89.724485","2.7","2021-09-23",,,"0.00",",,N","0.0",",,N",,
"US1LAST0026","30.283484","-89.724485","2.7","2021-09-24",,,"0.00",",,N","0.0",",,N",,
"US1LAST0026","30.283484","-89.724485","2.7","2021-09-25",,,"0.00",",,N","0.0",",,N",,
"US1LAST0026","30.283484","-89.724485","2.7","2021-09-26",,,"0.00",",,N","0.0",",,N",,
"US1LAST0026","30.283484","-89.724485","2.7","2021-09-27",,,"0.00",",,N","0.0",",,N",,
"US1LAST0026","30.283484","-89.724485","2.7","2021-09-28",,,"0.00",",,N","0.0",",,N",,
"US1LAST0026","30.283484","-89.724485","2.7","2021-09-29",,,"1.46",",,N",,,,
"US1LAST0026","30.283484","-89.724485","2.7","2021-09-30",,,"0.02",",,N",,,,
"US1LAST0026","30.283484","-89.724485","2.7","2021-10-01",,,"0.00",",,N","0.0",",,N",,
"US1LAST0026","30.283484","-89.724485","2.7","2021-10-02",,,"0.00",",,N","0.0",",,N",,
"US1LAST0026","30.283484","-89.724485","2.7","2021-10-03",,,"0.17",",,N",,,,
"US1LAST0026","30.283484","-89.724485","2.7","2021-10-04",,,"0.03",",,N",,,,
"US1LAST0026","30.283484","-89.724485","2.7","2021-10-05",,,"1.70",",,N",,,,
"US1LAST0026","30.283484","-89.724485","2.7","2021-10-09",,,,,,,,
"US1LAST0026","30.283484","-89.724485","2.7","2021-10-10",,,"0.00",",,N","0.0",",,N",,
"US1LAST0026","30.283484","-89.724485","2.7","2021-10-11",,,"0.00",",,N","0.0",",,N",,
"US1LAST0026","30.283484","-89.724485","2.7","2021-10-12",,,"0.00",",,N","0.0",",,N",,
"US1LAST0026","30.283484","-89.724485","2.7","2021-10-13",,,"0.00",",,N","0.0",",,N",,
"US1LAST0026","30.283484","-89.724485","2.7","2021-10-14",,,"0.00",",,N","0.0",",,N",,
"US1LAST0026","30.283484","-89.724485","2.7","2021-10-15",,,"0.00",",,N","0.0",",,N",,
"US1LAST0026","30.283484","-89.724485","2.7","2021-10-16",,,"0.00",",,N","0.0",",,N",,
"US1LAST0026","30.283484","-89.724485","2.7","2021-10-17",,,"0.00",",,N","0.0",",,N",,
"US1LAST0026","30.283484","-89.724485","2.7","2021-10-18",,,"0.00",",,N","0.0",",,N",,
"US1LAST0026","30.283484","-89.724485","2.7","2021-10-20",,,"0.00",",,N","0.0",",,N",,
"US1LAST0026","30.283484","-89.724485","2.7","2021-10-21",,,"0.19",",,N",,,,
"US1LAST0026","30.283484","-89.724485","2.7","2021-10-22",,,"0.07",",,N",,,,
"US1LAST0026","30.283484","-89.724485","2.7","2021-10-24",,,"0.00",",,N","0.0",",,N",,
"US1LAST0026","30.283484","-89.724485","2.7","2021-10-25",,,"0.00",",,N","0.0",",,N",,
"US1LAST0026","30.283484","-89.724485","2.7","2021-10-26",,,"0.00",",,N","0.0",",,N",,
"US1LAST0026","30.283484","-89.724485","2.7","2021-10-27",,,"0.00",",,N","0.0",",,N",,
"US1LAST0026","30.283484","-89.724485","2.7","2021-10-28",,,"2.07",",,N",,,,
"US1LAST0026","30.283484","-89.724485","2.7","2021-10-29",,,"0.00",",,N","0.0",",,N",,
"US1LAST0026","30.283484","-89.724485","2.7","2021-10-30",,,"0.00",",,N","0.0",",,N",,
"US1LAST0026","30.283484","-89.724485","2.7","2021-10-31",,,"0.00",",,N","0.0",",,N",,
"US1LAST0026","30.283484","-89.724485","2.7","2021-11-01",,,"0.00",",,N","0.0",",,N",,
"US1LAST0026","30.283484","-89.724485","2.7","2021-11-02",,,"0.00",",,N","0.0",",,N",,
"US1LAST0026","30.283484","-89.724485","2.7","2021-11-04",,,"0.00",",,N","0.0",",,N",,
"US1LAST0026","30.283484","-89.724485","2.7","2021-11-05",,,"0.00",",,N","0.0",",,N",,
"US1LAST0026","30.283484","-89.724485","2.7","2021-11-07",,,"0.00",",,N","0.0",",,N",,
"US1LAST0026","30.283484","-89.724485","2.7","2021-11-08",,,"0.00",",,N","0.0",",,N",,
"US1LAST0026","30.283484","-89.724485","2.7","2021-11-09",,,"0.00",",,N","0.0",",,N",,
"US1LAST0026","30.283484","-89.724485","2.7","2021-11-11",,,"0.00",",,N","0.0",",,N",,
"US1LAST0026","30.283484","-89.724485","2.7","2021-11-12",,,"0.00",",,N","0.0",",,N",,
"US1LAST0026","30.283484","-89.724485","2.7","2021-11-13",,,"0.00",",,N","0.0",",,N",,
"US1LAST0026","30.283484","-89.724485","2.7","2021-11-15",,,"0.00",",,N","0.0",",,N",,
"US1LAST0026","30.283484","-89.724485","2.7","2021-11-16",,,"0.00",",,N","0.0",",,N",,
"US1LAST0026","30.283484","-89.724485","2.7","2021-11-18",,,"0.00",",,N","0.0",",,N",,
"US1LAST0026","30.283484","-89.724485","2.7","2021-11-19",,,"0.03",",,N",,,,
"US1LAST0026","30.283484","-89.724485","2.7","2021-11-20",,,"0.00",",,N","0.0",",,N",,
"US1LAST0026","30.283484","-89.724485","2.7","2021-11-21",,,"0.00",",,N","0.0",",,N",,
"US1LAST0026","30.283484","-89.724485","2.7","2021-11-22",,,"0.16",",,N",,,,
"US1LAST0026","30.283484","-89.724485","2.7","2021-11-23",,,"0.00",",,N","0.0",",,N",,
"US1LAST0026","30.283484","-89.724485","2.7","2021-11-24",,,"0.00",",,N","0.0",",,N",,
"US1LAST0026","30.283484","-89.724485","2.7","2021-11-26",,,"0.03",",,N",,,,
"US1LAST0026","30.283484","-89.724485","2.7","2021-11-27",,,"0.00",",,N","0.0",",,N",,
"US1LAST0026","30.283484","-89.724485","2.7","2021-11-28",,,"0.03",",,N",,,,
"USW00053915","30.0375","-91.8839","7.3","2021-08-01","4.70",",,W","0.00",",,W,2400",,,,
"USW00053915","30.0375","-91.8839","7.3","2021-08-02","3.80",",,W","0.36",",,W,2400",,,,
"USW00053915","30.0375","-91.8839","7.3","2021-08-03","4.25",",,W","0.49",",,W,2400",,,,
"USW00053915","30.0375","-91.8839","7.3","2021-08-04","7.83",",,W","0.00",",,W,2400",,,,
"USW00053915","30.0375","-91.8839","7.3","2021-08-05","5.14",",,W","0.00",",,W,2400",,,,
"USW00053915","30.0375","-91.8839","7.3","2021-08-06","2.91",",,W","0.00",",,W,2400",,,,
"USW00053915","30.0375","-91.8839","7.3","2021-08-07","2.24",",,W","0.13",",,W,2400",,,,
"USW00053915","30.0375","-91.8839","7.3","2021-08-08","5.37",",,W","0.02",",,W,2400",,,,
"USW00053915","30.0375","-91.8839","7.3","2021-08-09","5.37",",,W","0.09",",,W,2400",,,,
"USW00053915","30.0375","-91.8839","7.3","2021-08-10","2.68",",,W","0.00",",,W,2400",,,,
"USW00053915","30.0375","-91.8839","7.3","2021-08-11","6.49",",,W","0.14",",,W,2400",,,,
"USW00053915","30.0375","-91.8839","7.3","2021-08-12","3.58",",,W","0.00","T,,W,2400",,,,
"USW00053915","30.0375","-91.8839","7.3","2021-08-13","3.80",",,W","0.00",",,W,2400",,,,
"USW00053915","30.0375","-91.8839","7.3","2021-08-14","4.47",",,W","0.00",",,W,2400",,,,
"USW00053915","30.0375","-91.8839","7.3","2021-08-15","4.47",",,W","1.46",",,W,2400",,,,
"USW00053915","30.0375","-91.8839","7.3","2021-08-16","3.36",",,W","0.00",",,W,2400",,,,
"USW00053915","30.0375","-91.8839","7.3","2021-08-17","3.36",",,W","0.08",",,W,2400",,,,
"USW00053915","30.0375","-91.8839","7.3","2021-08-18","6.71",",,W","0.00","T,,W,2400",,,,
"USW00053915","30.0375","-91.8839","7.3","2021-08-19","5.59",",,W","0.57",",,W,2400",,,,
"USW00053915","30.0375","-91.8839","7.3","2021-08-20","4.70",",,W","0.00",",,W,2400",,,,
"USW00053915","30.0375","-91.8839","7.3","2021-08-21","2.91",",,W","0.00",",,W,2400",,,,
"USW00053915","30.0375","-91.8839","7.3","2021-08-22","2.91",",,W","0.00",",,W,2400",,,,
"USW00053915","30.0375","-91.8839","7.3","2021-08-23","3.13",",,W","0.00",",,W,2400",,,,
"USW00053915","30.0375","-91.8839","7.3","2021-08-24","3.80",",,W","0.76",",,W,2400",,,,
"USW00053915","30.0375","-91.8839","7.3","2021-08-25","3.36",",,W","0.16",",,W,2400",,,,
"USW00053915","30.0375","-91.8839","7.3","2021-08-26","6.49",",,W","0.02",",,W,2400",,,,
"USW00053915","30.0375","-91.8839","7.3","2021-08-27","9.84",",,W","0.01",",,W,2400",,,,
"USW00053915","30.0375","-91.8839","7.3","2021-08-28","6.49",",,W","0.55",",,W,2400",,,,
"USW00053915","30.0375","-91.8839","7.3","2021-08-29","19.01",",,W","0.04",",,W,2400",,,,
"USW00053915","30.0375","-91.8839","7.3","2021-08-30","11.63",",,W","0.00",",,W,2400",,,,
"USW00053915","30.0375","-91.8839","7.3","2021-08-31","5.37",",,W","0.05",",,W,2400",,,,
"USW00053915","30.0375","-91.8839","7.3","2021-09-01","3.58",",,W","0.00","T,,W,2400",,,,
"USW00053915","30.0375","-91.8839","7.3","2021-09-02","3.80",",,W","0.10",",,W,2400",,,,
"USW00053915","30.0375","-91.8839","7.3","2021-09-03","2.46",",,W","0.00",",,W,2400",,,,
"USW00053915","30.0375","-91.8839","7.3","2021-09-04","3.36",",,W","0.00",",,W,2400",,,,
"USW00053915","30.0375","-91.8839","7.3","2021-09-05","3.58",",,W","0.06",",,W,2400",,,,
"USW00053915","30.0375","-91.8839","7.3","2021-09-06","5.14",",,W","0.03",",,W,2400",,,,
"USW00053915","30.0375","-91.8839","7.3","2021-09-07","2.68",",,W","0.80",",,W,2400",,,,
"USW00053915","30.0375","-91.8839","7.3","2021-09-08","2.91",",,W","0.00",",,W,2400",,,,
"USW00053915","30.0375","-91.8839","7.3","2021-09-09","6.93",",,W","0.00",",,W,2400",,,,
"USW00053915","30.0375","-91.8839","7.3","2021-09-10","6.26",",,W","0.00",",,W,2400",,,,
"USW00053915","30.0375","-91.8839","7.3","2021-09-11","5.14",",,W","0.00",",,W,2400",,,,
"USW00053915","30.0375","-91.8839","7.3","2021-09-12","7.61",",,W","0.43",",,W,2400",,,,
"USW00053915","30.0375","-91.8839","7.3","2021-09-13","7.83",",,W","0.02",",,W,2400",,,,
"USW00053915","30.0375","-91.8839","7.3","2021-09-14","12.30",",,W","2.52",",,W,2400",,,,
"USW00053915","30.0375","-91.8839","7.3","2021-09-15","6.71",",,W","0.66",",,W,2400",,,,
"USW00053915","30.0375","-91.8839","7.3","2021-09-16","6.04",",,W","0.00","T,,W,2400",,,,
"USW00053915","30.0375","-91.8839","7.3","2021-09-17","3.58",",,W","0.00",",,W,2400",,,,
"USW00053915","30.0375","-91.8839","7.3","2021-09-18","3.80",",,W","0.00","T,,W,2400",,,,
"USW00053915","30.0375","-91.8839","7.3","2021-09-19","4.03",",,W","1.47",",,W,2400",,,,
"USW00053915","30.0375","-91.8839","7.3","2021-09-20","4.03",",,W","0.01",",,W,2400",,,,
"USW00053915","30.0375","-91.8839","7.3","2021-09-21","3.80",",,W","0.82",",,W,2400",,,,
"USW00053915","30.0375","-91.8839","7.3","2021-09-22","14.09",",,W","0.00","T,,W,2400",,,,
"USW00053915","30.0375","-91.8839","7.3","2021-09-23","6.71",",,W","0.00",",,W,2400",,,,
"USW00053915","30.0375","-91.8839","7.3","2021-09-24","4.92",",,W","0.00",",,W,2400",,,,
"USW00053915","30.0375","-91.8839","7.3","2021-09-25","4.25",",,W","0.00",",,W,2400",,,,
"USW00053915","30.0375","-91.8839","7.3","2021-09-26","3.13",",,W","0.00",",,W,2400",,,,
"USW00053915","30.0375","-91.8839","7.3","2021-09-27","6.49",",,W","0.00","T,,W,2400",,,,
"USW00053915","30.0375","-91.8839","7.3","2021-09-28","7.16",",,W","1.64",",,W,2400",,,,
"USW00053915","30.0375","-91.8839","7.3","2021-09-29","5.82",",,W","0.47",",,W,2400",,,,
"USW00053915","30.0375","-91.8839","7.3","2021-09-30","6.26",",,W","0.27",",,W,2400",,,,
"USW00053915","30.0375","-91.8839","7.3","2021-10-01","6.49",",,W","0.27",",,W,2400","0.0",",,W",,
"USW00053915","30.0375","-91.8839","7.3","2021-10-02","4.25",",,W","0.00","T,,W,2400","0.0",",,W",,
"USW00053915","30.0375","-91.8839","7.3","2021-10-03","2.46",",,W","0.00","T,,W,2400","0.0",",,W",,
"USW00053915","30.0375","-91.8839","7.3","2021-10-04","4.70",",,W","0.00",",,W,2400","0.0",",,W",,
"USW00053915","30.0375","-91.8839","7.3","2021-10-05","5.37",",,W","0.00",",,W,2400","0.0",",,W",,
"USW00053915","30.0375","-91.8839","7.3","2021-10-06","4.03",",,W","0.00",",,W,2400","0.0",",,W",,
"USW00053915","30.0375","-91.8839","7.3","2021-10-07","4.92",",,W","0.00",",,W,2400","0.0",",,W",,
"USW00053915","30.0375","-91.8839","7.3","2021-10-08","2.68",",,W","0.00",",,W,2400","0.0",",,W",,
"USW00053915","30.0375","-91.8839","7.3","2021-10-09","2.24",",,W","0.00",",,W,2400","0.0",",,W",,
"USW00053915","30.0375","-91.8839","7.3","2021-10-10","6.71",",,W","0.00",",,W,2400","0.0",",,W",,
"USW00053915","30.0375","-91.8839","7.3","2021-10-11","7.38",",,W","0.00",",,W,2400","0.0",",,W",,
"USW00053915","30.0375","-91.8839","7.3","2021-10-12","6.93",",,W","0.00",",,W,2400","0.0",",,W",,
"USW00053915","30.0375","-91.8839","7.3","2021-10-13","8.72",",,W","0.00",",,W,2400","0.0",",,W",,
"USW00053915","30.0375","-91.8839","7.3","2021-10-14","6.93",",,W","0.00",",,W,2400","0.0",",,W",,
"USW00053915","30.0375","-91.8839","7.3","2021-10-15","6.04",",,W","0.23",",,W,2400","0.0",",,W",,
"USW00053915","30.0375","-91.8839","7.3","2021-10-16","16.11",",,W","0.01",",,W,2400","0.0",",,W",,
"USW00053915","30.0375","-91.8839","7.3","2021-10-17","6.93",",,W","0.00",",,W,2400","0.0",",,W",,
"USW00053915","30.0375","-91.8839","7.3","2021-10-18","4.92",",,W","0.00",",,W,2400","0.0",",,W",,
"USW00053915","30.0375","-91.8839","7.3","2021-10-19","6.93",",,W","0.00",",,W,2400","0.0",",,W",,
"USW00053915","30.0375","-91.8839","7.3","2021-10-20","3.58",",,W","0.01",",,W,2400","0.0",",,W",,
"USW00053915","30.0375","-91.8839","7.3","2021-10-21","2.91",",,W","0.00",",,W,2400","0.0",",,W",,
"USW00053915","30.0375","-91.8839","7.3","2021-10-22","2.91",",,W","0.00",",,W,2400","0.0",",,W",,
"USW00053915","30.0375","-91.8839","7.3","2021-10-23","6.26",",,W","0.00",",,W,2400","0.0",",,W",,
"USW00053915","30.0375","-91.8839","7.3","2021-10-24","6.49",",,W","0.63",",,W,2400","0.0",",,W",,
"USW00053915","30.0375","-91.8839","7.3","2021-10-25","3.58",",,W","0.00",",,W,2400",,,,
"USW00053915","30.0375","-91.8839","7.3","2021-10-26","5.59",",,W","0.00",",,W,2400",,,,
"USW00053915","30.0375","-91.8839","7.3","2021-10-27","12.08",",,W","1.00",",,W,2400",,,,
"USW00053915","30.0375","-91.8839","7.3","2021-10-28","13.65",",,W","0.00",",,W,2400","0.0",",,W",,
"USW00053915","30.0375","-91.8839","7.3","2021-10-29","12.97",",,W","0.00",",,W,2400","0.0",",,W",,
"USW00053915","30.0375","-91.8839","7.3","2021-10-30","5.37",",,W","0.00",",,W,2400","0.0",",,W",,
"USW00053915","30.0375","-91.8839","7.3","2021-10-31","1.34",",,W","0.00",",,W,2400","0.0",",,W",,
"USW00053915","30.0375","-91.8839","7.3","2021-11-01","2.24",",,W","0.00",",,W,2400","0.0",",,W",,
"USW00053915","30.0375","-91.8839","7.3","2021-11-02","4.70",",,W","0.00",",,W,2400","0.0",",,W",,
"USW00053915","30.0375","-91.8839","7.3","2021-11-03","7.61",",,W","0.00",",,W,2400","0.0",",,W",,
"USW00053915","30.0375","-91.8839","7.3","2021-11-04","11.63",",,W","0.00",",,W,2400","0.0",",,W",,
"USW00053915","30.0375","-91.8839","7.3","2021-11-05","8.50",",,W",,,"0.0",",,W",,
"USW00053915","30.0375","-91.8839","7.3","2021-11-06","7.38",",,W","0.00",",,W,2400","0.0",",,W",,
"USW00053915","30.0375","-91.8839","7.3","2021-11-07","3.36",",,W","0.00",",,W,2400","0.0",",,W",,
"USW00053915","30.0375","-91.8839","7.3","2021-11-08","2.01",",,W","0.00",",,W,2400","0.0",",,W",,
"USW00053915","30.0375","-91.8839","7.3","2021-11-09","1.34",",,W","0.00",",,W,2400","0.0",",,W",,
"USW00053915","30.0375","-91.8839","7.3","2021-11-10","5.82",",,W",,,"0.0",",,W",,
"USW00053915","30.0375","-91.8839","7.3","2021-11-11","4.92",",,W","0.10",",,W,2400","0.0",",,W",,
"USW00053915","30.0375","-91.8839","7.3","2021-11-12","1.12",",,W","0.00",",,W,2400","0.0",",,W",,
"USW00053915","30.0375","-91.8839","7.3","2021-11-13","6.93",",,W","0.00",",,W,2400","0.0",",,W",,
"USW00053915","30.0375","-91.8839","7.3","2021-11-14","2.24",",,W","0.00",",,W,2400","0.0",",,W",,
"USW00053915","30.0375","-91.8839","7.3","2021-11-15","4.03",",,W","0.00",",,W,2400","0.0",",,W",,
"USW00053915","30.0375","-91.8839","7.3","2021-11-16","7.61",",,W","0.00",",,W,2400","0.0",",,W",,
"USW00053915","30.0375","-91.8839","7.3","2021-11-17","6.26",",,W","0.00",",,W,2400","0.0",",,W",,
"USW00053915","30.0375","-91.8839","7.3","2021-11-18","12.08",",,W","0.01",",,W,2400","0.0",",,W",,
"USW00053915","30.0375","-91.8839","7.3","2021-11-19","9.84",",,W","0.00",",,W,2400","0.0",",,W",,
"USW00053915","30.0375","-91.8839","7.3","2021-11-20","2.68",",,W","0.00",",,W,2400",,,,
"USW00053915","30.0375","-91.8839","7.3","2021-11-21","4.25",",,W","0.00",",,W,2400","0.0",",,W",,
"USW00053915","30.0375","-91.8839","7.3","2021-11-22","11.41",",,W","0.01",",,W,2400",,,,
"USW00053915","30.0375","-91.8839","7.3","2021-11-23","5.82",",,W","0.00",",,W,2400",,,,
"USW00053915","30.0375","-91.8839","7.3","2021-11-24","8.05",",,W","0.00",",,W,2400",,,,
"USW00053915","30.0375","-91.8839","7.3","2021-11-25","8.28",",,W","0.01",",,D,2400","0.0",",,D",,
"USW00053915","30.0375","-91.8839","7.3","2021-11-26","10.74",",,W","0.00",",,D,2400","0.0",",,D",,
"USW00053915","30.0375","-91.8839","7.3","2021-11-27","2.91",",,W","0.04",",,D,2400",,,,
"USW00053915","30.0375","-91.8839","7.3","2021-11-28","6.04",",,W","0.21",",,D,2400","0.0",",,D",,
"US1LAST0023","30.300063","-89.759247","3.0","2021-08-01",,,"1.19",",,N",,,,
"US1LAST0023","30.300063","-89.759247","3.0","2021-08-02",,,"0.00",",,N","0.0",",,N",,
"US1LAST0023","30.300063","-89.759247","3.0","2021-08-03",,,"0.70",",,N",,,,
"US1LAST0023","30.300063","-89.759247","3.0","2021-08-04",,,"0.11",",,N",,,,
"US1LAST0023","30.300063","-89.759247","3.0","2021-08-05",,,"0.00",",,N","0.0",",,N",,
"US1LAST0023","30.300063","-89.759247","3.0","2021-08-06",,,"0.00",",,N","0.0",",,N",,
"US1LAST0023","30.300063","-89.759247","3.0","2021-08-07",,,"0.00",",,N","0.0",",,N",,
"US1LAST0023","30.300063","-89.759247","3.0","2021-08-08",,,"0.00",",,N","0.0",",,N",,
"US1LAST0023","30.300063","-89.759247","3.0","2021-08-09",,,"0.00",",,N","0.0",",,N",,
"US1LAST0023","30.300063","-89.759247","3.0","2021-08-10",,,"0.00",",,N","0.0",",,N",,
"US1LAST0023","30.300063","-89.759247","3.0","2021-08-11",,,"0.00",",,N","0.0",",,N",,
"US1LAST0023","30.300063","-89.759247","3.0","2021-08-12",,,"1.03",",,N",,,,
"US1LAST0023","30.300063","-89.759247","3.0","2021-08-13",,,"0.44",",,N",,,,
"US1LAST0023","30.300063","-89.759247","3.0","2021-08-14",,,"0.08",",,N",,,,
"US1LAST0023","30.300063","-89.759247","3.0","2021-08-15",,,"0.00",",,N","0.0",",,N",,
"US1LAST0023","30.300063","-89.759247","3.0","2021-08-16",,,"0.00",",,N","0.0",",,N",,
"US1LAST0023","30.300063","-89.759247","3.0","2021-08-17",,,"0.00",",,N","0.0",",,N",,
"US1LAST0023","30.300063","-89.759247","3.0","2021-08-18",,,"0.23",",,N",,,,
"US1LAST0023","30.300063","-89.759247","3.0","2021-08-19",,,"0.00",",,N","0.0",",,N",,
"US1LAST0023","30.300063","-89.759247","3.0","2021-08-20",,,"0.00",",,N","0.0",",,N",,
"US1LAST0023","30.300063","-89.759247","3.0","2021-08-21",,,"0.00",",,N","0.0",",,N",,
"US1LAST0023","30.300063","-89.759247","3.0","2021-08-22",,,"0.00",",,N","0.0",",,N",,
"US1LAST0023","30.300063","-89.759247","3.0","2021-08-23",,,"0.00",",,N","0.0",",,N",,
"US1LAST0023","30.300063","-89.759247","3.0","2021-08-24",,,"0.00","T,,N",,,,
"US1LAST0023","30.300063","-89.759247","3.0","2021-08-25",,,"0.00",",,N","0.0",",,N",,
"US1LAST0023","30.300063","-89.759247","3.0","2021-08-26",,,"0.26",",,N",,,,
"US1LAST0023","30.300063","-89.759247","3.0","2021-08-27",,,"0.37",",,N",,,,
"US1LAST0023","30.300063","-89.759247","3.0","2021-08-28",,,"1.39",",,N",,,,
"US1LAST0023","30.300063","-89.759247","3.0","2021-08-29",,,"1.07",",,N",,,,
"US1LAST0023","30.300063","-89.759247","3.0","2021-08-30",,,"6.91",",,N",,,,
"US1LAST0023","30.300063","-89.759247","3.0","2021-08-31",,,"1.11",",,N",,,,
"US1LAST0023","30.300063","-89.759247","3.0","2021-09-01",,,"0.00",",,N","0.0",",,N",,
"US1LAST0023","30.300063","-89.759247","3.0","2021-09-02",,,"0.13",",,N",,,,
"US1LAST0023","30.300063","-89.759247","3.0","2021-09-03",,,"0.02",",,N",,,,
"US1LAST0023","30.300063","-89.759247","3.0","2021-09-04",,,"0.00",",,N","0.0",",,N",,
"US1LAST0023","30.300063","-89.759247","3.0","2021-09-05",,,"0.00",",,N","0.0",",,N",,
"US1LAST0023","30.300063","-89.759247","3.0","2021-09-06",,,"0.16",",,N",,,,
"US1LAST0023","30.300063","-89.759247","3.0","2021-09-07",,,"0.54",",,N",,,,
"US1LAST0023","30.300063","-89.759247","3.0","2021-09-08",,,"0.16",",,N",,,,
"US1LAST0023","30.300063","-89.759247","3.0","2021-09-09",,,"0.01",",,N",,,,
"US1LAST0023","30.300063","-89.759247","3.0","2021-09-10",,,"0.00",",,N","0.0",",,N",,
"US1LAST0023","30.300063","-89.759247","3.0","2021-09-11",,,"0.00",",,N","0.0",",,N",,
"US1LAST0023","30.300063","-89.759247","3.0","2021-09-12",,,"0.00",",,N","0.0",",,N",,
"US1LAST0023","30.300063","-89.759247","3.0","2021-09-13",,,"0.16",",,N",,,,
"US1LAST0023","30.300063","-89.759247","3.0","2021-09-14",,,"0.44",",,N",,,,
"US1LAST0023","30.300063","-89.759247","3.0","2021-09-15",,,"3.20",",,N",,,,
"US1LAST0023","30.300063","-89.759247","3.0","2021-09-16",,,"0.32",",,N",,,,
"US1LAST0023","30.300063","-89.759247","3.0","2021-09-17",,,"0.03",",,N",,,,
"US1LAST0023","30.300063","-89.759247","3.0","2021-09-18",,,"1.03",",,N",,,,
"US1LAST0023","30.300063","-89.759247","3.0","2021-09-19",,,"0.02",",,N",,,,
"US1LAST0023","30.300063","-89.759247","3.0","2021-09-20",,,"0.02",",,N",,,,
"US1LAST0023","30.300063","-89.759247","3.0","2021-09-21",,,"0.00",",,N","0.0",",,N",,
"US1LAST0023","30.300063","-89.759247","3.0","2021-09-22",,,"0.02",",,N",,,,
"US1LAST0023","30.300063","-89.759247","3.0","2021-09-23",,,"0.01",",,N",,,,
"US1LAST0023","30.300063","-89.759247","3.0","2021-09-24",,,"0.00",",,N","0.0",",,N",,
"US1LAST0023","30.300063","-89.759247","3.0","2021-09-25",,,"0.00",",,N","0.0",",,N",,
"US1LAST0023","30.300063","-89.759247","3.0","2021-09-26",,,"0.00",",,N","0.0",",,N",,
"US1LAST0023","30.300063","-89.759247","3.0","2021-09-27",,,"0.00",",,N","0.0",",,N",,
"US1LAST0023","30.300063","-89.759247","3.0","2021-09-28",,,"0.00",",,N","0.0",",,N",,
"US1LAST0023","30.300063","-89.759247","3.0","2021-09-29",,,"1.68",",,N",,,,
"US1LAST0023","30.300063","-89.759247","3.0","2021-09-30",,,"0.03",",,N",,,,
"US1LAST0023","30.300063","-89.759247","3.0","2021-10-01",,,"0.02",",,N",,,,
"US1LAST0023","30.300063","-89.759247","3.0","2021-10-02",,,"0.00","T,,N",,,,
"US1LAST0023","30.300063","-89.759247","3.0","2021-10-03",,,"0.21",",,N",,,,
"US1LAST0023","30.300063","-89.759247","3.0","2021-10-04",,,"0.32",",,N",,,,
"US1LAST0023","30.300063","-89.759247","3.0","2021-10-05",,,"1.43",",,N",,,,
"US1LAST0023","30.300063","-89.759247","3.0","2021-10-06",,,"0.01",",,N",,,,
"US1LAST0023","30.300063","-89.759247","3.0","2021-10-07",,,"0.00",",,N","0.0",",,N",,
"US1LAST0023","30.300063","-89.759247","3.0","2021-10-08",,,"0.00",",,N","0.0",",,N",,
"US1LAST0023","30.300063","-89.759247","3.0","2021-10-09",,,"0.00",",,N","0.0",",,N",,
"US1LAST0023","30.300063","-89.759247","3.0","2021-10-10",,,"0.00",",,N","0.0",",,N",,
"US1LAST0023","30.300063","-89.759247","3.0","2021-10-11",,,"0.00",",,N","0.0",",,N",,
"US1LAST0023","30.300063","-89.759247","3.0","2021-10-12",,,"0.00",",,N","0.0",",,N",,
"US1LAST0023","30.300063","-89.759247","3.0","2021-10-13",,,"0.00",",,N","0.0",",,N",,
"US1LAST0023","30.300063","-89.759247","3.0","2021-10-14",,,"0.00",",,N","0.0",",,N",,
"US1LAST0023","30.300063","-89.759247","3.0","2021-10-15",,,"0.00",",,N","0.0",",,N",,
"US1LAST0023","30.300063","-89.759247","3.0","2021-10-16",,,"0.00",",,N","0.0",",,N",,
"US1LAST0023","30.300063","-89.759247","3.0","2021-10-17",,,"0.00",",,N","0.0",",,N",,
"US1LAST0023","30.300063","-89.759247","3.0","2021-10-18",,,"0.00",",,N","0.0",",,N",,
"US1LAST0023","30.300063","-89.759247","3.0","2021-10-19",,,"0.00",",,N","0.0",",,N",,
"US1LAST0023","30.300063","-89.759247","3.0","2021-10-20",,,"0.00",",,N","0.0",",,N",,
"US1LAST0023","30.300063","-89.759247","3.0","2021-10-21",,,"0.10",",,N",,,,
"US1LAST0023","30.300063","-89.759247","3.0","2021-10-22",,,"0.13",",,N",,,,
"US1LAST0023","30.300063","-89.759247","3.0","2021-10-23",,,"0.00",",,N","0.0",",,N",,
"US1LAST0023","30.300063","-89.759247","3.0","2021-10-24",,,"0.00",",,N","0.0",",,N",,
"US1LAST0023","30.300063","-89.759247","3.0","2021-10-25",,,"0.00","T,,N",,,,
"US1LAST0023","30.300063","-89.759247","3.0","2021-10-26",,,"0.00",",,N","0.0",",,N",,
"US1LAST0023","30.300063","-89.759247","3.0","2021-10-27",,,"0.00",",,N","0.0",",,N",,
"US1LAST0023","30.300063","-89.759247","3.0","2021-10-28",,,"2.10",",,N",,,,
"US1LAST0023","30.300063","-89.759247","3.0","2021-10-29",,,"0.00",",,N","0.0",",,N",,
"US1LAST0023","30.300063","-89.759247","3.0","2021-10-30",,,"0.00",",,N","0.0",",,N",,
"US1LAST0023","30.300063","-89.759247","3.0","2021-10-31",,,"0.00",",,N","0.0",",,N",,
"US1LAST0023","30.300063","-89.759247","3.0","2021-11-01",,,"0.00",",,N","0.0",",,N",,
"US1LAST0023","30.300063","-89.759247","3.0","2021-11-02",,,"0.00",",,N","0.0",",,N",,
"US1LAST0023","30.300063","-89.759247","3.0","2021-11-03",,,"0.00",",,N","0.0",",,N",,
"US1LAST0023","30.300063","-89.759247","3.0","2021-11-04",,,"0.00",",,N","0.0",",,N",,
"US1LAST0023","30.300063","-89.759247","3.0","2021-11-05",,,"0.00",",,N","0.0",",,N",,
"US1LAST0023","30.300063","-89.759247","3.0","2021-11-06",,,"0.00",",,N","0.0",",,N",,
"US1LAST0023","30.300063","-89.759247","3.0","2021-11-07",,,"0.00",",,N","0.0",",,N",,
"US1LAST0023","30.300063","-89.759247","3.0","2021-11-08",,,"0.00",",,N","0.0",",,N",,
"US1LAST0023","30.300063","-89.759247","3.0","2021-11-09",,,"0.00",",,N","0.0",",,N",,
"US1LAST0023","30.300063","-89.759247","3.0","2021-11-10",,,"0.00",",,N","0.0",",,N",,
"US1LAST0023","30.300063","-89.759247","3.0","2021-11-11",,,"0.00",",,N","0.0",",,N",,
"US1LAST0023","30.300063","-89.759247","3.0","2021-11-12",,,"0.00",",,N","0.0",",,N",,
"US1LAST0023","30.300063","-89.759247","3.0","2021-11-13",,,"0.00",",,N","0.0",",,N",,
"US1LAST0023","30.300063","-89.759247","3.0","2021-11-14",,,"0.00",",,N","0.0",",,N",,
"US1LAST0023","30.300063","-89.759247","3.0","2021-11-15",,,"0.00",",,N","0.0",",,N",,
"US1LAST0023","30.300063","-89.759247","3.0","2021-11-16",,,"0.00",",,N","0.0",",,N",,
"US1LAST0023","30.300063","-89.759247","3.0","2021-11-17",,,"0.00",",,N","0.0",",,N",,
"US1LAST0023","30.300063","-89.759247","3.0","2021-11-18",,,"0.00",",,N","0.0",",,N",,
"US1LAST0023","30.300063","-89.759247","3.0","2021-11-19",,,"0.02",",,N",,,,
"US1LAST0023","30.300063","-89.759247","3.0","2021-11-20",,,"0.00",",,N","0.0",",,N",,
"US1LAST0023","30.300063","-89.759247","3.0","2021-11-21",,,"0.00",",,N","0.0",",,N",,
"US1LAST0023","30.300063","-89.759247","3.0","2021-11-22",,,"0.33",",,N",,,,
"US1LAST0023","30.300063","-89.759247","3.0","2021-11-23",,,"0.00",",,N","0.0",",,N",,
"US1LAST0023","30.300063","-89.759247","3.0","2021-11-24",,,"0.00",",,N","0.0",",,N",,
"US1LAST0023","30.300063","-89.759247","3.0","2021-11-25",,,"0.00",",,N","0.0",",,N",,
"US1LAST0023","30.300063","-89.759247","3.0","2021-11-26",,,"0.03",",,N",,,,
"US1LAST0023","30.300063","-89.759247","3.0","2021-11-27",,,"0.00",",,N","0.0",",,N",,
"US1LAST0023","30.300063","-89.759247","3.0","2021-11-28",,,"0.01",",,N",,,,
"US1LAST0022","30.316127","-89.741366","6.1","2021-08-01",,,"0.05",",,N",,,,
"US1LAST0022","30.316127","-89.741366","6.1","2021-08-03",,,"0.52",",,N",,,,
"US1LAST0022","30.316127","-89.741366","6.1","2021-08-04",,,"0.20",",,N",,,,
"US1LAST0022","30.316127","-89.741366","6.1","2021-08-11",,,"0.05",",,N",,,,
"US1LAST0022","30.316127","-89.741366","6.1","2021-08-12",,,"1.52",",,N",,,,
"US1LAST0022","30.316127","-89.741366","6.1","2021-08-13",,,"0.55",",,N",,,,
"US1LAST0022","30.316127","-89.741366","6.1","2021-08-14",,,"0.10",",,N",,,,
"US1LAST0022","30.316127","-89.741366","6.1","2021-08-16",,,"0.05",",,N",,,,
"US1LAST0022","30.316127","-89.741366","6.1","2021-08-24",,,"0.00","T,,N",,,,
"US1LAST0022","30.316127","-89.741366","6.1","2021-08-27",,,,,,,,
"US1LAST0022","30.316127","-89.741366","6.1","2021-08-28",,,"1.57",",,N",,,,
"US1LAST0022","30.316127","-89.741366","6.1","2021-08-30",,,"10.15",",,N",,,,
"US1LAST0022","30.316127","-89.741366","6.1","2021-08-31",,,"1.51",",,N",,,,
"US1LAST0022","30.316127","-89.741366","6.1","2021-09-03",,,,,,,,
"US1LAST0022","30.316127","-89.741366","6.1","2021-09-07",,,"0.50",",,N",,,,
"US1LAST0022","30.316127","-89.741366","6.1","2021-09-08",,,"0.02",",,N",,,,
"US1LAST0022","30.316127","-89.741366","6.1","2021-09-13",,,"0.11",",,N",,,,
"US1LAST0022","30.316127","-89.741366","6.1","2021-09-14",,,"1.11",",,N",,,,
"US1LAST0022","30.316127","-89.741366","6.1","2021-09-15",,,"2.74",",,N",,,,
"US1LAST0022","30.316127","-89.741366","6.1","2021-09-16",,,"0.22",",,N",,,,
"US1LAST0022","30.316127","-89.741366","6.1","2021-09-17",,,"0.30",",,N",,,,
"US1LAST0022","30.316127","-89.741366","6.1","2021-09-18",,,"0.99",",,N",,,,
"US1LAST0022","30.316127","-89.741366","6.1","2021-09-19",,,"0.03",",,N",,,,
"US1LAST0022","30.316127","-89.741366","6.1","2021-09-21",,,"0.08",",,N",,,,
"US1LAST0022","30.316127","-89.741366","6.1","2021-09-22",,,"0.51",",,N",,,,
"US1LAST0022","30.316127","-89.741366","6.1","2021-09-29",,,"1.98",",,N",,,,
"US1LAST0022","30.316127","-89.741366","6.1","2021-09-30",,,"0.02",",,N",,,,
"US1LAST0022","30.316127","-89.741366","6.1","2021-10-03",,,"0.21",",,N",,,,
"US1LAST0022","30.316127","-89.741366","6.1","2021-10-04",,,"0.10",",,N",,,,
"US1LAST0022","30.316127","-89.741366","6.1","2021-10-05",,,"1.62",",,N",,,,
"US1LAST0022","30.316127","-89.741366","6.1","2021-10-06",,,"0.11",",,N",,,,
"US1LAST0022","30.316127","-89.741366","6.1","2021-10-16",,,"0.02",",,N",,,,
"US1LAST0022","30.316127","-89.741366","6.1","2021-10-21",,,"0.12",",,N",,,,
"US1LAST0022","30.316127","-89.741366","6.1","2021-10-22",,,"0.03",",,N",,,,
"US1LAST0022","30.316127","-89.741366","6.1","2021-10-25",,,"0.01",",,N",,,,
"US1LAST0022","30.316127","-89.741366","6.1","2021-10-28",,,"2.14",",,N",,,,
"US1LAST0022","30.316127","-89.741366","6.1","2021-11-11",,,"0.03",",,N",,,,
"US1LAST0022","30.316127","-89.741366","6.1","2021-11-19",,,"0.02",",,N",,,,
"US1LAST0022","30.316127","-89.741366","6.1","2021-11-22",,,"0.63",",,N",,,,
"USW00053917","30.0494","-90.0288","2.7","2021-08-01","7.38",",,W","0.00","T,,W,2400",,,,
"USW00053917","30.0494","-90.0288","2.7","2021-08-02","8.05",",,W","0.71",",,W,2400",,,,
"USW00053917","30.0494","-90.0288","2.7","2021-08-03","6.49",",,W","2.10",",,W,2400",,,,
"USW00053917","30.0494","-90.0288","2.7","2021-08-04","12.97",",,W","0.00","T,,W,2400",,,,
"USW00053917","30.0494","-90.0288","2.7","2021-08-05","7.38",",,W","0.00",",,W,2400",,,,
"USW00053917","30.0494","-90.0288","2.7","2021-08-06","5.14",",,W","0.00",",,W,2400",,,,
"USW00053917","30.0494","-90.0288","2.7","2021-08-07","5.14",",,W","0.00",",,W,2400",,,,
"USW00053917","30.0494","-90.0288","2.7","2021-08-08","6.71",",,W","0.11",",,W,2400",,,,
"USW00053917","30.0494","-90.0288","2.7","2021-08-09","4.47",",,W","0.20",",,W,2400",,,,
"USW00053917","30.0494","-90.0288","2.7","2021-08-10","4.25",",,W","0.00",",,W,2400",,,,
"USW00053917","30.0494","-90.0288","2.7","2021-08-11","5.37",",,W","0.00","T,,W,2400",,,,
"USW00053917","30.0494","-90.0288","2.7","2021-08-12","4.92",",,W","0.00","T,,W,2400",,,,
"USW00053917","30.0494","-90.0288","2.7","2021-08-13","3.58",",,W","0.25",",,W,2400",,,,
"USW00053917","30.0494","-90.0288","2.7","2021-08-14","5.82",",,W","0.00",",,W,2400",,,,
"USW00053917","30.0494","-90.0288","2.7","2021-08-15","9.62",",,W","0.00","T,,W,2400",,,,
"USW00053917","30.0494","-90.0288","2.7","2021-08-16","7.38",",,W","0.02",",,W,2400",,,,
"USW00053917","30.0494","-90.0288","2.7","2021-08-17","6.71",",,W","0.19",",,W,2400",,,,
"USW00053917","30.0494","-90.0288","2.7","2021-08-18","7.38",",,W","0.04",",,W,2400",,,,
"USW00053917","30.0494","-90.0288","2.7","2021-08-19","6.26",",,W","0.18",",,W,2400",,,,
"USW00053917","30.0494","-90.0288","2.7","2021-08-20","5.82",",,W","0.00",",,W,2400",,,,
"USW00053917","30.0494","-90.0288","2.7","2021-08-21","7.16",",,W","0.00",",,W,2400",,,,
"USW00053917","30.0494","-90.0288","2.7","2021-08-22","9.40",",,W","0.00",",,W,2400",,,,
"USW00053917","30.0494","-90.0288","2.7","2021-08-23","11.41",",,W","0.00","T,,W,2400",,,,
"USW00053917","30.0494","-90.0288","2.7","2021-08-24","8.50",",,W","0.00",",,W,2400",,,,
"USW00053917","30.0494","-90.0288","2.7","2021-08-25","7.61",",,W","0.07",",,W,2400",,,,
"USW00053917","30.0494","-90.0288","2.7","2021-08-26","7.61",",,W","0.60",",,W,2400",,,,
"USW00053917","30.0494","-90.0288","2.7","2021-08-27","14.09",",,W","0.65",",,W,2400",,,,
"USW00053917","30.0494","-90.0288","2.7","2021-08-28","14.99",",,W","0.21",",,W,2400",,,,
"USW00053917","30.0494","-90.0288","2.7","2021-08-29",,,,,,,,
"USW00053917","30.0494","-90.0288","2.7","2021-09-02",,,"0.36",",,W,2400",,,,
"USW00053917","30.0494","-90.0288","2.7","2021-09-03","6.49",",,W","0.00",",,W,2400",,,,
"USW00053917","30.0494","-90.0288","2.7","2021-09-04","2.24",",,W","0.00",",,W,2400",,,,
"USW00053917","30.0494","-90.0288","2.7","2021-09-05","5.59",",,W","0.00",",,W,2400",,,,
"USW00053917","30.0494","-90.0288","2.7","2021-09-06","5.59",",,W","0.00","T,,W,2400",,,,
"USW00053917","30.0494","-90.0288","2.7","2021-09-07","4.47",",,W","0.24",",,W,2400",,,,
"USW00053917","30.0494","-90.0288","2.7","2021-09-08","4.92",",,W","0.00",",,W,2400",,,,
"USW00053917","30.0494","-90.0288","2.7","2021-09-09","12.30",",,W","0.00",",,W,2400",,,,
"USW00053917","30.0494","-90.0288","2.7","2021-09-10","9.84",",,W","0.00",",,W,2400",,,,
"USW00053917","30.0494","-90.0288","2.7","2021-09-11","9.40",",,W","0.00",",,W,2400",,,,
"USW00053917","30.0494","-90.0288","2.7","2021-09-12","9.40",",,W","0.03",",,W,2400",,,,
"USW00053917","30.0494","-90.0288","2.7","2021-09-13","10.74",",,W","0.01",",,W,2400",,,,
"USW00053917","30.0494","-90.0288","2.7","2021-09-14","14.32",",,W","2.43",",,W,2400",,,,
"USW00053917","30.0494","-90.0288","2.7","2021-09-15","10.29",",,W","2.31",",,W,2400",,,,
"USW00053917","30.0494","-90.0288","2.7","2021-09-16","9.62",",,W","0.01",",,W,2400",,,,
"USW00053917","30.0494","-90.0288","2.7","2021-09-17","8.50",",,W","0.03",",,W,2400",,,,
"USW00053917","30.0494","-90.0288","2.7","2021-09-18","5.82",",,W","0.64",",,W,2400",,,,
"USW00053917","30.0494","-90.0288","2.7","2021-09-19","6.49",",,W","0.07",",,W,2400",,,,
"USW00053917","30.0494","-90.0288","2.7","2021-09-20","5.82",",,W","0.14",",,W,2400",,,,
"USW00053917","30.0494","-90.0288","2.7","2021-09-21","5.82",",,W","0.00",",,W,2400",,,,
"USW00053917","30.0494","-90.0288","2.7","2021-09-22","19.69",",,W","0.00",",,W,2400",,,,
"USW00053917","30.0494","-90.0288","2.7","2021-09-23","13.87",",,W","0.00",",,W,2400",,,,
"USW00053917","30.0494","-90.0288","2.7","2021-09-24","8.28",",,W","0.00",",,W,2400",,,,
"USW00053917","30.0494","-90.0288","2.7","2021-09-25","5.37",",,W","0.00",",,W,2400",,,,
"USW00053917","30.0494","-90.0288","2.7","2021-09-26","6.49",",,W","0.00",",,W,2400",,,,
"USW00053917","30.0494","-90.0288","2.7","2021-09-27","7.38",",,W","0.00","T,,W,2400",,,,
"USW00053917","30.0494","-90.0288","2.7","2021-09-28","7.83",",,W","0.68",",,W,2400",,,,
"USW00053917","30.0494","-90.0288","2.7","2021-09-29","7.61",",,W","1.33",",,W,2400",,,,
"USW00053917","30.0494","-90.0288","2.7","2021-09-30","8.50",",,W","0.00",",,W,2400",,,,
"USW00053917","30.0494","-90.0288","2.7","2021-10-01","10.07",",,W","0.00",",,W,2400","0.0",",,W",,
"USW00053917","30.0494","-90.0288","2.7","2021-10-02","7.61",",,W","1.25",",,W,2400","0.0",",,W",,
"USW00053917","30.0494","-90.0288","2.7","2021-10-03","5.37",",,W","0.78",",,W,2400",,,,
"USW00053917","30.0494","-90.0288","2.7","2021-10-04","6.04",",,W","0.02",",,W,2400",,,,
"USW00053917","30.0494","-90.0288","2.7","2021-10-05","6.04",",,W","0.00",",,W,2400",,,,
"USW00053917","30.0494","-90.0288","2.7","2021-10-06","4.92",",,W","0.00","T,,W,2400",,,,
"USW00053917","30.0494","-90.0288","2.7","2021-10-07","5.37",",,W","0.00","T,,W,2400",,,,
"USW00053917","30.0494","-90.0288","2.7","2021-10-08","7.61",",,W","0.00","T,,W,2400",,,,
"USW00053917","30.0494","-90.0288","2.7","2021-10-09","5.82",",,W","0.00",",,W,2400",,,,
"USW00053917","30.0494","-90.0288","2.7","2021-10-10","6.71",",,W","0.00",",,W,2400","0.0",",,W",,
"USW00053917","30.0494","-90.0288","2.7","2021-10-11","8.50",",,W","0.00",",,W,2400","0.0",",,W",,
"USW00053917","30.0494","-90.0288","2.7","2021-10-12","6.93",",,W","0.00",",,W,2400","0.0",",,W",,
"USW00053917","30.0494","-90.0288","2.7","2021-10-13","7.83",",,W","0.00",",,W,2400","0.0",",,W",,
"USW00053917","30.0494","-90.0288","2.7","2021-10-14","8.28",",,W","0.00",",,W,2400","0.0",",,W",,
"USW00053917","30.0494","-90.0288","2.7","2021-10-15","6.26",",,W","0.00",",,W,2400",,,,
"USW00053917","30.0494","-90.0288","2.7","2021-10-16","22.15",",,W","0.00",",,W,2400",,,,
"USW00053917","30.0494","-90.0288","2.7","2021-10-17","17.00",",,W","0.00",",,W,2400",,,,
"USW00053917","30.0494","-90.0288","2.7","2021-10-18","11.41",",,W","0.00",",,W,2400",,,,
"USW00053917","30.0494","-90.0288","2.7","2021-10-19","11.63",",,W","0.00",",,W,2400",,,,
"USW00053917","30.0494","-90.0288","2.7","2021-10-20","9.17",",,W","0.01",",,W,2400",,,,
"USW00053917","30.0494","-90.0288","2.7","2021-10-21","4.47",",,W","0.00",",,W,2400","0.0",",,W",,
"USW00053917","30.0494","-90.0288","2.7","2021-10-22","3.80",",,W","0.00",",,W,2400","0.0",",,W",,
"USW00053917","30.0494","-90.0288","2.7","2021-10-23","9.62",",,W","0.00",",,W,2400","0.0",",,W",,
"USW00053917","30.0494","-90.0288","2.7","2021-10-24","9.84",",,W","0.00","T,,W,2400","0.0",",,W",,
"USW00053917","30.0494","-90.0288","2.7","2021-10-25","4.47",",,W","0.00",",,W,2400","0.0",",,W",,
"USW00053917","30.0494","-90.0288","2.7","2021-10-26","9.17",",,W","0.00",",,W,2400","0.0",",,W",,
"USW00053917","30.0494","-90.0288","2.7","2021-10-27","14.99",",,W","1.29",",,W,2400",,,,
"USW00053917","30.0494","-90.0288","2.7","2021-10-28","24.16",",,W","0.00",",,W,2400","0.0",",,W",,
"USW00053917","30.0494","-90.0288","2.7","2021-10-29","25.95",",,W","0.00",",,W,2400","0.0",",,W",,
"USW00053917","30.0494","-90.0288","2.7","2021-10-30","12.75",",,W","0.00",",,W,2400",,,,
"USW00053917","30.0494","-90.0288","2.7","2021-10-31","4.92",",,W","0.00",",,W,2400",,,,
"USW00053917","30.0494","-90.0288","2.7","2021-11-01","5.82",",,W","0.00",",,W,2400",,,,
"USW00053917","30.0494","-90.0288","2.7","2021-11-02","9.84",",,W","0.00",",,W,2400",,,,
"USW00053917","30.0494","-90.0288","2.7","2021-11-03","11.63",",,W","0.00",",,W,2400","0.0",",,W",,
"USW00053917","30.0494","-90.0288","2.7","2021-11-04","15.21",",,W","0.00",",,W,2400","0.0",",,W",,
"USW00053917","30.0494","-90.0288","2.7","2021-11-05","13.87",",,W","0.00",",,W,2400","0.0",",,W",,
"USW00053917","30.0494","-90.0288","2.7","2021-11-06","12.75",",,W","0.00",",,W,2400","0.0",",,W",,
"USW00053917","30.0494","-90.0288","2.7","2021-11-07","9.40",",,W","0.00",",,W,2400",,,,
"USW00053917","30.0494","-90.0288","2.7","2021-11-08","5.37",",,W","0.00",",,W,2400",,,,
"USW00053917","30.0494","-90.0288","2.7","2021-11-09","5.82",",,W","0.00",",,W,2400",,,,
"USW00053917","30.0494","-90.0288","2.7","2021-11-10","8.50",",,W","0.00",",,W,2400",,,,
"USW00053917","30.0494","-90.0288","2.7","2021-11-11","10.51",",,W","0.00",",,W,2400",,,,
"USW00053917","30.0494","-90.0288","2.7","2021-11-12","9.84",",,W","0.00",",,W,2400",,,,
"USW00053917","30.0494","-90.0288","2.7","2021-11-13","17.67",",,W","0.00",",,W,2400",,,,
"USW00053917","30.0494","-90.0288","2.7","2021-11-14","5.37",",,W","0.00",",,W,2400",,,,
"USW00053917","30.0494","-90.0288","2.7","2021-11-15","5.82",",,W","0.00",",,W,2400",,,,
"USW00053917","30.0494","-90.0288","2.7","2021-11-16","6.26",",,W","0.00",",,W,2400",,,,
"USW00053917","30.0494","-90.0288","2.7","2021-11-17","10.51",",,W","0.00",",,W,2400","0.0",",,W",,
"USW00053917","30.0494","-90.0288","2.7","2021-11-18","11.86",",,W","0.06",",,W,2400","0.0",",,W",,
"USW00053917","30.0494","-90.0288","2.7","2021-11-19","15.88",",,W","0.00",",,W,2400","0.0",",,W",,
"USW00053917","30.0494","-90.0288","2.7","2021-11-20","9.17",",,W","0.00",",,W,2400","0.0",",,W",,
"USW00053917","30.0494","-90.0288","2.7","2021-11-21","6.93",",,W","0.00",",,W,2400",,,,
"USW00053917","30.0494","-90.0288","2.7","2021-11-22","15.21",",,W","0.25",",,W,2400",,,,
"USW00053917","30.0494","-90.0288","2.7","2021-11-23","10.51",",,W","0.00",",,W,2400",,,,
"USW00053917","30.0494","-90.0288","2.7","2021-11-24","9.84",",,W","0.00",",,W,2400",,,,
"USW00053917","30.0494","-90.0288","2.7","2021-11-25","7.38",",,W","0.03",",,W,2400",,,,
"USW00053917","30.0494","-90.0288","2.7","2021-11-26","15.21",",,W","0.01",",,W,2400",,,,
"USW00053917","30.0494","-90.0288","2.7","2021-11-27","6.93",",,W","0.00","T,,W,2400",,,,
"USW00053917","30.0494","-90.0288","2.7","2021-11-28","8.95",",,W","0.03",",,W,2400",,,,
"US1LAEB0059","30.35705","-91.077047","10.4","2021-10-14",,,"0.00",",,N","0.0",",,N",,
"US1LAEB0059","30.35705","-91.077047","10.4","2021-10-28",,,"1.59",",,N",,,,
"US1LAEB0059","30.35705","-91.077047","10.4","2021-11-02",,,"0.00",",,N","0.0",",,N",,
"US1LAEB0056","30.694328","-91.256519","33.2","2021-08-01",,,"0.03",",,N",,,,
"US1LAEB0056","30.694328","-91.256519","33.2","2021-08-02",,,"1.35",",,N",,,,
"US1LAEB0056","30.694328","-91.256519","33.2","2021-08-03",,,"1.57",",,N",,,,
"US1LAEB0056","30.694328","-91.256519","33.2","2021-08-04",,,"0.03",",,N",,,,
"US1LAEB0056","30.694328","-91.256519","33.2","2021-08-05",,,"0.00",",,N","0.0",",,N",,
"US1LAEB0056","30.694328","-91.256519","33.2","2021-08-06",,,"0.00",",,N","0.0",",,N",,
"US1LAEB0056","30.694328","-91.256519","33.2","2021-08-07",,,"0.00",",,N","0.0",",,N",,
"US1LAEB0056","30.694328","-91.256519","33.2","2021-08-08",,,"0.00",",,N","0.0",",,N",,
"US1LAEB0056","30.694328","-91.256519","33.2","2021-08-09",,,"0.00","T,,N","0.0",",,N",,
"US1LAEB0056","30.694328","-91.256519","33.2","2021-08-10",,,"0.00",",,N","0.0",",,N",,
"US1LAEB0056","30.694328","-91.256519","33.2","2021-08-11",,,"0.00",",,N","0.0",",,N",,
"US1LAEB0056","30.694328","-91.256519","33.2","2021-08-12",,,"0.00","T,,N",,,,
"US1LAEB0056","30.694328","-91.256519","33.2","2021-08-13",,,"0.00",",,N","0.0",",,N",,
"US1LAEB0056","30.694328","-91.256519","33.2","2021-08-14",,,"0.00",",,N","0.0",",,N",,
"US1LAEB0056","30.694328","-91.256519","33.2","2021-08-15",,,"0.00",",,N","0.0",",,N",,
"US1LAEB0056","30.694328","-91.256519","33.2","2021-08-16",,,"0.23",",,N",,,,
"US1LAEB0056","30.694328","-91.256519","33.2","2021-08-17",,,"0.00","T,,N",,,,
"US1LAEB0056","30.694328","-91.256519","33.2","2021-08-18",,,"0.01",",,N",,,,
"US1LAEB0056","30.694328","-91.256519","33.2","2021-08-19",,,"0.00","T,,N",,,,
"US1LAEB0056","30.694328","-91.256519","33.2","2021-08-20",,,"0.32",",,N",,,,
"US1LAEB0056","30.694328","-91.256519","33.2","2021-08-21",,,"0.00",",,N","0.0",",,N",,
"US1LAEB0056","30.694328","-91.256519","33.2","2021-08-22",,,"0.00",",,N","0.0",",,N",,
"US1LAEB0056","30.694328","-91.256519","33.2","2021-08-23",,,"0.00",",,N","0.0",",,N",,
"US1LAEB0056","30.694328","-91.256519","33.2","2021-08-24",,,"0.11",",,N",,,,
"US1LAEB0056","30.694328","-91.256519","33.2","2021-08-25",,,"1.30",",,N",,,,
"US1LAEB0056","30.694328","-91.256519","33.2","2021-08-26",,,"0.00",",,N","0.0",",,N",,
"US1LAEB0056","30.694328","-91.256519","33.2","2021-08-27",,,"0.00",",,N","0.0",",,N",,
"US1LAEB0056","30.694328","-91.256519","33.2","2021-08-28",,,"0.27",",,N",,,,
"US1LAEB0056","30.694328","-91.256519","33.2","2021-08-31",,,,,,,,
"US1LAEB0056","30.694328","-91.256519","33.2","2021-09-01",,,"0.00",",,N","0.0",",,N",,
"US1LAEB0056","30.694328","-91.256519","33.2","2021-09-02",,,"0.00",",,N","0.0",",,N",,
"US1LAEB0056","30.694328","-91.256519","33.2","2021-09-03",,,"0.49",",,N",,,,
"US1LAEB0056","30.694328","-91.256519","33.2","2021-09-04",,,"0.00",",,N","0.0",",,N",,
"US1LAEB0056","30.694328","-91.256519","33.2","2021-09-05",,,"0.00",",,N","0.0",",,N",,
"US1LAEB0056","30.694328","-91.256519","33.2","2021-09-06",,,"0.01",",,N",,,,
"US1LAEB0056","30.694328","-91.256519","33.2","2021-09-07",,,"0.14",",,N",,,,
"US1LAEB0056","30.694328","-91.256519","33.2","2021-09-08",,,"0.00",",,N","0.0",",,N",,
"US1LAEB0056","30.694328","-91.256519","33.2","2021-09-09",,,"0.00",",,N","0.0",",,N",,
"US1LAEB0056","30.694328","-91.256519","33.2","2021-09-11",,,,,,,,
"US1LAEB0056","30.694328","-91.256519","33.2","2021-09-12",,,"0.00",",,N","0.0",",,N",,
"US1LAEB0056","30.694328","-91.256519","33.2","2021-09-13",,,"0.16",",,N",,,,
"US1LAEB0056","30.694328","-91.256519","33.2","2021-09-14",,,"0.73",",,N",,,,
"US1LAEB0056","30.694328","-91.256519","33.2","2021-09-15",,,"2.14",",,N",,,,
"US1LAEB0056","30.694328","-91.256519","33.2","2021-09-16",,,"0.43",",,N",,,,
"US1LAEB0056","30.694328","-91.256519","33.2","2021-09-17",,,"0.22",",,N",,,,
"US1LAEB0056","30.694328","-91.256519","33.2","2021-09-18",,,"0.00",",,N","0.0",",,N",,
"US1LAEB0056","30.694328","-91.256519","33.2","2021-09-19",,,"0.00","T,,N",,,,
"US1LAEB0056","30.694328","-91.256519","33.2","2021-09-20",,,"0.00","T,,N",,,,
"US1LAEB0056","30.694328","-91.256519","33.2","2021-09-21",,,"0.00",",,N","0.0",",,N",,
"US1LAEB0056","30.694328","-91.256519","33.2","2021-09-22",,,"0.44",",,N","0.0",",,N",,
"US1LAEB0056","30.694328","-91.256519","33.2","2021-09-23",,,"0.00",",,N","0.0",",,N",,
"US1LAEB0056","30.694328","-91.256519","33.2","2021-09-24",,,"0.00",",,N","0.0",",,N",,
"US1LAEB0056","30.694328","-91.256519","33.2","2021-09-25",,,"0.00",",,N","0.0",",,N",,
"US1LAEB0056","30.694328","-91.256519","33.2","2021-09-26",,,"0.00",",,N","0.0",",,N",,
"US1LAEB0056","30.694328","-91.256519","33.2","2021-09-27",,,"0.00",",,N","0.0",",,N",,
"US1LAEB0056","30.694328","-91.256519","33.2","2021-09-28",,,"0.00",",,N","0.0",",,N",,
"US1LAEB0056","30.694328","-91.256519","33.2","2021-09-29",,,"0.30",",,N",,,,
"US1LAEB0056","30.694328","-91.256519","33.2","2021-09-30",,,"0.55",",,N",,,,
"US1LAEB0056","30.694328","-91.256519","33.2","2021-10-01",,,"0.28",",,N",,,,
"US1LAEB0056","30.694328","-91.256519","33.2","2021-10-02",,,"0.03",",,N",,,,
"US1LAEB0056","30.694328","-91.256519","33.2","2021-10-03",,,"0.13",",,N",,,,
"US1LAEB0056","30.694328","-91.256519","33.2","2021-10-04",,,"0.00",",,N","0.0",",,N",,
"US1LAEB0056","30.694328","-91.256519","33.2","2021-10-05",,,"0.00",",,N","0.0",",,N",,
"US1LAEB0056","30.694328","-91.256519","33.2","2021-10-06",,,"0.00",",,N","0.0",",,N",,
"US1LAEB0056","30.694328","-91.256519","33.2","2021-10-07",,,"0.00",",,N","0.0",",,N",,
"US1LAEB0056","30.694328","-91.256519","33.2","2021-10-08",,,"0.00",",,N","0.0",",,N",,
"US1LAEB0056","30.694328","-91.256519","33.2","2021-10-09",,,"0.00",",,N","0.0",",,N",,
"US1LAEB0056","30.694328","-91.256519","33.2","2021-10-10",,,"0.00",",,N","0.0",",,N",,
"US1LAEB0056","30.694328","-91.256519","33.2","2021-10-11",,,"0.00",",,N","0.0",",,N",,
"US1LAEB0056","30.694328","-91.256519","33.2","2021-10-12",,,"0.00",",,N","0.0",",,N",,
"US1LAEB0056","30.694328","-91.256519","33.2","2021-10-13",,,"0.00",",,N","0.0",",,N",,
"US1LAEB0056","30.694328","-91.256519","33.2","2021-10-14",,,"0.00",",,N","0.0",",,N",,
"US1LAEB0056","30.694328","-91.256519","33.2","2021-10-15",,,"0.00",",,N","0.0",",,N",,
"US1LAEB0056","30.694328","-91.256519","33.2","2021-10-16",,,"0.00","T,,N",,,,
"US1LAEB0056","30.694328","-91.256519","33.2","2021-10-17",,,"0.00",",,N","0.0",",,N",,
"US1LAEB0056","30.694328","-91.256519","33.2","2021-10-18",,,"0.00",",,N","0.0",",,N",,
"US1LAEB0056","30.694328","-91.256519","33.2","2021-10-19",,,"0.00",",,N","0.0",",,N",,
"US1LAEB0056","30.694328","-91.256519","33.2","2021-10-20",,,"0.00",",,N","0.0",",,N",,
"US1LAEB0056","30.694328","-91.256519","33.2","2021-10-21",,,"0.04",",,N",,,,
"US1LAEB0056","30.694328","-91.256519","33.2","2021-10-22",,,"0.00",",,N","0.0",",,N",,
"US1LAEB0056","30.694328","-91.256519","33.2","2021-10-23",,,"0.00",",,N","0.0",",,N",,
"US1LAEB0056","30.694328","-91.256519","33.2","2021-10-24",,,"0.00","T,,N","0.0",",,N",,
"US1LAEB0056","30.694328","-91.256519","33.2","2021-10-25",,,"0.13",",,N",,,,
"US1LAEB0056","30.694328","-91.256519","33.2","2021-10-26",,,"0.00",",,N","0.0",",,N",,
"US1LAEB0056","30.694328","-91.256519","33.2","2021-10-27",,,"0.00",",,N","0.0",",,N",,
"US1LAEB0056","30.694328","-91.256519","33.2","2021-10-28",,,"1.22",",,N",,,,
"US1LAEB0056","30.694328","-91.256519","33.2","2021-10-29",,,"0.00","T,,N",,,,
"US1LAEB0056","30.694328","-91.256519","33.2","2021-10-30",,,"0.00",",,N","0.0",",,N",,
"US1LAEB0056","30.694328","-91.256519","33.2","2021-10-31",,,"0.00",",,N","0.0",",,N",,
"US1LAEB0056","30.694328","-91.256519","33.2","2021-11-01",,,"0.00",",,N","0.0",",,N",,
"US1LAEB0056","30.694328","-91.256519","33.2","2021-11-02",,,"0.00",",,N","0.0",",,N",,
"US1LAEB0056","30.694328","-91.256519","33.2","2021-11-03",,,"0.00",",,N","0.0",",,N",,
"US1LAEB0056","30.694328","-91.256519","33.2","2021-11-04",,,"0.00",",,N","0.0",",,N",,
"US1LAEB0056","30.694328","-91.256519","33.2","2021-11-05",,,"0.00",",,N","0.0",",,N",,
"US1LAEB0056","30.694328","-91.256519","33.2","2021-11-06",,,"0.00",",,N","0.0",",,N",,
"US1LAEB0056","30.694328","-91.256519","33.2","2021-11-07",,,"0.00",",,N","0.0",",,N",,
"US1LAEB0056","30.694328","-91.256519","33.2","2021-11-08",,,"0.00",",,N","0.0",",,N",,
"US1LAEB0056","30.694328","-91.256519","33.2","2021-11-09",,,"0.00",",,N","0.0",",,N",,
"US1LAEB0056","30.694328","-91.256519","33.2","2021-11-10",,,"0.00",",,N","0.0",",,N",,
"US1LAEB0056","30.694328","-91.256519","33.2","2021-11-11",,,"0.00",",,N","0.0",",,N",,
"US1LAEB0056","30.694328","-91.256519","33.2","2021-11-12",,,"0.35",",,N",,,,
"US1LAEB0056","30.694328","-91.256519","33.2","2021-11-13",,,"0.00",",,N","0.0",",,N",,
"US1LAEB0056","30.694328","-91.256519","33.2","2021-11-14",,,"0.00",",,N","0.0",",,N",,
"US1LAEB0056","30.694328","-91.256519","33.2","2021-11-15",,,"0.00",",,N","0.0",",,N",,
"US1LAEB0056","30.694328","-91.256519","33.2","2021-11-16",,,"0.00",",,N","0.0",",,N",,
"US1LAEB0056","30.694328","-91.256519","33.2","2021-11-17",,,"0.00",",,N","0.0",",,N",,
"US1LAEB0056","30.694328","-91.256519","33.2","2021-11-18",,,"0.08",",,N",,,,
"US1LAEB0056","30.694328","-91.256519","33.2","2021-11-19",,,"0.00",",,N","0.0",",,N",,
"US1LAEB0056","30.694328","-91.256519","33.2","2021-11-20",,,"0.00",",,N","0.0",",,N",,
"US1LAEB0056","30.694328","-91.256519","33.2","2021-11-21",,,"0.00",",,N","0.0",",,N",,
"US1LAEB0056","30.694328","-91.256519","33.2","2021-11-22",,,"0.49",",,N","0.0",",,N",,
"US1LAEB0056","30.694328","-91.256519","33.2","2021-11-23",,,"0.00",",,N","0.0",",,N",,
"US1LAEB0056","30.694328","-91.256519","33.2","2021-11-24",,,"0.00",",,N","0.0",",,N",,
"US1LAEB0056","30.694328","-91.256519","33.2","2021-11-25",,,"0.00",",,N","0.0",",,N",,
"US1LAEB0056","30.694328","-91.256519","33.2","2021-11-26",,,"0.11",",,N",,,,
"US1LAEB0056","30.694328","-91.256519","33.2","2021-11-27",,,"0.00",",,N","0.0",",,N",,
"US1LAEB0056","30.694328","-91.256519","33.2","2021-11-28",,,"0.10",",,N",,,,
"US1LAST0020","30.342602","-89.749331","7.0","2021-08-01",,,"0.40",",,N",,,,
"US1LAST0020","30.342602","-89.749331","7.0","2021-08-02",,,"0.02",",,N",,,,
"US1LAST0020","30.342602","-89.749331","7.0","2021-08-03",,,"0.51",",,N",,,,
"US1LAST0020","30.342602","-89.749331","7.0","2021-08-04",,,"0.83",",,N",,,,
"US1LAST0020","30.342602","-89.749331","7.0","2021-08-05",,,"0.00",",,N","0.0",",,N",,
"US1LAST0020","30.342602","-89.749331","7.0","2021-08-06",,,"0.00",",,N","0.0",",,N",,
"US1LAST0020","30.342602","-89.749331","7.0","2021-08-07",,,"0.00",",,N","0.0",",,N",,
"US1LAST0020","30.342602","-89.749331","7.0","2021-08-08",,,"0.00",",,N","0.0",",,N",,
"US1LAST0020","30.342602","-89.749331","7.0","2021-08-09",,,"0.00",",,N","0.0",",,N",,
"US1LAST0020","30.342602","-89.749331","7.0","2021-08-10",,,"0.00",",,N","0.0",",,N",,
"US1LAST0020","30.342602","-89.749331","7.0","2021-08-11",,,"0.00",",,N","0.0",",,N",,
"US1LAST0020","30.342602","-89.749331","7.0","2021-08-12",,,"1.08",",,N",,,,
"US1LAST0020","30.342602","-89.749331","7.0","2021-08-13",,,"0.39",",,N",,,,
"US1LAST0020","30.342602","-89.749331","7.0","2021-08-14",,,"0.31",",,N",,,,
"US1LAST0020","30.342602","-89.749331","7.0","2021-08-15",,,"0.00",",,N","0.0",",,N",,
"US1LAST0020","30.342602","-89.749331","7.0","2021-08-16",,,"0.01",",,N",,,,
"US1LAST0020","30.342602","-89.749331","7.0","2021-08-17",,,"0.00",",,N","0.0",",,N",,
"US1LAST0020","30.342602","-89.749331","7.0","2021-08-18",,,"0.01",",,N",,,,
"US1LAST0020","30.342602","-89.749331","7.0","2021-08-19",,,"0.01",",,N",,,,
"US1LAST0020","30.342602","-89.749331","7.0","2021-08-20",,,"0.00",",,N","0.0",",,N",,
"US1LAST0020","30.342602","-89.749331","7.0","2021-08-21",,,"0.00",",,N","0.0",",,N",,
"US1LAST0020","30.342602","-89.749331","7.0","2021-08-22",,,"0.00",",,N","0.0",",,N",,
"US1LAST0020","30.342602","-89.749331","7.0","2021-08-23",,,"0.00",",,N","0.0",",,N",,
"US1LAST0020","30.342602","-89.749331","7.0","2021-08-24",,,"0.01",",,N",,,,
"US1LAST0020","30.342602","-89.749331","7.0","2021-08-25",,,"0.00",",,N","0.0",",,N",,
"US1LAST0020","30.342602","-89.749331","7.0","2021-08-26",,,"0.12",",,N",,,,
"US1LAST0020","30.342602","-89.749331","7.0","2021-08-27",,,"0.23",",,N",,,,
"US1LAST0020","30.342602","-89.749331","7.0","2021-08-28",,,"1.46",",,N",,,,
"US1LAST0020","30.342602","-89.749331","7.0","2021-08-29",,,"0.81",",,N",,,,
"US1LAST0020","30.342602","-89.749331","7.0","2021-08-30",,,"10.02",",,N",,,,
"US1LAST0020","30.342602","-89.749331","7.0","2021-08-31",,,"1.23",",,N",,,,
"US1LAST0020","30.342602","-89.749331","7.0","2021-09-01",,,"0.00",",,N","0.0",",,N",,
"US1LAST0020","30.342602","-89.749331","7.0","2021-09-02",,,"0.53",",,N",,,,
"US1LAST0020","30.342602","-89.749331","7.0","2021-09-03",,,"0.19",",,N",,,,
"US1LAST0020","30.342602","-89.749331","7.0","2021-09-04",,,"0.00",",,N","0.0",",,N",,
"US1LAST0020","30.342602","-89.749331","7.0","2021-09-05",,,"0.00",",,N","0.0",",,N",,
"US1LAST0020","30.342602","-89.749331","7.0","2021-09-06",,,"0.11",",,N",,,,
"US1LAST0020","30.342602","-89.749331","7.0","2021-09-07",,,"0.48",",,N",,,,
"US1LAST0020","30.342602","-89.749331","7.0","2021-09-08",,,"0.86",",,N",,,,
"US1LAST0020","30.342602","-89.749331","7.0","2021-09-09",,,"0.00",",,N","0.0",",,N",,
"US1LAST0020","30.342602","-89.749331","7.0","2021-09-10",,,"0.00",",,N","0.0",",,N",,
"US1LAST0020","30.342602","-89.749331","7.0","2021-09-11",,,"0.00",",,N","0.0",",,N",,
"US1LAST0020","30.342602","-89.749331","7.0","2021-09-12",,,"0.00",",,N","0.0",",,N",,
"US1LAST0020","30.342602","-89.749331","7.0","2021-09-13",,,"0.12",",,N",,,,
"US1LAST0020","30.342602","-89.749331","7.0","2021-09-14",,,"0.98",",,N",,,,
"US1LAST0020","30.342602","-89.749331","7.0","2021-09-15",,,"2.53",",,N",,,,
"US1LAST0020","30.342602","-89.749331","7.0","2021-09-16",,,"0.18",",,N",,,,
"US1LAST0020","30.342602","-89.749331","7.0","2021-09-17",,,"0.02",",,N",,,,
"US1LAST0020","30.342602","-89.749331","7.0","2021-09-18",,,"0.81",",,N",,,,
"US1LAST0020","30.342602","-89.749331","7.0","2021-09-19",,,"0.03",",,N",,,,
"US1MECM0098","43.88","-70.63","86.6","2021-08-02",,,"0.66",",,N",,,,
"US1MECM0098","43.88","-70.63","86.6","2021-08-03",,,"0.00",",,N","0.0",",,N",,
"US1MECM0098","43.88","-70.63","86.6","2021-08-04",,,"0.00",",,N","0.0",",,N",,
"US1MECM0098","43.88","-70.63","86.6","2021-08-05",,,"0.00","T,,N",,,,
"US1MECM0098","43.88","-70.63","86.6","2021-08-06",,,"0.34",",,N",,,,
"US1MECM0098","43.88","-70.63","86.6","2021-08-07",,,"0.00",",,N","0.0",",,N",,
"US1MECM0098","43.88","-70.63","86.6","2021-08-09",,,"0.15",",,N",,,,
"US1MECM0098","43.88","-70.63","86.6","2021-08-11",,,"0.01",",,N",,,,
"US1MECM0098","43.88","-70.63","86.6","2021-08-12",,,"0.00",",,N","0.0",",,N",,
"US1MECM0098","43.88","-70.63","86.6","2021-08-13",,,"0.00",",,N","0.0",",,N",,
"US1MECM0098","43.88","-70.63","86.6","2021-08-15",,,"0.00",",,N","0.0",",,N",,
"US1MECM0098","43.88","-70.63","86.6","2021-08-16",,,"0.00",",,N","0.0",",,N",,
"US1MECM0098","43.88","-70.63","86.6","2021-08-17",,,"0.00",",,N","0.0",",,N",,
"US1MECM0098","43.88","-70.63","86.6","2021-08-18",,,"0.01",",,N",,,,
"US1MECM0098","43.88","-70.63","86.6","2021-08-20",,,"0.58",",,N",,,,
"US1MECM0098","43.88","-70.63","86.6","2021-08-22",,,"0.00","T,,N",,,,
"US1MECM0098","43.88","-70.63","86.6","2021-08-23",,,"0.34",",,N",,,,
"US1MECM0098","43.88","-70.63","86.6","2021-08-24",,,"0.10",",,N",,,,
"US1MECM0098","43.88","-70.63","86.6","2021-08-25",,,"0.00","T,,N",,,,
"US1MECM0098","43.88","-70.63","86.6","2021-08-26",,,"0.00",",,N","0.0",",,N",,
"US1MECM0098","43.88","-70.63","86.6","2021-08-27",,,"0.00",",,N","0.0",",,N",,
"US1MECM0098","43.88","-70.63","86.6","2021-08-28",,,"0.00",",,N","0.0",",,N",,
"US1MECM0098","43.88","-70.63","86.6","2021-08-30",,,"0.00",",,N","0.0",",,N",,
"US1MECM0098","43.88","-70.63","86.6","2021-08-31",,,"0.12",",,N",,,,
"US1MECM0098","43.88","-70.63","86.6","2021-09-02",,,"1.47",",,N",,,,
"US1MECM0098","43.88","-70.63","86.6","2021-09-04",,,"0.00",",,N","0.0",",,N",,
"US1MECM0098","43.88","-70.63","86.6","2021-09-05",,,"0.00",",,N","0.0",",,N",,
"US1MECM0098","43.88","-70.63","86.6","2021-09-06",,,"0.13",",,N",,,,
"US1MECM0098","43.88","-70.63","86.6","2021-09-07",,,"0.07",",,N",,,,
"US1MECM0098","43.88","-70.63","86.6","2021-09-08",,,"0.00",",,N","0.0",",,N",,
"US1MECM0098","43.88","-70.63","86.6","2021-09-09",,,"0.60",",,N",,,,
"US1MECM0098","43.88","-70.63","86.6","2021-09-10",,,"0.79",",,N",,,,
"US1MECM0098","43.88","-70.63","86.6","2021-09-11",,,"0.02",",,N",,,,
"US1MECM0098","43.88","-70.63","86.6","2021-09-12",,,"0.00",",,N","0.0",",,N",,
"US1MECM0098","43.88","-70.63","86.6","2021-09-13",,,"0.00","T,,N",,,,
"US1MECM0098","43.88","-70.63","86.6","2021-09-14",,,"0.00",",,N","0.0",",,N",,
"US1MECM0098","43.88","-70.63","86.6","2021-09-15",,,"0.00",",,N","0.0",",,N",,
"US1MECM0098","43.88","-70.63","86.6","2021-09-16",,,"0.12",",,N",,,,
"US1MECM0098","43.88","-70.63","86.6","2021-09-17",,,"0.00",",,N","0.0",",,N",,
"US1MECM0098","43.88","-70.63","86.6","2021-09-18",,,"0.01",",,N",,,,
"US1MECM0098","43.88","-70.63","86.6","2021-09-19",,,"0.07",",,N",,,,
"US1MECM0098","43.88","-70.63","86.6","2021-09-20",,,"0.00",",,N","0.0",",,N",,
"US1MECM0098","43.88","-70.63","86.6","2021-09-21",,,"0.00",",,N","0.0",",,N",,
"US1MECM0098","43.88","-70.63","86.6","2021-09-22",,,"0.01",",,N",,,,
"US1MECM0098","43.88","-70.63","86.6","2021-09-23",,,"0.01",",,N",,,,
"US1MECM0098","43.88","-70.63","86.6","2021-09-25",,,"0.35",",,N",,,,
"US1MECM0098","43.88","-70.63","86.6","2021-09-26",,,"0.19",",,N",,,,
"US1MECM0098","43.88","-70.63","86.6","2021-09-28",,,"0.02",",,N",,,,
"US1MECM0098","43.88","-70.63","86.6","2021-09-29",,,"0.00","T,,N",,,,
"US1MECM0098","43.88","-70.63","86.6","2021-09-30",,,"0.00",",,N","0.0",",,N",,
"US1MECM0098","43.88","-70.63","86.6","2021-10-01",,,"0.02",",,N",,,,
"US1MECM0098","43.88","-70.63","86.6","2021-10-03",,,"0.02",",,N",,,,
"US1MECM0098","43.88","-70.63","86.6","2021-10-04",,,"0.05",",,N",,,,
"US1MECM0098","43.88","-70.63","86.6","2021-10-06",,,"0.00",",,N","0.0",",,N",,
"US1MECM0098","43.88","-70.63","86.6","2021-10-07",,,"0.00",",,N","0.0",",,N",,
"US1MECM0098","43.88","-70.63","86.6","2021-10-08",,,"0.00",",,N","0.0",",,N",,
"US1MECM0098","43.88","-70.63","86.6","2021-10-11",,,"0.00",",,N","0.0",",,N",,
"US1MECM0098","43.88","-70.63","86.6","2021-10-12",,,"0.00",",,N","0.0",",,N",,
"US1MECM0098","43.88","-70.63","86.6","2021-10-13",,,"0.00",",,N","0.0",",,N",,
"US1MECM0098","43.88","-70.63","86.6","2021-10-14",,,"0.00",",,N","0.0",",,N",,
"US1MECM0098","43.88","-70.63","86.6","2021-10-16",,,"0.66",",,N",,,,
"US1MECM0098","43.88","-70.63","86.6","2021-10-17",,,"0.53",",,N",,,,
"US1MECM0098","43.88","-70.63","86.6","2021-10-19",,,"0.00",",,N","0.0",",,N",,
"US1MECM0098","43.88","-70.63","86.6","2021-10-21",,,"0.00",",,N","0.0",",,N",,
"US1MECM0098","43.88","-70.63","86.6","2021-10-22",,,"0.01",",,N",,,,
"US1MECM0098","43.88","-70.63","86.6","2021-10-23",,,"0.00","T,,N",,,,
"US1MECM0098","43.88","-70.63","86.6","2021-10-25",,,"0.22",",,N",,,,
"US1MECM0098","43.88","-70.63","86.6","2021-10-26",,,"0.22",",,N",,,,
"US1MECM0098","43.88","-70.63","86.6","2021-10-27",,,"0.70",",,N",,,,
"US1MECM0098","43.88","-70.63","86.6","2021-10-28",,,"0.04",",,N",,,,
"US1MECM0098","43.88","-70.63","86.6","2021-10-29",,,"0.00",",,N","0.0",",,N",,
"US1MECM0098","43.88","-70.63","86.6","2021-10-30",,,"0.01",",,N",,,,
"US1MECM0098","43.88","-70.63","86.6","2021-10-31",,,"3.07",",,N",,,,
"US1MECM0098","43.88","-70.63","86.6","2021-11-01",,,"0.00","T,,N",,,,
"US1MECM0098","43.88","-70.63","86.6","2021-11-03",,,"0.00",",,N","0.0",",,N",,
"US1MECM0098","43.88","-70.63","86.6","2021-11-05",,,"0.00",",,N","0.0",",,N",,
"US1MECM0098","43.88","-70.63","86.6","2021-11-06",,,"0.00",",,N","0.0",",,N",,
"US1MECM0098","43.88","-70.63","86.6","2021-11-07",,,"0.00",",,N","0.0",",,N",,
"US1MECM0098","43.88","-70.63","86.6","2021-11-08",,,"0.00",",,N","0.0",",,N",,
"US1MECM0098","43.88","-70.63","86.6","2021-11-09",,,"0.00",",,N","0.0",",,N",,
"US1MECM0098","43.88","-70.63","86.6","2021-11-10",,,"0.01",",,N",,,,
"US1MECM0098","43.88","-70.63","86.6","2021-11-12",,,"0.00",",,N","0.0",",,N",,
"US1MECM0098","43.88","-70.63","86.6","2021-11-13",,,"1.32",",,N",,,,
"US1MECM0098","43.88","-70.63","86.6","2021-11-14",,,"0.60",",,N",,,,
"US1MECM0098","43.88","-70.63","86.6","2021-11-15",,,"0.17",",,N",,,,
"US1MECM0098","43.88","-70.63","86.6","2021-11-16",,,"0.00","T,,N",,,,
"US1MECM0098","43.88","-70.63","86.6","2021-11-17",,,"0.00","T,,N",,,,
"US1MECM0098","43.88","-70.63","86.6","2021-11-18",,,"0.05",",,N",,,,
"US1MECM0098","43.88","-70.63","86.6","2021-11-19",,,"0.18",",,N",,,,
"US1MECM0098","43.88","-70.63","86.6","2021-11-21",,,"0.00",",,N","0.0",",,N",,
"US1MECM0098","43.88","-70.63","86.6","2021-11-22",,,"0.18",",,N","0.0",",,N",,
"US1MECM0098","43.88","-70.63","86.6","2021-11-23",,,"0.00",",,N","0.0",",,N",,
"US1MECM0098","43.88","-70.63","86.6","2021-11-24",,,"0.00",",,N","0.0",",,N",,
"US1MECM0098","43.88","-70.63","86.6","2021-11-27",,,"0.34",",,N","0.2",",,N",,
"US1MECM0098","43.88","-70.63","86.6","2021-11-28",,,"0.00",",,N","0.0",",,N",,
"US1LAEB0054","30.428138","-91.024307","11.6","2021-08-01",,,"0.15",",,N",,,,
"US1LAEB0054","30.428138","-91.024307","11.6","2021-08-02",,,"0.14",",,N",,,,
"US1LAEB0054","30.428138","-91.024307","11.6","2021-08-03",,,"0.72",",,N",,,,
"US1LAEB0054","30.428138","-91.024307","11.6","2021-08-04",,,"2.40",",,N",,,,
"US1LAEB0054","30.428138","-91.024307","11.6","2021-08-09",,,"0.15",",,N",,,,
"US1LAEB0054","30.428138","-91.024307","11.6","2021-08-15",,,"0.05",",,N",,,,
"US1LAEB0054","30.428138","-91.024307","11.6","2021-08-20",,,"0.06",",,N",,,,
"US1LAEB0054","30.428138","-91.024307","11.6","2021-08-21",,,"0.06",",,N",,,,
"US1LAEB0054","30.428138","-91.024307","11.6","2021-08-24",,,"0.20",",,N",,,,
"US1LAEB0054","30.428138","-91.024307","11.6","2021-08-26",,,"1.06",",,N",,,,
"US1LAEB0054","30.428138","-91.024307","11.6","2021-08-28",,,"0.61",",,N",,,,
"US1LAEB0054","30.428138","-91.024307","11.6","2021-09-02",,,"3.56",",S,N",,,,
"US1LAEB0054","30.428138","-91.024307","11.6","2021-09-08",,,"1.28",",,N",,,,
"US1LAEB0054","30.428138","-91.024307","11.6","2021-09-15",,,"4.25",",,N",,,,
"US1LAEB0054","30.428138","-91.024307","11.6","2021-09-16",,,"0.96",",,N",,,,
"US1LAEB0054","30.428138","-91.024307","11.6","2021-09-17",,,"1.12",",,N",,,,
"US1LAEB0054","30.428138","-91.024307","11.6","2021-09-19",,,"0.11",",,N",,,,
"US1LAEB0054","30.428138","-91.024307","11.6","2021-09-29",,,"1.72",",,N",,,,
"US1LAEB0054","30.428138","-91.024307","11.6","2021-09-30",,,"3.15",",,N",,,,
"US1LAEB0054","30.428138","-91.024307","11.6","2021-10-01",,,"1.08",",,N",,,,
"US1LAEB0054","30.428138","-91.024307","11.6","2021-10-02",,,"0.13",",,N",,,,
"US1LAEB0054","30.428138","-91.024307","11.6","2021-10-03",,,"0.40",",,N",,,,
"US1LAEB0054","30.428138","-91.024307","11.6","2021-10-04",,,"0.03",",,N",,,,
"US1LAEB0054","30.428138","-91.024307","11.6","2021-10-25",,,"0.10",",,N",,,,
"US1LAEB0054","30.428138","-91.024307","11.6","2021-10-28",,,"1.60",",,N",,,,
"US1LAEB0054","30.428138","-91.024307","11.6","2021-11-12",,,"0.14",",,N",,,,
"US1LAEB0054","30.428138","-91.024307","11.6","2021-11-19",,,"0.10",",,N",,,,
"US1LAEB0054","30.428138","-91.024307","11.6","2021-11-22",,,"0.62",",,N",,,,
"US1LAEB0054","30.428138","-91.024307","11.6","2021-11-26",,,"0.11",",,N",,,,
"US1LATG0019","30.726025","-90.52066892","34.1","2021-08-02",,,"0.06",",,N",,,,
"US1LATG0019","30.726025","-90.52066892","34.1","2021-08-03",,,"0.14",",,N",,,,
"US1LATG0019","30.726025","-90.52066892","34.1","2021-08-04",,,"0.00",",,N","0.0",",,N",,
"US1LATG0019","30.726025","-90.52066892","34.1","2021-08-05",,,"0.00",",,N","0.0",",,N",,
"US1LATG0019","30.726025","-90.52066892","34.1","2021-08-06",,,"0.00",",,N","0.0",",,N",,
"US1LATG0019","30.726025","-90.52066892","34.1","2021-08-09",,,,,,,,
"US1LATG0019","30.726025","-90.52066892","34.1","2021-08-10",,,"0.10",",,N",,,,
"US1LATG0019","30.726025","-90.52066892","34.1","2021-08-11",,,"0.00",",,N","0.0",",,N",,
"US1LATG0019","30.726025","-90.52066892","34.1","2021-08-13",,,,,,,,
"US1LATG0019","30.726025","-90.52066892","34.1","2021-08-16",,,,,,,,
"US1LATG0019","30.726025","-90.52066892","34.1","2021-08-17",,,"0.00",",,N","0.0",",,N",,
"US1LATG0019","30.726025","-90.52066892","34.1","2021-08-18",,,"0.00",",,N","0.0",",,N",,
"US1LATG0019","30.726025","-90.52066892","34.1","2021-08-19",,,"0.00",",,N","0.0",",,N",,
"US1LATG0019","30.726025","-90.52066892","34.1","2021-08-20",,,"0.00",",,N","0.0",",,N",,
"US1LATG0019","30.726025","-90.52066892","34.1","2021-08-23",,,,,,,,
"US1LATG0019","30.726025","-90.52066892","34.1","2021-08-24",,,"0.55",",,N",,,,
"US1LATG0019","30.726025","-90.52066892","34.1","2021-08-25",,,"0.00",",,N","0.0",",,N",,
"US1LATG0019","30.726025","-90.52066892","34.1","2021-08-26",,,"0.68",",,N","0.0",",,N",,
"US1LATG0019","30.726025","-90.52066892","34.1","2021-08-27",,,"0.35",",,N",,,,
"US1LATG0019","30.726025","-90.52066892","34.1","2021-09-07",,,,,,,,
"US1LATG0019","30.726025","-90.52066892","34.1","2021-09-08",,,"0.00",",,N","0.0",",,N",,
"US1LATG0019","30.726025","-90.52066892","34.1","2021-09-09",,,"0.05",",,N",,,,
"US1LATG0019","30.726025","-90.52066892","34.1","2021-09-12",,,,,,,,
"US1LATG0019","30.726025","-90.52066892","34.1","2021-09-13",,,"0.00",",,N","0.0",",,N",,
"US1LATG0019","30.726025","-90.52066892","34.1","2021-09-14",,,"0.30",",,N",,,,
"US1LATG0019","30.726025","-90.52066892","34.1","2021-09-16",,,,,,,,
"US1LATG0019","30.726025","-90.52066892","34.1","2021-09-17",,,"0.14",",,N",,,,
"US1LATG0019","30.726025","-90.52066892","34.1","2021-09-20",,,,,,,,
"US1LATG0019","30.726025","-90.52066892","34.1","2021-09-21",,,"0.03",",,N",,,,
"US1LATG0019","30.726025","-90.52066892","34.1","2021-09-22",,,"0.00",",,N","0.0",",,N",,
"US1LATG0019","30.726025","-90.52066892","34.1","2021-09-23",,,"0.00",",,N","0.0",",,N",,
"US1LATG0019","30.726025","-90.52066892","34.1","2021-09-24",,,"0.00",",,N","0.0",",,N",,
"US1LATG0019","30.726025","-90.52066892","34.1","2021-09-27",,,"0.00",",L,N","0.0",",,N",,
"US1LATG0019","30.726025","-90.52066892","34.1","2021-09-28",,,"0.00",",,N","0.0",",,N",,
"US1LATG0019","30.726025","-90.52066892","34.1","2021-09-29",,,"0.38",",,N",,,,
"US1LATG0019","30.726025","-90.52066892","34.1","2021-09-30",,,"0.28",",,N",,,,
"US1LATG0019","30.726025","-90.52066892","34.1","2021-10-01",,,"0.00",",,N","0.0",",,N",,
"US1LATG0019","30.726025","-90.52066892","34.1","2021-10-04",,,,,,,,
"US1LATG0019","30.726025","-90.52066892","34.1","2021-10-05",,,"0.00",",,N","0.0",",,N",,
"US1LATG0019","30.726025","-90.52066892","34.1","2021-10-06",,,"0.02",",,N",,,,
"US1LATG0019","30.726025","-90.52066892","34.1","2021-10-07",,,"0.00",",,N","0.0",",,N",,
"US1LATG0019","30.726025","-90.52066892","34.1","2021-10-08",,,"0.00",",,N","0.0",",,N",,
"US1LATG0019","30.726025","-90.52066892","34.1","2021-10-12",,,,,,,,
"US1LATG0019","30.726025","-90.52066892","34.1","2021-10-13",,,"0.00",",,N","0.0",",,N",,
"US1LATG0019","30.726025","-90.52066892","34.1","2021-10-14",,,"0.00",",,N","0.0",",,N",,
"US1LATG0019","30.726025","-90.52066892","34.1","2021-10-15",,,"0.00",",,N","0.0",",,N",,
"US1LATG0019","30.726025","-90.52066892","34.1","2021-10-18",,,,,,,,
"US1LATG0019","30.726025","-90.52066892","34.1","2021-10-19",,,"0.00",",,N","0.0",",,N",,
"US1LATG0019","30.726025","-90.52066892","34.1","2021-10-21",,,"0.10",",,N",,,,
"US1LATG0019","30.726025","-90.52066892","34.1","2021-10-22",,,"0.00",",,N","0.0",",,N",,
"US1LATG0019","30.726025","-90.52066892","34.1","2021-10-26",,,,,,,,
"US1LATG0019","30.726025","-90.52066892","34.1","2021-10-27",,,"0.00",",,N","0.0",",,N",,
"US1LATG0019","30.726025","-90.52066892","34.1","2021-10-28",,,"1.72",",,N",,,,
"US1LATG0019","30.726025","-90.52066892","34.1","2021-10-29",,,"0.20",",,N",,,,
"US1LATG0019","30.726025","-90.52066892","34.1","2021-11-01",,,"0.00",",,N","0.0",",,N",,
"US1LATG0019","30.726025","-90.52066892","34.1","2021-11-02",,,"0.00",",,N","0.0",",,N",,
"US1LATG0019","30.726025","-90.52066892","34.1","2021-11-03",,,"0.00",",,N","0.0",",,N",,
"US1LATG0019","30.726025","-90.52066892","34.1","2021-11-04",,,"0.00",",,N","0.0",",,N",,
"US1LATG0019","30.726025","-90.52066892","34.1","2021-11-05",,,"0.00",",,N","0.0",",,N",,
"US1LATG0019","30.726025","-90.52066892","34.1","2021-11-09",,,"0.00",",,N","0.0",",,N",,
"US1LATG0019","30.726025","-90.52066892","34.1","2021-11-10",,,"0.01",",,N",,,,
"US1LATG0019","30.726025","-90.52066892","34.1","2021-11-12",,,,,,,,
"US1LATG0019","30.726025","-90.52066892","34.1","2021-11-15",,,,,,,,
"US1LATG0019","30.726025","-90.52066892","34.1","2021-11-18",,,"0.02",",,N",,,,
"US1LATG0019","30.726025","-90.52066892","34.1","2021-11-22",,,,,,,,
"US1LATG0019","30.726025","-90.52066892","34.1","2021-11-23",,,"0.02",",,N",,,,
"US1LATG0019","30.726025","-90.52066892","34.1","2021-11-24",,,"0.00",",,N","0.0",",,N",,
"US1LATG0019","30.726025","-90.52066892","34.1","2021-11-26",,,"0.05",",,N",,,,
"US1LATG0018","30.52524","-90.54017","15.2","2021-08-03",,,"0.06",",,N",,,,
"US1LATG0018","30.52524","-90.54017","15.2","2021-08-06",,,,,,,,
"US1LATG0018","30.52524","-90.54017","15.2","2021-08-10",,,"0.00","T,,N",,,,
"US1LATG0018","30.52524","-90.54017","15.2","2021-08-11",,,"0.11",",,N",,,,
"US1LATG0018","30.52524","-90.54017","15.2","2021-08-12",,,"0.10",",,N",,,,
"US1LATG0018","30.52524","-90.54017","15.2","2021-08-13",,,"0.07",",,N",,,,
"US1LATG0018","30.52524","-90.54017","15.2","2021-08-14",,,"0.48",",,N",,,,
"US1LATG0018","30.52524","-90.54017","15.2","2021-08-16",,,"0.14",",,N",,,,
"US1LATG0018","30.52524","-90.54017","15.2","2021-08-18",,,"2.03",",,N",,,,
"US1LATG0018","30.52524","-90.54017","15.2","2021-08-26",,,"0.03",",,N",,,,
"US1LATG0018","30.52524","-90.54017","15.2","2021-08-27",,,"0.05",",,N",,,,
"US1LATG0018","30.52524","-90.54017","15.2","2021-08-28",,,"1.17",",,N",,,,
"US1LATG0018","30.52524","-90.54017","15.2","2021-08-29",,,"1.46",",,N",,,,
"US1LATG0018","30.52524","-90.54017","15.2","2021-09-01",,,,,,,,
"US1LATG0018","30.52524","-90.54017","15.2","2021-09-15",,,,,,,,
"US1LATG0018","30.52524","-90.54017","15.2","2021-09-17",,,,,,,,
"US1LATG0018","30.52524","-90.54017","15.2","2021-09-18",,,"0.22",",,N",,,,
"US1LATG0018","30.52524","-90.54017","15.2","2021-09-20",,,"0.07",",,N",,,,
"US1LATG0018","30.52524","-90.54017","15.2","2021-09-21",,,"0.01",",,N",,,,
"US1LATG0018","30.52524","-90.54017","15.2","2021-09-29",,,"0.29",",,N",,,,
"US1LATG0018","30.52524","-90.54017","15.2","2021-09-30",,,"1.74",",,N",,,,
"US1LATG0018","30.52524","-90.54017","15.2","2021-10-03",,,"0.27",",,N",,,,
"US1LATG0018","30.52524","-90.54017","15.2","2021-10-05",,,"0.00","T,,N",,,,
"US1LATG0018","30.52524","-90.54017","15.2","2021-10-09",,,,,,,,
"US1LATG0018","30.52524","-90.54017","15.2","2021-10-21",,,"1.17",",,N",,,,
"US1LATG0018","30.52524","-90.54017","15.2","2021-10-28",,,"2.23",",,N",,,,
"US1LATG0018","30.52524","-90.54017","15.2","2021-11-11",,,"0.06",",,N",,,,
"US1LATG0018","30.52524","-90.54017","15.2","2021-11-18",,,"0.06",",,N",,,,
"US1LATG0018","30.52524","-90.54017","15.2","2021-11-22",,,"0.65",",,N",,,,
"US1LAEB0053","30.408931","-91.105782","9.1","2021-08-02",,,,,,,,
"US1LAEB0053","30.408931","-91.105782","9.1","2021-08-03",,,"1.13",",,N",,,,
"US1LAEB0053","30.408931","-91.105782","9.1","2021-08-04",,,"2.10",",,N",,,,
"US1LAEB0053","30.408931","-91.105782","9.1","2021-08-05",,,"0.00",",,N","0.0",",,N",,
"US1LAEB0053","30.408931","-91.105782","9.1","2021-08-06",,,"0.00",",,N","0.0",",,N",,
"US1LAEB0053","30.408931","-91.105782","9.1","2021-08-09",,,,,,,,
"US1LAEB0053","30.408931","-91.105782","9.1","2021-08-10",,,"0.14",",,N",,,,
"US1LAEB0053","30.408931","-91.105782","9.1","2021-08-11",,,"0.00",",,N","0.0",",,N",,
"US1LAEB0053","30.408931","-91.105782","9.1","2021-08-12",,,"0.00","T,,N",,,,
"US1LAEB0053","30.408931","-91.105782","9.1","2021-08-13",,,"1.15",",,N",,,,
"US1LAEB0053","30.408931","-91.105782","9.1","2021-08-16",,,,,,,,
"US1LAEB0053","30.408931","-91.105782","9.1","2021-08-17",,,"0.00",",,N","0.0",",,N",,
"US1LAEB0053","30.408931","-91.105782","9.1","2021-08-18",,,"0.00",",,N","0.0",",,N",,
"US1LAEB0053","30.408931","-91.105782","9.1","2021-08-19",,,"0.41",",,N",,,,
"US1LAEB0053","30.408931","-91.105782","9.1","2021-08-20",,,"0.00",",,N","0.0",",,N",,
"US1LAEB0053","30.408931","-91.105782","9.1","2021-08-23",,,,,,,,
"US1LAEB0053","30.408931","-91.105782","9.1","2021-08-24",,,"0.04",",,N",,,,
"US1LAEB0053","30.408931","-91.105782","9.1","2021-08-25",,,"0.60",",,N",,,,
"US1LAEB0053","30.408931","-91.105782","9.1","2021-08-26",,,"0.37",",,N",,,,
"US1LAEB0053","30.408931","-91.105782","9.1","2021-08-31",,,,,,,,
"US1LAEB0053","30.408931","-91.105782","9.1","2021-09-01",,,"0.00",",,N","0.0",",,N",,
"US1LAEB0053","30.408931","-91.105782","9.1","2021-09-07",,,,,,,,
"US1LAEB0053","30.408931","-91.105782","9.1","2021-09-08",,,"0.41",",,N",,,,
"US1LAEB0053","30.408931","-91.105782","9.1","2021-09-09",,,"0.00",",,N","0.0",",,N",,
"US1LAEB0053","30.408931","-91.105782","9.1","2021-09-10",,,"0.00",",,N","0.0",",,N",,
"US1LAEB0053","30.408931","-91.105782","9.1","2021-09-13",,,,,,,,
"US1LAEB0053","30.408931","-91.105782","9.1","2021-09-14",,,"2.20",",,N",,,,
"US1LAEB0053","30.408931","-91.105782","9.1","2021-09-15",,,"4.60",",,N",,,,
"US1LAEB0053","30.408931","-91.105782","9.1","2021-09-16",,,"2.15",",,N",,,,
"US1LAEB0053","30.408931","-91.105782","9.1","2021-09-20",,,,,,,,
"US1LAEB0053","30.408931","-91.105782","9.1","2021-09-21",,,"0.00",",,N","0.0",",,N",,
"US1LAEB0053","30.408931","-91.105782","9.1","2021-09-22",,,"0.04",",,N",,,,
"US1LAEB0053","30.408931","-91.105782","9.1","2021-09-23",,,"0.00",",,N","0.0",",,N",,
"US1LAEB0053","30.408931","-91.105782","9.1","2021-09-24",,,"0.00",",,N","0.0",",,N",,
"US1LAEB0053","30.408931","-91.105782","9.1","2021-09-25",,,"0.00",",,N","0.0",",,N",,
"US1LAEB0053","30.408931","-91.105782","9.1","2021-09-26",,,"0.00",",,N","0.0",",,N",,
"US1LAEB0053","30.408931","-91.105782","9.1","2021-09-27",,,"0.00",",,N","0.0",",,N",,
"US1LAEB0053","30.408931","-91.105782","9.1","2021-09-28",,,"0.08",",,N",,,,
"US1LAEB0053","30.408931","-91.105782","9.1","2021-09-29",,,"0.95",",,N",,,,
"US1LAEB0053","30.408931","-91.105782","9.1","2021-09-30",,,"1.18",",,N",,,,
"US1LAEB0053","30.408931","-91.105782","9.1","2021-10-01",,,"1.13",",,N",,,,
"US1LAEB0053","30.408931","-91.105782","9.1","2021-10-04",,,,,,,,
"US1LAEB0053","30.408931","-91.105782","9.1","2021-10-05",,,"0.00",",,N","0.0",",,N",,
"US1LAEB0053","30.408931","-91.105782","9.1","2021-10-06",,,"0.00",",,N","0.0",",,N",,
"US1LAEB0053","30.408931","-91.105782","9.1","2021-10-07",,,"0.00",",,N","0.0",",,N",,
"US1LAEB0053","30.408931","-91.105782","9.1","2021-10-08",,,"0.00",",,N","0.0",",,N",,
"US1LAEB0053","30.408931","-91.105782","9.1","2021-10-09",,,"0.00",",,N","0.0",",,N",,
"US1LAEB0053","30.408931","-91.105782","9.1","2021-10-10",,,"0.00",",,N","0.0",",,N",,
"US1LAEB0053","30.408931","-91.105782","9.1","2021-10-11",,,"0.00",",,N","0.0",",,N",,
"US1LAEB0053","30.408931","-91.105782","9.1","2021-10-12",,,"0.00",",,N","0.0",",,N",,
"US1LAEB0053","30.408931","-91.105782","9.1","2021-10-13",,,"0.00",",,N","0.0",",,N",,
"US1LAEB0053","30.408931","-91.105782","9.1","2021-10-14",,,"0.00",",,N","0.0",",,N",,
"US1LAEB0053","30.408931","-91.105782","9.1","2021-10-15",,,"0.00",",,N","0.0",",,N",,
"US1LAEB0053","30.408931","-91.105782","9.1","2021-10-16",,,"0.00",",,N","0.0",",,N",,
"US1LAEB0053","30.408931","-91.105782","9.1","2021-10-17",,,"0.00",",,N","0.0",",,N",,
"US1LAEB0053","30.408931","-91.105782","9.1","2021-10-18",,,"0.00",",,N","0.0",",,N",,
"US1LAEB0053","30.408931","-91.105782","9.1","2021-10-19",,,"0.00",",,N","0.0",",,N",,
"US1LAEB0053","30.408931","-91.105782","9.1","2021-10-20",,,"0.00",",,N","0.0",",,N",,
"US1LAEB0053","30.408931","-91.105782","9.1","2021-10-21",,,"0.03",",,N",,,,
"US1LAEB0053","30.408931","-91.105782","9.1","2021-10-22",,,"0.00",",,N","0.0",",,N",,
"US1LAEB0053","30.408931","-91.105782","9.1","2021-10-23",,,"0.00",",,N","0.0",",,N",,
"US1LAEB0053","30.408931","-91.105782","9.1","2021-10-24",,,"0.30",",,N",,,,
"US1LAEB0053","30.408931","-91.105782","9.1","2021-10-25",,,"0.00",",,N","0.0",",,N",,
"US1LAEB0053","30.408931","-91.105782","9.1","2021-10-26",,,"0.00",",,N","0.0",",,N",,
"US1LAEB0053","30.408931","-91.105782","9.1","2021-10-27",,,"0.00",",,N","0.0",",,N",,
"US1LAEB0053","30.408931","-91.105782","9.1","2021-10-28",,,"1.42",",,N",,,,
"US1LAEB0053","30.408931","-91.105782","9.1","2021-10-29",,,"0.00",",,N","0.0",",,N",,
"US1LAEB0053","30.408931","-91.105782","9.1","2021-10-30",,,"0.00",",,N","0.0",",,N",,
"US1LAEB0053","30.408931","-91.105782","9.1","2021-10-31",,,"0.00",",,N","0.0",",,N",,
"US1LAEB0053","30.408931","-91.105782","9.1","2021-11-01",,,"0.00",",,N","0.0",",,N",,
"US1LAEB0053","30.408931","-91.105782","9.1","2021-11-02",,,"0.00",",,N","0.0",",,N",,
"US1LAEB0053","30.408931","-91.105782","9.1","2021-11-03",,,"0.00",",,N","0.0",",,N",,
"US1LAEB0053","30.408931","-91.105782","9.1","2021-11-04",,,"0.00",",,N","0.0",",,N",,
"US1LAEB0053","30.408931","-91.105782","9.1","2021-11-05",,,"0.00",",,N","0.0",",,N",,
"US1LAEB0053","30.408931","-91.105782","9.1","2021-11-06",,,"0.00",",,N","0.0",",,N",,
"US1LAEB0053","30.408931","-91.105782","9.1","2021-11-07",,,"0.00",",,N","0.0",",,N",,
"US1LAEB0053","30.408931","-91.105782","9.1","2021-11-08",,,"0.00",",,N","0.0",",,N",,
"US1LAEB0053","30.408931","-91.105782","9.1","2021-11-09",,,"0.00",",,N","0.0",",,N",,
"US1LAEB0053","30.408931","-91.105782","9.1","2021-11-10",,,"0.00",",,N","0.0",",,N",,
"US1LAEB0053","30.408931","-91.105782","9.1","2021-11-11",,,"0.00",",,N","0.0",",,N",,
"US1LAEB0053","30.408931","-91.105782","9.1","2021-11-12",,,"0.27",",,N",,,,
"US1LAEB0053","30.408931","-91.105782","9.1","2021-11-13",,,"0.00",",,N","0.0",",,N",,
"US1LAEB0053","30.408931","-91.105782","9.1","2021-11-14",,,"0.00",",,N","0.0",",,N",,
"US1LAEB0053","30.408931","-91.105782","9.1","2021-11-15",,,"0.00",",,N","0.0",",,N",,
"US1LAEB0053","30.408931","-91.105782","9.1","2021-11-16",,,"0.00",",,N","0.0",",,N",,
"US1LAEB0053","30.408931","-91.105782","9.1","2021-11-17",,,"0.00",",,N","0.0",",,N",,
"US1LAEB0053","30.408931","-91.105782","9.1","2021-11-18",,,"0.18",",,N",,,,
"US1LAEB0053","30.408931","-91.105782","9.1","2021-11-19",,,"0.00",",,N","0.0",",,N",,
"US1LAEB0053","30.408931","-91.105782","9.1","2021-11-20",,,"0.00",",,N","0.0",",,N",,
"US1LAEB0053","30.408931","-91.105782","9.1","2021-11-21",,,"0.00",",,N","0.0",",,N",,
"US1LAEB0053","30.408931","-91.105782","9.1","2021-11-22",,,"0.45",",,N",,,,
"US1LAEB0053","30.408931","-91.105782","9.1","2021-11-23",,,"0.00",",,N","0.0",",,N",,
"US1LAEB0053","30.408931","-91.105782","9.1","2021-11-24",,,"0.00",",,N","0.0",",,N",,
"US1MECM0091","43.7388","-70.361","68.0","2021-09-02",,,"1.71",",,N","0.0",",,N",,
"US1MECM0091","43.7388","-70.361","68.0","2021-10-02",,,"0.00",",,N","0.0",",,N",,
"US1MECM0091","43.7388","-70.361","68.0","2021-10-04",,,"0.00",",,N","0.0",",,N",,
"US1MECM0091","43.7388","-70.361","68.0","2021-10-05",,,"0.02",",,N","0.0",",,N",,
"US1MECM0091","43.7388","-70.361","68.0","2021-10-06",,,"0.00",",,N","0.0",",,N",,
"US1MECM0091","43.7388","-70.361","68.0","2021-10-07",,,"0.00",",,N","0.0",",,N",,
"US1MECM0091","43.7388","-70.361","68.0","2021-10-08",,,"0.00",",,N","0.0",",,N",,
"US1MECM0091","43.7388","-70.361","68.0","2021-10-09",,,"0.00",",,N","0.0",",,N",,
"US1MECM0091","43.7388","-70.361","68.0","2021-10-10",,,"0.00",",,N","0.0",",,N",,
"US1MECM0091","43.7388","-70.361","68.0","2021-10-11",,,"0.00",",,N","0.0",",,N",,
"US1MECM0091","43.7388","-70.361","68.0","2021-10-12",,,"0.00",",,N","0.0",",,N",,
"US1MECM0091","43.7388","-70.361","68.0","2021-10-13",,,"0.00",",,N","0.0",",,N",,
"US1MECM0091","43.7388","-70.361","68.0","2021-10-14",,,"0.00",",,N","0.0",",,N",,
"US1MECM0091","43.7388","-70.361","68.0","2021-10-15",,,"0.00",",,N","0.0",",,N",,
"US1MECM0091","43.7388","-70.361","68.0","2021-10-16",,,"0.81",",,N","0.0",",,N",,
"US1MECM0091","43.7388","-70.361","68.0","2021-10-17",,,"0.48",",,N","0.0",",,N",,
"US1MECM0091","43.7388","-70.361","68.0","2021-10-18",,,"0.00",",,N","0.0",",,N",,
"US1MECM0091","43.7388","-70.361","68.0","2021-10-19",,,"0.00",",,N","0.0",",,N",,
"US1MECM0091","43.7388","-70.361","68.0","2021-10-20",,,"0.00",",,N","0.0",",,N",,
"US1MECM0091","43.7388","-70.361","68.0","2021-10-21",,,"0.00",",,N","0.0",",,N",,
"US1MECM0091","43.7388","-70.361","68.0","2021-10-22",,,"0.03",",,N","0.0",",,N",,
"US1MECM0091","43.7388","-70.361","68.0","2021-10-23",,,"0.00",",,N","0.0",",,N",,
"US1MECM0091","43.7388","-70.361","68.0","2021-10-24",,,"0.00",",,N","0.0",",,N",,
"US1MECM0091","43.7388","-70.361","68.0","2021-10-25",,,"0.00","T,,N","0.0",",,N",,
"US1MECM0091","43.7388","-70.361","68.0","2021-10-26",,,"0.32",",,N","0.0",",,N",,
"US1MECM0091","43.7388","-70.361","68.0","2021-10-27",,,"0.74",",,N","0.0",",,N",,
"US1MECM0091","43.7388","-70.361","68.0","2021-10-28",,,"0.24",",,N","0.0",",,N",,
"US1MECM0091","43.7388","-70.361","68.0","2021-10-29",,,"0.00",",,N","0.0",",,N",,
"US1MECM0091","43.7388","-70.361","68.0","2021-10-30",,,"0.05",",,N",,,,
"US1MECM0091","43.7388","-70.361","68.0","2021-10-31",,,"2.93",",,N","0.0",",,N",,
"US1MECM0091","43.7388","-70.361","68.0","2021-11-01",,,"0.05",",,N",,,,
"US1MECM0091","43.7388","-70.361","68.0","2021-11-02",,,"0.00",",,N","0.0",",,N",,
"US1MECM0091","43.7388","-70.361","68.0","2021-11-03",,,"0.00",",,N","0.0",",,N",,
"US1MECM0091","43.7388","-70.361","68.0","2021-11-04",,,"0.00",",,N","0.0",",,N",,
"US1MECM0091","43.7388","-70.361","68.0","2021-11-05",,,"0.00",",,N","0.0",",,N",,
"US1MECM0091","43.7388","-70.361","68.0","2021-11-06",,,"0.00",",,N","0.0",",,N",,
"US1MECM0091","43.7388","-70.361","68.0","2021-11-07",,,"0.00",",,N","0.0",",,N",,
"US1MECM0091","43.7388","-70.361","68.0","2021-11-08",,,"0.00",",,N","0.0",",,N",,
"US1MECM0091","43.7388","-70.361","68.0","2021-11-26",,,"0.00",",,N","0.0",",,N",,
"US1MECM0091","43.7388","-70.361","68.0","2021-11-27",,,"0.40",",,N","0.1",",,N",,
"US1MECM0091","43.7388","-70.361","68.0","2021-11-28",,,"0.00",",,N","0.0",",,N",,
"US1LAEB0060","30.4005","-91.0896","9.4","2021-08-01",,,"1.08",",,N",,,,
"US1LAEB0060","30.4005","-91.0896","9.4","2021-08-02",,,"0.32",",,N",,,,
"US1LAEB0060","30.4005","-91.0896","9.4","2021-08-03",,,"0.89",",,N",,,,
"US1LAEB0060","30.4005","-91.0896","9.4","2021-08-04",,,"3.24",",,N",,,,
"US1LAEB0060","30.4005","-91.0896","9.4","2021-08-05",,,"0.01",",,N",,,,
"US1LAEB0060","30.4005","-91.0896","9.4","2021-08-06",,,"0.00",",,N","0.0",",,N",,
"US1LAEB0060","30.4005","-91.0896","9.4","2021-08-07",,,"0.00",",,N","0.0",",,N",,
"US1LAEB0060","30.4005","-91.0896","9.4","2021-08-08",,,"0.00",",,N","0.0",",,N",,
"US1LAEB0060","30.4005","-91.0896","9.4","2021-08-09",,,"0.00",",,N","0.0",",,N",,
"US1LAEB0060","30.4005","-91.0896","9.4","2021-08-10",,,"0.00",",,N","0.0",",,N",,
"US1LAEB0060","30.4005","-91.0896","9.4","2021-08-11",,,"0.00",",,N","0.0",",,N",,
"US1LAEB0060","30.4005","-91.0896","9.4","2021-08-12",,,"0.00",",,N","0.0",",,N",,
"US1LAEB0060","30.4005","-91.0896","9.4","2021-08-13",,,"2.37",",,N",,,,
"US1LAEB0060","30.4005","-91.0896","9.4","2021-08-14",,,"0.22",",,N",,,,
"US1LAEB0060","30.4005","-91.0896","9.4","2021-08-15",,,"0.00",",,N","0.0",",,N",,
"US1LAEB0060","30.4005","-91.0896","9.4","2021-08-16",,,"0.77",",,N",,,,
"US1LAEB0060","30.4005","-91.0896","9.4","2021-08-17",,,"0.00",",,N","0.0",",,N",,
"US1LAEB0060","30.4005","-91.0896","9.4","2021-08-18",,,"0.00",",,N","0.0",",,N",,
"US1LAEB0060","30.4005","-91.0896","9.4","2021-08-19",,,"0.06",",,N",,,,
"US1LAEB0060","30.4005","-91.0896","9.4","2021-08-20",,,"0.00","T,,N",,,,
"US1LAEB0060","30.4005","-91.0896","9.4","2021-08-21",,,"0.00",",,N","0.0",",,N",,
"US1LAEB0060","30.4005","-91.0896","9.4","2021-08-22",,,"0.00",",,N","0.0",",,N",,
"US1LAEB0060","30.4005","-91.0896","9.4","2021-08-23",,,"0.00",",,N","0.0",",,N",,
"US1LAEB0060","30.4005","-91.0896","9.4","2021-08-24",,,"0.02",",,N",,,,
"US1LAEB0060","30.4005","-91.0896","9.4","2021-08-25",,,"0.62",",,N",,,,
"US1LAEB0060","30.4005","-91.0896","9.4","2021-08-26",,,"0.11",",,N",,,,
"US1LAEB0060","30.4005","-91.0896","9.4","2021-08-29",,,"0.01",",L,N",,,,
"US1LAEB0060","30.4005","-91.0896","9.4","2021-08-30",,,"2.18",",,N",,,,
"US1LAEB0060","30.4005","-91.0896","9.4","2021-08-31",,,"0.30",",,N",,,,
"US1LAEB0060","30.4005","-91.0896","9.4","2021-09-01",,,"0.00",",,N","0.0",",,N",,
"US1LAEB0060","30.4005","-91.0896","9.4","2021-09-02",,,"0.03",",,N",,,,
"US1LAEB0060","30.4005","-91.0896","9.4","2021-09-03",,,"0.00",",,N","0.0",",,N",,
"US1LAEB0060","30.4005","-91.0896","9.4","2021-09-04",,,"0.00",",,N","0.0",",,N",,
"US1LAEB0060","30.4005","-91.0896","9.4","2021-09-05",,,"0.00",",,N","0.0",",,N",,
"US1LAEB0060","30.4005","-91.0896","9.4","2021-09-06",,,"0.00",",,N","0.0",",,N",,
"US1LAEB0060","30.4005","-91.0896","9.4","2021-09-07",,,"0.00",",,N","0.0",",,N",,
"US1LAEB0060","30.4005","-91.0896","9.4","2021-09-08",,,"0.72",",,N",,,,
"US1LAEB0060","30.4005","-91.0896","9.4","2021-09-09",,,"0.01",",,N",,,,
"US1LAEB0060","30.4005","-91.0896","9.4","2021-09-10",,,"0.00",",,N","0.0",",,N",,
"US1LAEB0060","30.4005","-91.0896","9.4","2021-09-11",,,"0.00",",,N","0.0",",,N",,
"US1LAEB0060","30.4005","-91.0896","9.4","2021-09-12",,,"0.00",",,N","0.0",",,N",,
"US1LAEB0060","30.4005","-91.0896","9.4","2021-09-13",,,"0.02",",,N",,,,
"US1LAEB0060","30.4005","-91.0896","9.4","2021-09-14",,,"1.05",",,N",,,,
"US1LAEB0060","30.4005","-91.0896","9.4","2021-09-15",,,"5.18",",,N",,,,
"US1LAEB0060","30.4005","-91.0896","9.4","2021-09-16",,,"2.28",",,N",,,,
"US1LAEB0060","30.4005","-91.0896","9.4","2021-09-17",,,"0.07",",,N",,,,
"US1LAEB0060","30.4005","-91.0896","9.4","2021-09-18",,,"0.45",",,N",,,,
"US1LAEB0060","30.4005","-91.0896","9.4","2021-09-19",,,"0.04",",,N",,,,
"US1LAEB0060","30.4005","-91.0896","9.4","2021-09-20",,,"0.00",",,N","0.0",",,N",,
"US1LAEB0060","30.4005","-91.0896","9.4","2021-09-21",,,"0.00",",,N","0.0",",,N",,
"US1LAEB0060","30.4005","-91.0896","9.4","2021-09-22",,,"0.01",",,N",,,,
"US1LAEB0060","30.4005","-91.0896","9.4","2021-09-23",,,"0.00",",,N","0.0",",,N",,
"US1LAEB0060","30.4005","-91.0896","9.4","2021-09-25",,,"0.00",",,N","0.0",",,N",,
"US1LAEB0060","30.4005","-91.0896","9.4","2021-09-26",,,"0.00",",,N","0.0",",,N",,
"US1LAEB0060","30.4005","-91.0896","9.4","2021-09-27",,,"0.00",",,N","0.0",",,N",,
"US1LAEB0060","30.4005","-91.0896","9.4","2021-09-28",,,"0.06",",,N",,,,
"US1LAEB0060","30.4005","-91.0896","9.4","2021-09-29",,,"0.62",",,N",,,,
"US1LAEB0060","30.4005","-91.0896","9.4","2021-09-30",,,"1.56",",,N",,,,
"US1LAEB0060","30.4005","-91.0896","9.4","2021-10-01",,,"2.21",",,N",,,,
"US1LAEB0060","30.4005","-91.0896","9.4","2021-10-02",,,"0.96",",,N",,,,
"US1LAEB0060","30.4005","-91.0896","9.4","2021-10-03",,,"0.46",",,N",,,,
"US1LAEB0060","30.4005","-91.0896","9.4","2021-10-04",,,"0.01",",,N",,,,
"US1LAEB0060","30.4005","-91.0896","9.4","2021-10-05",,,"0.00",",,N","0.0",",,N",,
"US1LAEB0060","30.4005","-91.0896","9.4","2021-10-06",,,"0.00",",,N","0.0",",,N",,
"US1LAEB0060","30.4005","-91.0896","9.4","2021-10-07",,,"0.00",",,N","0.0",",,N",,
"US1LAEB0060","30.4005","-91.0896","9.4","2021-10-08",,,"0.00",",,N","0.0",",,N",,
"US1LAEB0060","30.4005","-91.0896","9.4","2021-10-09",,,"0.00",",,N","0.0",",,N",,
"US1LAEB0060","30.4005","-91.0896","9.4","2021-10-10",,,"0.00",",,N","0.0",",,N",,
"US1LAEB0060","30.4005","-91.0896","9.4","2021-10-11",,,"0.00",",,N","0.0",",,N",,
"US1LAEB0060","30.4005","-91.0896","9.4","2021-10-12",,,"0.00",",,N","0.0",",,N",,
"US1LAEB0060","30.4005","-91.0896","9.4","2021-10-13",,,"0.00",",,N","0.0",",,N",,
"US1LAEB0060","30.4005","-91.0896","9.4","2021-10-14",,,"0.00",",,N","0.0",",,N",,
"US1LAEB0060","30.4005","-91.0896","9.4","2021-10-15",,,"0.00",",,N","0.0",",,N",,
"US1LAEB0060","30.4005","-91.0896","9.4","2021-10-16",,,"0.00",",,N","0.0",",,N",,
"US1LAEB0060","30.4005","-91.0896","9.4","2021-10-17",,,"0.00",",,N","0.0",",,N",,
"US1LAEB0060","30.4005","-91.0896","9.4","2021-10-18",,,"0.00",",,N","0.0",",,N",,
"US1LAEB0060","30.4005","-91.0896","9.4","2021-10-19",,,"0.00",",,N","0.0",",,N",,
"US1LAEB0060","30.4005","-91.0896","9.4","2021-10-20",,,"0.00",",,N","0.0",",,N",,
"US1LAEB0060","30.4005","-91.0896","9.4","2021-10-21",,,"0.01",",,N",,,,
"US1LAEB0060","30.4005","-91.0896","9.4","2021-10-22",,,"0.00",",,N","0.0",",,N",,
"US1LAEB0060","30.4005","-91.0896","9.4","2021-10-23",,,"0.00",",,N","0.0",",,N",,
"US1LAEB0060","30.4005","-91.0896","9.4","2021-10-24",,,"0.00",",,N","0.0",",,N",,
"US1LAEB0060","30.4005","-91.0896","9.4","2021-10-25",,,"0.23",",,N",,,,
"US1LAEB0060","30.4005","-91.0896","9.4","2021-10-26",,,"0.00",",,N","0.0",",,N",,
"US1LAEB0060","30.4005","-91.0896","9.4","2021-10-27",,,"0.00",",,N","0.0",",,N",,
"US1LAEB0060","30.4005","-91.0896","9.4","2021-10-28",,,"1.45",",,N",,,,
"US1LAEB0060","30.4005","-91.0896","9.4","2021-10-29",,,"0.00","T,,N",,,,
"US1LAEB0060","30.4005","-91.0896","9.4","2021-10-30",,,"0.00",",,N","0.0",",,N",,
"US1LAEB0060","30.4005","-91.0896","9.4","2021-10-31",,,"0.00",",,N","0.0",",,N",,
"US1LAEB0060","30.4005","-91.0896","9.4","2021-11-01",,,"0.00",",,N","0.0",",,N",,
"US1LAEB0060","30.4005","-91.0896","9.4","2021-11-02",,,"0.00",",,N","0.0",",,N",,
"US1LAEB0060","30.4005","-91.0896","9.4","2021-11-03",,,"0.00",",,N","0.0",",,N",,
"US1LAEB0060","30.4005","-91.0896","9.4","2021-11-04",,,"0.00",",,N","0.0",",,N",,
"US1LAEB0060","30.4005","-91.0896","9.4","2021-11-05",,,"0.00",",,N","0.0",",,N",,
"US1LAEB0060","30.4005","-91.0896","9.4","2021-11-06",,,"0.00",",,N","0.0",",,N",,
"US1LAEB0060","30.4005","-91.0896","9.4","2021-11-07",,,"0.00",",,N","0.0",",,N",,
"US1LAEB0060","30.4005","-91.0896","9.4","2021-11-08",,,"0.00",",,N","0.0",",,N",,
"US1LAEB0060","30.4005","-91.0896","9.4","2021-11-09",,,"0.00",",,N","0.0",",,N",,
"US1LAEB0060","30.4005","-91.0896","9.4","2021-11-10",,,"0.00",",,N","0.0",",,N",,
"US1LAEB0060","30.4005","-91.0896","9.4","2021-11-11",,,"0.00",",,N","0.0",",,N",,
"US1LAEB0060","30.4005","-91.0896","9.4","2021-11-12",,,"0.15",",,N",,,,
"US1LAEB0060","30.4005","-91.0896","9.4","2021-11-13",,,"0.00",",,N","0.0",",,N",,
"US1LAEB0060","30.4005","-91.0896","9.4","2021-11-14",,,"0.00",",,N","0.0",",,N",,
"US1LAEB0060","30.4005","-91.0896","9.4","2021-11-15",,,"0.00",",,N","0.0",",,N",,
"US1LAEB0060","30.4005","-91.0896","9.4","2021-11-16",,,"0.00",",,N","0.0",",,N",,
"US1LAEB0060","30.4005","-91.0896","9.4","2021-11-18",,,"0.06",",,N",,,,
"US1LAEB0060","30.4005","-91.0896","9.4","2021-11-19",,,"0.03",",,N",,,,
"US1LAEB0060","30.4005","-91.0896","9.4","2021-11-20",,,"0.00",",,N","0.0",",,N",,
"US1LAEB0060","30.4005","-91.0896","9.4","2021-11-21",,,"0.00",",,N","0.0",",,N",,
"US1LAEB0060","30.4005","-91.0896","9.4","2021-11-22",,,"0.54",",,N",,,,
"US1LAEB0060","30.4005","-91.0896","9.4","2021-11-23",,,"0.00",",,N","0.0",",,N",,
"US1LAEB0060","30.4005","-91.0896","9.4","2021-11-24",,,"0.00",",,N","0.0",",,N",,
"US1LAEB0060","30.4005","-91.0896","9.4","2021-11-26",,,"1.01",",,N",,,,
"US1LAEB0060","30.4005","-91.0896","9.4","2021-11-27",,,"0.00",",,N","0.0",",,N",,
"US1LAEB0060","30.4005","-91.0896","9.4","2021-11-28",,,"0.04",",,N",,,,
"US1MECM0093","43.7977981567383","-70.1799850463867","19.2","2021-09-02",,,"1.58",",,N",,,,
"US1LATG0021","30.43227","-90.53245","3.7","2021-08-01",,,"0.00",",,N","0.0",",,N",,
"US1LATG0021","30.43227","-90.53245","3.7","2021-08-02",,,"0.12",",,N",,,,
"US1LATG0021","30.43227","-90.53245","3.7","2021-08-03",,,"1.17",",,N",,,,
"US1LATG0021","30.43227","-90.53245","3.7","2021-08-04",,,"1.05",",,N",,,,
"US1LATG0021","30.43227","-90.53245","3.7","2021-08-05",,,"0.00",",,N","0.0",",,N",,
"US1LATG0021","30.43227","-90.53245","3.7","2021-08-06",,,"0.00",",,N","0.0",",,N",,
"US1LATG0021","30.43227","-90.53245","3.7","2021-08-07",,,"0.00",",,N","0.0",",,N",,
"US1LATG0021","30.43227","-90.53245","3.7","2021-08-08",,,"0.00",",,N","0.0",",,N",,
"US1LATG0021","30.43227","-90.53245","3.7","2021-08-09",,,"0.23",",,N",,,,
"US1LATG0021","30.43227","-90.53245","3.7","2021-08-10",,,"0.26",",,N",,,,
"US1LATG0021","30.43227","-90.53245","3.7","2021-08-11",,,"0.00",",,N","0.0",",,N",,
"US1LATG0021","30.43227","-90.53245","3.7","2021-08-12",,,"0.71",",,N",,,,
"US1LATG0021","30.43227","-90.53245","3.7","2021-08-13",,,"0.73",",,N",,,,
"US1LATG0021","30.43227","-90.53245","3.7","2021-08-14",,,"0.00",",,N","0.0",",,N",,
"US1LATG0021","30.43227","-90.53245","3.7","2021-08-15",,,"0.00",",,N","0.0",",,N",,
"US1LATG0021","30.43227","-90.53245","3.7","2021-08-16",,,"0.00",",,N","0.0",",,N",,
"US1LATG0021","30.43227","-90.53245","3.7","2021-08-17",,,"0.00",",,N","0.0",",,N",,
"US1LATG0021","30.43227","-90.53245","3.7","2021-08-18",,,"0.17",",,N",,,,
"US1LATG0021","30.43227","-90.53245","3.7","2021-08-19",,,"0.02",",,N",,,,
"US1LATG0021","30.43227","-90.53245","3.7","2021-08-20",,,"0.14",",,N",,,,
"US1LATG0021","30.43227","-90.53245","3.7","2021-08-21",,,"0.00",",,N","0.0",",,N",,
"US1LATG0021","30.43227","-90.53245","3.7","2021-08-22",,,"0.00",",,N","0.0",",,N",,
"US1LATG0021","30.43227","-90.53245","3.7","2021-08-23",,,"0.00",",,N","0.0",",,N",,
"US1LATG0021","30.43227","-90.53245","3.7","2021-08-24",,,"0.00",",,N","0.0",",,N",,
"US1LATG0021","30.43227","-90.53245","3.7","2021-08-25",,,"0.03",",,N",,,,
"US1LATG0021","30.43227","-90.53245","3.7","2021-08-26",,,"0.02",",,N",,,,
"US1LATG0021","30.43227","-90.53245","3.7","2021-09-03",,,"0.06",",,N",,,,
"US1LATG0021","30.43227","-90.53245","3.7","2021-09-04",,,"0.00",",,N","0.0",",,N",,
"US1LATG0021","30.43227","-90.53245","3.7","2021-09-05",,,"0.00",",,N","0.0",",,N",,
"US1LATG0021","30.43227","-90.53245","3.7","2021-09-06",,,"1.03",",,N",,,,
"US1LATG0021","30.43227","-90.53245","3.7","2021-09-07",,,"0.00",",,N","0.0",",,N",,
"US1LATG0021","30.43227","-90.53245","3.7","2021-09-08",,,"0.00",",,N","0.0",",,N",,
"US1LATG0021","30.43227","-90.53245","3.7","2021-09-09",,,"0.18",",,N",,,,
"US1LATG0021","30.43227","-90.53245","3.7","2021-09-10",,,"0.00",",,N","0.0",",,N",,
"US1LATG0021","30.43227","-90.53245","3.7","2021-09-11",,,"0.00",",,N","0.0",",,N",,
"US1LATG0021","30.43227","-90.53245","3.7","2021-09-12",,,"0.00",",,N","0.0",",,N",,
"US1LATG0021","30.43227","-90.53245","3.7","2021-09-13",,,"0.19",",,N",,,,
"US1LATG0021","30.43227","-90.53245","3.7","2021-09-14",,,"0.20",",,N",,,,
"US1LATG0021","30.43227","-90.53245","3.7","2021-09-15",,,"3.75",",,N",,,,
"US1LATG0021","30.43227","-90.53245","3.7","2021-09-16",,,"0.20",",,N",,,,
"US1LATG0021","30.43227","-90.53245","3.7","2021-09-17",,,"0.05",",,N",,,,
"US1LATG0021","30.43227","-90.53245","3.7","2021-09-18",,,"0.54",",,N",,,,
"US1LATG0021","30.43227","-90.53245","3.7","2021-09-19",,,"0.12",",,N",,,,
"US1LATG0021","30.43227","-90.53245","3.7","2021-09-20",,,"0.00","T,,N",,,,
"US1LATG0021","30.43227","-90.53245","3.7","2021-09-21",,,"0.05",",,N",,,,
"US1LATG0021","30.43227","-90.53245","3.7","2021-09-22",,,"0.00",",,N","0.0",",,N",,
"US1LATG0021","30.43227","-90.53245","3.7","2021-09-23",,,"0.00",",,N","0.0",",,N",,
"US1LATG0021","30.43227","-90.53245","3.7","2021-09-24",,,"0.00",",,N","0.0",",,N",,
"US1LATG0021","30.43227","-90.53245","3.7","2021-09-25",,,"0.00",",,N","0.0",",,N",,
"US1LATG0021","30.43227","-90.53245","3.7","2021-09-26",,,"0.00",",,N","0.0",",,N",,
"US1LATG0021","30.43227","-90.53245","3.7","2021-09-27",,,"0.00",",,N","0.0",",,N",,
"US1LATG0021","30.43227","-90.53245","3.7","2021-09-28",,,"0.00",",,N","0.0",",,N",,
"US1LATG0021","30.43227","-90.53245","3.7","2021-09-29",,,"0.20",",,N",,,,
"US1LATG0021","30.43227","-90.53245","3.7","2021-09-30",,,"0.41",",,N",,,,
"US1LATG0021","30.43227","-90.53245","3.7","2021-10-01",,,"0.01",",,N",,,,
"US1LATG0021","30.43227","-90.53245","3.7","2021-10-02",,,"0.00",",,N","0.0",",,N",,
"US1LATG0021","30.43227","-90.53245","3.7","2021-10-03",,,"0.41",",,N",,,,
"US1LATG0021","30.43227","-90.53245","3.7","2021-10-04",,,"0.12",",,N",,,,
"US1LATG0021","30.43227","-90.53245","3.7","2021-10-05",,,"0.00",",,N","0.0",",,N",,
"US1LATG0021","30.43227","-90.53245","3.7","2021-10-06",,,"0.02",",,N",,,,
"US1LATG0021","30.43227","-90.53245","3.7","2021-10-07",,,"0.00",",,N","0.0",",,N",,
"US1LATG0021","30.43227","-90.53245","3.7","2021-10-08",,,"0.00",",,N","0.0",",,N",,
"US1LATG0021","30.43227","-90.53245","3.7","2021-10-09",,,"0.00",",,N","0.0",",,N",,
"US1LATG0021","30.43227","-90.53245","3.7","2021-10-10",,,"0.00",",,N","0.0",",,N",,
"US1LATG0021","30.43227","-90.53245","3.7","2021-10-11",,,"0.00",",,N","0.0",",,N",,
"US1LATG0021","30.43227","-90.53245","3.7","2021-10-12",,,"0.00",",,N","0.0",",,N",,
"US1LATG0021","30.43227","-90.53245","3.7","2021-10-13",,,"0.00",",,N","0.0",",,N",,
"US1LATG0021","30.43227","-90.53245","3.7","2021-10-14",,,"0.00",",,N","0.0",",,N",,
"US1LATG0021","30.43227","-90.53245","3.7","2021-10-15",,,"0.00",",,N","0.0",",,N",,
"US1LATG0021","30.43227","-90.53245","3.7","2021-10-16",,,"0.02",",,N",,,,
"US1LATG0021","30.43227","-90.53245","3.7","2021-10-17",,,"0.00",",,N","0.0",",,N",,
"US1LATG0021","30.43227","-90.53245","3.7","2021-10-18",,,"0.00",",,N","0.0",",,N",,
"US1LATG0021","30.43227","-90.53245","3.7","2021-10-19",,,"0.00",",,N","0.0",",,N",,
"US1LATG0021","30.43227","-90.53245","3.7","2021-10-20",,,"0.00",",,N","0.0",",,N",,
"US1LATG0021","30.43227","-90.53245","3.7","2021-10-21",,,"3.37",",,N",,,,
"US1LATG0021","30.43227","-90.53245","3.7","2021-10-23",,,"0.00",",,N","0.0",",,N",,
"US1LATG0021","30.43227","-90.53245","3.7","2021-10-24",,,"0.00",",,N","0.0",",,N",,
"US1LATG0021","30.43227","-90.53245","3.7","2021-10-25",,,"0.02",",,N",,,,
"US1LATG0021","30.43227","-90.53245","3.7","2021-10-26",,,"0.00",",,N","0.0",",,N",,
"US1LATG0021","30.43227","-90.53245","3.7","2021-10-27",,,"0.00",",,N","0.0",",,N",,
"US1LATG0021","30.43227","-90.53245","3.7","2021-10-28",,,"3.37",",,N",,,,
"US1LATG0021","30.43227","-90.53245","3.7","2021-10-29",,,"0.00",",,N","0.0",",,N",,
"US1LATG0021","30.43227","-90.53245","3.7","2021-10-30",,,"0.00",",,N","0.0",",,N",,
"US1LATG0021","30.43227","-90.53245","3.7","2021-10-31",,,"0.00",",,N","0.0",",,N",,
"US1LATG0021","30.43227","-90.53245","3.7","2021-11-01",,,"0.00",",,N","0.0",",,N",,
"US1LATG0021","30.43227","-90.53245","3.7","2021-11-02",,,"0.00",",,N","0.0",",,N",,
"US1LATG0021","30.43227","-90.53245","3.7","2021-11-03",,,"0.00",",,N","0.0",",,N",,
"US1LATG0021","30.43227","-90.53245","3.7","2021-11-04",,,"0.00",",,N","0.0",",,N",,
"US1LATG0021","30.43227","-90.53245","3.7","2021-11-05",,,"0.00",",,N","0.0",",,N",,
"US1LATG0021","30.43227","-90.53245","3.7","2021-11-06",,,"0.00",",,N","0.0",",,N",,
"US1LATG0021","30.43227","-90.53245","3.7","2021-11-07",,,"0.00",",,N","0.0",",,N",,
"US1LATG0021","30.43227","-90.53245","3.7","2021-11-08",,,"0.00",",,N","0.0",",,N",,
"US1LATG0021","30.43227","-90.53245","3.7","2021-11-09",,,"0.00",",,N","0.0",",,N",,
"US1LATG0021","30.43227","-90.53245","3.7","2021-11-10",,,"0.00",",,N","0.0",",,N",,
"US1LATG0021","30.43227","-90.53245","3.7","2021-11-11",,,"0.07",",,N",,,,
"US1LATG0021","30.43227","-90.53245","3.7","2021-11-12",,,"0.03",",,N",,,,
"US1LATG0021","30.43227","-90.53245","3.7","2021-11-13",,,"0.00",",,N","0.0",",,N",,
"US1LATG0021","30.43227","-90.53245","3.7","2021-11-14",,,"0.00",",,N","0.0",",,N",,
"US1LATG0021","30.43227","-90.53245","3.7","2021-11-15",,,"0.00",",,N","0.0",",,N",,
"US1LATG0021","30.43227","-90.53245","3.7","2021-11-16",,,"0.00",",,N","0.0",",,N",,
"US1LATG0021","30.43227","-90.53245","3.7","2021-11-17",,,"0.00",",,N","0.0",",,N",,
"US1LATG0021","30.43227","-90.53245","3.7","2021-11-18",,,"0.05",",,N",,,,
"US1LATG0021","30.43227","-90.53245","3.7","2021-11-19",,,"0.35",",,N",,,,
"US1LATG0021","30.43227","-90.53245","3.7","2021-11-20",,,"0.00",",,N","0.0",",,N",,
"US1LATG0021","30.43227","-90.53245","3.7","2021-11-21",,,"0.00",",,N","0.0",",,N",,
"US1LATG0021","30.43227","-90.53245","3.7","2021-11-22",,,"0.36",",,N",,,,
"US1LATG0021","30.43227","-90.53245","3.7","2021-11-23",,,"0.00",",,N","0.0",",,N",,
"US1LATG0021","30.43227","-90.53245","3.7","2021-11-24",,,"0.00",",,N","0.0",",,N",,
"US1LATG0021","30.43227","-90.53245","3.7","2021-11-25",,,"0.00",",,N","0.0",",,N",,
"US1LATG0021","30.43227","-90.53245","3.7","2021-11-26",,,"0.02",",,N",,,,
"US1LATG0021","30.43227","-90.53245","3.7","2021-11-27",,,"0.00",",,N","0.0",",,N",,
"US1LATG0021","30.43227","-90.53245","3.7","2021-11-28",,,"0.05",",,N",,,,
"US1LAST0017","30.275048","-89.704087","3.7","2021-08-01",,,"1.05",",,N",,,,
"US1LAST0017","30.275048","-89.704087","3.7","2021-08-02",,,"0.00",",,N","0.0",",,N",,
"US1LAST0017","30.275048","-89.704087","3.7","2021-08-03",,,"1.60",",,N",,,,
"US1LAST0017","30.275048","-89.704087","3.7","2021-08-04",,,"0.10",",,N",,,,
"US1LAST0017","30.275048","-89.704087","3.7","2021-08-05",,,"0.00",",,N","0.0",",,N",,
"US1LAST0017","30.275048","-89.704087","3.7","2021-08-06",,,"0.00",",,N","0.0",",,N",,
"US1LAST0017","30.275048","-89.704087","3.7","2021-08-07",,,"0.00",",,N","0.0",",,N",,
"US1LAST0017","30.275048","-89.704087","3.7","2021-08-08",,,"0.00",",,N","0.0",",,N",,
"US1LAST0017","30.275048","-89.704087","3.7","2021-08-09",,,"0.00","T,,N",,,,
"US1LAST0017","30.275048","-89.704087","3.7","2021-08-10",,,"0.00",",,N","0.0",",,N",,
"US1LAST0017","30.275048","-89.704087","3.7","2021-08-11",,,"0.04",",,N",,,,
"US1LAST0017","30.275048","-89.704087","3.7","2021-08-12",,,"0.19",",,N",,,,
"US1LAST0017","30.275048","-89.704087","3.7","2021-08-13",,,"0.00",",,N","0.0",",,N",,
"US1LAST0017","30.275048","-89.704087","3.7","2021-08-14",,,"0.08",",,N",,,,
"US1LAST0017","30.275048","-89.704087","3.7","2021-08-15",,,"0.00",",,N","0.0",",,N",,
"US1LAST0017","30.275048","-89.704087","3.7","2021-08-16",,,"1.07",",,N",,,,
"US1LAST0017","30.275048","-89.704087","3.7","2021-08-17",,,"0.00",",,N","0.0",",,N",,
"US1LAST0017","30.275048","-89.704087","3.7","2021-08-18",,,"0.00",",,N","0.0",",,N",,
"US1LAST0017","30.275048","-89.704087","3.7","2021-08-19",,,"0.01",",,N","0.0",",,N",,
"US1LAST0017","30.275048","-89.704087","3.7","2021-08-20",,,"0.00",",,N","0.0",",,N",,
"US1LAST0017","30.275048","-89.704087","3.7","2021-08-21",,,"0.00",",,N","0.0",",,N",,
"US1LAST0017","30.275048","-89.704087","3.7","2021-08-22",,,"0.00",",,N","0.0",",,N",,
"US1LAST0017","30.275048","-89.704087","3.7","2021-08-23",,,"0.00",",,N","0.0",",,N",,
"US1LAST0017","30.275048","-89.704087","3.7","2021-08-24",,,"0.10",",,N",,,,
"US1LAST0017","30.275048","-89.704087","3.7","2021-08-25",,,"0.00",",,N","0.0",",,N",,
"US1LAST0017","30.275048","-89.704087","3.7","2021-08-26",,,"0.26",",,N",,,,
"US1LAST0017","30.275048","-89.704087","3.7","2021-08-27",,,"0.61",",,N",,,,
"US1LAST0017","30.275048","-89.704087","3.7","2021-08-28",,,"1.52",",,N",,,,
"US1LAST0017","30.275048","-89.704087","3.7","2021-08-29",,,"1.51",",,N",,,,
"US1LAST0017","30.275048","-89.704087","3.7","2021-08-30",,,"9.22",",,N",,,,
"US1LAST0017","30.275048","-89.704087","3.7","2021-08-31",,,"0.80",",,N",,,,
"US1LAST0017","30.275048","-89.704087","3.7","2021-09-01",,,"0.00",",,N","0.0",",,N",,
"US1LAST0017","30.275048","-89.704087","3.7","2021-09-02",,,"0.02",",,N",,,,
"US1LAST0017","30.275048","-89.704087","3.7","2021-09-03",,,"0.00","T,,N",,,,
"US1LAST0017","30.275048","-89.704087","3.7","2021-09-04",,,"0.00",",,N","0.0",",,N",,
"US1LAST0017","30.275048","-89.704087","3.7","2021-09-05",,,"0.00",",,N","0.0",",,N",,
"US1LAST0017","30.275048","-89.704087","3.7","2021-09-06",,,"0.00",",,N","0.0",",,N",,
"US1LAST0017","30.275048","-89.704087","3.7","2021-09-07",,,"0.57",",,N",,,,
"US1LAST0017","30.275048","-89.704087","3.7","2021-09-08",,,"0.02",",,N",,,,
"US1LAST0017","30.275048","-89.704087","3.7","2021-09-09",,,"0.92",",,N",,,,
"US1LAST0017","30.275048","-89.704087","3.7","2021-09-10",,,"0.00",",,N","0.0",",,N",,
"US1LAST0017","30.275048","-89.704087","3.7","2021-09-11",,,"0.00",",,N","0.0",",,N",,
"US1LAST0017","30.275048","-89.704087","3.7","2021-09-12",,,"0.00",",,N","0.0",",,N",,
"US1LAST0017","30.275048","-89.704087","3.7","2021-09-13",,,"0.13",",,N",,,,
"US1LAST0017","30.275048","-89.704087","3.7","2021-09-14",,,"0.78",",,N",,,,
"US1LAST0017","30.275048","-89.704087","3.7","2021-09-15",,,"2.92",",,N",,,,
"US1LAST0017","30.275048","-89.704087","3.7","2021-09-16",,,"0.27",",,N",,,,
"US1LAST0017","30.275048","-89.704087","3.7","2021-09-17",,,"0.02",",,N",,,,
"US1LAST0017","30.275048","-89.704087","3.7","2021-09-18",,,"0.95",",,N",,,,
"US1LAST0017","30.275048","-89.704087","3.7","2021-09-19",,,"0.02",",,N",,,,
"US1LAST0017","30.275048","-89.704087","3.7","2021-09-20",,,"0.01",",,N",,,,
"US1LAST0017","30.275048","-89.704087","3.7","2021-09-21",,,"0.00",",,N","0.0",",,N",,
"US1LAST0017","30.275048","-89.704087","3.7","2021-09-23",,,"0.00",",,N","0.0",",,N",,
"US1LAST0017","30.275048","-89.704087","3.7","2021-09-24",,,"0.00",",,N","0.0",",,N",,
"US1LAST0017","30.275048","-89.704087","3.7","2021-09-25",,,"0.00",",,N","0.0",",,N",,
"US1LAST0017","30.275048","-89.704087","3.7","2021-09-26",,,"0.00",",,N","0.0",",,N",,
"US1LAST0017","30.275048","-89.704087","3.7","2021-09-27",,,"0.00",",,N","0.0",",,N",,
"US1LAST0017","30.275048","-89.704087","3.7","2021-09-28",,,"0.00",",,N","0.0",",,N",,
"US1LAST0017","30.275048","-89.704087","3.7","2021-09-29",,,"1.29",",,N",,,,
"US1LAST0017","30.275048","-89.704087","3.7","2021-09-30",,,"0.00",",,N","0.0",",,N",,
"US1LAST0017","30.275048","-89.704087","3.7","2021-10-01",,,"0.00",",,N","0.0",",,N",,
"US1LAST0017","30.275048","-89.704087","3.7","2021-10-02",,,"0.00",",,N","0.0",",,N",,
"US1LAST0017","30.275048","-89.704087","3.7","2021-10-03",,,"0.50",",,N",,,,
"US1LAST0017","30.275048","-89.704087","3.7","2021-10-04",,,"0.00",",,N","0.0",",,N",,
"US1LAST0017","30.275048","-89.704087","3.7","2021-10-05",,,"1.40",",,N",,,,
"US1LAST0017","30.275048","-89.704087","3.7","2021-10-06",,,"0.00",",,N","0.0",",,N",,
"US1LAST0017","30.275048","-89.704087","3.7","2021-10-07",,,"0.02",",,N",,,,
"US1LAST0017","30.275048","-89.704087","3.7","2021-10-08",,,"0.00",",,N","0.0",",,N",,
"US1LAST0017","30.275048","-89.704087","3.7","2021-10-09",,,"0.00",",,N","0.0",",,N",,
"US1LAST0017","30.275048","-89.704087","3.7","2021-10-10",,,"0.00",",,N","0.0",",,N",,
"US1LAST0017","30.275048","-89.704087","3.7","2021-10-11",,,"0.00",",,N","0.0",",,N",,
"US1LAST0017","30.275048","-89.704087","3.7","2021-10-12",,,"0.00",",,N","0.0",",,N",,
"US1LAST0017","30.275048","-89.704087","3.7","2021-10-13",,,"0.00",",,N","0.0",",,N",,
"US1LAST0017","30.275048","-89.704087","3.7","2021-10-14",,,"0.00",",,N","0.0",",,N",,
"US1LAST0017","30.275048","-89.704087","3.7","2021-10-15",,,"0.00",",,N","0.0",",,N",,
"US1LAST0017","30.275048","-89.704087","3.7","2021-10-16",,,"0.00",",,N","0.0",",,N",,
"US1LAST0017","30.275048","-89.704087","3.7","2021-10-17",,,"0.00",",,N","0.0",",,N",,
"US1LAST0017","30.275048","-89.704087","3.7","2021-10-18",,,"0.00",",,N","0.0",",,N",,
"US1LAST0017","30.275048","-89.704087","3.7","2021-10-19",,,"0.00",",,N","0.0",",,N",,
"US1LAST0017","30.275048","-89.704087","3.7","2021-10-20",,,"0.00",",,N","0.0",",,N",,
"US1LAST0017","30.275048","-89.704087","3.7","2021-10-21",,,"0.01",",,N",,,,
"US1LAST0017","30.275048","-89.704087","3.7","2021-10-22",,,"0.03",",,N",,,,
"US1LAST0017","30.275048","-89.704087","3.7","2021-10-23",,,"0.00",",,N","0.0",",,N",,
"US1LAST0017","30.275048","-89.704087","3.7","2021-10-24",,,"0.00",",,N","0.0",",,N",,
"US1LAST0017","30.275048","-89.704087","3.7","2021-10-25",,,"0.00",",,N","0.0",",,N",,
"US1LAST0017","30.275048","-89.704087","3.7","2021-10-26",,,"0.00",",,N","0.0",",,N",,
"US1LAST0017","30.275048","-89.704087","3.7","2021-10-27",,,"0.00",",,N","0.0",",,N",,
"US1LAST0017","30.275048","-89.704087","3.7","2021-10-28",,,"2.09",",,N",,,,
"US1LAST0017","30.275048","-89.704087","3.7","2021-10-29",,,"0.00",",,N","0.0",",,N",,
"US1LAST0017","30.275048","-89.704087","3.7","2021-10-30",,,"0.00",",,N","0.0",",,N",,
"US1LAST0017","30.275048","-89.704087","3.7","2021-10-31",,,"0.00",",,N","0.0",",,N",,
"US1LAST0017","30.275048","-89.704087","3.7","2021-11-01",,,"0.00",",,N","0.0",",,N",,
"US1LAST0017","30.275048","-89.704087","3.7","2021-11-02",,,"0.00",",,N","0.0",",,N",,
"US1LAST0017","30.275048","-89.704087","3.7","2021-11-03",,,"0.00",",,N","0.0",",,N",,
"US1LAST0017","30.275048","-89.704087","3.7","2021-11-04",,,"0.00",",,N","0.0",",,N",,
"US1LAST0017","30.275048","-89.704087","3.7","2021-11-05",,,"0.00",",,N","0.0",",,N",,
"US1LAST0017","30.275048","-89.704087","3.7","2021-11-06",,,"0.00",",,N","0.0",",,N",,
"US1LAST0017","30.275048","-89.704087","3.7","2021-11-07",,,"0.00",",,N","0.0",",,N",,
"US1LAST0017","30.275048","-89.704087","3.7","2021-11-08",,,"0.00",",,N","0.0",",,N",,
"US1LAST0017","30.275048","-89.704087","3.7","2021-11-09",,,"0.00",",,N","0.0",",,N",,
"US1LAST0017","30.275048","-89.704087","3.7","2021-11-10",,,"0.00",",,N","0.0",",,N",,
"US1LAST0017","30.275048","-89.704087","3.7","2021-11-11",,,"0.00",",,N","0.0",",,N",,
"US1LAST0017","30.275048","-89.704087","3.7","2021-11-12",,,"0.00",",,N","0.0",",,N",,
"US1LAST0017","30.275048","-89.704087","3.7","2021-11-13",,,"0.00",",,N","0.0",",,N",,
"US1LAST0017","30.275048","-89.704087","3.7","2021-11-14",,,"0.00",",,N","0.0",",,N",,
"US1LAST0017","30.275048","-89.704087","3.7","2021-11-15",,,"0.00",",,N","0.0",",,N",,
"US1LAST0017","30.275048","-89.704087","3.7","2021-11-16",,,"0.00",",,N","0.0",",,N",,
"US1LAST0017","30.275048","-89.704087","3.7","2021-11-17",,,"0.00",",,N","0.0",",,N",,
"US1LAST0017","30.275048","-89.704087","3.7","2021-11-18",,,"0.00",",,N","0.0",",,N",,
"US1LAST0017","30.275048","-89.704087","3.7","2021-11-19",,,"0.03",",,N",,,,
"US1LAST0017","30.275048","-89.704087","3.7","2021-11-20",,,"0.00",",,N","0.0",",,N",,
"US1LAST0017","30.275048","-89.704087","3.7","2021-11-21",,,"0.00",",,N","0.0",",,N",,
"US1LAST0017","30.275048","-89.704087","3.7","2021-11-22",,,"0.17",",,N",,,,
"US1LAST0017","30.275048","-89.704087","3.7","2021-11-23",,,"0.00",",,N","0.0",",,N",,
"US1LAST0017","30.275048","-89.704087","3.7","2021-11-24",,,"0.00",",,N","0.0",",,N",,
"US1LAST0017","30.275048","-89.704087","3.7","2021-11-25",,,"0.00",",,N","0.0",",,N",,
"US1LAST0017","30.275048","-89.704087","3.7","2021-11-26",,,"0.01",",,N",,,,
"US1LAST0017","30.275048","-89.704087","3.7","2021-11-27",,,"0.00",",,N","0.0",",,N",,
"US1LAST0017","30.275048","-89.704087","3.7","2021-11-28",,,"0.03",",,N",,,,
"US1LAST0015","30.433611","-90.193889","4.6","2021-08-29",,,"0.64",",,N",,,,
"US1LAST0015","30.433611","-90.193889","4.6","2021-08-30",,,"9.45",",,N",,,,
"US1MEFR0025","44.6768027","-69.9879736","120.7","2021-08-01",,,"0.00",",,N","0.0",",,N",,
"US1MEFR0025","44.6768027","-69.9879736","120.7","2021-08-02",,,"0.19",",,N",,,,
"US1MEFR0025","44.6768027","-69.9879736","120.7","2021-08-03",,,"0.00",",,N","0.0",",,N",,
"US1MEFR0025","44.6768027","-69.9879736","120.7","2021-08-04",,,"0.00",",,N","0.0",",,N",,
"US1MEFR0025","44.6768027","-69.9879736","120.7","2021-08-08",,,"0.00",",,N","0.0",",,N",,
"US1MEFR0025","44.6768027","-69.9879736","120.7","2021-08-10",,,"0.00",",,N","0.0",",,N",,
"US1MEFR0025","44.6768027","-69.9879736","120.7","2021-08-11",,,"0.00",",,N","0.0",",,N",,
"US1MEFR0025","44.6768027","-69.9879736","120.7","2021-08-12",,,"0.12",",,N",,,,
"US1MEFR0025","44.6768027","-69.9879736","120.7","2021-08-14",,,"0.00",",,N","0.0",",,N",,
"US1MEFR0025","44.6768027","-69.9879736","120.7","2021-08-15",,,"0.77",",,N",,,,
"US1MEFR0025","44.6768027","-69.9879736","120.7","2021-08-16",,,"0.00",",,N","0.0",",,N",,
"US1MEFR0025","44.6768027","-69.9879736","120.7","2021-08-19",,,"0.14",",,N",,,,
"US1MEFR0025","44.6768027","-69.9879736","120.7","2021-08-20",,,"0.38",",,N",,,,
"US1MEFR0025","44.6768027","-69.9879736","120.7","2021-08-21",,,"0.00",",,N","0.0",",,N",,
"US1MEFR0025","44.6768027","-69.9879736","120.7","2021-08-22",,,"0.00",",,N","0.0",",,N",,
"US1MEFR0025","44.6768027","-69.9879736","120.7","2021-08-23",,,"0.41",",,N",,,,
"US1MEFR0025","44.6768027","-69.9879736","120.7","2021-08-24",,,"0.09",",,N",,,,
"US1MEFR0025","44.6768027","-69.9879736","120.7","2021-08-25",,,"0.00",",,N","0.0",",,N",,
"US1MEFR0025","44.6768027","-69.9879736","120.7","2021-08-26",,,"0.00",",,N","0.0",",,N",,
"US1MEFR0025","44.6768027","-69.9879736","120.7","2021-08-27",,,"0.00",",,N","0.0",",,N",,
"US1MEFR0025","44.6768027","-69.9879736","120.7","2021-08-29",,,"0.00",",,N","0.0",",,N",,
"US1MEFR0025","44.6768027","-69.9879736","120.7","2021-08-30",,,"0.20",",,N",,,,
"US1MEFR0025","44.6768027","-69.9879736","120.7","2021-08-31",,,"0.65",",,N",,,,
"US1MEFR0025","44.6768027","-69.9879736","120.7","2021-09-01",,,"0.00",",,N","0.0",",,N",,
"US1MEFR0025","44.6768027","-69.9879736","120.7","2021-09-02",,,"0.73",",,N",,,,
"US1MEFR0025","44.6768027","-69.9879736","120.7","2021-09-05",,,"0.00","T,,N",,,,
"US1MEFR0025","44.6768027","-69.9879736","120.7","2021-09-07",,,"0.84",",,N",,,,
"US1MEFR0025","44.6768027","-69.9879736","120.7","2021-09-08",,,"0.00",",,N","0.0",",,N",,
"US1MEFR0025","44.6768027","-69.9879736","120.7","2021-09-09",,,"0.23",",,N",,,,
"US1MEFR0025","44.6768027","-69.9879736","120.7","2021-09-10",,,"1.43",",,N",,,,
"US1MEFR0025","44.6768027","-69.9879736","120.7","2021-09-15",,,"0.00",",,N","0.0",",,N",,
"US1MEFR0025","44.6768027","-69.9879736","120.7","2021-09-16",,,"0.85",",,N",,,,
"US1MEFR0025","44.6768027","-69.9879736","120.7","2021-09-17",,,"0.00",",,N","0.0",",,N",,
"US1MEFR0025","44.6768027","-69.9879736","120.7","2021-09-25",,,"0.55",",,N",,,,
"US1MEFR0025","44.6768027","-69.9879736","120.7","2021-09-26",,,"0.60",",,N",,,,
"US1MEFR0025","44.6768027","-69.9879736","120.7","2021-09-27",,,"0.10",",,N",,,,
"US1MEFR0025","44.6768027","-69.9879736","120.7","2021-09-30",,,"0.00","T,,N",,,,
"US1MEFR0025","44.6768027","-69.9879736","120.7","2021-10-16",,,"0.44",",,N",,,,
"US1MEFR0025","44.6768027","-69.9879736","120.7","2021-10-17",,,"0.64",",,N",,,,
"US1MEFR0025","44.6768027","-69.9879736","120.7","2021-10-26",,,"0.29",",,N",,,,
"US1MEFR0025","44.6768027","-69.9879736","120.7","2021-10-27",,,"0.26",",,N",,,,
"US1MEFR0025","44.6768027","-69.9879736","120.7","2021-10-31",,,"1.75",",,N",,,,
"US1MEFR0025","44.6768027","-69.9879736","120.7","2021-11-01",,,"0.48",",,N",,,,
"US1MEFR0025","44.6768027","-69.9879736","120.7","2021-11-12",,,"0.00",",,N","0.0",",,N",,
"US1MEFR0025","44.6768027","-69.9879736","120.7","2021-11-13",,,"1.40",",,N",,,,
"US1LAST0011","30.5318681895733","-90.0862209498882","16.2","2021-08-01",,,"0.00",",,N","0.0",",,N",,
"US1LAST0011","30.5318681895733","-90.0862209498882","16.2","2021-08-02",,,"0.97",",,N",,,,
"US1LAST0011","30.5318681895733","-90.0862209498882","16.2","2021-08-03",,,"0.73",",,N",,,,
"US1LAST0011","30.5318681895733","-90.0862209498882","16.2","2021-08-04",,,"0.35",",,N",,,,
"US1LAST0011","30.5318681895733","-90.0862209498882","16.2","2021-08-05",,,"0.00",",,N","0.0",",,N",,
"US1LAST0011","30.5318681895733","-90.0862209498882","16.2","2021-08-06",,,"0.00",",,N","0.0",",,N",,
"US1LAST0011","30.5318681895733","-90.0862209498882","16.2","2021-08-07",,,"0.00",",,N","0.0",",,N",,
"US1LAST0011","30.5318681895733","-90.0862209498882","16.2","2021-08-08",,,"0.00",",,N","0.0",",,N",,
"US1LAST0011","30.5318681895733","-90.0862209498882","16.2","2021-08-09",,,"0.00",",,N","0.0",",,N",,
"US1LAST0011","30.5318681895733","-90.0862209498882","16.2","2021-08-10",,,"0.00",",,N","0.0",",,N",,
"US1LAST0011","30.5318681895733","-90.0862209498882","16.2","2021-08-11",,,"0.05",",,N",,,,
"US1LAST0011","30.5318681895733","-90.0862209498882","16.2","2021-08-12",,,"0.00",",,N","0.0",",,N",,
"US1LAST0011","30.5318681895733","-90.0862209498882","16.2","2021-08-13",,,"0.71",",,N",,,,
"US1LAST0011","30.5318681895733","-90.0862209498882","16.2","2021-08-14",,,"0.00",",,N","0.0",",,N",,
"US1LAST0011","30.5318681895733","-90.0862209498882","16.2","2021-08-15",,,"0.00",",,N","0.0",",,N",,
"US1LAST0011","30.5318681895733","-90.0862209498882","16.2","2021-08-16",,,"2.61",",,N",,,,
"US1LAST0011","30.5318681895733","-90.0862209498882","16.2","2021-08-17",,,"0.00",",,N","0.0",",,N",,
"US1LAST0011","30.5318681895733","-90.0862209498882","16.2","2021-08-18",,,"0.00",",,N","0.0",",,N",,
"US1LAST0011","30.5318681895733","-90.0862209498882","16.2","2021-08-19",,,"0.42",",,N",,,,
"US1LAST0011","30.5318681895733","-90.0862209498882","16.2","2021-08-20",,,"0.01",",,N",,,,
"US1LAST0011","30.5318681895733","-90.0862209498882","16.2","2021-08-21",,,"0.00",",,N","0.0",",,N",,
"US1LAST0011","30.5318681895733","-90.0862209498882","16.2","2021-08-22",,,"0.00",",,N","0.0",",,N",,
"US1LAST0011","30.5318681895733","-90.0862209498882","16.2","2021-08-23",,,"0.00",",,N","0.0",",,N",,
"US1LAST0011","30.5318681895733","-90.0862209498882","16.2","2021-08-24",,,"0.54",",,N",,,,
"US1LAST0011","30.5318681895733","-90.0862209498882","16.2","2021-08-25",,,"0.00",",,N","0.0",",,N",,
"US1LAST0011","30.5318681895733","-90.0862209498882","16.2","2021-08-26",,,"0.00",",,N","0.0",",,N",,
"US1LAST0011","30.5318681895733","-90.0862209498882","16.2","2021-08-27",,,"0.11",",,N",,,,
"US1LAST0011","30.5318681895733","-90.0862209498882","16.2","2021-08-28",,,"0.37",",,N",,,,
"US1LAST0011","30.5318681895733","-90.0862209498882","16.2","2021-08-29",,,"0.03",",,N",,,,
"US1LAST0011","30.5318681895733","-90.0862209498882","16.2","2021-08-30",,,"7.73",",,N",,,,
"US1LAST0011","30.5318681895733","-90.0862209498882","16.2","2021-08-31",,,"0.12",",,N",,,,
"US1LAST0011","30.5318681895733","-90.0862209498882","16.2","2021-09-01",,,"0.00",",,N","0.0",",,N",,
"US1LAST0011","30.5318681895733","-90.0862209498882","16.2","2021-09-02",,,"0.00",",,N","0.0",",,N",,
"US1LAST0011","30.5318681895733","-90.0862209498882","16.2","2021-09-03",,,"0.25",",,N",,,,
"US1LAST0011","30.5318681895733","-90.0862209498882","16.2","2021-09-04",,,"0.00",",,N","0.0",",,N",,
"US1LAST0011","30.5318681895733","-90.0862209498882","16.2","2021-09-05",,,"0.00",",,N","0.0",",,N",,
"US1LAST0011","30.5318681895733","-90.0862209498882","16.2","2021-09-06",,,"0.05",",,N","0.0",",,N",,
"US1LAST0011","30.5318681895733","-90.0862209498882","16.2","2021-09-07",,,"0.00",",,N","0.0",",,N",,
"US1LAST0011","30.5318681895733","-90.0862209498882","16.2","2021-09-08",,,"0.38",",,N",,,,
"US1LAST0011","30.5318681895733","-90.0862209498882","16.2","2021-09-09",,,"0.74",",,N",,,,
"US1LAST0011","30.5318681895733","-90.0862209498882","16.2","2021-09-10",,,"0.00",",,N","0.0",",,N",,
"US1LAST0011","30.5318681895733","-90.0862209498882","16.2","2021-09-11",,,"0.00",",,N","0.0",",,N",,
"US1LAST0011","30.5318681895733","-90.0862209498882","16.2","2021-09-12",,,"0.00",",,N","0.0",",,N",,
"US1LAST0011","30.5318681895733","-90.0862209498882","16.2","2021-09-13",,,"0.04",",,N",,,,
"US1LAST0011","30.5318681895733","-90.0862209498882","16.2","2021-09-14",,,"0.22",",,N",,,,
"US1LAST0011","30.5318681895733","-90.0862209498882","16.2","2021-09-15",,,"3.72",",,N",,,,
"US1LAST0011","30.5318681895733","-90.0862209498882","16.2","2021-09-16",,,"0.41",",,N",,,,
"US1LAST0011","30.5318681895733","-90.0862209498882","16.2","2021-09-17",,,"0.04",",,N",,,,
"US1LAST0011","30.5318681895733","-90.0862209498882","16.2","2021-09-18",,,"0.00",",,N","0.0",",,N",,
"US1LAST0011","30.5318681895733","-90.0862209498882","16.2","2021-09-19",,,"0.00",",,N","0.0",",,N",,
"US1LAST0011","30.5318681895733","-90.0862209498882","16.2","2021-09-20",,,"0.00",",,N","0.0",",,N",,
"US1LAST0011","30.5318681895733","-90.0862209498882","16.2","2021-09-21",,,"0.37",",,N",,,,
"US1LAST0011","30.5318681895733","-90.0862209498882","16.2","2021-09-22",,,"0.03",",,N",,,,
"US1LAST0011","30.5318681895733","-90.0862209498882","16.2","2021-09-23",,,"0.00",",,N","0.0",",,N",,
"US1LAST0011","30.5318681895733","-90.0862209498882","16.2","2021-09-24",,,"0.00",",,N","0.0",",,N",,
"US1LAST0011","30.5318681895733","-90.0862209498882","16.2","2021-09-25",,,"0.00",",,N","0.0",",,N",,
"US1LAST0011","30.5318681895733","-90.0862209498882","16.2","2021-09-26",,,"0.00",",,N","0.0",",,N",,
"US1LAST0011","30.5318681895733","-90.0862209498882","16.2","2021-09-27",,,"0.00",",,N","0.0",",,N",,
"US1LAST0011","30.5318681895733","-90.0862209498882","16.2","2021-09-28",,,"0.00",",,N","0.0",",,N",,
"US1LAST0011","30.5318681895733","-90.0862209498882","16.2","2021-09-29",,,"0.44",",,N",,,,
"US1LAST0011","30.5318681895733","-90.0862209498882","16.2","2021-09-30",,,"0.17",",,N",,,,
"US1LAST0011","30.5318681895733","-90.0862209498882","16.2","2021-10-01",,,"0.02",",,N",,,,
"US1LAST0011","30.5318681895733","-90.0862209498882","16.2","2021-10-02",,,"0.00",",,N","0.0",",,N",,
"US1LAST0011","30.5318681895733","-90.0862209498882","16.2","2021-10-03",,,"0.09",",,N",,,,
"US1LAST0011","30.5318681895733","-90.0862209498882","16.2","2021-10-04",,,"0.03",",,N",,,,
"US1LAST0011","30.5318681895733","-90.0862209498882","16.2","2021-10-05",,,"0.00",",,N","0.0",",,N",,
"US1LAST0011","30.5318681895733","-90.0862209498882","16.2","2021-10-06",,,"0.00",",,N","0.0",",,N",,
"US1LAST0011","30.5318681895733","-90.0862209498882","16.2","2021-10-07",,,"0.12",",,N",,,,
"US1LAST0011","30.5318681895733","-90.0862209498882","16.2","2021-10-08",,,"0.00",",,N","0.0",",,N",,
"US1LAST0011","30.5318681895733","-90.0862209498882","16.2","2021-10-09",,,"0.00",",,N","0.0",",,N",,
"US1LAST0011","30.5318681895733","-90.0862209498882","16.2","2021-10-10",,,"0.00",",,N","0.0",",,N",,
"US1LAST0011","30.5318681895733","-90.0862209498882","16.2","2021-10-11",,,"0.00",",,N","0.0",",,N",,
"US1LAST0011","30.5318681895733","-90.0862209498882","16.2","2021-10-12",,,"0.00",",,N","0.0",",,N",,
"US1LAST0011","30.5318681895733","-90.0862209498882","16.2","2021-10-13",,,"0.00",",,N","0.0",",,N",,
"US1LAST0011","30.5318681895733","-90.0862209498882","16.2","2021-10-14",,,"0.00",",,N","0.0",",,N",,
"US1LAST0011","30.5318681895733","-90.0862209498882","16.2","2021-10-15",,,"0.00",",,N","0.0",",,N",,
"US1LAST0011","30.5318681895733","-90.0862209498882","16.2","2021-10-16",,,"0.00",",,N","0.0",",,N",,
"US1LAST0011","30.5318681895733","-90.0862209498882","16.2","2021-10-17",,,"0.00",",,N","0.0",",,N",,
"US1LAST0011","30.5318681895733","-90.0862209498882","16.2","2021-10-18",,,"0.00",",,N","0.0",",,N",,
"US1LAST0011","30.5318681895733","-90.0862209498882","16.2","2021-10-19",,,"0.00",",,N","0.0",",,N",,
"US1LAST0011","30.5318681895733","-90.0862209498882","16.2","2021-10-20",,,"0.00",",,N","0.0",",,N",,
"US1LAST0011","30.5318681895733","-90.0862209498882","16.2","2021-10-21",,,"0.07",",,N",,,,
"US1LAST0011","30.5318681895733","-90.0862209498882","16.2","2021-10-22",,,"0.00",",,N","0.0",",,N",,
"US1LAST0011","30.5318681895733","-90.0862209498882","16.2","2021-10-23",,,"0.00",",,N","0.0",",,N",,
"US1LAST0011","30.5318681895733","-90.0862209498882","16.2","2021-10-24",,,"0.00",",,N","0.0",",,N",,
"US1LAST0011","30.5318681895733","-90.0862209498882","16.2","2021-10-25",,,"0.00",",,N","0.0",",,N",,
"US1LAST0011","30.5318681895733","-90.0862209498882","16.2","2021-10-26",,,"0.00",",,N","0.0",",,N",,
"US1LAST0011","30.5318681895733","-90.0862209498882","16.2","2021-10-27",,,"0.00",",,N","0.0",",,N",,
"US1LAST0011","30.5318681895733","-90.0862209498882","16.2","2021-10-28",,,"2.57",",,N",,,,
"US1LAST0011","30.5318681895733","-90.0862209498882","16.2","2021-10-29",,,"0.00",",,N","0.0",",,N",,
"US1LAST0011","30.5318681895733","-90.0862209498882","16.2","2021-10-30",,,"0.00",",,N","0.0",",,N",,
"US1LAST0011","30.5318681895733","-90.0862209498882","16.2","2021-10-31",,,"0.00",",,N","0.0",",,N",,
"US1LAST0011","30.5318681895733","-90.0862209498882","16.2","2021-11-01",,,"0.00",",,N","0.0",",,N",,
"US1LAST0011","30.5318681895733","-90.0862209498882","16.2","2021-11-02",,,"0.00",",,N","0.0",",,N",,
"US1LAST0011","30.5318681895733","-90.0862209498882","16.2","2021-11-03",,,"0.00",",,N","0.0",",,N",,
"US1LAST0011","30.5318681895733","-90.0862209498882","16.2","2021-11-04",,,"0.00",",,N","0.0",",,N",,
"US1LAST0011","30.5318681895733","-90.0862209498882","16.2","2021-11-05",,,"0.00",",,N","0.0",",,N",,
"US1LAST0011","30.5318681895733","-90.0862209498882","16.2","2021-11-06",,,"0.00",",,N","0.0",",,N",,
"US1LAST0011","30.5318681895733","-90.0862209498882","16.2","2021-11-07",,,"0.00",",,N","0.0",",,N",,
"US1LAST0011","30.5318681895733","-90.0862209498882","16.2","2021-11-08",,,"0.00",",,N","0.0",",,N",,
"US1LAST0011","30.5318681895733","-90.0862209498882","16.2","2021-11-09",,,"0.00",",,N","0.0",",,N",,
"US1LAST0011","30.5318681895733","-90.0862209498882","16.2","2021-11-10",,,"0.00",",,N","0.0",",,N",,
"US1LAST0011","30.5318681895733","-90.0862209498882","16.2","2021-11-11",,,"0.00",",,N","0.0",",,N",,
"US1LAST0011","30.5318681895733","-90.0862209498882","16.2","2021-11-12",,,"0.00",",,N","0.0",",,N",,
"US1LAST0011","30.5318681895733","-90.0862209498882","16.2","2021-11-13",,,"0.00",",,N","0.0",",,N",,
"US1LAST0011","30.5318681895733","-90.0862209498882","16.2","2021-11-14",,,"0.00",",,N","0.0",",,N",,
"US1LAST0011","30.5318681895733","-90.0862209498882","16.2","2021-11-15",,,"0.00",",,N","0.0",",,N",,
"US1LAST0011","30.5318681895733","-90.0862209498882","16.2","2021-11-16",,,"0.00",",,N","0.0",",,N",,
"US1LAST0011","30.5318681895733","-90.0862209498882","16.2","2021-11-17",,,"0.00",",,N","0.0",",,N",,
"US1LAST0011","30.5318681895733","-90.0862209498882","16.2","2021-11-18",,,"0.00",",,N","0.0",",,N",,
"US1LAST0011","30.5318681895733","-90.0862209498882","16.2","2021-11-19",,,"0.09",",,N",,,,
"US1LAST0011","30.5318681895733","-90.0862209498882","16.2","2021-11-20",,,"0.00",",,N","0.0",",,N",,
"US1LAST0011","30.5318681895733","-90.0862209498882","16.2","2021-11-21",,,"0.00",",,N","0.0",",,N",,
"US1LAST0011","30.5318681895733","-90.0862209498882","16.2","2021-11-22",,,"0.29",",,N",,,,
"US1LAST0011","30.5318681895733","-90.0862209498882","16.2","2021-11-23",,,"0.01",",,N","0.0",",,N",,
"US1LAST0011","30.5318681895733","-90.0862209498882","16.2","2021-11-24",,,"0.00",",,N","0.0",",,N",,
"US1LAST0011","30.5318681895733","-90.0862209498882","16.2","2021-11-25",,,"0.00",",,N","0.0",",,N",,
"US1LAST0011","30.5318681895733","-90.0862209498882","16.2","2021-11-26",,,"0.01",",,N",,,,
"US1LAST0011","30.5318681895733","-90.0862209498882","16.2","2021-11-27",,,"0.00",",,N","0.0",",,N",,
"US1LAST0011","30.5318681895733","-90.0862209498882","16.2","2021-11-28",,,"0.06",",,N",,,,
"US1MECM0086","43.8537","-70.1721","57.0","2021-08-01",,,"0.00",",,N","0.0",",,N",,
"US1MECM0086","43.8537","-70.1721","57.0","2021-08-02",,,"0.02",",,N",,,,
"US1MECM0086","43.8537","-70.1721","57.0","2021-08-03",,,"0.00",",,N","0.0",",,N",,
"US1MECM0086","43.8537","-70.1721","57.0","2021-08-04",,,"0.00",",,N","0.0",",,N",,
"US1MECM0086","43.8537","-70.1721","57.0","2021-08-05",,,"0.19",",,N",,,,
"US1MECM0086","43.8537","-70.1721","57.0","2021-08-06",,,"0.33",",,N",,,,
"US1MECM0086","43.8537","-70.1721","57.0","2021-08-07",,,"0.00",",,N","0.0",",,N",,
"US1MECM0086","43.8537","-70.1721","57.0","2021-08-08",,,"0.00",",,N","0.0",",,N",,
"US1MECM0086","43.8537","-70.1721","57.0","2021-08-09",,,"0.00",",,N","0.0",",,N",,
"US1MECM0086","43.8537","-70.1721","57.0","2021-08-10",,,"0.01",",,N",,,,
"US1MECM0086","43.8537","-70.1721","57.0","2021-08-11",,,"0.00",",,N","0.0",",,N",,
"US1MECM0086","43.8537","-70.1721","57.0","2021-08-12",,,"0.00",",,N","0.0",",,N",,
"US1MECM0086","43.8537","-70.1721","57.0","2021-08-13",,,"0.00",",,N","0.0",",,N",,
"US1MECM0086","43.8537","-70.1721","57.0","2021-08-21",,,,,,,,
"US1MECM0086","43.8537","-70.1721","57.0","2021-08-22",,,"0.00",",,N","0.0",",,N",,
"US1MECM0086","43.8537","-70.1721","57.0","2021-08-23",,,"0.16",",,N",,,,
"US1MECM0086","43.8537","-70.1721","57.0","2021-08-24",,,"0.16",",,N",,,,
"US1MECM0086","43.8537","-70.1721","57.0","2021-08-25",,,"0.00",",,N","0.0",",,N",,
"US1MECM0086","43.8537","-70.1721","57.0","2021-08-26",,,"0.00",",,N","0.0",",,N",,
"US1MECM0086","43.8537","-70.1721","57.0","2021-08-27",,,"0.00",",,N","0.0",",,N",,
"US1MECM0086","43.8537","-70.1721","57.0","2021-08-28",,,"0.00",",,N","0.0",",,N",,
"US1MECM0086","43.8537","-70.1721","57.0","2021-08-29",,,"0.01",",,N",,,,
"US1MECM0086","43.8537","-70.1721","57.0","2021-08-30",,,"0.00",",,N","0.0",",,N",,
"US1MECM0086","43.8537","-70.1721","57.0","2021-08-31",,,"0.08",",,N",,,,
"US1MECM0086","43.8537","-70.1721","57.0","2021-09-01",,,"0.00",",,N","0.0",",,N",,
"US1MECM0086","43.8537","-70.1721","57.0","2021-09-02",,,"1.44",",,N",,,,
"US1MECM0086","43.8537","-70.1721","57.0","2021-09-03",,,"0.03",",,N",,,,
"US1MECM0086","43.8537","-70.1721","57.0","2021-09-04",,,"0.01",",,N",,,,
"US1MECM0086","43.8537","-70.1721","57.0","2021-09-05",,,"0.00",",,N","0.0",",,N",,
"US1MECM0086","43.8537","-70.1721","57.0","2021-09-06",,,"0.12",",,N",,,,
"US1MECM0086","43.8537","-70.1721","57.0","2021-09-07",,,"0.08",",,N",,,,
"US1MECM0086","43.8537","-70.1721","57.0","2021-09-08",,,"0.00",",,N","0.0",",,N",,
"US1MECM0086","43.8537","-70.1721","57.0","2021-09-09",,,"0.20",",,N",,,,
"US1MECM0086","43.8537","-70.1721","57.0","2021-09-10",,,"0.94",",,N",,,,
"US1MECM0086","43.8537","-70.1721","57.0","2021-09-11",,,"0.01",",,N",,,,
"US1MECM0086","43.8537","-70.1721","57.0","2021-09-12",,,"0.00",",,N","0.0",",,N",,
"US1MECM0086","43.8537","-70.1721","57.0","2021-09-13",,,"0.00","T,,N",,,,
"US1MECM0086","43.8537","-70.1721","57.0","2021-09-14",,,"0.00",",,N","0.0",",,N",,
"US1MECM0086","43.8537","-70.1721","57.0","2021-09-15",,,"0.00",",,N","0.0",",,N",,
"US1MECM0086","43.8537","-70.1721","57.0","2021-09-16",,,"0.33",",,N",,,,
"US1MECM0086","43.8537","-70.1721","57.0","2021-09-17",,,"0.00",",,N","0.0",",,N",,
"US1MECM0086","43.8537","-70.1721","57.0","2021-09-18",,,"0.01",",,N",,,,
"US1MECM0086","43.8537","-70.1721","57.0","2021-09-19",,,"0.12",",,N",,,,
"US1MECM0086","43.8537","-70.1721","57.0","2021-09-25",,,,,,,,
"US1MECM0086","43.8537","-70.1721","57.0","2021-09-26",,,"0.45",",,N",,,,
"US1MECM0086","43.8537","-70.1721","57.0","2021-09-27",,,"0.11",",,N",,,,
"US1MECM0086","43.8537","-70.1721","57.0","2021-10-01",,,,,,,,
"US1MECM0086","43.8537","-70.1721","57.0","2021-10-04",,,,,,,,
"US1MECM0086","43.8537","-70.1721","57.0","2021-10-05",,,"0.01",",,N",,,,
"US1MECM0086","43.8537","-70.1721","57.0","2021-10-06",,,"0.00",",,N","0.0",",,N",,
"US1MECM0086","43.8537","-70.1721","57.0","2021-10-07",,,"0.00",",,N","0.0",",,N",,
"US1MECM0086","43.8537","-70.1721","57.0","2021-10-08",,,"0.00",",,N","0.0",",,N",,
"US1MECM0086","43.8537","-70.1721","57.0","2021-10-09",,,"0.00",",,N","0.0",",,N",,
"US1MECM0086","43.8537","-70.1721","57.0","2021-10-10",,,"0.00",",,N","0.0",",,N",,
"US1MECM0086","43.8537","-70.1721","57.0","2021-10-11",,,"0.00",",,N","0.0",",,N",,
"US1MECM0086","43.8537","-70.1721","57.0","2021-10-12",,,"0.00",",,N","0.0",",,N",,
"US1MECM0086","43.8537","-70.1721","57.0","2021-10-13",,,"0.00",",,N","0.0",",,N",,
"US1MECM0086","43.8537","-70.1721","57.0","2021-10-14",,,"0.00",",,N","0.0",",,N",,
"US1MECM0086","43.8537","-70.1721","57.0","2021-10-15",,,"0.00",",,N","0.0",",,N",,
"US1MECM0086","43.8537","-70.1721","57.0","2021-10-16",,,"1.26",",,N",,,,
"US1MECM0086","43.8537","-70.1721","57.0","2021-10-17",,,"0.31",",,N",,,,
"US1MECM0086","43.8537","-70.1721","57.0","2021-10-18",,,"0.00",",,N","0.0",",,N",,
"US1MECM0086","43.8537","-70.1721","57.0","2021-10-19",,,"0.00",",,N","0.0",",,N",,
"US1MECM0086","43.8537","-70.1721","57.0","2021-10-20",,,"0.00",",,N","0.0",",,N",,
"US1MECM0086","43.8537","-70.1721","57.0","2021-10-21",,,"0.00",",,N","0.0",",,N",,
"US1MECM0086","43.8537","-70.1721","57.0","2021-10-22",,,"0.03",",,N",,,,
"US1MECM0086","43.8537","-70.1721","57.0","2021-10-23",,,"0.00",",,N","0.0",",,N",,
"US1MECM0086","43.8537","-70.1721","57.0","2021-10-24",,,"0.00",",,N","0.0",",,N",,
"US1MECM0086","43.8537","-70.1721","57.0","2021-10-25",,,"0.03",",,N",,,,
"US1MECM0086","43.8537","-70.1721","57.0","2021-10-26",,,"0.28",",,N",,,,
"US1MECM0086","43.8537","-70.1721","57.0","2021-10-27",,,"0.65",",,N",,,,
"US1MECM0086","43.8537","-70.1721","57.0","2021-10-28",,,"0.16",",,N",,,,
"US1MECM0086","43.8537","-70.1721","57.0","2021-10-29",,,"0.00",",,N","0.0",",,N",,
"US1MECM0086","43.8537","-70.1721","57.0","2021-10-30",,,"0.08",",,N",,,,
"US1MECM0086","43.8537","-70.1721","57.0","2021-10-31",,,"3.91",",,N",,,,
"US1MECM0086","43.8537","-70.1721","57.0","2021-11-01",,,"0.00",",,N","0.0",",,N",,
"US1MECM0086","43.8537","-70.1721","57.0","2021-11-02",,,"0.00",",,N","0.0",",,N",,
"US1MECM0086","43.8537","-70.1721","57.0","2021-11-03",,,"0.00",",,N","0.0",",,N",,
"US1MECM0086","43.8537","-70.1721","57.0","2021-11-04",,,"0.00","T,,N",,,,
"US1MECM0086","43.8537","-70.1721","57.0","2021-11-05",,,"0.00",",,N","0.0",",,N",,
"US1MECM0086","43.8537","-70.1721","57.0","2021-11-06",,,"0.00",",,N","0.0",",,N",,
"US1MECM0086","43.8537","-70.1721","57.0","2021-11-07",,,"0.00",",,N","0.0",",,N",,
"US1MECM0086","43.8537","-70.1721","57.0","2021-11-08",,,"0.00",",,N","0.0",",,N",,
"US1MECM0086","43.8537","-70.1721","57.0","2021-11-09",,,"0.00",",,N","0.0",",,N",,
"US1MECM0086","43.8537","-70.1721","57.0","2021-11-10",,,"0.05",",,N",,,,
"US1MECM0086","43.8537","-70.1721","57.0","2021-11-11",,,"0.03",",,N",,,,
"US1MECM0086","43.8537","-70.1721","57.0","2021-11-12",,,"0.00",",,N","0.0",",,N",,
"US1MECM0086","43.8537","-70.1721","57.0","2021-11-13",,,"1.45",",,N",,,,
"US1MECM0086","43.8537","-70.1721","57.0","2021-11-14",,,"0.33",",,N",,,,
"US1MECM0086","43.8537","-70.1721","57.0","2021-11-15",,,"0.19",",,N",,,,
"US1MECM0086","43.8537","-70.1721","57.0","2021-11-16",,,"0.01",",,N",,,,
"US1MECM0086","43.8537","-70.1721","57.0","2021-11-17",,,"0.00",",,N","0.0",",,N",,
"US1MECM0086","43.8537","-70.1721","57.0","2021-11-18",,,"0.09",",,N",,,,
"US1MECM0086","43.8537","-70.1721","57.0","2021-11-19",,,"0.22",",,N",,,,
"US1MECM0086","43.8537","-70.1721","57.0","2021-11-20",,,"0.00","T,,N","0.0","T,,N",,
"US1MECM0086","43.8537","-70.1721","57.0","2021-11-21",,,"0.00",",,N","0.0",",,N",,
"US1MECM0086","43.8537","-70.1721","57.0","2021-11-22",,,"0.27",",,N",,,,
"US1MECM0086","43.8537","-70.1721","57.0","2021-11-23",,,"0.07",",,N",,,,
"US1MECM0086","43.8537","-70.1721","57.0","2021-11-27",,,,,,,,
"US1MECM0086","43.8537","-70.1721","57.0","2021-11-28",,,"0.00",",,N","0.0",",,N",,
"US1MEFR0023","44.7169","-70.1967","187.8","2021-08-01",,,"0.00",",,N","0.0",",,N",,
"US1MEFR0023","44.7169","-70.1967","187.8","2021-08-02",,,"0.29",",,N",,,,
"US1MEFR0023","44.7169","-70.1967","187.8","2021-08-03",,,"0.13",",,N",,,,
"US1MEFR0023","44.7169","-70.1967","187.8","2021-08-04",,,"0.00",",,N","0.0",",,N",,
"US1MEFR0023","44.7169","-70.1967","187.8","2021-08-05",,,"0.00","T,,N",,,,
"US1MEFR0023","44.7169","-70.1967","187.8","2021-08-06",,,"0.15",",,N",,,,
"US1MEFR0023","44.7169","-70.1967","187.8","2021-08-07",,,"0.00",",,N","0.0",",,N",,
"US1MEFR0023","44.7169","-70.1967","187.8","2021-08-08",,,"0.00",",,N","0.0",",,N",,
"US1MEFR0023","44.7169","-70.1967","187.8","2021-08-09",,,"0.24",",,N",,,,
"US1MEFR0023","44.7169","-70.1967","187.8","2021-08-10",,,"0.00",",,N","0.0",",,N",,
"US1MEFR0023","44.7169","-70.1967","187.8","2021-08-11",,,"0.00",",,N","0.0",",,N",,
"US1MEFR0023","44.7169","-70.1967","187.8","2021-08-12",,,"0.03",",,N",,,,
"US1MEFR0023","44.7169","-70.1967","187.8","2021-08-13",,,"0.08",",,N",,,,
"US1MEFR0023","44.7169","-70.1967","187.8","2021-08-14",,,"0.00",",,N","0.0",",,N",,
"US1MEFR0023","44.7169","-70.1967","187.8","2021-08-15",,,"0.64",",,N",,,,
"US1MEFR0023","44.7169","-70.1967","187.8","2021-08-16",,,"0.00",",,N","0.0",",,N",,
"US1MEFR0023","44.7169","-70.1967","187.8","2021-08-19",,,"0.31",",,N",,,,
"US1MEFR0023","44.7169","-70.1967","187.8","2021-08-21",,,"0.00",",,N","0.0",",,N",,
"US1MEFR0023","44.7169","-70.1967","187.8","2021-08-22",,,"0.02",",,N",,,,
"US1MEFR0023","44.7169","-70.1967","187.8","2021-08-24",,,,,,,,
"US1MEFR0023","44.7169","-70.1967","187.8","2021-08-25",,,"0.00",",,N","0.0",",,N",,
"US1MEFR0023","44.7169","-70.1967","187.8","2021-08-26",,,"0.00",",,N","0.0",",,N",,
"US1MEFR0023","44.7169","-70.1967","187.8","2021-08-27",,,"0.00",",,N","0.0",",,N",,
"US1MEFR0023","44.7169","-70.1967","187.8","2021-08-28",,,"0.00",",,N","0.0",",,N",,
"US1MEFR0023","44.7169","-70.1967","187.8","2021-08-29",,,"0.27",",,N",,,,
"US1MEFR0023","44.7169","-70.1967","187.8","2021-08-31",,,"0.83",",,N",,,,
"US1MEFR0023","44.7169","-70.1967","187.8","2021-09-01",,,"0.00",",,N","0.0",",,N",,
"US1MEFR0023","44.7169","-70.1967","187.8","2021-09-02",,,"0.60",",,N",,,,
"US1MEFR0023","44.7169","-70.1967","187.8","2021-09-03",,,"0.02",",,N",,,,
"US1MEFR0023","44.7169","-70.1967","187.8","2021-09-04",,,"0.04",",,N",,,,
"US1MEFR0023","44.7169","-70.1967","187.8","2021-09-05",,,"0.00",",,N","0.0",",,N",,
"US1MEFR0023","44.7169","-70.1967","187.8","2021-09-06",,,"0.28",",,N",,,,
"US1MEFR0023","44.7169","-70.1967","187.8","2021-09-07",,,"0.18",",,N",,,,
"US1MEFR0023","44.7169","-70.1967","187.8","2021-09-08",,,"0.00",",,N","0.0",",,N",,
"US1MEFR0023","44.7169","-70.1967","187.8","2021-09-09",,,"0.33",",,N",,,,
"US1MEFR0023","44.7169","-70.1967","187.8","2021-09-10",,,"1.68",",,N",,,,
"US1MEFR0023","44.7169","-70.1967","187.8","2021-09-11",,,"0.00",",,N","0.0",",,N",,
"US1MEFR0023","44.7169","-70.1967","187.8","2021-09-12",,,"0.00",",,N","0.0",",,N",,
"US1MEFR0023","44.7169","-70.1967","187.8","2021-09-13",,,"0.00",",,N","0.0",",,N",,
"US1MEFR0023","44.7169","-70.1967","187.8","2021-09-14",,,"0.00",",,N","0.0",",,N",,
"US1MEFR0023","44.7169","-70.1967","187.8","2021-09-15",,,"0.00",",,N","0.0",",,N",,
"US1MEFR0023","44.7169","-70.1967","187.8","2021-09-16",,,"0.74",",,N",,,,
"US1MEFR0023","44.7169","-70.1967","187.8","2021-09-17",,,"0.00",",,N","0.0",",,N",,
"US1MEFR0023","44.7169","-70.1967","187.8","2021-09-18",,,"0.00",",,N","0.0",",,N",,
"US1MEFR0023","44.7169","-70.1967","187.8","2021-09-19",,,"0.00","T,,N",,,,
"US1MEFR0023","44.7169","-70.1967","187.8","2021-09-21",,,"0.00",",,N","0.0",",,N",,
"US1MEFR0023","44.7169","-70.1967","187.8","2021-09-22",,,"0.00",",,N","0.0",",,N",,
"US1MEFR0023","44.7169","-70.1967","187.8","2021-09-23",,,"0.15",",,N",,,,
"US1MEFR0023","44.7169","-70.1967","187.8","2021-09-24",,,"0.04",",L,N",,,,
"US1MEFR0023","44.7169","-70.1967","187.8","2021-09-26",,,,,,,,
"US1MEFR0023","44.7169","-70.1967","187.8","2021-09-29",,,"0.03",",,N",,,,
"US1MEFR0023","44.7169","-70.1967","187.8","2021-09-30",,,"0.09",",,N",,,,
"US1MEFR0023","44.7169","-70.1967","187.8","2021-10-01",,,"0.04",",,N",,,,
"US1MEFR0023","44.7169","-70.1967","187.8","2021-10-02",,,"0.00","T,,N",,,,
"US1MEFR0023","44.7169","-70.1967","187.8","2021-10-03",,,"0.04",",,N",,,,
"US1MEFR0023","44.7169","-70.1967","187.8","2021-10-04",,,"0.00",",,N","0.0",",,N",,
"US1MEFR0023","44.7169","-70.1967","187.8","2021-10-05",,,"0.00",",,N","0.0",",,N",,
"US1MEFR0023","44.7169","-70.1967","187.8","2021-10-06",,,"0.00",",,N","0.0",",,N",,
"US1MEFR0023","44.7169","-70.1967","187.8","2021-10-07",,,"0.00",",,N","0.0",",,N",,
"US1MEFR0023","44.7169","-70.1967","187.8","2021-10-17",,,,,,,,
"US1MEFR0023","44.7169","-70.1967","187.8","2021-10-18",,,"0.00",",,N","0.0",",,N",,
"US1MEFR0023","44.7169","-70.1967","187.8","2021-10-19",,,"0.00",",,N","0.0",",,N",,
"US1MEFR0023","44.7169","-70.1967","187.8","2021-10-22",,,,,,,,
"US1MEFR0023","44.7169","-70.1967","187.8","2021-10-23",,,"0.07",",,N",,,,
"US1MEFR0023","44.7169","-70.1967","187.8","2021-10-24",,,"0.00",",,N","0.0",",,N",,
"US1MEFR0023","44.7169","-70.1967","187.8","2021-10-25",,,"0.00",",,N","0.0",",,N",,
"US1MEFR0023","44.7169","-70.1967","187.8","2021-10-26",,,"0.13",",,N",,,,
"US1MEFR0023","44.7169","-70.1967","187.8","2021-10-27",,,"0.40",",,N",,,,
"US1MEFR0023","44.7169","-70.1967","187.8","2021-10-28",,,"0.02",",,N",,,,
"US1MEFR0023","44.7169","-70.1967","187.8","2021-10-29",,,"0.00",",,N","0.0",",,N",,
"US1MEFR0023","44.7169","-70.1967","187.8","2021-10-30",,,"0.00",",,N","0.0",",,N",,
"US1MEFR0023","44.7169","-70.1967","187.8","2021-10-31",,,"2.66",",,N",,,,
"US1MEFR0023","44.7169","-70.1967","187.8","2021-11-01",,,"0.03",",,N",,,,
"US1MEFR0023","44.7169","-70.1967","187.8","2021-11-02",,,"0.00",",,N","0.0",",,N",,
"US1MEFR0023","44.7169","-70.1967","187.8","2021-11-03",,,"0.00",",,N","0.0",",,N",,
"US1MEFR0023","44.7169","-70.1967","187.8","2021-11-04",,,"0.00",",,N","0.0",",,N",,
"US1MEFR0023","44.7169","-70.1967","187.8","2021-11-05",,,"0.00",",,N","0.0",",,N",,
"US1MEFR0023","44.7169","-70.1967","187.8","2021-11-06",,,"0.00",",,N","0.0",",,N",,
"US1MEFR0023","44.7169","-70.1967","187.8","2021-11-07",,,"0.00",",,N","0.0",",,N",,
"US1MEFR0023","44.7169","-70.1967","187.8","2021-11-08",,,"0.00",",,N","0.0",",,N",,
"US1MEFR0023","44.7169","-70.1967","187.8","2021-11-09",,,"0.00",",,N","0.0",",,N",,
"US1MEFR0023","44.7169","-70.1967","187.8","2021-11-10",,,"0.00",",,N","0.0",",,N",,
"US1MEFR0023","44.7169","-70.1967","187.8","2021-11-11",,,"0.06",",,N",,,,
"US1MEFR0023","44.7169","-70.1967","187.8","2021-11-12",,,"0.00",",,N","0.0",",,N",,
"US1MEFR0023","44.7169","-70.1967","187.8","2021-11-13",,,"1.71",",,N",,,,
"US1MEFR0023","44.7169","-70.1967","187.8","2021-11-14",,,"0.04",",,N",,,,
"US1MEFR0023","44.7169","-70.1967","187.8","2021-11-15",,,"0.17",",,N","1.5",",,N",,
"US1MEFR0023","44.7169","-70.1967","187.8","2021-11-16",,,"0.00",",,N","0.0",",,N",,
"US1MEFR0023","44.7169","-70.1967","187.8","2021-11-17",,,"0.00","T,,N",,,,
"US1MEFR0023","44.7169","-70.1967","187.8","2021-11-18",,,"0.23",",,N",,,,
"US1MEFR0023","44.7169","-70.1967","187.8","2021-11-19",,,"0.08",",,N",,,,
"US1MEFR0023","44.7169","-70.1967","187.8","2021-11-20",,,"0.00",",,N","0.0",",,N",,
"US1MEFR0023","44.7169","-70.1967","187.8","2021-11-21",,,"0.00",",,N","0.0",",,N",,
"US1MEFR0023","44.7169","-70.1967","187.8","2021-11-22",,,"0.17",",,N",,,,
"US1MEFR0023","44.7169","-70.1967","187.8","2021-11-23",,,"0.10",",,N",,,,
"US1MEFR0023","44.7169","-70.1967","187.8","2021-11-24",,,"0.00",",,N","0.0",",,N",,
"US1MEFR0023","44.7169","-70.1967","187.8","2021-11-25",,,"0.00",",,N","0.0",",,N",,
"US1MEFR0023","44.7169","-70.1967","187.8","2021-11-27",,,"0.26",",,N","0.5",",,N",,
"US1MEFR0023","44.7169","-70.1967","187.8","2021-11-28",,,"0.00",",,N","0.0",",,N",,
"US1LAST0010","30.280509","-89.773471","3.7","2021-08-01",,,"0.10",",,N",,,,
"US1LAST0010","30.280509","-89.773471","3.7","2021-08-02",,,"0.00",",,N","0.0",",,N",,
"US1LAST0010","30.280509","-89.773471","3.7","2021-08-03",,,"1.24",",,N",,,,
"US1LAST0010","30.280509","-89.773471","3.7","2021-08-04",,,"0.11",",,N",,,,
"US1LAST0010","30.280509","-89.773471","3.7","2021-08-05",,,"0.00",",,N","0.0",",,N",,
"US1LAST0010","30.280509","-89.773471","3.7","2021-08-06",,,"0.00",",,N","0.0",",,N",,
"US1LAST0010","30.280509","-89.773471","3.7","2021-08-07",,,"0.00",",,N","0.0",",,N",,
"US1LAST0010","30.280509","-89.773471","3.7","2021-08-08",,,"0.00",",,N","0.0",",,N",,
"US1LAST0010","30.280509","-89.773471","3.7","2021-08-09",,,"0.00",",,N","0.0",",,N",,
"US1LAST0010","30.280509","-89.773471","3.7","2021-08-10",,,"0.00",",,N","0.0",",,N",,
"US1LAST0010","30.280509","-89.773471","3.7","2021-08-11",,,"0.01",",,N",,,,
"US1LAST0010","30.280509","-89.773471","3.7","2021-08-12",,,"0.54",",,N",,,,
"US1LAST0010","30.280509","-89.773471","3.7","2021-08-13",,,"0.10",",,N",,,,
"US1LAST0010","30.280509","-89.773471","3.7","2021-08-14",,,"0.28",",,N",,,,
"US1LAST0010","30.280509","-89.773471","3.7","2021-08-15",,,"0.00",",,N","0.0",",,N",,
"US1LAST0010","30.280509","-89.773471","3.7","2021-08-16",,,"0.10",",,N",,,,
"US1LAST0010","30.280509","-89.773471","3.7","2021-08-17",,,"0.00",",,N","0.0",",,N",,
"US1LAST0010","30.280509","-89.773471","3.7","2021-08-18",,,"0.00",",,N","0.0",",,N",,
"US1LAST0010","30.280509","-89.773471","3.7","2021-08-19",,,"0.00","T,,N",,,,
"US1LAST0010","30.280509","-89.773471","3.7","2021-08-20",,,"0.00",",,N","0.0",",,N",,
"US1LAST0010","30.280509","-89.773471","3.7","2021-08-21",,,"0.00",",,N","0.0",",,N",,
"US1LAST0010","30.280509","-89.773471","3.7","2021-08-22",,,"0.00",",,N","0.0",",,N",,
"US1LAST0010","30.280509","-89.773471","3.7","2021-08-23",,,"0.00",",,N","0.0",",,N",,
"US1LAST0010","30.280509","-89.773471","3.7","2021-08-24",,,"0.00",",,N","0.0",",,N",,
"US1LAST0010","30.280509","-89.773471","3.7","2021-08-25",,,"0.00",",,N","0.0",",,N",,
"US1LAST0010","30.280509","-89.773471","3.7","2021-08-26",,,"0.61",",,N",,,,
"US1LAST0010","30.280509","-89.773471","3.7","2021-08-27",,,"0.54",",,N",,,,
"US1LAST0010","30.280509","-89.773471","3.7","2021-08-28",,,"0.98",",,N",,,,
"US1LAST0010","30.280509","-89.773471","3.7","2021-08-29",,,"1.41",",,N",,,,
"US1LAST0010","30.280509","-89.773471","3.7","2021-08-30",,,"8.62",",,N",,,,
"US1LAST0010","30.280509","-89.773471","3.7","2021-08-31",,,"0.47",",,N",,,,
"US1LAST0010","30.280509","-89.773471","3.7","2021-09-01",,,"0.00",",,N","0.0",",,N",,
"US1LAST0010","30.280509","-89.773471","3.7","2021-09-02",,,"0.15",",,N",,,,
"US1LAST0010","30.280509","-89.773471","3.7","2021-09-03",,,"0.01",",,N",,,,
"US1LAST0010","30.280509","-89.773471","3.7","2021-09-04",,,"0.00",",,N","0.0",",,N",,
"US1LAST0010","30.280509","-89.773471","3.7","2021-09-05",,,"0.00",",,N","0.0",",,N",,
"US1LAST0010","30.280509","-89.773471","3.7","2021-09-06",,,"0.16",",,N",,,,
"US1LAST0010","30.280509","-89.773471","3.7","2021-09-07",,,"0.35",",,N",,,,
"US1LAST0010","30.280509","-89.773471","3.7","2021-09-08",,,"0.10",",,N",,,,
"US1LAST0010","30.280509","-89.773471","3.7","2021-09-09",,,"0.00","T,,N",,,,
"US1LAST0010","30.280509","-89.773471","3.7","2021-09-10",,,"0.00",",,N","0.0",",,N",,
"US1LAST0010","30.280509","-89.773471","3.7","2021-09-11",,,"0.00",",,N","0.0",",,N",,
"US1LAST0010","30.280509","-89.773471","3.7","2021-09-12",,,"0.00",",,N","0.0",",,N",,
"US1LAST0010","30.280509","-89.773471","3.7","2021-09-13",,,"0.18",",,N",,,,
"US1LAST0010","30.280509","-89.773471","3.7","2021-09-14",,,"0.86",",,N",,,,
"US1LAST0010","30.280509","-89.773471","3.7","2021-09-15",,,"2.94",",,N",,,,
"US1LAST0010","30.280509","-89.773471","3.7","2021-09-16",,,"0.20",",,N",,,,
"US1LAST0010","30.280509","-89.773471","3.7","2021-09-17",,,"0.28",",,N",,,,
"US1LAST0010","30.280509","-89.773471","3.7","2021-09-18",,,"0.87",",,N",,,,
"US1LAST0010","30.280509","-89.773471","3.7","2021-09-19",,,"0.10",",,N",,,,
"US1LAST0010","30.280509","-89.773471","3.7","2021-09-20",,,"0.02",",,N",,,,
"US1LAST0010","30.280509","-89.773471","3.7","2021-09-21",,,"0.00",",,N","0.0",",,N",,
"US1LAST0010","30.280509","-89.773471","3.7","2021-09-22",,,"0.03",",,N",,,,
"US1LAST0010","30.280509","-89.773471","3.7","2021-09-23",,,"0.00",",,N","0.0",",,N",,
"US1LAST0010","30.280509","-89.773471","3.7","2021-09-24",,,"0.00",",,N","0.0",",,N",,
"US1LAST0010","30.280509","-89.773471","3.7","2021-09-25",,,"0.00",",,N","0.0",",,N",,
"US1LAST0010","30.280509","-89.773471","3.7","2021-09-26",,,"0.00",",,N","0.0",",,N",,
"US1LAST0010","30.280509","-89.773471","3.7","2021-09-27",,,"0.00",",,N","0.0",",,N",,
"US1LAST0010","30.280509","-89.773471","3.7","2021-09-28",,,"0.00",",,N","0.0",",,N",,
"US1LAST0010","30.280509","-89.773471","3.7","2021-09-29",,,"1.03",",,N",,,,
"US1LAST0010","30.280509","-89.773471","3.7","2021-09-30",,,"0.05",",,N",,,,
"US1LAST0010","30.280509","-89.773471","3.7","2021-10-01",,,"0.00",",,N","0.0",",,N",,
"US1LAST0010","30.280509","-89.773471","3.7","2021-10-02",,,"0.00",",,N","0.0",",,N",,
"US1LAST0010","30.280509","-89.773471","3.7","2021-10-03",,,"0.35",",,N",,,,
"US1LAST0010","30.280509","-89.773471","3.7","2021-10-04",,,"0.00","T,,N",,,,
"US1LAST0010","30.280509","-89.773471","3.7","2021-10-05",,,"2.15",",,N",,,,
"US1LAST0010","30.280509","-89.773471","3.7","2021-10-06",,,"0.00",",,N","0.0",",,N",,
"US1LAST0010","30.280509","-89.773471","3.7","2021-10-07",,,"0.00",",,N","0.0",",,N",,
"US1LAST0010","30.280509","-89.773471","3.7","2021-10-08",,,"0.00",",,N","0.0",",,N",,
"US1LAST0010","30.280509","-89.773471","3.7","2021-10-09",,,"0.00",",,N","0.0",",,N",,
"US1LAST0010","30.280509","-89.773471","3.7","2021-10-10",,,"0.00",",,N","0.0",",,N",,
"US1LAST0010","30.280509","-89.773471","3.7","2021-10-11",,,"0.00",",,N","0.0",",,N",,
"US1LAST0010","30.280509","-89.773471","3.7","2021-10-12",,,"0.00",",,N","0.0",",,N",,
"US1LAST0010","30.280509","-89.773471","3.7","2021-10-13",,,"0.00",",,N","0.0",",,N",,
"US1LAST0010","30.280509","-89.773471","3.7","2021-10-14",,,"0.00",",,N","0.0",",,N",,
"US1LAST0010","30.280509","-89.773471","3.7","2021-10-15",,,"0.00","T,,N",,,,
"US1LAST0010","30.280509","-89.773471","3.7","2021-10-16",,,"0.00","T,,N",,,,
"US1LAST0010","30.280509","-89.773471","3.7","2021-10-17",,,"0.00",",,N","0.0",",,N",,
"US1LAST0010","30.280509","-89.773471","3.7","2021-10-18",,,"0.00",",,N","0.0",",,N",,
"US1LAST0010","30.280509","-89.773471","3.7","2021-10-19",,,"0.00",",,N","0.0",",,N",,
"US1LAST0010","30.280509","-89.773471","3.7","2021-10-20",,,"0.00",",,N","0.0",",,N",,
"US1LAST0010","30.280509","-89.773471","3.7","2021-10-21",,,"0.03",",,N",,,,
"US1LAST0010","30.280509","-89.773471","3.7","2021-10-22",,,"0.00",",,N","0.0",",,N",,
"US1LAST0010","30.280509","-89.773471","3.7","2021-10-23",,,"0.00",",,N","0.0",",,N",,
"US1LAST0010","30.280509","-89.773471","3.7","2021-10-24",,,"0.00",",,N","0.0",",,N",,
"US1LAST0010","30.280509","-89.773471","3.7","2021-10-25",,,"0.00",",,N","0.0",",,N",,
"US1LAST0010","30.280509","-89.773471","3.7","2021-10-26",,,"0.00",",,N","0.0",",,N",,
"US1LAST0010","30.280509","-89.773471","3.7","2021-10-27",,,"0.00",",,N","0.0",",,N",,
"US1LAST0010","30.280509","-89.773471","3.7","2021-10-28",,,"1.97",",,N",,,,
"US1LAST0010","30.280509","-89.773471","3.7","2021-10-29",,,"0.00",",,N","0.0",",,N",,
"US1LAST0010","30.280509","-89.773471","3.7","2021-10-30",,,"0.00",",,N","0.0",",,N",,
"US1LAST0010","30.280509","-89.773471","3.7","2021-10-31",,,"0.00",",,N","0.0",",,N",,
"US1LAST0010","30.280509","-89.773471","3.7","2021-11-01",,,"0.00",",,N","0.0",",,N",,
"US1LAST0010","30.280509","-89.773471","3.7","2021-11-02",,,"0.00",",,N","0.0",",,N",,
"US1LAST0010","30.280509","-89.773471","3.7","2021-11-03",,,"0.00",",,N","0.0",",,N",,
"US1LAST0010","30.280509","-89.773471","3.7","2021-11-04",,,"0.00",",,N","0.0",",,N",,
"US1LAST0010","30.280509","-89.773471","3.7","2021-11-05",,,"0.00",",,N","0.0",",,N",,
"US1LAST0010","30.280509","-89.773471","3.7","2021-11-06",,,"0.00",",,N","0.0",",,N",,
"US1LAST0010","30.280509","-89.773471","3.7","2021-11-07",,,"0.00",",,N","0.0",",,N",,
"US1LAST0010","30.280509","-89.773471","3.7","2021-11-08",,,"0.00",",,N","0.0",",,N",,
"US1LAST0010","30.280509","-89.773471","3.7","2021-11-09",,,"0.00",",,N","0.0",",,N",,
"US1LAST0010","30.280509","-89.773471","3.7","2021-11-10",,,"0.00",",,N","0.0",",,N",,
"US1LAST0010","30.280509","-89.773471","3.7","2021-11-11",,,"0.00",",,N","0.0",",,N",,
"US1LAST0010","30.280509","-89.773471","3.7","2021-11-12",,,"0.00",",,N","0.0",",,N",,
"US1LAST0010","30.280509","-89.773471","3.7","2021-11-13",,,"0.00",",,N","0.0",",,N",,
"US1LAST0010","30.280509","-89.773471","3.7","2021-11-14",,,"0.00",",,N","0.0",",,N",,
"US1LAST0010","30.280509","-89.773471","3.7","2021-11-15",,,"0.00",",,N","0.0",",,N",,
"US1LAST0010","30.280509","-89.773471","3.7","2021-11-16",,,"0.00",",,N","0.0",",,N",,
"US1LAST0010","30.280509","-89.773471","3.7","2021-11-17",,,"0.00",",,N","0.0",",,N",,
"US1LAST0010","30.280509","-89.773471","3.7","2021-11-18",,,"0.00",",,N","0.0",",,N",,
"US1LAST0010","30.280509","-89.773471","3.7","2021-11-19",,,"0.09",",,N",,,,
"US1LAST0010","30.280509","-89.773471","3.7","2021-11-20",,,"0.00",",,N","0.0",",,N",,
"US1LAST0010","30.280509","-89.773471","3.7","2021-11-21",,,"0.00",",,N","0.0",",,N",,
"US1LAST0010","30.280509","-89.773471","3.7","2021-11-22",,,"0.23",",,N",,,,
"US1LAST0010","30.280509","-89.773471","3.7","2021-11-28",,,"0.03",",,N",,,,
"USC00165076","30.2141","-93.2494","1.5","2021-08-01",,,"0.00",",,7,0800",,,,
"USC00165076","30.2141","-93.2494","1.5","2021-08-02",,,"1.25",",,7,0800",,,,
"USC00165076","30.2141","-93.2494","1.5","2021-08-03",,,"1.26",",,7,0800",,,,
"USC00165076","30.2141","-93.2494","1.5","2021-08-04",,,"1.14",",,7,0800",,,,
"USC00165076","30.2141","-93.2494","1.5","2021-08-05",,,"0.00",",,7,0800",,,,
"USC00165076","30.2141","-93.2494","1.5","2021-08-06",,,"0.00",",,7,0800",,,,
"USC00165076","30.2141","-93.2494","1.5","2021-08-07",,,"0.00",",,7,0800",,,,
"USC00165076","30.2141","-93.2494","1.5","2021-08-08",,,"0.54",",,7,0800",,,,
"USC00165076","30.2141","-93.2494","1.5","2021-08-09",,,"0.05",",,7,0800",,,,
"USC00165076","30.2141","-93.2494","1.5","2021-08-10",,,"0.00",",,7,0800",,,,
"USC00165076","30.2141","-93.2494","1.5","2021-08-11",,,"0.00",",,7,0800",,,,
"USC00165076","30.2141","-93.2494","1.5","2021-08-12",,,"0.25",",,7,0800",,,,
"USC00165076","30.2141","-93.2494","1.5","2021-08-13",,,"0.55",",,7,0800",,,,
"USC00165076","30.2141","-93.2494","1.5","2021-08-14",,,"0.00",",,7,0800",,,,
"USC00165076","30.2141","-93.2494","1.5","2021-08-15",,,"1.00",",,7,0800",,,,
"USC00165076","30.2141","-93.2494","1.5","2021-08-16",,,"0.65",",,7,0800",,,,
"USC00165076","30.2141","-93.2494","1.5","2021-08-17",,,"0.69",",,7,0800",,,,
"USC00165076","30.2141","-93.2494","1.5","2021-08-18",,,"0.01",",,7,0800",,,,
"USC00165076","30.2141","-93.2494","1.5","2021-08-19",,,"0.10",",,7,0800",,,,
"USC00165076","30.2141","-93.2494","1.5","2021-08-20",,,"0.00",",,7,0800",,,,
"USC00165076","30.2141","-93.2494","1.5","2021-08-21",,,"0.00",",,7,0800",,,,
"USC00165076","30.2141","-93.2494","1.5","2021-08-22",,,"0.00",",,7,0800",,,,
"USC00165076","30.2141","-93.2494","1.5","2021-08-23",,,"0.00",",,7,0800",,,,
"USC00165076","30.2141","-93.2494","1.5","2021-08-24",,,"0.00",",,7,0800",,,,
"USC00165076","30.2141","-93.2494","1.5","2021-08-25",,,"2.00",",,7,0800",,,,
"USC00165076","30.2141","-93.2494","1.5","2021-08-26",,,"0.05",",,7,0800",,,,
"USC00165076","30.2141","-93.2494","1.5","2021-08-27",,,"0.20",",,7,0800",,,,
"USC00165076","30.2141","-93.2494","1.5","2021-08-28",,,"0.00",",,7,0800",,,,
"USC00165076","30.2141","-93.2494","1.5","2021-08-29",,,"0.26",",,7,0800",,,,
"USC00165076","30.2141","-93.2494","1.5","2021-08-30",,,"0.10",",,7,0800",,,,
"USC00165076","30.2141","-93.2494","1.5","2021-08-31",,,"0.00",",,7,0800",,,,
"USC00165076","30.2141","-93.2494","1.5","2021-09-01",,,"0.43",",,7,0800",,,,
"USC00165076","30.2141","-93.2494","1.5","2021-09-02",,,"0.64",",,7,0800",,,,
"USC00165076","30.2141","-93.2494","1.5","2021-09-03",,,"0.00",",,7,0800",,,,
"USC00165076","30.2141","-93.2494","1.5","2021-09-04",,,"0.05",",,7,0800",,,,
"USC00165076","30.2141","-93.2494","1.5","2021-09-05",,,"0.00",",,7,0800",,,,
"USC00165076","30.2141","-93.2494","1.5","2021-09-06",,,"0.32",",,7,0800",,,,
"USC00165076","30.2141","-93.2494","1.5","2021-09-07",,,"1.69",",,7,0800",,,,
"USC00165076","30.2141","-93.2494","1.5","2021-09-08",,,"0.00",",,7,0800",,,,
"USC00165076","30.2141","-93.2494","1.5","2021-09-09",,,"0.05",",,7,0800",,,,
"USC00165076","30.2141","-93.2494","1.5","2021-09-10",,,"0.00",",,7,0800",,,,
"USC00165076","30.2141","-93.2494","1.5","2021-09-11",,,"0.00",",,7,0800",,,,
"USC00165076","30.2141","-93.2494","1.5","2021-09-12",,,"0.00",",,7,0800",,,,
"USC00165076","30.2141","-93.2494","1.5","2021-09-13",,,"0.13",",,7,0800",,,,
"USC00165076","30.2141","-93.2494","1.5","2021-09-14",,,"1.68",",,7,0800",,,,
"USC00165076","30.2141","-93.2494","1.5","2021-09-15",,,"2.24",",,7,0800",,,,
"USC00165076","30.2141","-93.2494","1.5","2021-09-16",,,"0.08",",,7,0800",,,,
"USC00165076","30.2141","-93.2494","1.5","2021-09-17",,,"0.03",",,7,0800",,,,
"USC00165076","30.2141","-93.2494","1.5","2021-09-18",,,"0.00",",,7,0800",,,,
"USC00165076","30.2141","-93.2494","1.5","2021-09-19",,,"0.00",",,7,0800",,,,
"USC00165076","30.2141","-93.2494","1.5","2021-09-20",,,"0.34",",,7,0800",,,,
"USC00165076","30.2141","-93.2494","1.5","2021-09-21",,,"0.00",",,7,0800",,,,
"USC00165076","30.2141","-93.2494","1.5","2021-09-22",,,"0.12",",,7,0800",,,,
"USC00165076","30.2141","-93.2494","1.5","2021-09-23",,,"0.00",",,7,0800",,,,
"USC00165076","30.2141","-93.2494","1.5","2021-09-24",,,"0.00",",,7,0800",,,,
"USC00165076","30.2141","-93.2494","1.5","2021-09-25",,,"0.00",",,7,0800",,,,
"USC00165076","30.2141","-93.2494","1.5","2021-09-26",,,"0.00",",,7,0800",,,,
"USC00165076","30.2141","-93.2494","1.5","2021-09-27",,,"0.00",",,7,0800",,,,
"USC00165076","30.2141","-93.2494","1.5","2021-09-28",,,"0.17",",,7,0800",,,,
"USC00165076","30.2141","-93.2494","1.5","2021-09-29",,,"2.60",",,7,0800",,,,
"USC00165076","30.2141","-93.2494","1.5","2021-09-30",,,"0.22",",,7,0800",,,,
"USC00165076","30.2141","-93.2494","1.5","2021-10-01",,,"0.45",",,7,0800",,,,
"USC00165076","30.2141","-93.2494","1.5","2021-10-02",,,"0.30",",,7,0800",,,,
"USC00165076","30.2141","-93.2494","1.5","2021-10-03",,,"0.12",",,7,0800",,,,
"USC00165076","30.2141","-93.2494","1.5","2021-10-04",,,"0.00",",,7,0800",,,,
"USC00165076","30.2141","-93.2494","1.5","2021-10-05",,,"0.00",",,7,0800",,,,
"USC00165076","30.2141","-93.2494","1.5","2021-10-06",,,"0.00",",,7,0800",,,,
"USC00165076","30.2141","-93.2494","1.5","2021-10-07",,,"0.00",",,7,0800",,,,
"USC00165076","30.2141","-93.2494","1.5","2021-10-08",,,"0.00",",,7,0800",,,,
"USC00165076","30.2141","-93.2494","1.5","2021-10-09",,,"0.00",",,7,0800",,,,
"USC00165076","30.2141","-93.2494","1.5","2021-10-10",,,"0.00",",,7,0800",,,,
"USC00165076","30.2141","-93.2494","1.5","2021-10-11",,,"0.10",",,7,0800",,,,
"USC00165076","30.2141","-93.2494","1.5","2021-10-12",,,"0.15",",,7,0800",,,,
"USC00165076","30.2141","-93.2494","1.5","2021-10-13",,,"0.00",",,7,0800",,,,
"USC00165076","30.2141","-93.2494","1.5","2021-10-14",,,"0.00",",,7,0800",,,,
"USC00165076","30.2141","-93.2494","1.5","2021-10-15",,,"0.00",",,7,0800",,,,
"USC00165076","30.2141","-93.2494","1.5","2021-10-16",,,"0.15",",,7,0800",,,,
"USC00165076","30.2141","-93.2494","1.5","2021-10-17",,,"0.00",",,7,0800",,,,
"USC00165076","30.2141","-93.2494","1.5","2021-10-18",,,"0.00",",,7,0800",,,,
"USC00165076","30.2141","-93.2494","1.5","2021-10-19",,,"0.00",",,7,0800",,,,
"USC00165076","30.2141","-93.2494","1.5","2021-10-20",,,"0.00",",,7,0800",,,,
"USC00165076","30.2141","-93.2494","1.5","2021-10-21",,,"0.00",",,7,0800",,,,
"USC00165076","30.2141","-93.2494","1.5","2021-10-22",,,"0.00",",,7,0800",,,,
"USC00165076","30.2141","-93.2494","1.5","2021-10-23",,,"0.00",",,7,0800",,,,
"USC00165076","30.2141","-93.2494","1.5","2021-10-24",,,"0.00",",,7,0800",,,,
"USC00165076","30.2141","-93.2494","1.5","2021-10-25",,,"0.00",",,7,0800",,,,
"USC00165076","30.2141","-93.2494","1.5","2021-10-26",,,"0.00",",,7,0800",,,,
"USC00165076","30.2141","-93.2494","1.5","2021-10-27",,,"0.00",",,7,0800",,,,
"USC00165076","30.2141","-93.2494","1.5","2021-10-28",,,"0.82",",,7,0800",,,,
"USC00165076","30.2141","-93.2494","1.5","2021-10-29",,,"0.00",",,7,0800",,,,
"USC00165076","30.2141","-93.2494","1.5","2021-10-30",,,"0.00",",,7,0800",,,,
"USC00165076","30.2141","-93.2494","1.5","2021-11-01",,,"0.00",",,H,0800",,,,
"USC00165076","30.2141","-93.2494","1.5","2021-11-02",,,"0.00",",,H,0800",,,,
"USC00165076","30.2141","-93.2494","1.5","2021-11-03",,,"0.00",",,H,0800",,,,
"USC00165076","30.2141","-93.2494","1.5","2021-11-04",,,"0.20",",,H,0800",,,,
"USC00165076","30.2141","-93.2494","1.5","2021-11-05",,,"0.00",",,H,0800",,,,
"USC00165076","30.2141","-93.2494","1.5","2021-11-06",,,"0.00",",,H,0800",,,,
"USC00165076","30.2141","-93.2494","1.5","2021-11-07",,,"0.00",",,H,0800",,,,
"USC00165076","30.2141","-93.2494","1.5","2021-11-08",,,"0.00",",,H,0800",,,,
"USC00165076","30.2141","-93.2494","1.5","2021-11-09",,,"0.00",",,H,0800",,,,
"USC00165076","30.2141","-93.2494","1.5","2021-11-10",,,"0.01",",,H,0800",,,,
"USC00165076","30.2141","-93.2494","1.5","2021-11-11",,,"0.00",",,H,0800",,,,
"USC00165076","30.2141","-93.2494","1.5","2021-11-12",,,"0.30",",,H,0800",,,,
"USC00165076","30.2141","-93.2494","1.5","2021-11-13",,,"0.00",",,H,0800",,,,
"USC00165076","30.2141","-93.2494","1.5","2021-11-14",,,"0.00",",,H,0800",,,,
"USC00165076","30.2141","-93.2494","1.5","2021-11-15",,,"0.00",",,H,0800",,,,
"USC00165076","30.2141","-93.2494","1.5","2021-11-16",,,"0.00",",,H,0800",,,,
"USC00165076","30.2141","-93.2494","1.5","2021-11-17",,,"0.00",",,H,0800",,,,
"USC00165076","30.2141","-93.2494","1.5","2021-11-18",,,"0.00",",,H,0800",,,,
"USC00165076","30.2141","-93.2494","1.5","2021-11-19",,,"0.00",",,H,0800",,,,
"USC00165076","30.2141","-93.2494","1.5","2021-11-20",,,"0.00",",,H,0800",,,,
"USC00165076","30.2141","-93.2494","1.5","2021-11-21",,,"0.00",",,H,0800",,,,
"USC00165076","30.2141","-93.2494","1.5","2021-11-22",,,"0.00",",,H,0800",,,,
"USC00165076","30.2141","-93.2494","1.5","2021-11-23",,,"0.00",",,H,0800",,,,
"USC00165076","30.2141","-93.2494","1.5","2021-11-24",,,"0.00",",,H,0800",,,,
"USC00165076","30.2141","-93.2494","1.5","2021-11-25",,,"0.00",",,H,0800",,,,
"USC00165076","30.2141","-93.2494","1.5","2021-11-26",,,"0.23",",,H,0800",,,,
"USC00165076","30.2141","-93.2494","1.5","2021-11-27",,,"0.00",",,H,0800",,,,
"USC00165076","30.2141","-93.2494","1.5","2021-11-28",,,"0.60",",,H,0800",,,,
"US1MECM0085","43.917443","-70.244087","51.5","2021-08-23",,,"0.19",",,N",,,,
"US1MECM0085","43.917443","-70.244087","51.5","2021-08-24",,,"0.31",",,N",,,,
"US1MECM0085","43.917443","-70.244087","51.5","2021-08-29",,,"0.07",",,N",,,,
"US1MECM0085","43.917443","-70.244087","51.5","2021-08-30",,,"0.00",",,N","0.0",",,N",,
"US1MECM0085","43.917443","-70.244087","51.5","2021-09-02",,,"1.46",",,N",,,,
"US1MECM0085","43.917443","-70.244087","51.5","2021-09-03",,,"0.03",",,N",,,,
"US1MECM0085","43.917443","-70.244087","51.5","2021-09-04",,,"0.01",",,N",,,,
"US1MECM0085","43.917443","-70.244087","51.5","2021-09-05",,,"0.00",",,N","0.0",",,N",,
"US1MECM0085","43.917443","-70.244087","51.5","2021-09-06",,,"0.15",",,N",,,,
"US1MECM0085","43.917443","-70.244087","51.5","2021-09-09",,,"0.49",",,N",,,,
"US1MECM0085","43.917443","-70.244087","51.5","2021-09-10",,,"1.39",",,N",,,,
"US1MECM0085","43.917443","-70.244087","51.5","2021-09-11",,,"0.00",",,N","0.0",",,N",,
"US1MECM0085","43.917443","-70.244087","51.5","2021-09-16",,,"0.32",",,N",,,,
"US1MECM0085","43.917443","-70.244087","51.5","2021-09-17",,,"0.00",",,N","0.0",",,N",,
"US1MECM0085","43.917443","-70.244087","51.5","2021-09-18",,,"0.00",",,N","0.0",",,N",,
"US1MECM0085","43.917443","-70.244087","51.5","2021-09-19",,,"0.08",",,N",,,,
"US1MECM0085","43.917443","-70.244087","51.5","2021-09-20",,,"0.00",",,N","0.0",",,N",,
"US1MECM0085","43.917443","-70.244087","51.5","2021-09-21",,,"0.00",",,N","0.0",",,N",,
"US1MECM0085","43.917443","-70.244087","51.5","2021-09-22",,,"0.00",",,N","0.0",",,N",,
"US1MECM0085","43.917443","-70.244087","51.5","2021-09-23",,,"0.00",",,N","0.0",",,N",,
"US1MECM0085","43.917443","-70.244087","51.5","2021-09-24",,,"0.00","T,,N",,,,
"US1MECM0085","43.917443","-70.244087","51.5","2021-09-25",,,"0.68",",,N",,,,
"US1MECM0085","43.917443","-70.244087","51.5","2021-09-26",,,"0.41",",,N",,,,
"US1MECM0085","43.917443","-70.244087","51.5","2021-10-17",,,"0.42",",,N",,,,
"US1MECM0085","43.917443","-70.244087","51.5","2021-10-31",,,"3.30",",,N",,,,
"US1MECM0085","43.917443","-70.244087","51.5","2021-11-13",,,"1.90",",,N",,,,
"US1MECM0085","43.917443","-70.244087","51.5","2021-11-14",,,"0.33",",,N",,,,
"US1MECM0085","43.917443","-70.244087","51.5","2021-11-15",,,"0.19",",,N",,,,
"US1MECM0085","43.917443","-70.244087","51.5","2021-11-16",,,"0.00",",,N","0.0",",,N",,
"US1MECM0085","43.917443","-70.244087","51.5","2021-11-17",,,"0.00",",,N","0.0",",,N",,
"US1MECM0085","43.917443","-70.244087","51.5","2021-11-18",,,"0.09",",,N",,,,
"USR0000LGUM","31.9","-92.7672","91.4","2021-08-01",,,,,,,"85",",,U"
"USR0000LGUM","31.9","-92.7672","91.4","2021-08-02",,,,,,,"77",",,U"
"USR0000LGUM","31.9","-92.7672","91.4","2021-08-03",,,,,,,"79",",,U"
"USR0000LGUM","31.9","-92.7672","91.4","2021-08-04",,,,,,,"79",",,U"
"USR0000LGUM","31.9","-92.7672","91.4","2021-08-05",,,,,,,"78",",,U"
"USR0000LGUM","31.9","-92.7672","91.4","2021-08-06",,,,,,,"81",",,U"
"USR0000LGUM","31.9","-92.7672","91.4","2021-08-07",,,,,,,"81",",,U"
"USR0000LGUM","31.9","-92.7672","91.4","2021-08-08",,,,,,,"85",",,U"
"USR0000LGUM","31.9","-92.7672","91.4","2021-08-09",,,,,,,"84",",,U"
"USR0000LGUM","31.9","-92.7672","91.4","2021-08-10",,,,,,,"85",",,U"
"USR0000LGUM","31.9","-92.7672","91.4","2021-08-11",,,,,,,"84",",,U"
"USR0000LGUM","31.9","-92.7672","91.4","2021-08-12",,,,,,,"82",",,U"
"USR0000LGUM","31.9","-92.7672","91.4","2021-08-13",,,,,,,"84",",,U"
"USR0000LGUM","31.9","-92.7672","91.4","2021-08-14",,,,,,,"79",",,U"
"USR0000LGUM","31.9","-92.7672","91.4","2021-08-15",,,,,,,"80",",,U"
"USR0000LGUM","31.9","-92.7672","91.4","2021-08-16",,,,,,,"78",",,U"
"USR0000LGUM","31.9","-92.7672","91.4","2021-08-17",,,,,,,"80",",,U"
"USR0000LGUM","31.9","-92.7672","91.4","2021-08-18",,,,,,,"79",",,U"
"USR0000LGUM","31.9","-92.7672","91.4","2021-08-19",,,,,,,"77",",,U"
"USR0000LGUM","31.9","-92.7672","91.4","2021-08-20",,,,,,,"83",",,U"
"USR0000LGUM","31.9","-92.7672","91.4","2021-08-21",,,,,,,"83",",,U"
"USR0000LGUM","31.9","-92.7672","91.4","2021-08-22",,,,,,,"85",",,U"
"USR0000LGUM","31.9","-92.7672","91.4","2021-08-23",,,,,,,"86",",,U"
"USR0000LGUM","31.9","-92.7672","91.4","2021-08-24",,,,,,,"82",",,U"
"USR0000LGUM","31.9","-92.7672","91.4","2021-08-25",,,,,,,"84",",,U"
"USR0000LGUM","31.9","-92.7672","91.4","2021-08-26",,,,,,,"82",",,U"
"USR0000LGUM","31.9","-92.7672","91.4","2021-08-27",,,,,,,"81",",,U"
"USR0000LGUM","31.9","-92.7672","91.4","2021-08-28",,,,,,,"80",",,U"
"USR0000LGUM","31.9","-92.7672","91.4","2021-08-29",,,,,,,"79",",,U"
"USR0000LGUM","31.9","-92.7672","91.4","2021-08-30",,,,,,,"76",",,U"
"USR0000LGUM","31.9","-92.7672","91.4","2021-08-31",,,,,,,"81",",,U"
"USR0000LGUM","31.9","-92.7672","91.4","2021-09-01",,,,,,,"84",",,U"
"USR0000LGUM","31.9","-92.7672","91.4","2021-09-02",,,,,,,"81",",,U"
"USR0000LGUM","31.9","-92.7672","91.4","2021-09-03",,,,,,,"81",",,U"
"USR0000LGUM","31.9","-92.7672","91.4","2021-09-04",,,,,,,"83",",,U"
"USR0000LGUM","31.9","-92.7672","91.4","2021-09-05",,,,,,,"83",",,U"
"USR0000LGUM","31.9","-92.7672","91.4","2021-09-06",,,,,,,"78",",,U"
"USR0000LGUM","31.9","-92.7672","91.4","2021-09-07",,,,,,,"77",",,U"
"USR0000LGUM","31.9","-92.7672","91.4","2021-09-08",,,,,,,"80",",,U"
"USR0000LGUM","31.9","-92.7672","91.4","2021-09-09",,,,,,,"78",",,U"
"USR0000LGUM","31.9","-92.7672","91.4","2021-09-10",,,,,,,"75",",,U"
"USR0000LGUM","31.9","-92.7672","91.4","2021-09-11",,,,,,,"74",",,U"
"USR0000LGUM","31.9","-92.7672","91.4","2021-09-12",,,,,,,"77",",,U"
"USR0000LGUM","31.9","-92.7672","91.4","2021-09-13",,,,,,,"77",",,U"
"USR0000LGUM","31.9","-92.7672","91.4","2021-09-14",,,,,,,"72",",,U"
"USR0000LGUM","31.9","-92.7672","91.4","2021-09-15",,,,,,,"74",",,U"
"USR0000LGUM","31.9","-92.7672","91.4","2021-09-16",,,,,,,"74",",,U"
"USR0000LGUM","31.9","-92.7672","91.4","2021-09-17",,,,,,,"76",",,U"
"USR0000LGUM","31.9","-92.7672","91.4","2021-09-18",,,,,,,"78",",,U"
"USR0000LGUM","31.9","-92.7672","91.4","2021-09-19",,,,,,,"78",",,U"
"USR0000LGUM","31.9","-92.7672","91.4","2021-09-20",,,,,,,"80",",,U"
"USR0000LGUM","31.9","-92.7672","91.4","2021-09-21",,,,,,,"80",",,U"
"USR0000LGUM","31.9","-92.7672","91.4","2021-09-22",,,,,,,"68",",,U"
"USR0000LGUM","31.9","-92.7672","91.4","2021-09-23",,,,,,,"67",",,U"
"USR0000LGUM","31.9","-92.7672","91.4","2021-09-24",,,,,,,"69",",,U"
"USR0000LGUM","31.9","-92.7672","91.4","2021-09-25",,,,,,,"71",",,U"
"USR0000LGUM","31.9","-92.7672","91.4","2021-09-26",,,,,,,"73",",,U"
"USR0000LGUM","31.9","-92.7672","91.4","2021-09-27",,,,,,,"76",",,U"
"USR0000LGUM","31.9","-92.7672","91.4","2021-09-28",,,,,,,"74",",,U"
"USR0000LGUM","31.9","-92.7672","91.4","2021-09-29",,,,,,,"72",",,U"
"USR0000LGUM","31.9","-92.7672","91.4","2021-09-30",,,,,,,"75",",,U"
"USR0000LGUM","31.9","-92.7672","91.4","2021-10-01",,,,,,,"76",",,U"
"USR0000LGUM","31.9","-92.7672","91.4","2021-10-02",,,,,,,"76",",,U"
"USR0000LGUM","31.9","-92.7672","91.4","2021-10-03",,,,,,,"76",",,U"
"USR0000LGUM","31.9","-92.7672","91.4","2021-10-04",,,,,,,"74",",,U"
"USR0000LGUM","31.9","-92.7672","91.4","2021-10-05",,,,,,,"73",",,U"
"USR0000LGUM","31.9","-92.7672","91.4","2021-10-06",,,,,,,"71",",,U"
"USR0000LGUM","31.9","-92.7672","91.4","2021-10-07",,,,,,,"74",",,U"
"USR0000LGUM","31.9","-92.7672","91.4","2021-10-08",,,,,,,"76",",,U"
"USR0000LGUM","31.9","-92.7672","91.4","2021-10-09",,,,,,,"75",",,U"
"USR0000LGUM","31.9","-92.7672","91.4","2021-10-10",,,,,,,"76",",,U"
"USR0000LGUM","31.9","-92.7672","91.4","2021-10-11",,,,,,,"76",",,U"
"USR0000LGUM","31.9","-92.7672","91.4","2021-10-12",,,,,,,"74",",,U"
"USR0000LGUM","31.9","-92.7672","91.4","2021-10-13",,,,,,,"78",",,U"
"USR0000LGUM","31.9","-92.7672","91.4","2021-10-14",,,,,,,"76",",,U"
"USR0000LGUM","31.9","-92.7672","91.4","2021-10-15",,,,,,,"79",",,U"
"USR0000LGUM","31.9","-92.7672","91.4","2021-10-16",,,,,,,"62",",,U"
"USR0000LGUM","31.9","-92.7672","91.4","2021-10-17",,,,,,,"61",",,U"
"USR0000LGUM","31.9","-92.7672","91.4","2021-10-18",,,,,,,"61",",,U"
"USR0000LGUM","31.9","-92.7672","91.4","2021-10-19",,,,,,,"64",",,U"
"USR0000LGUM","31.9","-92.7672","91.4","2021-10-20",,,,,,,"71",",,U"
"USR0000LGUM","31.9","-92.7672","91.4","2021-10-21",,,,,,,"76",",,U"
"USR0000LGUM","31.9","-92.7672","91.4","2021-10-22",,,,,,,"69",",,U"
"USR0000LGUM","31.9","-92.7672","91.4","2021-10-23",,,,,,,"73",",,U"
"USR0000LGUM","31.9","-92.7672","91.4","2021-10-24",,,,,,,"75",",,U"
"USR0000LGUM","31.9","-92.7672","91.4","2021-10-25",,,,,,,"75",",,U"
"USR0000LGUM","31.9","-92.7672","91.4","2021-10-26",,,,,,,"69",",,U"
"USR0000LGUM","31.9","-92.7672","91.4","2021-10-27",,,,,,,"68",",,U"
"USR0000LGUM","31.9","-92.7672","91.4","2021-10-28",,,,,,,"60",",,U"
"USR0000LGUM","31.9","-92.7672","91.4","2021-10-29",,,,,,,"58",",,U"
"USR0000LGUM","31.9","-92.7672","91.4","2021-10-30",,,,,,,"58",",,U"
"USR0000LGUM","31.9","-92.7672","91.4","2021-10-31",,,,,,,"61",",,U"
"USR0000LGUM","31.9","-92.7672","91.4","2021-11-01",,,,,,,"61",",,U"
"USR0000LGUM","31.9","-92.7672","91.4","2021-11-02",,,,,,,"58",",,U"
"USR0000LGUM","31.9","-92.7672","91.4","2021-11-03",,,,,,,"49",",,U"
"USR0000LGUM","31.9","-92.7672","91.4","2021-11-04",,,,,,,"48",",,U"
"USR0000LGUM","31.9","-92.7672","91.4","2021-11-05",,,,,,,"48",",,U"
"USR0000LGUM","31.9","-92.7672","91.4","2021-11-06",,,,,,,"48",",,U"
"USR0000LGUM","31.9","-92.7672","91.4","2021-11-07",,,,,,,"53",",,U"
"USR0000LGUM","31.9","-92.7672","91.4","2021-11-08",,,,,,,"58",",,U"
"USR0000LGUM","31.9","-92.7672","91.4","2021-11-09",,,,,,,"58",",,U"
"USR0000LGUM","31.9","-92.7672","91.4","2021-11-10",,,,,,,"62",",,U"
"USR0000LGUM","31.9","-92.7672","91.4","2021-11-11",,,,,,,"61",",,U"
"USR0000LGUM","31.9","-92.7672","91.4","2021-11-12",,,,,,,"57",",,U"
"USR0000LGUM","31.9","-92.7672","91.4","2021-11-13",,,,,,,"47",",,U"
"USR0000LGUM","31.9","-92.7672","91.4","2021-11-14",,,,,,,"55",",,U"
"USR0000LGUM","31.9","-92.7672","91.4","2021-11-15",,,,,,,"63",",,U"
"USR0000LGUM","31.9","-92.7672","91.4","2021-11-16",,,,,,,"66",",,U"
"USR0000LGUM","31.9","-92.7672","91.4","2021-11-17",,,,,,,"68",",,U"
"USR0000LGUM","31.9","-92.7672","91.4","2021-11-18",,,,,,,"54",",,U"
"USR0000LGUM","31.9","-92.7672","91.4","2021-11-19",,,,,,,"47",",,U"
"USR0000LGUM","31.9","-92.7672","91.4","2021-11-20",,,,,,,"54",",,U"
"USR0000LGUM","31.9","-92.7672","91.4","2021-11-21",,,,,,,"63",",,U"
"USR0000LGUM","31.9","-92.7672","91.4","2021-11-22",,,,,,,"56",",,U"
"USR0000LGUM","31.9","-92.7672","91.4","2021-11-23",,,,,,,"51",",,U"
"USR0000LGUM","31.9","-92.7672","91.4","2021-11-24",,,,,,,"58",",,U"
"USR0000LGUM","31.9","-92.7672","91.4","2021-11-25",,,,,,,"58",",,U"
"USR0000LGUM","31.9","-92.7672","91.4","2021-11-26",,,,,,,"42",",,U"
"USR0000LGUM","31.9","-92.7672","91.4","2021-11-27",,,,,,,"44",",,U"
"USR0000LGUM","31.9","-92.7672","91.4","2021-11-28",,,,,,,"50",",,U"
"USC00165074","30.2544","-93.2186","1.5","2021-08-01",,,"0.00",",,7,0800",,,,
"USC00165074","30.2544","-93.2186","1.5","2021-08-02",,,"0.29",",,7,0800",,,,
"USC00165074","30.2544","-93.2186","1.5","2021-08-03",,,"0.29",",,7,0800",,,,
"USC00165074","30.2544","-93.2186","1.5","2021-08-04",,,"1.93",",,7,0800",,,,
"USC00165074","30.2544","-93.2186","1.5","2021-08-05",,,"0.00",",,7,0800",,,,
"USC00165074","30.2544","-93.2186","1.5","2021-08-06",,,"0.00",",,7,0800",,,,
"USC00165074","30.2544","-93.2186","1.5","2021-08-07",,,"0.00",",,7,0800",,,,
"USC00165074","30.2544","-93.2186","1.5","2021-08-08",,,"0.25",",,7,0800",,,,
"USC00165074","30.2544","-93.2186","1.5","2021-08-09",,,"0.00",",,7,0800",,,,
"USC00165074","30.2544","-93.2186","1.5","2021-08-10",,,"0.00",",,7,0800",,,,
"USC00165074","30.2544","-93.2186","1.5","2021-08-11",,,"0.00",",,7,0800",,,,
"USC00165074","30.2544","-93.2186","1.5","2021-08-12",,,"0.47",",,7,0800",,,,
"USC00165074","30.2544","-93.2186","1.5","2021-08-13",,,"0.46",",,7,0800",,,,
"USC00165074","30.2544","-93.2186","1.5","2021-08-14",,,"0.00",",,7,0800",,,,
"USC00165074","30.2544","-93.2186","1.5","2021-08-15",,,"0.02",",,7,0800",,,,
"USC00165074","30.2544","-93.2186","1.5","2021-08-16",,,"0.05",",,7,0800",,,,
"USC00165074","30.2544","-93.2186","1.5","2021-08-17",,,"0.03",",,7,0800",,,,
"USC00165074","30.2544","-93.2186","1.5","2021-08-18",,,"0.00",",,7,0800",,,,
"USC00165074","30.2544","-93.2186","1.5","2021-08-19",,,"0.07",",,7,0800",,,,
"USC00165074","30.2544","-93.2186","1.5","2021-08-20",,,"0.00",",,7,0800",,,,
"USC00165074","30.2544","-93.2186","1.5","2021-08-21",,,"0.00",",,7,0800",,,,
"USC00165074","30.2544","-93.2186","1.5","2021-08-22",,,"0.00",",,7,0800",,,,
"USC00165074","30.2544","-93.2186","1.5","2021-08-23",,,"0.00",",,7,0800",,,,
"USC00165074","30.2544","-93.2186","1.5","2021-08-24",,,"0.00",",,7,0800",,,,
"USC00165074","30.2544","-93.2186","1.5","2021-08-25",,,"0.52",",,7,0800",,,,
"USC00165074","30.2544","-93.2186","1.5","2021-08-26",,,"0.00",",,7,0800",,,,
"USC00165074","30.2544","-93.2186","1.5","2021-08-27",,,"0.00",",,7,0800",,,,
"USC00165074","30.2544","-93.2186","1.5","2021-08-28",,,"0.00",",,7,0800",,,,
"USC00165074","30.2544","-93.2186","1.5","2021-08-29",,,"0.02",",,7,0800",,,,
"USC00165074","30.2544","-93.2186","1.5","2021-08-30",,,"0.00",",,7,0800",,,,
"USC00165074","30.2544","-93.2186","1.5","2021-08-31",,,"0.00",",,7,0800",,,,
"USC00165074","30.2544","-93.2186","1.5","2021-09-01",,,"0.00",",,7,0800",,,,
"USC00165074","30.2544","-93.2186","1.5","2021-09-02",,,"0.20",",,7,0800",,,,
"USC00165074","30.2544","-93.2186","1.5","2021-09-03",,,"0.02",",,7,0800",,,,
"USC00165074","30.2544","-93.2186","1.5","2021-09-04",,,"0.02",",,7,0800",,,,
"USC00165074","30.2544","-93.2186","1.5","2021-09-05",,,"0.00",",,7,0800",,,,
"USC00165074","30.2544","-93.2186","1.5","2021-09-06",,,"0.00",",,7,0800",,,,
"USC00165074","30.2544","-93.2186","1.5","2021-09-07",,,"1.56",",,7,0800",,,,
"USC00165074","30.2544","-93.2186","1.5","2021-09-08",,,"0.00",",,7,0800",,,,
"USC00165074","30.2544","-93.2186","1.5","2021-09-09",,,"0.00",",,7,0800",,,,
"USC00165074","30.2544","-93.2186","1.5","2021-09-10",,,"0.00",",,7,0800",,,,
"USC00165074","30.2544","-93.2186","1.5","2021-09-11",,,"0.00",",,7,0800",,,,
"USC00165074","30.2544","-93.2186","1.5","2021-09-12",,,"0.00",",,7,0800",,,,
"USC00165074","30.2544","-93.2186","1.5","2021-09-13",,,"0.03",",,7,0800",,,,
"USC00165074","30.2544","-93.2186","1.5","2021-09-14",,,"1.75",",,7,0800",,,,
"USC00165074","30.2544","-93.2186","1.5","2021-09-15",,,"1.62",",,7,0800",,,,
"USC00165074","30.2544","-93.2186","1.5","2021-09-16",,,"0.20",",,7,0800",,,,
"USC00165074","30.2544","-93.2186","1.5","2021-09-17",,,"0.07",",,7,0800",,,,
"USC00165074","30.2544","-93.2186","1.5","2021-09-18",,,"0.00",",,7,0800",,,,
"USC00165074","30.2544","-93.2186","1.5","2021-09-19",,,"0.10",",,7,0800",,,,
"USC00165074","30.2544","-93.2186","1.5","2021-09-20",,,"0.00",",,7,0800",,,,
"USC00165074","30.2544","-93.2186","1.5","2021-09-21",,,"0.00",",,7,0800",,,,
"USC00165074","30.2544","-93.2186","1.5","2021-09-22",,,"0.01",",,7,0800",,,,
"USC00165074","30.2544","-93.2186","1.5","2021-09-23",,,"0.00",",,7,0800",,,,
"USC00165074","30.2544","-93.2186","1.5","2021-09-24",,,"0.00",",,7,0800",,,,
"USC00165074","30.2544","-93.2186","1.5","2021-09-25",,,"0.00",",,7,0800",,,,
"USC00165074","30.2544","-93.2186","1.5","2021-09-26",,,"0.00",",,7,0800",,,,
"USC00165074","30.2544","-93.2186","1.5","2021-09-27",,,"0.00",",,7,0800",,,,
"USC00165074","30.2544","-93.2186","1.5","2021-09-28",,,"0.19",",,7,0800",,,,
"USC00165074","30.2544","-93.2186","1.5","2021-09-29",,,"1.98",",,7,0800",,,,
"USC00165074","30.2544","-93.2186","1.5","2021-09-30",,,"0.29",",,7,0800",,,,
"USC00165074","30.2544","-93.2186","1.5","2021-10-01",,,"0.39",",,7,0800",,,,
"USC00165074","30.2544","-93.2186","1.5","2021-10-02",,,"0.16",",,7,0800",,,,
"USC00165074","30.2544","-93.2186","1.5","2021-10-03",,,"0.42",",,7,0800",,,,
"USC00165074","30.2544","-93.2186","1.5","2021-10-04",,,"0.00",",,7,0800",,,,
"USC00165074","30.2544","-93.2186","1.5","2021-10-05",,,"0.00",",,7,0800",,,,
"USC00165074","30.2544","-93.2186","1.5","2021-10-06",,,"0.00",",,7,0800",,,,
"USC00165074","30.2544","-93.2186","1.5","2021-10-07",,,"0.00",",,7,0800",,,,
"USC00165074","30.2544","-93.2186","1.5","2021-10-08",,,"0.00",",,7,0800",,,,
"USC00165074","30.2544","-93.2186","1.5","2021-10-09",,,"0.00",",,7,0800",,,,
"USC00165074","30.2544","-93.2186","1.5","2021-10-10",,,"0.00",",,7,0800",,,,
"USC00165074","30.2544","-93.2186","1.5","2021-10-11",,,"0.00",",,7,0800",,,,
"USC00165074","30.2544","-93.2186","1.5","2021-10-12",,,"0.03",",,7,0800",,,,
"USC00165074","30.2544","-93.2186","1.5","2021-10-13",,,"0.00",",,7,0800",,,,
"USC00165074","30.2544","-93.2186","1.5","2021-10-14",,,"0.00",",,7,0800",,,,
"USC00165074","30.2544","-93.2186","1.5","2021-10-15",,,"0.00",",,7,0800",,,,
"USC00165074","30.2544","-93.2186","1.5","2021-10-16",,,"0.02",",,7,0800",,,,
"USC00165074","30.2544","-93.2186","1.5","2021-10-17",,,"0.00",",,7,0800",,,,
"USC00165074","30.2544","-93.2186","1.5","2021-10-18",,,"0.00",",,7,0800",,,,
"USC00165074","30.2544","-93.2186","1.5","2021-10-19",,,"0.00",",,7,0800",,,,
"USC00165074","30.2544","-93.2186","1.5","2021-10-20",,,"0.00",",,7,0800",,,,
"USC00165074","30.2544","-93.2186","1.5","2021-10-21",,,"0.00",",,7,0800",,,,
"USC00165074","30.2544","-93.2186","1.5","2021-10-22",,,"0.00",",,7,0800",,,,
"USC00165074","30.2544","-93.2186","1.5","2021-10-23",,,"0.00",",,7,0800",,,,
"USC00165074","30.2544","-93.2186","1.5","2021-10-24",,,"0.00",",,7,0800",,,,
"USC00165074","30.2544","-93.2186","1.5","2021-10-25",,,"0.00",",,7,0800",,,,
"USC00165074","30.2544","-93.2186","1.5","2021-10-26",,,"0.00",",,7,0800",,,,
"USC00165074","30.2544","-93.2186","1.5","2021-10-27",,,"0.00",",,7,0800",,,,
"USC00165074","30.2544","-93.2186","1.5","2021-10-28",,,"0.95",",,7,0800",,,,
"USC00165074","30.2544","-93.2186","1.5","2021-10-29",,,"0.00",",,7,0800",,,,
"USC00165074","30.2544","-93.2186","1.5","2021-10-30",,,"0.00",",,7,0800",,,,
"USC00165074","30.2544","-93.2186","1.5","2021-10-31",,,"0.00",",,7,0800",,,,
"USC00165074","30.2544","-93.2186","1.5","2021-11-01",,,"0.00",",,H,0800",,,,
"USC00165074","30.2544","-93.2186","1.5","2021-11-02",,,"0.00",",,H,0800",,,,
"USC00165074","30.2544","-93.2186","1.5","2021-11-03",,,"0.00",",,H,0800",,,,
"USC00165074","30.2544","-93.2186","1.5","2021-11-04",,,"0.14",",,H,0800",,,,
"USC00165074","30.2544","-93.2186","1.5","2021-11-05",,,"0.00",",,H,0800",,,,
"USC00165074","30.2544","-93.2186","1.5","2021-11-06",,,"0.00",",,H,0800",,,,
"USC00165074","30.2544","-93.2186","1.5","2021-11-07",,,"0.00",",,H,0800",,,,
"USC00165074","30.2544","-93.2186","1.5","2021-11-08",,,"0.00",",,H,0800",,,,
"USC00165074","30.2544","-93.2186","1.5","2021-11-09",,,"0.00",",,H,0800",,,,
"USC00165074","30.2544","-93.2186","1.5","2021-11-10",,,"0.00",",,H,0800",,,,
"USC00165074","30.2544","-93.2186","1.5","2021-11-11",,,"0.00",",,H,0800",,,,
"USC00165074","30.2544","-93.2186","1.5","2021-11-12",,,"3.00",",,H,0800",,,,
"USC00165074","30.2544","-93.2186","1.5","2021-11-13",,,"0.00",",,H,0800",,,,
"USC00165074","30.2544","-93.2186","1.5","2021-11-14",,,"0.00",",,H,0800",,,,
"USC00165074","30.2544","-93.2186","1.5","2021-11-15",,,"0.00",",,H,0800",,,,
"USC00165074","30.2544","-93.2186","1.5","2021-11-16",,,"0.00",",,H,0800",,,,
"USC00165074","30.2544","-93.2186","1.5","2021-11-17",,,"0.01",",,H,0800",,,,
"USC00165074","30.2544","-93.2186","1.5","2021-11-18",,,"0.00",",,H,0800",,,,
"USC00165074","30.2544","-93.2186","1.5","2021-11-19",,,"0.00",",,H,0800",,,,
"USC00165074","30.2544","-93.2186","1.5","2021-11-20",,,"0.00",",,H,0800",,,,
"USC00165074","30.2544","-93.2186","1.5","2021-11-21",,,"0.00",",,H,0800",,,,
"USC00165074","30.2544","-93.2186","1.5","2021-11-22",,,"0.00",",,H,0800",,,,
"USC00165074","30.2544","-93.2186","1.5","2021-11-23",,,"0.04",",,H,0800",,,,
"USC00165074","30.2544","-93.2186","1.5","2021-11-25",,,"0.00",",,H,0800",,,,
"USC00165074","30.2544","-93.2186","1.5","2021-11-26",,,"0.19",",,H,0800",,,,
"USC00165074","30.2544","-93.2186","1.5","2021-11-27",,,"0.00",",,H,0800",,,,
"USC00165074","30.2544","-93.2186","1.5","2021-11-28",,,"0.50",",,H,0800",,,,
"US1MEFR0022","44.733964","-70.180071","185.9","2021-08-01",,,"0.00",",,N","0.0",",,N",,
"US1MEFR0022","44.733964","-70.180071","185.9","2021-08-02",,,"0.43",",,N","0.0",",,N",,
"US1MEFR0022","44.733964","-70.180071","185.9","2021-08-03",,,"0.00",",,N","0.0",",,N",,
"US1MEFR0022","44.733964","-70.180071","185.9","2021-08-04",,,"0.00","T,,N","0.0",",,N",,
"US1MEFR0022","44.733964","-70.180071","185.9","2021-08-05",,,"0.00",",,N","0.0",",,N",,
"US1MEFR0022","44.733964","-70.180071","185.9","2021-08-06",,,"0.12",",,N","0.0",",,N",,
"US1MEFR0022","44.733964","-70.180071","185.9","2021-08-07",,,"0.00","T,,N","0.0",",,N",,
"US1MEFR0022","44.733964","-70.180071","185.9","2021-08-08",,,"0.01",",,N","0.0",",,N",,
"US1MEFR0022","44.733964","-70.180071","185.9","2021-08-09",,,"0.25",",,N","0.0",",,N",,
"US1MEFR0022","44.733964","-70.180071","185.9","2021-08-11",,,"0.00","T,,N","0.0",",,N",,
"US1MEFR0022","44.733964","-70.180071","185.9","2021-08-12",,,"0.11",",,N","0.0",",,N",,
"US1MEFR0022","44.733964","-70.180071","185.9","2021-08-13",,,"0.29",",,N","0.0",",,N",,
"US1MEFR0022","44.733964","-70.180071","185.9","2021-08-14",,,"0.56",",,N","0.0",",,N",,
"US1MEFR0022","44.733964","-70.180071","185.9","2021-08-15",,,"0.16",",,N","0.0",",,N",,
"US1MEFR0022","44.733964","-70.180071","185.9","2021-08-16",,,"0.00",",,N","0.0",",,N",,
"US1MEFR0022","44.733964","-70.180071","185.9","2021-08-17",,,"0.00",",,N","0.0",",,N",,
"US1MEFR0022","44.733964","-70.180071","185.9","2021-08-18",,,"0.00",",,N","0.0",",,N",,
"US1MEFR0022","44.733964","-70.180071","185.9","2021-08-19",,,"0.13",",,N","0.0",",,N",,
"US1MEFR0022","44.733964","-70.180071","185.9","2021-08-20",,,"0.09",",,N","0.0",",,N",,
"US1MEFR0022","44.733964","-70.180071","185.9","2021-08-21",,,"0.00","T,,N","0.0",",,N",,
"US1MEFR0022","44.733964","-70.180071","185.9","2021-08-22",,,"0.02",",,N","0.0",",,N",,
"US1MEFR0022","44.733964","-70.180071","185.9","2021-08-23",,,"0.29",",,N","0.0",",,N",,
"US1MEFR0022","44.733964","-70.180071","185.9","2021-08-24",,,"0.06",",,N","0.0",",,N",,
"US1MEFR0022","44.733964","-70.180071","185.9","2021-08-25",,,"0.00",",,N","0.0",",,N",,
"US1MEFR0022","44.733964","-70.180071","185.9","2021-08-26",,,"0.00",",,N","0.0",",,N",,
"US1MEFR0022","44.733964","-70.180071","185.9","2021-08-27",,,"0.00",",,N","0.0",",,N",,
"US1MEFR0022","44.733964","-70.180071","185.9","2021-08-28",,,"0.00",",,N","0.0",",,N",,
"US1MEFR0022","44.733964","-70.180071","185.9","2021-08-29",,,"0.18",",,N","0.0",",,N",,
"US1MEFR0022","44.733964","-70.180071","185.9","2021-08-30",,,"0.03",",,N","0.0",",,N",,
"US1MEFR0022","44.733964","-70.180071","185.9","2021-08-31",,,"0.25",",,N","0.0",",,N",,
"US1MEFR0022","44.733964","-70.180071","185.9","2021-09-01",,,"0.00",",,N","0.0",",,N",,
"US1MEFR0022","44.733964","-70.180071","185.9","2021-09-02",,,"0.57",",,N","0.0",",,N",,
"US1MEFR0022","44.733964","-70.180071","185.9","2021-09-03",,,"0.01",",,N","0.0",",,N",,
"US1MEFR0022","44.733964","-70.180071","185.9","2021-09-04",,,"0.04",",,N","0.0",",,N",,
"US1MEFR0022","44.733964","-70.180071","185.9","2021-09-05",,,"0.00",",,N","0.0",",,N",,
"US1MEFR0022","44.733964","-70.180071","185.9","2021-09-07",,,"0.36",",,N","0.0",",,N",,
"US1MEFR0022","44.733964","-70.180071","185.9","2021-09-08",,,"0.00","T,,N","0.0",",,N",,
"US1MEFR0022","44.733964","-70.180071","185.9","2021-09-11",,,,,,,,
"US1MEFR0022","44.733964","-70.180071","185.9","2021-09-12",,,"0.00",",,N","0.0",",,N",,
"US1MEFR0022","44.733964","-70.180071","185.9","2021-09-13",,,"0.00","T,,N","0.0",",,N",,
"US1MEFR0022","44.733964","-70.180071","185.9","2021-09-14",,,"0.00","T,,N","0.0",",,N",,
"US1MEFR0022","44.733964","-70.180071","185.9","2021-09-15",,,"0.00","T,,N","0.0",",,N",,
"US1MEFR0022","44.733964","-70.180071","185.9","2021-09-16",,,"0.51",",,N","0.0",",,N",,
"US1MEFR0022","44.733964","-70.180071","185.9","2021-09-17",,,"0.00",",,N","0.0",",,N",,
"US1MEFR0022","44.733964","-70.180071","185.9","2021-09-18",,,"0.00",",,N","0.0",",,N",,
"US1MEFR0022","44.733964","-70.180071","185.9","2021-09-19",,,"0.00",",,N","0.0",",,N",,
"US1MEFR0022","44.733964","-70.180071","185.9","2021-09-20",,,"0.00","T,,N","0.0",",,N",,
"US1MEFR0022","44.733964","-70.180071","185.9","2021-09-21",,,"0.00","T,,N","0.0",",,N",,
"US1MEFR0022","44.733964","-70.180071","185.9","2021-09-22",,,"0.01",",,N","0.0",",,N",,
"US1MEFR0022","44.733964","-70.180071","185.9","2021-09-23",,,"0.14",",,N","0.0",",,N",,
"US1MEFR0022","44.733964","-70.180071","185.9","2021-09-24",,,"0.04",",,N","0.0",",,N",,
"US1MEFR0022","44.733964","-70.180071","185.9","2021-09-25",,,"1.13",",,N","0.0",",,N",,
"US1MEFR0022","44.733964","-70.180071","185.9","2021-09-27",,,"0.02",",,N","0.0",",,N",,
"US1MEFR0022","44.733964","-70.180071","185.9","2021-09-28",,,"0.00","T,,N","0.0",",,N",,
"US1MEFR0022","44.733964","-70.180071","185.9","2021-09-29",,,"0.00","T,,N","0.0",",,N",,
"US1MEFR0022","44.733964","-70.180071","185.9","2021-09-30",,,"0.08",",,N","0.0",",,N",,
"US1MEFR0022","44.733964","-70.180071","185.9","2021-10-01",,,"0.03",",,N","0.0",",,N",,
"US1MEFR0022","44.733964","-70.180071","185.9","2021-10-02",,,"0.00","T,,N","0.0",",,N",,
"US1MEFR0022","44.733964","-70.180071","185.9","2021-10-03",,,"0.01",",,N","0.0",",,N",,
"US1MEFR0022","44.733964","-70.180071","185.9","2021-10-04",,,"0.02",",,N","0.0",",,N",,
"US1MEFR0022","44.733964","-70.180071","185.9","2021-10-05",,,"0.00","T,,N","0.0",",,N",,
"US1MEFR0022","44.733964","-70.180071","185.9","2021-10-06",,,"0.00","T,,N","0.0",",,N",,
"US1MEFR0022","44.733964","-70.180071","185.9","2021-10-07",,,"0.00","T,,N","0.0",",,N",,
"US1MEFR0022","44.733964","-70.180071","185.9","2021-10-08",,,"0.00","T,,N","0.0",",,N",,
"US1MEFR0022","44.733964","-70.180071","185.9","2021-10-09",,,"0.00",",,N","0.0",",,N",,
"US1MEFR0022","44.733964","-70.180071","185.9","2021-10-10",,,"0.00",",,N","0.0",",,N",,
"US1MEFR0022","44.733964","-70.180071","185.9","2021-10-11",,,"0.00","T,,N","0.0",",,N",,
"US1MEFR0022","44.733964","-70.180071","185.9","2021-10-12",,,"0.00","T,,N","0.0",",,N",,
"US1MEFR0022","44.733964","-70.180071","185.9","2021-10-13",,,"0.00",",,N","0.0",",,N",,
"US1MEFR0022","44.733964","-70.180071","185.9","2021-10-14",,,"0.00","T,,N","0.0",",,N",,
"US1MEFR0022","44.733964","-70.180071","185.9","2021-10-15",,,"0.00",",,N","0.0",",,N",,
"US1MEFR0022","44.733964","-70.180071","185.9","2021-10-16",,,"0.17",",,N","0.0",",,N",,
"US1MEFR0022","44.733964","-70.180071","185.9","2021-10-17",,,"0.87",",,N","0.0",",,N",,
"US1MEFR0022","44.733964","-70.180071","185.9","2021-10-18",,,"0.00","T,,N","0.0",",,N",,
"US1MEFR0022","44.733964","-70.180071","185.9","2021-10-21",,,"0.06",",,N","0.0",",,N",,
"US1MEFR0022","44.733964","-70.180071","185.9","2021-10-22",,,"0.25",",,N","0.0",",,N",,
"US1MEFR0022","44.733964","-70.180071","185.9","2021-10-23",,,"0.00",",,N","0.0",",,N",,
"US1MEFR0022","44.733964","-70.180071","185.9","2021-10-24",,,"0.00",",,N","0.0",",,N",,
"US1MEFR0022","44.733964","-70.180071","185.9","2021-10-25",,,"0.00","T,,N","0.0",",,N",,
"US1MEFR0022","44.733964","-70.180071","185.9","2021-10-26",,,"0.13",",,N","0.0",",,N",,
"US1MEFR0022","44.733964","-70.180071","185.9","2021-10-27",,,"0.35",",,N","0.0",",,N",,
"US1MEFR0022","44.733964","-70.180071","185.9","2021-10-28",,,"0.00",",,N","0.0",",,N",,
"US1MEFR0022","44.733964","-70.180071","185.9","2021-10-29",,,"0.01",",,N","0.0",",,N",,
"US1MEFR0022","44.733964","-70.180071","185.9","2021-10-30",,,"0.03",",,N","0.0",",,N",,
"US1MEFR0022","44.733964","-70.180071","185.9","2021-10-31",,,"2.30",",,N","0.0",",,N",,
"US1MEFR0022","44.733964","-70.180071","185.9","2021-11-01",,,"0.14",",,N","0.0",",,N",,
"US1MEFR0022","44.733964","-70.180071","185.9","2021-11-02",,,"0.00",",,N","0.0",",,N",,
"US1MEFR0022","44.733964","-70.180071","185.9","2021-11-03",,,"0.00","T,,N","0.0",",,N",,
"US1MEFR0022","44.733964","-70.180071","185.9","2021-11-04",,,"0.00","T,,N","0.0",",,N",,
"US1MEFR0022","44.733964","-70.180071","185.9","2021-11-05",,,"0.00","T,,N","0.0",",,N",,
"US1MEFR0022","44.733964","-70.180071","185.9","2021-11-06",,,"0.00","T,,N","0.0",",,N",,
"US1MEFR0022","44.733964","-70.180071","185.9","2021-11-07",,,"0.00","T,,N","0.0",",,N",,
"US1MEFR0022","44.733964","-70.180071","185.9","2021-11-08",,,"0.00",",,N","0.0",",,N",,
"US1MEFR0022","44.733964","-70.180071","185.9","2021-11-09",,,"0.00",",,N","0.0",",,N",,
"US1MEFR0022","44.733964","-70.180071","185.9","2021-11-10",,,"0.05",",,N","0.0",",,N",,
"US1MEFR0022","44.733964","-70.180071","185.9","2021-11-11",,,"0.00","T,,N","0.0",",,N",,
"US1MEFR0022","44.733964","-70.180071","185.9","2021-11-12",,,,,"0.0",",,N",,
"US1MEFR0022","44.733964","-70.180071","185.9","2021-11-13",,,"1.65",",,N","0.0",",,N",,
"US1MEFR0022","44.733964","-70.180071","185.9","2021-11-14",,,"0.03",",,N","0.0",",,N",,
"US1MEFR0022","44.733964","-70.180071","185.9","2021-11-15",,,"0.17",",,N","1.3",",,N",,
"US1MEFR0022","44.733964","-70.180071","185.9","2021-11-16",,,"0.00",",,N","0.0","T,,N",,
"US1MEFR0022","44.733964","-70.180071","185.9","2021-11-17",,,"0.00",",,N","0.0","T,,N",,
"US1MEFR0022","44.733964","-70.180071","185.9","2021-11-18",,,"0.19",",,N",,,,
"US1MEFR0022","44.733964","-70.180071","185.9","2021-11-19",,,"0.08",",,N","0.0",",,N",,
"US1MEFR0022","44.733964","-70.180071","185.9","2021-11-20",,,"0.01",",,N","0.0","T,,N",,
"US1MEFR0022","44.733964","-70.180071","185.9","2021-11-21",,,"0.00",",,N","0.0",",,N",,
"US1MEFR0022","44.733964","-70.180071","185.9","2021-11-22",,,"0.26",",,N","0.0",",,N",,
"US1MEFR0022","44.733964","-70.180071","185.9","2021-11-24",,,"0.00",",,N","0.0",",,N",,
"US1MEFR0022","44.733964","-70.180071","185.9","2021-11-25",,,"0.00",",,N","0.0",",,N",,
"US1MEFR0022","44.733964","-70.180071","185.9","2021-11-26",,,"0.00",",,N","0.0",",,N",,
"US1MEFR0022","44.733964","-70.180071","185.9","2021-11-27",,,"0.12",",,N","0.5",",,N",,
"US1MEFR0022","44.733964","-70.180071","185.9","2021-11-28",,,"0.00","T,,N","0.0","T,,N",,
"US1LAEB0063","30.379058","-91.005062","14.9","2021-08-01",,,"0.47",",,N",,,,
"US1LAEB0063","30.379058","-91.005062","14.9","2021-08-02",,,"0.04",",,N",,,,
"US1LAEB0063","30.379058","-91.005062","14.9","2021-08-03",,,"0.43",",,N",,,,
"US1LAEB0063","30.379058","-91.005062","14.9","2021-08-04",,,"3.66",",,N",,,,
"US1LAEB0063","30.379058","-91.005062","14.9","2021-08-05",,,"0.00",",,N","0.0",",,N",,
"US1LAEB0063","30.379058","-91.005062","14.9","2021-08-06",,,"0.00",",,N","0.0",",,N",,
"US1LAEB0063","30.379058","-91.005062","14.9","2021-08-07",,,"0.00",",,N","0.0",",,N",,
"US1LAEB0063","30.379058","-91.005062","14.9","2021-08-08",,,"0.00",",,N","0.0",",,N",,
"US1LAEB0063","30.379058","-91.005062","14.9","2021-08-09",,,"0.00",",,N","0.0",",,N",,
"US1LAEB0063","30.379058","-91.005062","14.9","2021-08-10",,,"0.00",",,N","0.0",",,N",,
"US1LAEB0063","30.379058","-91.005062","14.9","2021-08-11",,,"0.00",",,N","0.0",",,N",,
"US1LAEB0063","30.379058","-91.005062","14.9","2021-08-12",,,"0.00",",,N","0.0",",,N",,
"US1LAEB0063","30.379058","-91.005062","14.9","2021-08-13",,,"0.09",",,N",,,,
"US1LAEB0063","30.379058","-91.005062","14.9","2021-08-14",,,"0.00","T,,N",,,,
"US1LAEB0063","30.379058","-91.005062","14.9","2021-08-15",,,"0.00",",,N","0.0",",,N",,
"US1LAEB0063","30.379058","-91.005062","14.9","2021-08-16",,,"0.07",",,N",,,,
"US1LAEB0063","30.379058","-91.005062","14.9","2021-08-17",,,"0.00",",,N","0.0",",,N",,
"US1LAEB0063","30.379058","-91.005062","14.9","2021-08-18",,,"0.00",",,N","0.0",",,N",,
"US1LAEB0063","30.379058","-91.005062","14.9","2021-08-19",,,"0.47",",,N",,,,
"US1LAEB0063","30.379058","-91.005062","14.9","2021-08-20",,,"0.03",",,N",,,,
"US1LAEB0063","30.379058","-91.005062","14.9","2021-08-21",,,"0.00",",,N","0.0",",,N",,
"US1LAEB0063","30.379058","-91.005062","14.9","2021-08-22",,,"0.00",",,N","0.0",",,N",,
"US1LAEB0063","30.379058","-91.005062","14.9","2021-08-23",,,"0.00",",,N","0.0",",,N",,
"US1LAEB0063","30.379058","-91.005062","14.9","2021-08-24",,,"0.17",",,N",,,,
"US1LAEB0063","30.379058","-91.005062","14.9","2021-08-25",,,"0.20",",,N","0.0",",,N",,
"US1LAEB0063","30.379058","-91.005062","14.9","2021-08-26",,,"0.44",",,N",,,,
"US1LAEB0063","30.379058","-91.005062","14.9","2021-08-27",,,"0.09",",,N",,,,
"US1LAEB0063","30.379058","-91.005062","14.9","2021-08-28",,,"0.60",",,N",,,,
"US1LAEB0063","30.379058","-91.005062","14.9","2021-08-29",,,"0.01",",,N",,,,
"US1LAEB0063","30.379058","-91.005062","14.9","2021-09-01",,,,,,,,
"US1LAEB0063","30.379058","-91.005062","14.9","2021-09-07",,,,,,,,
"US1LAEB0063","30.379058","-91.005062","14.9","2021-09-08",,,"0.00",",,N","0.0",",,N",,
"US1LAEB0063","30.379058","-91.005062","14.9","2021-09-09",,,"0.00",",,N","0.0",",,N",,
"US1LAEB0063","30.379058","-91.005062","14.9","2021-09-10",,,"0.00",",,N","0.0",",,N",,
"US1LAEB0063","30.379058","-91.005062","14.9","2021-09-11",,,"0.00",",,N","0.0",",,N",,
"US1LAEB0063","30.379058","-91.005062","14.9","2021-09-12",,,"0.00",",,N","0.0",",,N",,
"US1LAEB0063","30.379058","-91.005062","14.9","2021-09-13",,,"0.01",",,N",,,,
"US1LAEB0063","30.379058","-91.005062","14.9","2021-09-14",,,"0.10",",,N",,,,
"US1LAEB0063","30.379058","-91.005062","14.9","2021-09-15",,,"3.98",",,N",,,,
"US1LAEB0063","30.379058","-91.005062","14.9","2021-09-16",,,"1.58",",,N",,,,
"US1LAEB0063","30.379058","-91.005062","14.9","2021-09-17",,,"0.06",",,N",,,,
"US1LAEB0063","30.379058","-91.005062","14.9","2021-09-18",,,"0.14",",,N",,,,
"US1LAEB0063","30.379058","-91.005062","14.9","2021-09-19",,,"0.13",",,N",,,,
"US1LAEB0063","30.379058","-91.005062","14.9","2021-09-20",,,"0.00","T,,N",,,,
"US1LAEB0063","30.379058","-91.005062","14.9","2021-09-21",,,"0.00",",,N","0.0",",,N",,
"US1LAEB0063","30.379058","-91.005062","14.9","2021-09-22",,,"0.02",",,N",,,,
"US1LAEB0063","30.379058","-91.005062","14.9","2021-09-23",,,"0.00",",,N","0.0",",,N",,
"US1LAEB0063","30.379058","-91.005062","14.9","2021-09-24",,,"0.00",",,N","0.0",",,N",,
"US1LAEB0063","30.379058","-91.005062","14.9","2021-09-25",,,"0.00",",,N","0.0",",,N",,
"US1LAEB0063","30.379058","-91.005062","14.9","2021-09-26",,,"0.00",",,N","0.0",",,N",,
"US1LAEB0063","30.379058","-91.005062","14.9","2021-09-27",,,"0.00",",,N","0.0",",,N",,
"US1LAEB0063","30.379058","-91.005062","14.9","2021-09-28",,,"0.03",",,N",,,,
"US1LAEB0063","30.379058","-91.005062","14.9","2021-09-29",,,"1.37",",,N",,,,
"US1LAEB0063","30.379058","-91.005062","14.9","2021-09-30",,,"2.36",",,N",,,,
"US1LAEB0063","30.379058","-91.005062","14.9","2021-10-01",,,"1.00",",,N",,,,
"US1LAEB0063","30.379058","-91.005062","14.9","2021-10-02",,,"0.03",",,N",,,,
"US1LAEB0063","30.379058","-91.005062","14.9","2021-10-03",,,"0.49",",,N",,,,
"US1LAEB0063","30.379058","-91.005062","14.9","2021-10-04",,,"0.01",",,N",,,,
"US1LAEB0063","30.379058","-91.005062","14.9","2021-10-05",,,"0.00",",,N","0.0",",,N",,
"US1LAEB0063","30.379058","-91.005062","14.9","2021-10-06",,,"0.00",",,N","0.0",",,N",,
"US1LAEB0063","30.379058","-91.005062","14.9","2021-10-07",,,"0.00",",,N","0.0",",,N",,
"US1LAEB0063","30.379058","-91.005062","14.9","2021-10-08",,,"0.00",",,N","0.0",",,N",,
"US1LAEB0063","30.379058","-91.005062","14.9","2021-10-09",,,"0.00",",,N","0.0",",,N",,
"US1LAEB0063","30.379058","-91.005062","14.9","2021-10-10",,,"0.00",",,N","0.0",",,N",,
"US1LAEB0063","30.379058","-91.005062","14.9","2021-10-11",,,"0.00",",,N","0.0",",,N",,
"US1LAEB0063","30.379058","-91.005062","14.9","2021-10-12",,,"0.00",",,N","0.0",",,N",,
"US1LAEB0063","30.379058","-91.005062","14.9","2021-10-13",,,"0.00",",,N","0.0",",,N",,
"US1LAEB0063","30.379058","-91.005062","14.9","2021-10-14",,,"0.00",",,N","0.0",",,N",,
"US1LAEB0063","30.379058","-91.005062","14.9","2021-10-15",,,"0.00",",,N","0.0",",,N",,
"US1LAEB0063","30.379058","-91.005062","14.9","2021-10-16",,,"0.02",",,N",,,,
"US1LAEB0063","30.379058","-91.005062","14.9","2021-10-17",,,"0.00",",,N","0.0",",,N",,
"US1LAEB0063","30.379058","-91.005062","14.9","2021-10-18",,,"0.00",",,N","0.0",",,N",,
"US1LAEB0063","30.379058","-91.005062","14.9","2021-10-19",,,"0.00",",,N","0.0",",,N",,
"US1LAEB0063","30.379058","-91.005062","14.9","2021-10-20",,,"0.00",",,N","0.0",",,N",,
"US1LAEB0063","30.379058","-91.005062","14.9","2021-10-21",,,"0.08",",,N",,,,
"US1LAEB0063","30.379058","-91.005062","14.9","2021-10-22",,,"0.00",",,N","0.0",",,N",,
"US1LAEB0063","30.379058","-91.005062","14.9","2021-10-23",,,"0.00",",,N","0.0",",,N",,
"US1LAEB0063","30.379058","-91.005062","14.9","2021-10-24",,,"0.00",",,N","0.0",",,N",,
"US1LAEB0063","30.379058","-91.005062","14.9","2021-10-25",,,"0.10",",,N",,,,
"US1LAEB0063","30.379058","-91.005062","14.9","2021-10-26",,,"0.00",",,N","0.0",",,N",,
"US1LAEB0063","30.379058","-91.005062","14.9","2021-10-27",,,"0.00",",,N","0.0",",,N",,
"US1LAEB0063","30.379058","-91.005062","14.9","2021-10-28",,,"1.39",",,N",,,,
"US1LAEB0063","30.379058","-91.005062","14.9","2021-10-29",,,"0.00","T,,N",,,,
"US1LAEB0063","30.379058","-91.005062","14.9","2021-10-30",,,"0.00",",,N","0.0",",,N",,
"US1LAEB0063","30.379058","-91.005062","14.9","2021-10-31",,,"0.00",",,N","0.0",",,N",,
"US1LAEB0063","30.379058","-91.005062","14.9","2021-11-01",,,"0.00",",,N","0.0",",,N",,
"US1LAEB0063","30.379058","-91.005062","14.9","2021-11-02",,,"0.00",",,N","0.0",",,N",,
"US1LAEB0063","30.379058","-91.005062","14.9","2021-11-03",,,"0.00",",,N","0.0",",,N",,
"US1LAEB0063","30.379058","-91.005062","14.9","2021-11-04",,,"0.00",",,N","0.0",",,N",,
"US1LAEB0063","30.379058","-91.005062","14.9","2021-11-05",,,"0.00",",,N","0.0",",,N",,
"US1LAEB0063","30.379058","-91.005062","14.9","2021-11-06",,,"0.00",",,N","0.0",",,N",,
"US1LAEB0063","30.379058","-91.005062","14.9","2021-11-07",,,"0.00",",,N","0.0",",,N",,
"US1LAEB0063","30.379058","-91.005062","14.9","2021-11-08",,,"0.00",",,N","0.0",",,N",,
"US1LAEB0063","30.379058","-91.005062","14.9","2021-11-09",,,"0.00",",,N","0.0",",,N",,
"US1LAEB0063","30.379058","-91.005062","14.9","2021-11-10",,,"0.00",",,N","0.0",",,N",,
"US1LAEB0063","30.379058","-91.005062","14.9","2021-11-11",,,"0.00",",,N","0.0",",,N",,
"US1LAEB0063","30.379058","-91.005062","14.9","2021-11-12",,,"0.18",",,N",,,,
"US1LAEB0063","30.379058","-91.005062","14.9","2021-11-13",,,"0.00",",,N","0.0",",,N",,
"US1LAEB0063","30.379058","-91.005062","14.9","2021-11-14",,,"0.00",",,N","0.0",",,N",,
"US1LAEB0063","30.379058","-91.005062","14.9","2021-11-15",,,"0.00",",,N","0.0",",,N",,
"US1LAEB0063","30.379058","-91.005062","14.9","2021-11-16",,,"0.00",",,N","0.0",",,N",,
"US1LAEB0063","30.379058","-91.005062","14.9","2021-11-17",,,"0.00",",,N","0.0",",,N",,
"US1LAEB0063","30.379058","-91.005062","14.9","2021-11-18",,,"0.06",",,N",,,,
"US1LAEB0063","30.379058","-91.005062","14.9","2021-11-19",,,"0.03",",,N",,,,
"US1LAEB0063","30.379058","-91.005062","14.9","2021-11-20",,,"0.00",",,N","0.0",",,N",,
"US1LAEB0063","30.379058","-91.005062","14.9","2021-11-21",,,"0.00",",,N","0.0",",,N",,
"US1LAEB0063","30.379058","-91.005062","14.9","2021-11-22",,,"0.69",",,N",,,,
"US1LAEB0063","30.379058","-91.005062","14.9","2021-11-23",,,"0.00",",,N","0.0",",,N",,
"US1LAEB0063","30.379058","-91.005062","14.9","2021-11-24",,,"0.00",",,N","0.0",",,N",,
"US1LAEB0063","30.379058","-91.005062","14.9","2021-11-27",,,,,,,,
"US1LAEB0063","30.379058","-91.005062","14.9","2021-11-28",,,"0.05",",,N",,,,
"US1LAEB0064","30.550278","-90.994613","18.0","2021-08-01",,,"0.57",",,N",,,,
"US1LAEB0064","30.550278","-90.994613","18.0","2021-08-02",,,"0.63",",,N",,,,
"US1LAEB0064","30.550278","-90.994613","18.0","2021-08-03",,,"2.81",",,N",,,,
"US1LAEB0064","30.550278","-90.994613","18.0","2021-08-04",,,"1.16",",,N",,,,
"US1LAEB0064","30.550278","-90.994613","18.0","2021-08-09",,,"0.00","T,,N",,,,
"US1LAEB0064","30.550278","-90.994613","18.0","2021-08-10",,,"0.28",",,N",,,,
"US1LAEB0064","30.550278","-90.994613","18.0","2021-08-26",,,,,,,,
"US1LAEB0064","30.550278","-90.994613","18.0","2021-08-28",,,"0.28",",,N",,,,
"US1LAEB0064","30.550278","-90.994613","18.0","2021-08-29",,,"0.35",",,N",,,,
"US1LAEB0064","30.550278","-90.994613","18.0","2021-08-30",,,"3.78",",,N",,,,
"US1LAEB0064","30.550278","-90.994613","18.0","2021-09-08",,,"0.96",",,N",,,,
"US1LAEB0064","30.550278","-90.994613","18.0","2021-09-09",,,"0.00",",,N","0.0",",,N",,
"US1LAEB0064","30.550278","-90.994613","18.0","2021-09-13",,,"0.48",",,N",,,,
"US1LAEB0064","30.550278","-90.994613","18.0","2021-09-19",,,,,,,,
"US1LAEB0064","30.550278","-90.994613","18.0","2021-09-20",,,"0.00",",,N","0.0",",,N",,
"US1LAEB0064","30.550278","-90.994613","18.0","2021-09-29",,,"0.33",",,N",,,,
"US1LAEB0064","30.550278","-90.994613","18.0","2021-09-30",,,"1.72",",,N",,,,
"US1LAEB0064","30.550278","-90.994613","18.0","2021-10-02",,,"0.10",",,N",,,,
"US1LAEB0064","30.550278","-90.994613","18.0","2021-10-03",,,"0.18",",,N",,,,
"US1LAEB0064","30.550278","-90.994613","18.0","2021-10-11",,,,,,,,
"US1LAEB0064","30.550278","-90.994613","18.0","2021-10-21",,,,,,,,
"US1LAEB0064","30.550278","-90.994613","18.0","2021-10-28",,,"2.64",",,N",,,,
"US1LAEB0064","30.550278","-90.994613","18.0","2021-11-22",,,"0.38",",,N",,,,
"US1LATG0017","30.536","-90.482","14.9","2021-08-01",,,"0.00",",,N","0.0",",,N",,
"US1LATG0017","30.536","-90.482","14.9","2021-08-02",,,"0.30",",,N",,,,
"US1LATG0017","30.536","-90.482","14.9","2021-08-03",,,"0.00",",,N","0.0",",,N",,
"US1LATG0017","30.536","-90.482","14.9","2021-08-04",,,"0.08",",,N",,,,
"US1LATG0017","30.536","-90.482","14.9","2021-08-05",,,"0.00",",,N","0.0",",,N",,
"US1LATG0017","30.536","-90.482","14.9","2021-08-06",,,"0.00",",,N","0.0",",,N",,
"US1LATG0017","30.536","-90.482","14.9","2021-08-07",,,"0.00",",,N","0.0",",,N",,
"US1LATG0017","30.536","-90.482","14.9","2021-08-08",,,"0.00",",,N","0.0",",,N",,
"US1LATG0017","30.536","-90.482","14.9","2021-08-09",,,"0.00",",,N","0.0",",,N",,
"US1LATG0017","30.536","-90.482","14.9","2021-08-10",,,"0.55",",,N",,,,
"US1LATG0017","30.536","-90.482","14.9","2021-08-11",,,"0.17",",,N",,,,
"US1LATG0017","30.536","-90.482","14.9","2021-08-12",,,"0.13",",,N",,,,
"US1LATG0017","30.536","-90.482","14.9","2021-08-13",,,"0.12",",,N",,,,
"US1LATG0017","30.536","-90.482","14.9","2021-08-14",,,"0.00",",,N","0.0",",,N",,
"US1LATG0017","30.536","-90.482","14.9","2021-08-15",,,"0.00",",,N","0.0",",,N",,
"US1LATG0017","30.536","-90.482","14.9","2021-08-16",,,"0.60",",,N",,,,
"US1LATG0017","30.536","-90.482","14.9","2021-08-17",,,"0.00",",,N","0.0",",,N",,
"US1LATG0017","30.536","-90.482","14.9","2021-08-18",,,"2.70",",,N",,,,
"US1LATG0017","30.536","-90.482","14.9","2021-08-19",,,"0.05",",,N",,,,
"US1LATG0017","30.536","-90.482","14.9","2021-08-20",,,"0.00",",,N","0.0",",,N",,
"US1LATG0017","30.536","-90.482","14.9","2021-08-21",,,"0.00",",,N","0.0",",,N",,
"US1LATG0017","30.536","-90.482","14.9","2021-08-22",,,"0.00",",,N","0.0",",,N",,
"US1LATG0017","30.536","-90.482","14.9","2021-08-23",,,"0.00",",,N","0.0",",,N",,
"US1LATG0017","30.536","-90.482","14.9","2021-08-24",,,"0.00",",,N","0.0",",,N",,
"US1LATG0017","30.536","-90.482","14.9","2021-08-25",,,"0.00",",,N","0.0",",,N",,
"US1LATG0017","30.536","-90.482","14.9","2021-08-26",,,"0.60",",,N",,,,
"US1LATG0017","30.536","-90.482","14.9","2021-08-27",,,"0.50",",,N",,,,
"US1LATG0017","30.536","-90.482","14.9","2021-08-28",,,"0.00",",,N","0.0",",,N",,
"US1LATG0017","30.536","-90.482","14.9","2021-08-29",,,"0.00",",,N","0.0",",,N",,
"US1LATG0017","30.536","-90.482","14.9","2021-08-30",,,"7.30",",,N",,,,
"US1LATG0017","30.536","-90.482","14.9","2021-08-31",,,"0.00",",,N","0.0",",,N",,
"US1LATG0017","30.536","-90.482","14.9","2021-09-01",,,"0.00",",,N","0.0",",,N",,
"US1LATG0017","30.536","-90.482","14.9","2021-09-02",,,"0.00",",,N","0.0",",,N",,
"US1LATG0017","30.536","-90.482","14.9","2021-09-03",,,"0.00",",,N","0.0",",,N",,
"US1LATG0017","30.536","-90.482","14.9","2021-09-04",,,"0.00",",,N","0.0",",,N",,
"US1LATG0017","30.536","-90.482","14.9","2021-09-05",,,"0.00",",,N","0.0",",,N",,
"US1LATG0017","30.536","-90.482","14.9","2021-09-06",,,"0.10",",,N",,,,
"US1LATG0017","30.536","-90.482","14.9","2021-09-07",,,"0.00",",,N","0.0",",,N",,
"US1LATG0017","30.536","-90.482","14.9","2021-09-08",,,"0.00",",,N","0.0",",,N",,
"US1LATG0017","30.536","-90.482","14.9","2021-09-09",,,"0.15",",,N",,,,
"US1LATG0017","30.536","-90.482","14.9","2021-09-10",,,"0.00",",,N","0.0",",,N",,
"US1LATG0017","30.536","-90.482","14.9","2021-09-11",,,"0.00",",,N","0.0",",,N",,
"US1LATG0017","30.536","-90.482","14.9","2021-09-12",,,"0.06",",,N",,,,
"US1LATG0017","30.536","-90.482","14.9","2021-09-13",,,"0.00",",,N","0.0",",,N",,
"US1LATG0017","30.536","-90.482","14.9","2021-09-14",,,"0.70",",,N",,,,
"US1LATG0017","30.536","-90.482","14.9","2021-09-15",,,"5.11",",,N",,,,
"US1LATG0017","30.536","-90.482","14.9","2021-09-16",,,"0.32",",,N",,,,
"US1LATG0017","30.536","-90.482","14.9","2021-09-17",,,"0.40",",,N",,,,
"US1LATG0017","30.536","-90.482","14.9","2021-09-18",,,"0.00",",,N","0.0",",,N",,
"US1LATG0017","30.536","-90.482","14.9","2021-09-19",,,"0.00",",,N","0.0",",,N",,
"US1LATG0017","30.536","-90.482","14.9","2021-09-20",,,"0.00",",,N","0.0",",,N",,
"US1LATG0017","30.536","-90.482","14.9","2021-09-21",,,"0.00",",,N","0.0",",,N",,
"US1LATG0017","30.536","-90.482","14.9","2021-09-22",,,"0.20",",,N",,,,
"US1LATG0017","30.536","-90.482","14.9","2021-09-23",,,"0.00",",,N","0.0",",,N",,
"US1LATG0017","30.536","-90.482","14.9","2021-09-24",,,"0.00",",,N","0.0",",,N",,
"US1LATG0017","30.536","-90.482","14.9","2021-09-25",,,"0.00",",,N","0.0",",,N",,
"US1LATG0017","30.536","-90.482","14.9","2021-09-26",,,"0.00",",,N","0.0",",,N",,
"US1LATG0017","30.536","-90.482","14.9","2021-09-27",,,"0.00",",,N","0.0",",,N",,
"US1LATG0017","30.536","-90.482","14.9","2021-09-28",,,"0.00",",,N","0.0",",,N",,
"US1LATG0017","30.536","-90.482","14.9","2021-09-29",,,"1.23",",,N",,,,
"US1LATG0017","30.536","-90.482","14.9","2021-09-30",,,"0.30",",,N",,,,
"US1LATG0017","30.536","-90.482","14.9","2021-10-01",,,"0.00",",,N","0.0",",,N",,
"US1LATG0017","30.536","-90.482","14.9","2021-10-02",,,"0.00",",,N","0.0",",,N",,
"US1LATG0017","30.536","-90.482","14.9","2021-10-03",,,"0.27",",,N",,,,
"US1LATG0017","30.536","-90.482","14.9","2021-10-04",,,"0.00",",,N","0.0",",,N",,
"US1LATG0017","30.536","-90.482","14.9","2021-10-05",,,"0.00",",,N","0.0",",,N",,
"US1LATG0017","30.536","-90.482","14.9","2021-10-06",,,"0.00",",,N","0.0",",,N",,
"US1LATG0017","30.536","-90.482","14.9","2021-10-07",,,"0.00",",,N","0.0",",,N",,
"US1LATG0017","30.536","-90.482","14.9","2021-10-08",,,"0.00",",,N","0.0",",,N",,
"US1LATG0017","30.536","-90.482","14.9","2021-10-09",,,"0.00",",,N","0.0",",,N",,
"US1LATG0017","30.536","-90.482","14.9","2021-10-10",,,"0.00",",,N","0.0",",,N",,
"US1LATG0017","30.536","-90.482","14.9","2021-10-11",,,"0.00",",,N","0.0",",,N",,
"US1LATG0017","30.536","-90.482","14.9","2021-10-12",,,"0.00",",,N","0.0",",,N",,
"US1LATG0017","30.536","-90.482","14.9","2021-10-13",,,"0.00",",,N","0.0",",,N",,
"US1LATG0017","30.536","-90.482","14.9","2021-10-14",,,"0.00",",,N","0.0",",,N",,
"US1LATG0017","30.536","-90.482","14.9","2021-10-15",,,"0.00",",,N","0.0",",,N",,
"US1LATG0017","30.536","-90.482","14.9","2021-10-16",,,"0.00",",,N","0.0",",,N",,
"US1LATG0017","30.536","-90.482","14.9","2021-10-17",,,"0.00",",,N","0.0",",,N",,
"US1LATG0017","30.536","-90.482","14.9","2021-10-18",,,"0.00",",,N","0.0",",,N",,
"US1LATG0017","30.536","-90.482","14.9","2021-10-19",,,"0.00",",,N","0.0",",,N",,
"US1LATG0017","30.536","-90.482","14.9","2021-10-20",,,"0.10",",,N",,,,
"US1LATG0017","30.536","-90.482","14.9","2021-10-21",,,"0.60",",,N",,,,
"US1LATG0017","30.536","-90.482","14.9","2021-10-22",,,"0.00",",,N","0.0",",,N",,
"US1LATG0017","30.536","-90.482","14.9","2021-10-23",,,"0.00",",,N","0.0",",,N",,
"US1LATG0017","30.536","-90.482","14.9","2021-10-24",,,"0.00",",,N","0.0",",,N",,
"US1LATG0017","30.536","-90.482","14.9","2021-10-25",,,"0.00",",,N","0.0",",,N",,
"US1LATG0017","30.536","-90.482","14.9","2021-10-26",,,"0.00",",,N","0.0",",,N",,
"US1LATG0017","30.536","-90.482","14.9","2021-10-27",,,"0.00",",,N","0.0",",,N",,
"US1LATG0017","30.536","-90.482","14.9","2021-10-28",,,"2.80",",,N",,,,
"US1LATG0017","30.536","-90.482","14.9","2021-10-29",,,"0.00",",,N","0.0",",,N",,
"US1LATG0017","30.536","-90.482","14.9","2021-10-30",,,"0.00",",,N","0.0",",,N",,
"US1LATG0017","30.536","-90.482","14.9","2021-10-31",,,"0.00",",,N","0.0",",,N",,
"US1MEYK0071","43.550672","-70.721519","84.7","2021-08-23",,,"0.48",",,N",,,,
"US1MEYK0071","43.550672","-70.721519","84.7","2021-08-24",,,"0.09",",,N",,,,
"US1LATG0010","30.430185","-90.362313","4.6","2021-08-01",,,"0.00",",,N","0.0",",,N",,
"US1LATG0010","30.430185","-90.362313","4.6","2021-08-02",,,"0.07",",,N",,,,
"US1LATG0010","30.430185","-90.362313","4.6","2021-08-03",,,"2.30",",,N",,,,
"US1LATG0010","30.430185","-90.362313","4.6","2021-08-04",,,"0.07",",,N",,,,
"US1LATG0010","30.430185","-90.362313","4.6","2021-08-05",,,"0.00",",,N","0.0",",,N",,
"US1LATG0010","30.430185","-90.362313","4.6","2021-08-06",,,"0.00",",,N","0.0",",,N",,
"US1LATG0010","30.430185","-90.362313","4.6","2021-08-07",,,"0.00",",,N","0.0",",,N",,
"US1LATG0010","30.430185","-90.362313","4.6","2021-08-13",,,,,,,,
"US1LATG0010","30.430185","-90.362313","4.6","2021-08-14",,,"0.00",",,N","0.0",",,N",,
"US1LATG0010","30.430185","-90.362313","4.6","2021-08-15",,,"0.00",",,N","0.0",",,N",,
"US1LATG0010","30.430185","-90.362313","4.6","2021-08-16",,,"0.32",",,N",,,,
"US1LATG0010","30.430185","-90.362313","4.6","2021-08-17",,,"0.00",",,N","0.0",",,N",,
"US1LATG0010","30.430185","-90.362313","4.6","2021-08-18",,,"0.06",",,N",,,,
"US1LATG0010","30.430185","-90.362313","4.6","2021-08-19",,,"0.04",",,N",,,,
"US1LATG0010","30.430185","-90.362313","4.6","2021-08-20",,,"0.00",",,N","0.0",",,N",,
"US1LATG0010","30.430185","-90.362313","4.6","2021-08-21",,,"0.00",",,N","0.0",",,N",,
"US1LATG0010","30.430185","-90.362313","4.6","2021-08-22",,,"0.00",",,N","0.0",",,N",,
"US1LATG0010","30.430185","-90.362313","4.6","2021-08-23",,,"0.00",",,N","0.0",",,N",,
"US1LATG0010","30.430185","-90.362313","4.6","2021-08-24",,,"0.03",",,N",,,,
"US1LATG0010","30.430185","-90.362313","4.6","2021-08-25",,,"0.00",",,N","0.0",",,N",,
"US1LATG0010","30.430185","-90.362313","4.6","2021-08-26",,,"0.32",",,N",,,,
"US1LATG0010","30.430185","-90.362313","4.6","2021-08-27",,,"0.13",",,N",,,,
"US1LATG0010","30.430185","-90.362313","4.6","2021-08-28",,,"1.16",",,N",,,,
"US1LATG0010","30.430185","-90.362313","4.6","2021-08-29",,,"0.20",",,N",,,,
"US1LATG0010","30.430185","-90.362313","4.6","2021-08-30",,,"11.79",",O,N",,,,
"US1LATG0010","30.430185","-90.362313","4.6","2021-08-31",,,"0.00",",,N","0.0",",,N",,
"US1LATG0010","30.430185","-90.362313","4.6","2021-09-01",,,"0.00",",,N","0.0",",,N",,
"US1LATG0010","30.430185","-90.362313","4.6","2021-09-02",,,"0.00",",,N","0.0",",,N",,
"US1LATG0010","30.430185","-90.362313","4.6","2021-09-03",,,"0.00",",,N","0.0",",,N",,
"US1LATG0010","30.430185","-90.362313","4.6","2021-09-04",,,"0.00",",,N","0.0",",,N",,
"US1LATG0010","30.430185","-90.362313","4.6","2021-09-05",,,"0.00",",,N","0.0",",,N",,
"US1LATG0010","30.430185","-90.362313","4.6","2021-09-06",,,"1.19",",,N",,,,
"US1LATG0010","30.430185","-90.362313","4.6","2021-09-07",,,"0.00",",,N","0.0",",,N",,
"US1LATG0010","30.430185","-90.362313","4.6","2021-09-08",,,"0.00",",,N","0.0",",,N",,
"US1LATG0010","30.430185","-90.362313","4.6","2021-09-09",,,"0.00",",,N","0.0",",,N",,
"US1LATG0010","30.430185","-90.362313","4.6","2021-09-10",,,"0.00",",,N","0.0",",,N",,
"US1LATG0010","30.430185","-90.362313","4.6","2021-09-11",,,"0.00",",,N","0.0",",,N",,
"US1LATG0010","30.430185","-90.362313","4.6","2021-09-12",,,"0.00",",,N","0.0",",,N",,
"US1LATG0010","30.430185","-90.362313","4.6","2021-09-13",,,"0.23",",,N",,,,
"US1LATG0010","30.430185","-90.362313","4.6","2021-09-14",,,"0.17",",,N",,,,
"US1LATG0010","30.430185","-90.362313","4.6","2021-09-15",,,"4.98",",,N",,,,
"US1LATG0010","30.430185","-90.362313","4.6","2021-09-16",,,"0.34",",,N",,,,
"US1LATG0010","30.430185","-90.362313","4.6","2021-09-17",,,"0.00",",,N","0.0",",,N",,
"US1LATG0010","30.430185","-90.362313","4.6","2021-09-18",,,"0.49",",,N",,,,
"US1LATG0010","30.430185","-90.362313","4.6","2021-09-19",,,"0.00",",,N","0.0",",,N",,
"US1LATG0010","30.430185","-90.362313","4.6","2021-09-20",,,"0.00",",,N","0.0",",,N",,
"US1LATG0010","30.430185","-90.362313","4.6","2021-09-21",,,"0.00",",,N","0.0",",,N",,
"US1LATG0010","30.430185","-90.362313","4.6","2021-09-22",,,"0.00",",,N","0.0",",,N",,
"US1LATG0010","30.430185","-90.362313","4.6","2021-09-23",,,"0.00",",,N","0.0",",,N",,
"US1LATG0010","30.430185","-90.362313","4.6","2021-09-24",,,"0.00",",,N","0.0",",,N",,
"US1LATG0010","30.430185","-90.362313","4.6","2021-09-25",,,"0.00",",,N","0.0",",,N",,
"US1LATG0010","30.430185","-90.362313","4.6","2021-09-26",,,"0.00",",,N","0.0",",,N",,
"US1LATG0010","30.430185","-90.362313","4.6","2021-09-27",,,"0.00",",,N","0.0",",,N",,
"US1LATG0010","30.430185","-90.362313","4.6","2021-09-28",,,"0.00",",,N","0.0",",,N",,
"US1LATG0010","30.430185","-90.362313","4.6","2021-09-29",,,"0.80",",,N","0.0",",,N",,
"US1LATG0010","30.430185","-90.362313","4.6","2021-09-30",,,"0.00",",,N","0.0",",,N",,
"US1LATG0010","30.430185","-90.362313","4.6","2021-10-04",,,,,,,,
"US1LATG0010","30.430185","-90.362313","4.6","2021-10-05",,,"0.07",",,N",,,,
"US1LATG0010","30.430185","-90.362313","4.6","2021-10-06",,,"0.00",",,N","0.0",",,N",,
"US1LATG0010","30.430185","-90.362313","4.6","2021-10-07",,,"0.00",",,N","0.0",",,N",,
"US1LATG0010","30.430185","-90.362313","4.6","2021-10-08",,,"0.00",",,N","0.0",",,N",,
"US1LATG0010","30.430185","-90.362313","4.6","2021-10-09",,,"0.00",",,N","0.0",",,N",,
"US1LATG0010","30.430185","-90.362313","4.6","2021-10-10",,,"0.00",",,N","0.0",",,N",,
"US1LATG0010","30.430185","-90.362313","4.6","2021-10-11",,,"0.00",",,N","0.0",",,N",,
"US1LATG0010","30.430185","-90.362313","4.6","2021-10-12",,,"0.00",",,N","0.0",",,N",,
"US1LATG0010","30.430185","-90.362313","4.6","2021-10-13",,,"0.00",",,N","0.0",",,N",,
"US1LATG0010","30.430185","-90.362313","4.6","2021-10-14",,,"0.00",",,N","0.0",",,N",,
"US1LATG0010","30.430185","-90.362313","4.6","2021-10-15",,,"0.00",",,N","0.0",",,N",,
"US1LATG0010","30.430185","-90.362313","4.6","2021-10-16",,,"0.09",",,N",,,,
"US1LATG0010","30.430185","-90.362313","4.6","2021-10-17",,,"0.00",",,N","0.0",",,N",,
"US1LATG0010","30.430185","-90.362313","4.6","2021-10-18",,,"0.00",",,N","0.0",",,N",,
"US1LATG0010","30.430185","-90.362313","4.6","2021-10-19",,,"0.00",",,N","0.0",",,N",,
"US1LATG0010","30.430185","-90.362313","4.6","2021-10-20",,,"0.00",",,N","0.0",",,N",,
"US1LATG0010","30.430185","-90.362313","4.6","2021-10-21",,,"0.48",",,N","0.0",",,N",,
"US1LATG0010","30.430185","-90.362313","4.6","2021-10-22",,,"0.00",",,N","0.0",",,N",,
"US1LATG0010","30.430185","-90.362313","4.6","2021-10-23",,,"0.00",",,N","0.0",",,N",,
"US1LATG0010","30.430185","-90.362313","4.6","2021-10-24",,,"0.00",",,N","0.0",",,N",,
"US1LATG0010","30.430185","-90.362313","4.6","2021-10-25",,,"0.03",",,N",,,,
"US1LATG0010","30.430185","-90.362313","4.6","2021-10-26",,,"0.00",",,N","0.0",",,N",,
"US1LATG0010","30.430185","-90.362313","4.6","2021-10-27",,,"0.00",",,N","0.0",",,N",,
"US1LATG0010","30.430185","-90.362313","4.6","2021-10-28",,,"4.79",",,N",,,,
"US1LATG0010","30.430185","-90.362313","4.6","2021-10-29",,,"0.00",",,N","0.0",",,N",,
"US1LATG0010","30.430185","-90.362313","4.6","2021-10-30",,,"0.00",",,N","0.0",",,N",,
"US1LATG0010","30.430185","-90.362313","4.6","2021-10-31",,,"0.00",",,N","0.0",",,N",,
"US1LATG0010","30.430185","-90.362313","4.6","2021-11-01",,,"0.00",",,N","0.0",",,N",,
"US1LATG0010","30.430185","-90.362313","4.6","2021-11-02",,,"0.00",",,N","0.0",",,N",,
"US1LATG0010","30.430185","-90.362313","4.6","2021-11-03",,,"0.00",",,N","0.0",",,N",,
"US1LATG0010","30.430185","-90.362313","4.6","2021-11-04",,,"0.03",",,N",,,,
"US1LATG0010","30.430185","-90.362313","4.6","2021-11-05",,,"0.00",",,N","0.0",",,N",,
"US1LATG0010","30.430185","-90.362313","4.6","2021-11-06",,,"0.00",",,N","0.0",",,N",,
"US1LATG0010","30.430185","-90.362313","4.6","2021-11-07",,,"0.00",",,N","0.0",",,N",,
"US1LATG0010","30.430185","-90.362313","4.6","2021-11-08",,,"0.00",",,N","0.0",",,N",,
"US1LATG0010","30.430185","-90.362313","4.6","2021-11-09",,,"0.00",",,N","0.0",",,N",,
"US1LATG0010","30.430185","-90.362313","4.6","2021-11-10",,,"0.00",",,N","0.0",",,N",,
"US1LATG0010","30.430185","-90.362313","4.6","2021-11-11",,,"0.00",",,N","0.0",",,N",,
"US1LATG0010","30.430185","-90.362313","4.6","2021-11-12",,,"0.00",",,N","0.0",",,N",,
"US1LATG0010","30.430185","-90.362313","4.6","2021-11-13",,,"0.00",",,N","0.0",",,N",,
"US1LATG0010","30.430185","-90.362313","4.6","2021-11-14",,,"0.04",",,N",,,,
"US1LATG0010","30.430185","-90.362313","4.6","2021-11-15",,,"0.00",",,N","0.0",",,N",,
"US1LATG0010","30.430185","-90.362313","4.6","2021-11-16",,,"0.00",",,N","0.0",",,N",,
"US1LATG0010","30.430185","-90.362313","4.6","2021-11-17",,,"0.00",",,N","0.0",",,N",,
"US1LATG0010","30.430185","-90.362313","4.6","2021-11-18",,,"0.00",",,N","0.0",",,N",,
"US1LATG0010","30.430185","-90.362313","4.6","2021-11-19",,,"0.48",",,N",,,,
"US1LATG0010","30.430185","-90.362313","4.6","2021-11-20",,,"0.00",",,N","0.0",",,N",,
"US1LATG0010","30.430185","-90.362313","4.6","2021-11-21",,,"0.00",",,N","0.0",",,N",,
"US1LATG0010","30.430185","-90.362313","4.6","2021-11-22",,,"0.41",",,N",,,,
"US1LATG0010","30.430185","-90.362313","4.6","2021-11-23",,,"0.00",",,N","0.0",",,N",,
"US1LATG0010","30.430185","-90.362313","4.6","2021-11-24",,,"0.00",",,N","0.0",",,N",,
"US1LATG0010","30.430185","-90.362313","4.6","2021-11-25",,,"0.00",",,N","0.0",",,N",,
"US1LATG0010","30.430185","-90.362313","4.6","2021-11-26",,,"0.04",",,N",,,,
"US1LATG0010","30.430185","-90.362313","4.6","2021-11-27",,,"0.00",",,N","0.0",",,N",,
"US1LATG0010","30.430185","-90.362313","4.6","2021-11-28",,,"0.07",",,N",,,,
"US1MEYK0075","43.637353","-70.576196","78.9","2021-08-01",,,"0.00",",,N","0.0",",,N",,
"US1MEYK0075","43.637353","-70.576196","78.9","2021-08-02",,,"0.04",",,N",,,,
"US1MEYK0075","43.637353","-70.576196","78.9","2021-08-03",,,"0.00",",,N","0.0",",,N",,
"US1MEYK0075","43.637353","-70.576196","78.9","2021-08-04",,,"0.00",",,N","0.0",",,N",,
"US1MEYK0075","43.637353","-70.576196","78.9","2021-08-05",,,"0.07",",,N",,,,
"US1MEYK0075","43.637353","-70.576196","78.9","2021-08-06",,,"0.34",",,N",,,,
"US1MEYK0075","43.637353","-70.576196","78.9","2021-08-07",,,"0.00",",,N","0.0",",,N",,
"US1MEYK0075","43.637353","-70.576196","78.9","2021-08-08",,,"0.00",",,N","0.0",",,N",,
"US1MEYK0075","43.637353","-70.576196","78.9","2021-08-09",,,"0.00",",,N","0.0",",,N",,
"US1MEYK0075","43.637353","-70.576196","78.9","2021-08-10",,,"0.02",",,N",,,,
"US1MEYK0075","43.637353","-70.576196","78.9","2021-08-11",,,"0.00","T,,N",,,,
"US1MEYK0075","43.637353","-70.576196","78.9","2021-08-12",,,"0.00",",,N","0.0",",,N",,
"US1MEYK0075","43.637353","-70.576196","78.9","2021-08-13",,,"0.00",",,N","0.0",",,N",,
"US1MEYK0075","43.637353","-70.576196","78.9","2021-08-14",,,"0.00",",,N","0.0",",,N",,
"US1MEYK0075","43.637353","-70.576196","78.9","2021-08-15",,,"0.00",",,N","0.0",",,N",,
"US1MEYK0075","43.637353","-70.576196","78.9","2021-08-16",,,"0.00",",,N","0.0",",,N",,
"US1MEYK0075","43.637353","-70.576196","78.9","2021-08-17",,,"0.00",",,N","0.0",",,N",,
"US1MEYK0075","43.637353","-70.576196","78.9","2021-08-18",,,"0.00","T,,N",,,,
"US1MEYK0075","43.637353","-70.576196","78.9","2021-08-19",,,"0.00","T,,N",,,,
"US1MEYK0075","43.637353","-70.576196","78.9","2021-08-20",,,"0.55",",,N",,,,
"US1MEYK0075","43.637353","-70.576196","78.9","2021-08-21",,,"0.00",",,N","0.0",",,N",,
"US1MEYK0075","43.637353","-70.576196","78.9","2021-08-22",,,"0.01",",,N",,,,
"US1MEYK0075","43.637353","-70.576196","78.9","2021-08-23",,,"0.47",",,N",,,,
"US1MEYK0075","43.637353","-70.576196","78.9","2021-08-24",,,"0.09",",,N",,,,
"US1MEYK0075","43.637353","-70.576196","78.9","2021-08-25",,,"0.01",",,N",,,,
"US1MEYK0075","43.637353","-70.576196","78.9","2021-08-26",,,"0.00",",,N","0.0",",,N",,
"US1MEYK0075","43.637353","-70.576196","78.9","2021-08-27",,,"0.25",",,N",,,,
"US1MEYK0075","43.637353","-70.576196","78.9","2021-08-28",,,"0.00",",,N","0.0",",,N",,
"US1MEYK0075","43.637353","-70.576196","78.9","2021-08-29",,,"0.01",",,N",,,,
"US1MEYK0075","43.637353","-70.576196","78.9","2021-08-30",,,"0.00",",,N","0.0",",,N",,
"US1MEYK0075","43.637353","-70.576196","78.9","2021-08-31",,,"0.67",",,N",,,,
"US1MEYK0075","43.637353","-70.576196","78.9","2021-09-01",,,"0.00",",,N","0.0",",,N",,
"US1MEYK0075","43.637353","-70.576196","78.9","2021-09-02",,,"1.71",",,N",,,,
"US1MEYK0075","43.637353","-70.576196","78.9","2021-09-03",,,"0.02",",,N",,,,
"US1MEYK0075","43.637353","-70.576196","78.9","2021-09-04",,,"0.01",",,N",,,,
"US1MEYK0075","43.637353","-70.576196","78.9","2021-09-05",,,"0.00",",,N","0.0",",,N",,
"US1MEYK0075","43.637353","-70.576196","78.9","2021-09-06",,,"0.19",",,N",,,,
"US1MEYK0075","43.637353","-70.576196","78.9","2021-09-07",,,"0.03",",,N",,,,
"US1MEYK0075","43.637353","-70.576196","78.9","2021-09-08",,,"0.00",",,N","0.0",",,N",,
"US1MEYK0075","43.637353","-70.576196","78.9","2021-09-10",,,,,,,,
"US1MEYK0075","43.637353","-70.576196","78.9","2021-09-11",,,"0.00","T,,N",,,,
"US1MEYK0075","43.637353","-70.576196","78.9","2021-09-12",,,"0.00",",,N","0.0",",,N",,
"US1MEYK0075","43.637353","-70.576196","78.9","2021-09-13",,,"0.02",",,N",,,,
"US1MEYK0075","43.637353","-70.576196","78.9","2021-09-14",,,"0.00","T,,N",,,,
"US1MEYK0075","43.637353","-70.576196","78.9","2021-09-15",,,"0.00",",,N","0.0",",,N",,
"US1MEYK0075","43.637353","-70.576196","78.9","2021-09-16",,,"0.31",",,N",,,,
"US1MEYK0075","43.637353","-70.576196","78.9","2021-09-17",,,"0.00",",,N","0.0",",,N",,
"US1MEYK0075","43.637353","-70.576196","78.9","2021-09-18",,,"0.02",",,N",,,,
"US1MEYK0075","43.637353","-70.576196","78.9","2021-09-19",,,"0.23",",,N",,,,
"US1MEYK0075","43.637353","-70.576196","78.9","2021-09-20",,,"0.00",",,N","0.0",",,N",,
"US1MEYK0075","43.637353","-70.576196","78.9","2021-09-21",,,"0.00",",,N","0.0",",,N",,
"US1MEYK0075","43.637353","-70.576196","78.9","2021-09-22",,,"0.01",",,N",,,,
"US1MEYK0075","43.637353","-70.576196","78.9","2021-09-23",,,"0.01",",,N",,,,
"US1MEYK0075","43.637353","-70.576196","78.9","2021-09-24",,,"0.04",",,N",,,,
"US1MEYK0075","43.637353","-70.576196","78.9","2021-09-25",,,"0.33",",,N",,,,
"US1MEYK0075","43.637353","-70.576196","78.9","2021-09-26",,,"0.21",",,N",,,,
"US1MEYK0075","43.637353","-70.576196","78.9","2021-09-27",,,"0.08",",,N",,,,
"US1MEYK0075","43.637353","-70.576196","78.9","2021-09-28",,,"0.00",",,N","0.0",",,N",,
"US1MEYK0075","43.637353","-70.576196","78.9","2021-09-29",,,"0.00","T,,N",,,,
"US1MEYK0075","43.637353","-70.576196","78.9","2021-09-30",,,"0.00",",,N","0.0",",,N",,
"US1MEYK0075","43.637353","-70.576196","78.9","2021-10-01",,,"0.00","T,,N",,,,
"US1MEYK0075","43.637353","-70.576196","78.9","2021-10-02",,,"0.00","T,,N",,,,
"US1MEYK0075","43.637353","-70.576196","78.9","2021-10-03",,,"0.02",",,N",,,,
"US1MEYK0075","43.637353","-70.576196","78.9","2021-10-04",,,"0.05",",,N",,,,
"US1MEYK0075","43.637353","-70.576196","78.9","2021-10-05",,,"0.04",",,N",,,,
"US1MEYK0075","43.637353","-70.576196","78.9","2021-10-06",,,"0.00",",,N","0.0",",,N",,
"US1MEYK0075","43.637353","-70.576196","78.9","2021-10-07",,,"0.00",",,N","0.0",",,N",,
"US1MEYK0075","43.637353","-70.576196","78.9","2021-10-08",,,"0.00",",,N","0.0",",,N",,
"US1MEYK0075","43.637353","-70.576196","78.9","2021-10-09",,,"0.00",",,N","0.0",",,N",,
"US1MEYK0075","43.637353","-70.576196","78.9","2021-10-10",,,"0.00",",,N","0.0",",,N",,
"US1MEYK0075","43.637353","-70.576196","78.9","2021-10-11",,,"0.00",",,N","0.0",",,N",,
"US1MEYK0075","43.637353","-70.576196","78.9","2021-10-12",,,"0.00",",,N","0.0",",,N",,
"US1MEYK0075","43.637353","-70.576196","78.9","2021-10-13",,,"0.00",",,N","0.0",",,N",,
"US1MEYK0075","43.637353","-70.576196","78.9","2021-10-14",,,"0.00",",,N","0.0",",,N",,
"US1MEYK0075","43.637353","-70.576196","78.9","2021-10-15",,,"0.00",",,N","0.0",",,N",,
"US1MEYK0075","43.637353","-70.576196","78.9","2021-10-16",,,"0.63",",,N",,,,
"US1MEYK0075","43.637353","-70.576196","78.9","2021-10-17",,,"0.40",",,N",,,,
"US1MEYK0075","43.637353","-70.576196","78.9","2021-10-18",,,"0.00",",,N","0.0",",,N",,
"US1MEYK0075","43.637353","-70.576196","78.9","2021-10-19",,,"0.15",",,N",,,,
"US1MEYK0075","43.637353","-70.576196","78.9","2021-10-20",,,"0.00",",,N","0.0",",,N",,
"US1MEYK0075","43.637353","-70.576196","78.9","2021-10-21",,,"0.00",",,N","0.0",",,N",,
"US1MEYK0075","43.637353","-70.576196","78.9","2021-10-22",,,"0.06",",,N",,,,
"US1MEYK0075","43.637353","-70.576196","78.9","2021-10-23",,,"0.00",",,N","0.0",",,N",,
"US1MEYK0075","43.637353","-70.576196","78.9","2021-10-24",,,"0.00",",,N","0.0",",,N",,
"US1MEYK0075","43.637353","-70.576196","78.9","2021-10-25",,,"0.07",",,N",,,,
"US1MEYK0075","43.637353","-70.576196","78.9","2021-10-26",,,"0.20",",,N",,,,
"US1MEYK0075","43.637353","-70.576196","78.9","2021-10-27",,,"0.99",",,N",,,,
"US1MEYK0075","43.637353","-70.576196","78.9","2021-10-28",,,"0.24",",,N",,,,
"US1MEYK0075","43.637353","-70.576196","78.9","2021-10-29",,,"0.00",",,N","0.0",",,N",,
"US1MEYK0075","43.637353","-70.576196","78.9","2021-10-30",,,"0.05",",,N",,,,
"US1MEYK0075","43.637353","-70.576196","78.9","2021-10-31",,,"4.27",",,N",,,,
"US1MEYK0075","43.637353","-70.576196","78.9","2021-11-01",,,"0.03",",,N",,,,
"US1MEYK0075","43.637353","-70.576196","78.9","2021-11-02",,,"0.00",",,N","0.0",",,N",,
"US1MEYK0075","43.637353","-70.576196","78.9","2021-11-03",,,"0.00","T,,N",,,,
"US1MEYK0075","43.637353","-70.576196","78.9","2021-11-04",,,"0.02",",,N",,,,
"US1MEYK0075","43.637353","-70.576196","78.9","2021-11-05",,,"0.00",",,N","0.0",",,N",,
"US1MEYK0075","43.637353","-70.576196","78.9","2021-11-06",,,"0.00",",,N","0.0",",,N",,
"US1MEYK0075","43.637353","-70.576196","78.9","2021-11-07",,,"0.00",",,N","0.0",",,N",,
"US1MEYK0075","43.637353","-70.576196","78.9","2021-11-08",,,"0.00",",,N","0.0",",,N",,
"US1MEYK0075","43.637353","-70.576196","78.9","2021-11-09",,,"0.00",",,N","0.0",",,N",,
"US1MEYK0075","43.637353","-70.576196","78.9","2021-11-10",,,"0.04",",,N",,,,
"US1MEYK0075","43.637353","-70.576196","78.9","2021-11-11",,,"0.02",",,N",,,,
"US1MEYK0075","43.637353","-70.576196","78.9","2021-11-12",,,"0.00","T,,N",,,,
"US1MEYK0075","43.637353","-70.576196","78.9","2021-11-13",,,"1.76",",,N",,,,
"US1MEYK0075","43.637353","-70.576196","78.9","2021-11-14",,,"0.40",",,N",,,,
"US1MEYK0075","43.637353","-70.576196","78.9","2021-11-15",,,"0.17",",,N",,,,
"US1MEYK0075","43.637353","-70.576196","78.9","2021-11-16",,,"0.00","T,,N",,,,
"US1MEYK0075","43.637353","-70.576196","78.9","2021-11-17",,,"0.00","T,,N",,,,
"US1MEYK0075","43.637353","-70.576196","78.9","2021-11-18",,,"0.01",",,N",,,,
"US1MEYK0075","43.637353","-70.576196","78.9","2021-11-19",,,"0.30",",,N",,,,
"US1MEYK0075","43.637353","-70.576196","78.9","2021-11-20",,,"0.00","T,,N",,,,
"US1MEYK0075","43.637353","-70.576196","78.9","2021-11-21",,,"0.00",",,N","0.0",",,N",,
"US1MEYK0075","43.637353","-70.576196","78.9","2021-11-22",,,"0.17",",,N",,,,
"US1MEYK0075","43.637353","-70.576196","78.9","2021-11-23",,,"0.06",",,N",,,,
"US1MEYK0075","43.637353","-70.576196","78.9","2021-11-24",,,"0.00",",,N","0.0",",,N",,
"US1MEYK0075","43.637353","-70.576196","78.9","2021-11-25",,,"0.00",",,N","0.0",",,N",,
"US1MEYK0075","43.637353","-70.576196","78.9","2021-11-26",,,"0.00","T,,N",,,,
"US1MEYK0075","43.637353","-70.576196","78.9","2021-11-27",,,"0.31",",,N","0.0","T,,N",,
"US1MEYK0075","43.637353","-70.576196","78.9","2021-11-28",,,"0.00",",,N","0.0",",,N",,
"USC00164775","29.9941","-92.2825","4.6","2021-08-01",,,"0.00",",,7,0700",,,,
"USC00164775","29.9941","-92.2825","4.6","2021-08-02",,,"0.00",",,7,0700",,,,
"USC00164775","29.9941","-92.2825","4.6","2021-08-03",,,"0.23",",,7,0700",,,,
"USC00164775","29.9941","-92.2825","4.6","2021-08-04",,,"0.39",",,7,0700",,,,
"USC00164775","29.9941","-92.2825","4.6","2021-08-05",,,"0.00",",,7,0700",,,,
"USC00164775","29.9941","-92.2825","4.6","2021-08-06",,,"0.00",",,7,0700",,,,
"USC00164775","29.9941","-92.2825","4.6","2021-08-07",,,"0.00",",,7,0700",,,,
"USC00164775","29.9941","-92.2825","4.6","2021-08-08",,,"1.88",",,7,0700",,,,
"USC00164775","29.9941","-92.2825","4.6","2021-08-09",,,"0.00",",,7,0700",,,,
"USC00164775","29.9941","-92.2825","4.6","2021-08-10",,,"0.00",",,7,0700",,,,
"USC00164775","29.9941","-92.2825","4.6","2021-08-11",,,"0.00",",,7,0700",,,,
"USC00164775","29.9941","-92.2825","4.6","2021-08-12",,,"0.00",",,7,0700",,,,
"USC00164775","29.9941","-92.2825","4.6","2021-08-13",,,"0.00",",,7,0700",,,,
"USC00164775","29.9941","-92.2825","4.6","2021-08-14",,,"0.07",",,7,0700",,,,
"USC00164775","29.9941","-92.2825","4.6","2021-08-15",,,"0.26",",,7,0700",,,,
"USC00164775","29.9941","-92.2825","4.6","2021-08-16",,,"0.00",",,7,0700",,,,
"USC00164775","29.9941","-92.2825","4.6","2021-08-17",,,"0.00",",,7,0700",,,,
"USC00164775","29.9941","-92.2825","4.6","2021-08-18",,,"0.04",",,7,0700",,,,
"USC00164775","29.9941","-92.2825","4.6","2021-08-19",,,"0.33",",,7,0700",,,,
"USC00164775","29.9941","-92.2825","4.6","2021-08-20",,,"0.00",",,7,0700",,,,
"USC00164775","29.9941","-92.2825","4.6","2021-08-21",,,"0.00",",,7,0700",,,,
"USC00164775","29.9941","-92.2825","4.6","2021-08-22",,,"0.00",",,7,0700",,,,
"USC00164775","29.9941","-92.2825","4.6","2021-08-23",,,"0.00",",,7,0700",,,,
"USC00164775","29.9941","-92.2825","4.6","2021-08-24",,,"0.00",",,7,0700",,,,
"USC00164775","29.9941","-92.2825","4.6","2021-08-25",,,"3.17",",,7,0700",,,,
"USC00164775","29.9941","-92.2825","4.6","2021-08-26",,,"0.00",",,7,0700",,,,
"USC00164775","29.9941","-92.2825","4.6","2021-08-27",,,"0.00",",,7,0700",,,,
"USC00164775","29.9941","-92.2825","4.6","2021-08-28",,,"1.04",",,7,0700",,,,
"USC00164775","29.9941","-92.2825","4.6","2021-08-29",,,"0.18",",,7,0700",,,,
"USC00164775","29.9941","-92.2825","4.6","2021-08-30",,,"0.00",",,7,0700",,,,
"USC00164775","29.9941","-92.2825","4.6","2021-08-31",,,"0.00",",,7,0700",,,,
"USC00164775","29.9941","-92.2825","4.6","2021-09-01",,,"0.43",",,7,0700",,,,
"USC00164775","29.9941","-92.2825","4.6","2021-09-02",,,"0.09",",,7,0700",,,,
"USC00164775","29.9941","-92.2825","4.6","2021-09-03",,,"0.00",",,7,0700",,,,
"USC00164775","29.9941","-92.2825","4.6","2021-09-04",,,"0.00",",,7,0700",,,,
"USC00164775","29.9941","-92.2825","4.6","2021-09-05",,,"0.00",",,7,0700",,,,
"USC00164775","29.9941","-92.2825","4.6","2021-09-06",,,"0.00",",,7,0700",,,,
"USC00164775","29.9941","-92.2825","4.6","2021-09-07",,,"0.00",",,7,0700",,,,
"USC00164775","29.9941","-92.2825","4.6","2021-09-08",,,"0.00",",,7,0700",,,,
"USC00164775","29.9941","-92.2825","4.6","2021-09-09",,,"0.00",",,7,0700",,,,
"USC00164775","29.9941","-92.2825","4.6","2021-09-10",,,"0.00",",,7,0700",,,,
"USC00164775","29.9941","-92.2825","4.6","2021-09-11",,,"0.00",",,7,0700",,,,
"USC00164775","29.9941","-92.2825","4.6","2021-09-12",,,"0.00",",,7,0700",,,,
"USC00164775","29.9941","-92.2825","4.6","2021-09-13",,,"0.00",",,7,0700",,,,
"USC00164775","29.9941","-92.2825","4.6","2021-09-14",,,"2.00",",,7,0700",,,,
"USC00164775","29.9941","-92.2825","4.6","2021-09-15",,,"1.65",",,7,0700",,,,
"USC00164775","29.9941","-92.2825","4.6","2021-09-16",,,"0.10",",,7,0700",,,,
"USC00164775","29.9941","-92.2825","4.6","2021-09-17",,,"0.00",",,7,0700",,,,
"USC00164775","29.9941","-92.2825","4.6","2021-09-18",,,"0.16",",,7,0700",,,,
"USC00164775","29.9941","-92.2825","4.6","2021-09-19",,,"0.00",",,7,0700",,,,
"USC00164775","29.9941","-92.2825","4.6","2021-09-20",,,"0.10",",,7,0700",,,,
"USC00164775","29.9941","-92.2825","4.6","2021-09-21",,,"0.00",",,7,0700",,,,
"USC00164775","29.9941","-92.2825","4.6","2021-09-22",,,"1.10",",,7,0700",,,,
"USC00164775","29.9941","-92.2825","4.6","2021-09-23",,,"0.00",",,7,0700",,,,
"USC00164775","29.9941","-92.2825","4.6","2021-09-24",,,"0.00",",,7,0700",,,,
"USC00164775","29.9941","-92.2825","4.6","2021-09-25",,,"0.00",",,7,0700",,,,
"USC00164775","29.9941","-92.2825","4.6","2021-09-26",,,"0.00",",,7,0700",,,,
"USC00164775","29.9941","-92.2825","4.6","2021-09-27",,,"0.00",",,7,0700",,,,
"USC00164775","29.9941","-92.2825","4.6","2021-09-28",,,"0.10",",,7,0700",,,,
"USC00164775","29.9941","-92.2825","4.6","2021-09-29",,,"1.00",",,7,0700",,,,
"USC00164775","29.9941","-92.2825","4.6","2021-09-30",,,"0.20",",,7,0700",,,,
"USC00164775","29.9941","-92.2825","4.6","2021-10-01",,,"0.10",",,7,0700",,,,
"USC00164775","29.9941","-92.2825","4.6","2021-10-02",,,"0.00",",,7,0700",,,,
"USC00164775","29.9941","-92.2825","4.6","2021-10-03",,,"0.02",",,7,0700",,,,
"USC00164775","29.9941","-92.2825","4.6","2021-10-04",,,"0.00",",,7,0700",,,,
"USC00164775","29.9941","-92.2825","4.6","2021-10-05",,,"0.00",",,7,0700",,,,
"USC00164775","29.9941","-92.2825","4.6","2021-10-06",,,"0.00",",,7,0700",,,,
"USC00164775","29.9941","-92.2825","4.6","2021-10-07",,,"0.00",",,7,0700",,,,
"USC00164775","29.9941","-92.2825","4.6","2021-10-08",,,"0.00",",,7,0700",,,,
"USC00164775","29.9941","-92.2825","4.6","2021-10-09",,,"0.00",",,7,0700",,,,
"USC00164775","29.9941","-92.2825","4.6","2021-10-10",,,"0.00",",,7,0700",,,,
"USC00164775","29.9941","-92.2825","4.6","2021-10-11",,,"0.00",",,7,0700",,,,
"USC00164775","29.9941","-92.2825","4.6","2021-10-12",,,"0.00",",,7,0700",,,,
"USC00164775","29.9941","-92.2825","4.6","2021-10-13",,,"0.00",",,7,0700",,,,
"USC00164775","29.9941","-92.2825","4.6","2021-10-14",,,"0.00",",,7,0700",,,,
"USC00164775","29.9941","-92.2825","4.6","2021-10-15",,,"0.00",",,7,0700",,,,
"USC00164775","29.9941","-92.2825","4.6","2021-10-16",,,"0.00",",,7,0700",,,,
"USC00164775","29.9941","-92.2825","4.6","2021-10-17",,,"0.00",",,7,0700",,,,
"USC00164775","29.9941","-92.2825","4.6","2021-10-18",,,"0.00",",,7,0700",,,,
"USC00164775","29.9941","-92.2825","4.6","2021-10-19",,,"0.00",",,7,0700",,,,
"USC00164775","29.9941","-92.2825","4.6","2021-10-20",,,"0.00",",,7,0700",,,,
"USC00164775","29.9941","-92.2825","4.6","2021-10-21",,,"0.00",",,7,0700",,,,
"USC00164775","29.9941","-92.2825","4.6","2021-10-22",,,"0.00",",,7,0700",,,,
"USC00164775","29.9941","-92.2825","4.6","2021-10-23",,,"0.00",",,7,0700",,,,
"USC00164775","29.9941","-92.2825","4.6","2021-10-24",,,"0.11",",,7,0700",,,,
"USC00164775","29.9941","-92.2825","4.6","2021-10-25",,,"0.13",",,7,0700",,,,
"USC00164775","29.9941","-92.2825","4.6","2021-10-26",,,"0.00",",,7,0700",,,,
"USC00164775","29.9941","-92.2825","4.6","2021-10-27",,,"0.00",",,7,0700",,,,
"USC00164775","29.9941","-92.2825","4.6","2021-10-28",,,"1.69",",,7,0700",,,,
"USC00164775","29.9941","-92.2825","4.6","2021-10-29",,,"0.00",",,7,0700",,,,
"USC00164775","29.9941","-92.2825","4.6","2021-10-30",,,"0.00",",,7,0700",,,,
"USC00164775","29.9941","-92.2825","4.6","2021-10-31",,,"0.00",",,7,0700",,,,
"USC00164775","29.9941","-92.2825","4.6","2021-11-06",,,"0.00",",,H,0700",,,,
"USC00164775","29.9941","-92.2825","4.6","2021-11-07",,,"0.00",",,H,0700",,,,
"USC00164775","29.9941","-92.2825","4.6","2021-11-08",,,"0.00",",,H,0700",,,,
"US1MECM0114","43.800727","-70.165461","17.7","2021-08-02",,,"0.01",",,N",,,,
"US1MECM0114","43.800727","-70.165461","17.7","2021-08-06",,,,,,,,
"US1MECM0114","43.800727","-70.165461","17.7","2021-08-09",,,"0.00",",,N","0.0",",,N",,
"US1MECM0114","43.800727","-70.165461","17.7","2021-08-11",,,"0.02",",,N",,,,
"US1MECM0114","43.800727","-70.165461","17.7","2021-08-12",,,"0.00","T,,N",,,,
"US1MECM0114","43.800727","-70.165461","17.7","2021-08-14",,,"0.00","T,,N",,,,
"US1MECM0114","43.800727","-70.165461","17.7","2021-08-20",,,"1.00",",,N",,,,
"US1MECM0114","43.800727","-70.165461","17.7","2021-08-22",,,"0.01",",,N",,,,
"US1MECM0114","43.800727","-70.165461","17.7","2021-08-28",,,,,,,,
"US1MECM0114","43.800727","-70.165461","17.7","2021-08-29",,,"0.00",",,N","0.0",",,N",,
"US1MECM0114","43.800727","-70.165461","17.7","2021-08-31",,,"0.11",",,N",,,,
"US1MECM0114","43.800727","-70.165461","17.7","2021-09-02",,,"1.53",",,N",,,,
"US1MECM0114","43.800727","-70.165461","17.7","2021-09-08",,,,,,,,
"US1MECM0114","43.800727","-70.165461","17.7","2021-09-09",,,"0.01",",,N",,,,
"US1MECM0114","43.800727","-70.165461","17.7","2021-09-13",,,,,,,,
"US1MECM0114","43.800727","-70.165461","17.7","2021-09-15",,,"0.00","T,,N",,,,
"US1MECM0114","43.800727","-70.165461","17.7","2021-09-16",,,"0.26",",,N",,,,
"US1MECM0114","43.800727","-70.165461","17.7","2021-09-23",,,,,,,,
"US1MECM0114","43.800727","-70.165461","17.7","2021-09-27",,,,,,,,
"US1MECM0114","43.800727","-70.165461","17.7","2021-09-29",,,,,,,,
"US1MECM0114","43.800727","-70.165461","17.7","2021-09-30",,,"0.01",",,N",,,,
"US1MECM0114","43.800727","-70.165461","17.7","2021-10-01",,,"0.12",",,N",,,,
"US1MECM0114","43.800727","-70.165461","17.7","2021-10-04",,,,,,,,
"US1MECM0114","43.800727","-70.165461","17.7","2021-10-07",,,,,,,,
"US1MECM0114","43.800727","-70.165461","17.7","2021-10-11",,,,,,,,
"US1MECM0114","43.800727","-70.165461","17.7","2021-10-16",,,"1.21",",,N",,,,
"US1MECM0114","43.800727","-70.165461","17.7","2021-10-17",,,"0.39",",,N",,,,
"US1MECM0114","43.800727","-70.165461","17.7","2021-10-18",,,"0.01",",,N",,,,
"US1MECM0114","43.800727","-70.165461","17.7","2021-10-20",,,"0.00",",,N","0.0",",,N",,
"US1MECM0114","43.800727","-70.165461","17.7","2021-10-21",,,"0.00",",,N","0.0",",,N",,
"US1MECM0114","43.800727","-70.165461","17.7","2021-10-25",,,,,,,,
"US1MECM0114","43.800727","-70.165461","17.7","2021-10-27",,,"0.96",",,N",,,,
"US1MECM0114","43.800727","-70.165461","17.7","2021-10-28",,,"0.13",",,N",,,,
"US1MECM0114","43.800727","-70.165461","17.7","2021-10-29",,,"0.00","T,,N",,,,
"US1MECM0114","43.800727","-70.165461","17.7","2021-10-30",,,"0.11",",,N",,,,
"US1MECM0114","43.800727","-70.165461","17.7","2021-10-31",,,"4.38",",,N",,,,
"US1MECM0114","43.800727","-70.165461","17.7","2021-11-01",,,"0.01",",,N",,,,
"US1MECM0114","43.800727","-70.165461","17.7","2021-11-03",,,"0.00",",,N","0.0",",,N",,
"US1MECM0114","43.800727","-70.165461","17.7","2021-11-09",,,,,,,,
"US1MECM0114","43.800727","-70.165461","17.7","2021-11-10",,,"0.11",",,N",,,,
"US1MECM0114","43.800727","-70.165461","17.7","2021-11-15",,,,,,,,
"US1MECM0114","43.800727","-70.165461","17.7","2021-11-19",,,,,,,,
"US1MECM0114","43.800727","-70.165461","17.7","2021-11-20",,,"0.00",",,N","0.0",",,N",,
"US1MECM0114","43.800727","-70.165461","17.7","2021-11-21",,,"0.00",",,N","0.0",",,N",,
"US1MECM0114","43.800727","-70.165461","17.7","2021-11-22",,,"0.52",",,N",,,,
"US1MECM0114","43.800727","-70.165461","17.7","2021-11-24",,,"0.02",",,N",,,,
"US1MECM0114","43.800727","-70.165461","17.7","2021-11-25",,,"0.00",",,N","0.0",",,N",,
"US1MECM0114","43.800727","-70.165461","17.7","2021-11-26",,,"0.00",",,N","0.0",",,N",,
"US1MECM0114","43.800727","-70.165461","17.7","2021-11-27",,,"0.40",",,N",,,,
"USC00175305","45.6404","-68.6747","109.7","2021-08-01",,,"0.00",",,7,0700","0.0",",,7,0700",,
"USC00175305","45.6404","-68.6747","109.7","2021-08-02",,,"0.20",",,7,0700","0.0",",,7,0700",,
"USC00175305","45.6404","-68.6747","109.7","2021-08-03",,,"0.05",",,7,0700","0.0",",,7,0700",,
"USC00175305","45.6404","-68.6747","109.7","2021-08-04",,,"0.00",",,7,0700","0.0",",,7,0700",,
"USC00175305","45.6404","-68.6747","109.7","2021-08-05",,,"0.00",",,7,0700","0.0",",,7,0700",,
"USC00175305","45.6404","-68.6747","109.7","2021-08-06",,,"0.16",",,7,0700","0.0",",,7,0700",,
"USC00175305","45.6404","-68.6747","109.7","2021-08-07",,,"0.00","T,,7,0700","0.0",",,7,0700",,
"USC00175305","45.6404","-68.6747","109.7","2021-08-08",,,"0.29",",,7,0700","0.0",",,7,0700",,
"USC00175305","45.6404","-68.6747","109.7","2021-08-09",,,"0.03",",,7,0700","0.0",",,7,0700",,
"USC00175305","45.6404","-68.6747","109.7","2021-08-10",,,"0.00",",,7,0700","0.0",",,7,0700",,
"USC00175305","45.6404","-68.6747","109.7","2021-08-11",,,"0.00",",,7,0700","0.0",",,7,0700",,
"USC00175305","45.6404","-68.6747","109.7","2021-08-12",,,"0.00",",,7,0700","0.0",",,7,0700",,
"USC00175305","45.6404","-68.6747","109.7","2021-08-13",,,"0.00",",,7,0700","0.0",",,7,0700",,
"USC00175305","45.6404","-68.6747","109.7","2021-08-14",,,"0.00",",,7,0700","0.0",",,7,0700",,
"USC00175305","45.6404","-68.6747","109.7","2021-08-15",,,"0.27",",,7,0700","0.0",",,7,0700",,
"USC00175305","45.6404","-68.6747","109.7","2021-08-16",,,"0.00",",,7,0700","0.0",",,7,0700",,
"USC00175305","45.6404","-68.6747","109.7","2021-08-17",,,"0.00",",,7,0700","0.0",",,7,0700",,
"USC00175305","45.6404","-68.6747","109.7","2021-08-18",,,"0.00",",,7,0700","0.0",",,7,0700",,
"USC00175305","45.6404","-68.6747","109.7","2021-08-19",,,"0.00",",,7,0700","0.0",",,7,0700",,
"USC00175305","45.6404","-68.6747","109.7","2021-08-20",,,"0.00","T,,7,0700","0.0",",,7,0700",,
"USC00175305","45.6404","-68.6747","109.7","2021-08-21",,,"0.00",",,7,0700","0.0",",,7,0700",,
"USC00175305","45.6404","-68.6747","109.7","2021-08-22",,,"0.00","T,,7,0700","0.0",",,7,0700",,
"USC00175305","45.6404","-68.6747","109.7","2021-08-23",,,"0.03",",,7,0700","0.0",",,7,0700",,
"USC00175305","45.6404","-68.6747","109.7","2021-08-24",,,"1.78",",,7,0700","0.0",",,7,0700",,
"USC00175305","45.6404","-68.6747","109.7","2021-08-25",,,"0.03",",,7,0700","0.0",",,7,0700",,
"USC00175305","45.6404","-68.6747","109.7","2021-08-26",,,"0.00",",,7,0700","0.0",",,7,0700",,
"USC00175305","45.6404","-68.6747","109.7","2021-08-27",,,"0.02",",,7,0700","0.0",",,7,0700",,
"USC00175305","45.6404","-68.6747","109.7","2021-08-28",,,"0.00",",,7,0700","0.0",",,7,0700",,
"USC00175305","45.6404","-68.6747","109.7","2021-08-29",,,"0.00",",,7,0700","0.0",",,7,0700",,
"USC00175305","45.6404","-68.6747","109.7","2021-08-30",,,"0.06",",,7,0700","0.0",",,7,0700",,
"USC00175305","45.6404","-68.6747","109.7","2021-08-31",,,"0.03",",,7,0700","0.0",",,7,0700",,
"USC00175305","45.6404","-68.6747","109.7","2021-09-01",,,"0.00",",,7,0700","0.0",",,7,0700",,
"USC00175305","45.6404","-68.6747","109.7","2021-09-02",,,"0.00","T,,7,0700","0.0",",,7,0700",,
"USC00175305","45.6404","-68.6747","109.7","2021-09-03",,,"0.69",",,7,0700","0.0",",,7,0700",,
"USC00175305","45.6404","-68.6747","109.7","2021-09-04",,,"0.10",",,7,0700","0.0",",,7,0700",,
"USC00175305","45.6404","-68.6747","109.7","2021-09-05",,,"0.00",",,7,0700","0.0",",,7,0700",,
"USC00175305","45.6404","-68.6747","109.7","2021-09-06",,,"0.09",",,7,0700","0.0",",,7,0700",,
"USC00175305","45.6404","-68.6747","109.7","2021-09-07",,,"0.49",",,7,0700","0.0",",,7,0700",,
"USC00175305","45.6404","-68.6747","109.7","2021-09-08",,,"0.00",",,7,0700","0.0",",,7,0700",,
"USC00175305","45.6404","-68.6747","109.7","2021-09-09",,,"0.04",",,7,0700","0.0",",,7,0700",,
"USC00175305","45.6404","-68.6747","109.7","2021-09-10",,,"0.67",",,7,0700","0.0",",,7,0700",,
"USC00175305","45.6404","-68.6747","109.7","2021-09-11",,,"0.11",",,7,0700","0.0",",,7,0700",,
"USC00175305","45.6404","-68.6747","109.7","2021-09-12",,,"0.00",",,7,0700","0.0",",,7,0700",,
"USC00175305","45.6404","-68.6747","109.7","2021-09-13",,,"0.00",",,7,0700","0.0",",,7,0700",,
"USC00175305","45.6404","-68.6747","109.7","2021-09-14",,,"0.00",",,7,0700","0.0",",,7,0700",,
"USC00175305","45.6404","-68.6747","109.7","2021-09-15",,,"0.00",",,7,0700","0.0",",,7,0700",,
"USC00175305","45.6404","-68.6747","109.7","2021-09-16",,,"0.67",",,7,0700","0.0",",,7,0700",,
"USC00175305","45.6404","-68.6747","109.7","2021-09-17",,,"0.00",",,7,0700","0.0",",,7,0700",,
"USC00175305","45.6404","-68.6747","109.7","2021-09-18",,,"0.00",",,7,0700","0.0",",,7,0700",,
"USC00175305","45.6404","-68.6747","109.7","2021-09-19",,,"0.32",",,7,0700","0.0",",,7,0700",,
"USC00175305","45.6404","-68.6747","109.7","2021-09-20",,,"0.00",",,7,0700","0.0",",,7,0700",,
"USC00175305","45.6404","-68.6747","109.7","2021-09-21",,,"0.00",",,7,0700","0.0",",,7,0700",,
"USC00175305","45.6404","-68.6747","109.7","2021-09-22",,,"0.00",",,7,0700","0.0",",,7,0700",,
"USC00175305","45.6404","-68.6747","109.7","2021-09-23",,,"0.00","T,,7,0700","0.0",",,7,0700",,
"USC00175305","45.6404","-68.6747","109.7","2021-09-24",,,"0.00","T,,7,0700","0.0",",,7,0700",,
"USC00175305","45.6404","-68.6747","109.7","2021-09-25",,,"1.70",",,7,0700","0.0",",,7,0700",,
"USC00175305","45.6404","-68.6747","109.7","2021-09-26",,,"0.76",",,7,0700","0.0",",,7,0700",,
"USC00175305","45.6404","-68.6747","109.7","2021-09-27",,,"0.63",",,7,0700","0.0",",,7,0700",,
"USC00175305","45.6404","-68.6747","109.7","2021-09-28",,,"0.02",",,7,0700","0.0",",,7,0700",,
"USC00175305","45.6404","-68.6747","109.7","2021-09-29",,,"0.00",",,7,0700","0.0",",,7,0700",,
"USC00175305","45.6404","-68.6747","109.7","2021-09-30",,,"0.00","T,,7,0700","0.0",",,7,0700",,
"USC00175305","45.6404","-68.6747","109.7","2021-10-01",,,"0.00","T,,7,0700","0.0",",,7,0700",,
"USC00175305","45.6404","-68.6747","109.7","2021-10-02",,,"0.00",",,7,0700","0.0",",,7,0700",,
"USC00175305","45.6404","-68.6747","109.7","2021-10-03",,,"0.00",",,7,0700","0.0",",,7,0700",,
"USC00175305","45.6404","-68.6747","109.7","2021-10-04",,,"0.00",",,7,0700","0.0",",,7,0700",,
"USC00175305","45.6404","-68.6747","109.7","2021-10-05",,,"0.00",",,7,0700","0.0",",,7,0700",,
"USC00175305","45.6404","-68.6747","109.7","2021-10-06",,,"0.00",",,7,0700","0.0",",,7,0700",,
"USC00175305","45.6404","-68.6747","109.7","2021-10-07",,,"0.00",",,7,0700","0.0",",,7,0700",,
"USC00175305","45.6404","-68.6747","109.7","2021-10-08",,,"0.00",",,7,0700","0.0",",,7,0700",,
"USC00175305","45.6404","-68.6747","109.7","2021-10-09",,,"0.00",",,7,0700","0.0",",,7,0700",,
"USC00175305","45.6404","-68.6747","109.7","2021-10-10",,,"0.00",",,7,0700","0.0",",,7,0700",,
"USC00175305","45.6404","-68.6747","109.7","2021-10-11",,,"0.00",",,7,0700","0.0",",,7,0700",,
"USC00175305","45.6404","-68.6747","109.7","2021-10-12",,,"0.00",",,7,0700","0.0",",,7,0700",,
"USC00175305","45.6404","-68.6747","109.7","2021-10-13",,,"0.00",",,7,0700","0.0",",,7,0700",,
"USC00175305","45.6404","-68.6747","109.7","2021-10-14",,,"0.00","T,,7,0700","0.0",",,7,0700",,
"USC00175305","45.6404","-68.6747","109.7","2021-10-15",,,"0.00",",,7,0700","0.0",",,7,0700",,
"USC00175305","45.6404","-68.6747","109.7","2021-10-16",,,"0.34",",,7,0700","0.0",",,7,0700",,
"USC00175305","45.6404","-68.6747","109.7","2021-10-17",,,"1.50",",,7,0700","0.0",",,7,0700",,
"USC00175305","45.6404","-68.6747","109.7","2021-10-18",,,"0.07",",,7,0700","0.0",",,7,0700",,
"USC00175305","45.6404","-68.6747","109.7","2021-10-19",,,"0.00",",,7,0700","0.0",",,7,0700",,
"USC00175305","45.6404","-68.6747","109.7","2021-10-20",,,"0.00","T,,7,0700","0.0",",,7,0700",,
"USC00175305","45.6404","-68.6747","109.7","2021-10-21",,,"0.00",",,7,0700","0.0",",,7,0700",,
"USC00175305","45.6404","-68.6747","109.7","2021-10-22",,,"0.00","T,,7,0700","0.0",",,7,0700",,
"USC00175305","45.6404","-68.6747","109.7","2021-10-23",,,"0.05",",,7,0700","0.0",",,7,0700",,
"USC00175305","45.6404","-68.6747","109.7","2021-10-24",,,"0.00",",,7,0700","0.0",",,7,0700",,
"USC00175305","45.6404","-68.6747","109.7","2021-10-25",,,"0.00",",,7,0700","0.0",",,7,0700",,
"USC00175305","45.6404","-68.6747","109.7","2021-10-26",,,"0.00","T,,7,0700","0.0",",,7,0700",,
"USC00175305","45.6404","-68.6747","109.7","2021-10-27",,,"0.00",",,7,0700","0.0",",,7,0700",,
"USC00175305","45.6404","-68.6747","109.7","2021-10-28",,,"0.00",",,7,0700","0.0",",,7,0700",,
"USC00175305","45.6404","-68.6747","109.7","2021-10-29",,,"0.00",",,7,0700","0.0",",,7,0700",,
"USC00175305","45.6404","-68.6747","109.7","2021-10-30",,,"0.00","T,,7,0700","0.0",",,7,0700",,
"USC00175305","45.6404","-68.6747","109.7","2021-10-31",,,"1.85",",,7,0700","0.0",",,7,0700",,
"USC00175305","45.6404","-68.6747","109.7","2021-11-01",,,"1.01",",,H,0700","0.0",",,H,0700",,
"USC00175305","45.6404","-68.6747","109.7","2021-11-02",,,"0.00",",,H,0700","0.0",",,H,0700",,
"USC00175305","45.6404","-68.6747","109.7","2021-11-03",,,"0.00",",,H,0700","0.0",",,H,0700",,
"USC00175305","45.6404","-68.6747","109.7","2021-11-04",,,"0.00",",,H,0700","0.0",",,H,0700",,
"USC00175305","45.6404","-68.6747","109.7","2021-11-05",,,"0.00",",,H,0700","0.0",",,H,0700",,
"USC00175305","45.6404","-68.6747","109.7","2021-11-06",,,"0.00",",,H,0700",,,,
"USC00175305","45.6404","-68.6747","109.7","2021-11-07",,,"0.00",",,H,0700",,,,
"USC00175305","45.6404","-68.6747","109.7","2021-11-08",,,"0.00",",,H,0700","0.0",",,H,0700",,
"USC00175305","45.6404","-68.6747","109.7","2021-11-09",,,"0.00",",,H,0700",,,,
"USC00175305","45.6404","-68.6747","109.7","2021-11-10",,,"0.00",",,H,0700","0.0",",,H,0700",,
"USC00175305","45.6404","-68.6747","109.7","2021-11-11",,,"0.00",",,H,0700","0.0",",,H,0700",,
"USC00175305","45.6404","-68.6747","109.7","2021-11-12",,,"0.00",",,H,0700","0.0",",,H,0700",,
"USC00175305","45.6404","-68.6747","109.7","2021-11-13",,,"1.00",",,H,0700","0.0",",,H,0700",,
"USC00175305","45.6404","-68.6747","109.7","2021-11-14",,,"0.03",",,H,0700","0.0",",,H,0700",,
"USC00175305","45.6404","-68.6747","109.7","2021-11-15",,,"0.00",",,H,0700","0.0",",,H,0700",,
"USC00175305","45.6404","-68.6747","109.7","2021-11-16",,,"0.19",",,H,0700","0.0",",,H,0700",,
"USC00175305","45.6404","-68.6747","109.7","2021-11-17",,,"0.00",",,H,0700","0.0",",,H,0700",,
"USC00175305","45.6404","-68.6747","109.7","2021-11-18",,,"0.25",",,H,0700","1.0",",,H,0700",,
"USC00175305","45.6404","-68.6747","109.7","2021-11-19",,,"0.30",",,H,0700","0.0",",,H,0700",,
"USC00175305","45.6404","-68.6747","109.7","2021-11-20",,,"0.00",",,H,0700","0.0",",,H,0700",,
"USC00175305","45.6404","-68.6747","109.7","2021-11-21",,,"0.00",",,H,0700","0.0",",,H,0700",,
"USC00175305","45.6404","-68.6747","109.7","2021-11-22",,,"0.38",",,H,0700","0.0",",,H,0700",,
"USC00175305","45.6404","-68.6747","109.7","2021-11-23",,,"0.35",",,H,0700","0.0",",,H,0700",,
"USC00175305","45.6404","-68.6747","109.7","2021-11-24",,,"0.00",",,H,0700","0.0",",,H,0700",,
"USC00175305","45.6404","-68.6747","109.7","2021-11-25",,,"0.00",",,H,0700",,,,
"USC00175305","45.6404","-68.6747","109.7","2021-11-26",,,"0.00",",,H,0700",,,,
"USC00175305","45.6404","-68.6747","109.7","2021-11-27",,,"0.34",",,H,0700","0.0",",,H,0700",,
"USC00175305","45.6404","-68.6747","109.7","2021-11-28",,,"0.00",",,H,0700","0.0",",,H,0700",,
"USC00178817","44.2822","-70.2561","172.2","2021-08-01",,,"0.00",",,7,0700","0.0",",,7,0700",,
"USC00178817","44.2822","-70.2561","172.2","2021-08-02",,,"0.45",",,7,0700","0.0",",,7,0700",,
"USC00178817","44.2822","-70.2561","172.2","2021-08-03",,,"0.00",",,7,0700","0.0",",,7,0700",,
"USC00178817","44.2822","-70.2561","172.2","2021-08-04",,,"0.00",",,7,0700","0.0",",,7,0700",,
"USC00178817","44.2822","-70.2561","172.2","2021-08-05",,,"0.00","T,,7,0700","0.0",",,7,0700",,
"USC00178817","44.2822","-70.2561","172.2","2021-08-06",,,"0.27",",,7,0700","0.0",",,7,0700",,
"USC00178817","44.2822","-70.2561","172.2","2021-08-07",,,"0.00",",,7,0700","0.0",",,7,0700",,
"USC00178817","44.2822","-70.2561","172.2","2021-08-08",,,"0.00",",,7,0700","0.0",",,7,0700",,
"USC00178817","44.2822","-70.2561","172.2","2021-08-09",,,"0.00",",,7,0700","0.0",",,7,0700",,
"USC00178817","44.2822","-70.2561","172.2","2021-08-10",,,"0.01",",,7,0700","0.0",",,7,0700",,
"USC00178817","44.2822","-70.2561","172.2","2021-08-11",,,"0.00",",,7,0700","0.0",",,7,0700",,
"USC00178817","44.2822","-70.2561","172.2","2021-08-12",,,"0.00",",,7,0700","0.0",",,7,0700",,
"USC00178817","44.2822","-70.2561","172.2","2021-08-13",,,"0.00",",,7,0700","0.0",",,7,0700",,
"USC00178817","44.2822","-70.2561","172.2","2021-08-14",,,"0.00",",,7,0700","0.0",",,7,0700",,
"USC00178817","44.2822","-70.2561","172.2","2021-08-15",,,"0.40",",,7,0700","0.0",",,7,0700",,
"USC00178817","44.2822","-70.2561","172.2","2021-08-16",,,"0.00",",,7,0700","0.0",",,7,0700",,
"USC00178817","44.2822","-70.2561","172.2","2021-08-17",,,"0.00",",,7,0700","0.0",",,7,0700",,
"USC00178817","44.2822","-70.2561","172.2","2021-08-18",,,"0.06",",,7,0700","0.0",",,7,0700",,
"USC00178817","44.2822","-70.2561","172.2","2021-08-19",,,"1.25",",,7,0700","0.0",",,7,0700",,
"USC00178817","44.2822","-70.2561","172.2","2021-08-20",,,"0.25",",,7,0700","0.0",",,7,0700",,
"USC00178817","44.2822","-70.2561","172.2","2021-08-21",,,"0.00",",,7,0700","0.0",",,7,0700",,
"USC00178817","44.2822","-70.2561","172.2","2021-08-22",,,"0.00","T,,7,0700","0.0",",,7,0700",,
"USC00178817","44.2822","-70.2561","172.2","2021-08-23",,,"0.40",",,7,0700","0.0",",,7,0700",,
"USC00178817","44.2822","-70.2561","172.2","2021-08-24",,,"0.01",",,7,0700","0.0",",,7,0700",,
"USC00178817","44.2822","-70.2561","172.2","2021-08-25",,,"0.00",",,7,0700","0.0",",,7,0700",,
"USC00178817","44.2822","-70.2561","172.2","2021-08-26",,,"0.00",",,7,0700","0.0",",,7,0700",,
"USC00178817","44.2822","-70.2561","172.2","2021-08-27",,,"0.00",",,7,0700","0.0",",,7,0700",,
"USC00178817","44.2822","-70.2561","172.2","2021-08-28",,,"0.00",",,7,0700","0.0",",,7,0700",,
"USC00178817","44.2822","-70.2561","172.2","2021-08-29",,,"0.14",",,7,0700","0.0",",,7,0700",,
"USC00178817","44.2822","-70.2561","172.2","2021-08-30",,,"0.00",",,7,0700","0.0",",,7,0700",,
"USC00178817","44.2822","-70.2561","172.2","2021-08-31",,,"0.12",",,7,0700","0.0",",,7,0700",,
"USC00178817","44.2822","-70.2561","172.2","2021-09-01",,,"0.00",",,7,0700","0.0",",,7,0700",,
"USC00178817","44.2822","-70.2561","172.2","2021-09-02",,,"1.04",",,7,0700","0.0",",,7,0700",,
"USC00178817","44.2822","-70.2561","172.2","2021-09-03",,,"0.03",",,7,0700","0.0",",,7,0700",,
"USC00178817","44.2822","-70.2561","172.2","2021-09-04",,,"0.00",",,7,0700","0.0",",,7,0700",,
"USC00178817","44.2822","-70.2561","172.2","2021-09-05",,,"0.00",",,7,0700","0.0",",,7,0700",,
"USC00178817","44.2822","-70.2561","172.2","2021-09-06",,,"0.10",",,7,0700","0.0",",,7,0700",,
"USC00178817","44.2822","-70.2561","172.2","2021-09-07",,,"0.28",",,7,0700","0.0",",,7,0700",,
"USC00178817","44.2822","-70.2561","172.2","2021-09-08",,,"0.00",",,7,0700","0.0",",,7,0700",,
"USC00178817","44.2822","-70.2561","172.2","2021-09-09",,,"0.43",",,7,0700","0.0",",,7,0700",,
"USC00178817","44.2822","-70.2561","172.2","2021-09-10",,,"0.90",",,7,0700","0.0",",,7,0700",,
"USC00178817","44.2822","-70.2561","172.2","2021-09-11",,,"0.02",",,7,0700","0.0",",,7,0700",,
"USC00178817","44.2822","-70.2561","172.2","2021-09-12",,,"0.00",",,7,0700","0.0",",,7,0700",,
"USC00178817","44.2822","-70.2561","172.2","2021-09-13",,,"0.00","T,,7,0700","0.0",",,7,0700",,
"USC00178817","44.2822","-70.2561","172.2","2021-09-14",,,"0.00",",,7,0700","0.0",",,7,0700",,
"USC00178817","44.2822","-70.2561","172.2","2021-09-15",,,"0.00",",,7,0700","0.0",",,7,0700",,
"USC00178817","44.2822","-70.2561","172.2","2021-09-16",,,"0.59",",,7,0700","0.0",",,7,0700",,
"USC00178817","44.2822","-70.2561","172.2","2021-09-17",,,"0.00",",,7,0700","0.0",",,7,0700",,
"USC00178817","44.2822","-70.2561","172.2","2021-09-18",,,"0.00",",,7,0700","0.0",",,7,0700",,
"USC00178817","44.2822","-70.2561","172.2","2021-09-19",,,"0.06",",,7,0700","0.0",",,7,0700",,
"USC00178817","44.2822","-70.2561","172.2","2021-09-20",,,"0.00",",,7,0700","0.0",",,7,0700",,
"USC00178817","44.2822","-70.2561","172.2","2021-09-21",,,"0.00",",,7,0700","0.0",",,7,0700",,
"USC00178817","44.2822","-70.2561","172.2","2021-09-22",,,"0.02",",,7,0700","0.0",",,7,0700",,
"USC00178817","44.2822","-70.2561","172.2","2021-09-23",,,"0.05",",,7,0700","0.0",",,7,0700",,
"USC00178817","44.2822","-70.2561","172.2","2021-09-24",,,"0.00",",,7,0700","0.0",",,7,0700",,
"USC00178817","44.2822","-70.2561","172.2","2021-09-25",,,"0.42",",,7,0700","0.0",",,7,0700",,
"USC00178817","44.2822","-70.2561","172.2","2021-09-26",,,"0.06",",,7,0700","0.0",",,7,0700",,
"USC00178817","44.2822","-70.2561","172.2","2021-09-27",,,"0.20",",,7,0700","0.0",",,7,0700",,
"USC00178817","44.2822","-70.2561","172.2","2021-09-28",,,"0.00",",,7,0700","0.0",",,7,0700",,
"USC00178817","44.2822","-70.2561","172.2","2021-09-29",,,"0.00",",,7,0700","0.0",",,7,0700",,
"USC00178817","44.2822","-70.2561","172.2","2021-09-30",,,"0.00",",,7,0700","0.0",",,7,0700",,
"USC00178817","44.2822","-70.2561","172.2","2021-10-01",,,"0.05",",,H,0700","0.0",",,H,0700",,
"USC00178817","44.2822","-70.2561","172.2","2021-10-02",,,"0.01",",,H,0700","0.0",",,H,0700",,
"USC00178817","44.2822","-70.2561","172.2","2021-10-03",,,"0.00",",,H,0700","0.0",",,H,0700",,
"USC00178817","44.2822","-70.2561","172.2","2021-10-04",,,"0.25",",,H,0700","0.0",",,H,0700",,
"USC00178817","44.2822","-70.2561","172.2","2021-10-05",,,"0.00",",,H,0700","0.0",",,H,0700",,
"USC00178817","44.2822","-70.2561","172.2","2021-10-06",,,"0.00",",,H,0700","0.0",",,H,0700",,
"USC00178817","44.2822","-70.2561","172.2","2021-10-07",,,"0.00",",,H,0700","0.0",",,H,0700",,
"USC00178817","44.2822","-70.2561","172.2","2021-10-08",,,"0.00",",,H,0700","0.0",",,H,0700",,
"USC00178817","44.2822","-70.2561","172.2","2021-10-09",,,"0.00",",,H,0700","0.0",",,H,0700",,
"USC00178817","44.2822","-70.2561","172.2","2021-10-10",,,"0.00",",,H,0700","0.0",",,H,0700",,
"USC00178817","44.2822","-70.2561","172.2","2021-10-11",,,"0.01",",,H,0700","0.0",",,H,0700",,
"USC00178817","44.2822","-70.2561","172.2","2021-10-12",,,"0.01",",,H,0700","0.0",",,H,0700",,
"USC00178817","44.2822","-70.2561","172.2","2021-10-13",,,"0.00",",,H,0700","0.0",",,H,0700",,
"USC00178817","44.2822","-70.2561","172.2","2021-10-14",,,"0.00",",,H,0700","0.0",",,H,0700",,
"USC00178817","44.2822","-70.2561","172.2","2021-10-15",,,"0.00",",,H,0700","0.0",",,H,0700",,
"USC00178817","44.2822","-70.2561","172.2","2021-10-16",,,"0.34",",,H,0700","0.0",",,H,0700",,
"USC00178817","44.2822","-70.2561","172.2","2021-10-17",,,"0.31",",,H,0700","0.0",",,H,0700",,
"USC00178817","44.2822","-70.2561","172.2","2021-10-18",,,"0.00",",,H,0700","0.0",",,H,0700",,
"USC00178817","44.2822","-70.2561","172.2","2021-10-19",,,"0.00",",,H,0700","0.0",",,H,0700",,
"USC00178817","44.2822","-70.2561","172.2","2021-10-20",,,"0.00",",,H,0700","0.0",",,H,0700",,
"USC00178817","44.2822","-70.2561","172.2","2021-10-21",,,"0.00",",,H,0700","0.0",",,H,0700",,
"USC00178817","44.2822","-70.2561","172.2","2021-10-22",,,"0.14",",,H,0700","0.0",",,H,0700",,
"USC00178817","44.2822","-70.2561","172.2","2021-10-23",,,"0.00",",,H,0700","0.0",",,H,0700",,
"USC00178817","44.2822","-70.2561","172.2","2021-10-24",,,"0.00",",,H,0700","0.0",",,H,0700",,
"USC00178817","44.2822","-70.2561","172.2","2021-10-25",,,"0.00",",,H,0700","0.0",",,H,0700",,
"USC00178817","44.2822","-70.2561","172.2","2021-10-26",,,"0.33",",,H,0700","0.0",",,H,0700",,
"USC00178817","44.2822","-70.2561","172.2","2021-10-27",,,"0.33",",,H,0700","0.0",",,H,0700",,
"USC00178817","44.2822","-70.2561","172.2","2021-10-28",,,"0.02",",,H,0700","0.0",",,H,0700",,
"USC00178817","44.2822","-70.2561","172.2","2021-10-29",,,"0.00",",,H,0700","0.0",",,H,0700",,
"USC00178817","44.2822","-70.2561","172.2","2021-10-30",,,"0.00",",,H,0700","0.0",",,H,0700",,
"USC00178817","44.2822","-70.2561","172.2","2021-10-31",,,"2.00",",,H,0700","0.0",",,H,0700",,
"USC00178817","44.2822","-70.2561","172.2","2021-11-01",,,"0.00",",,H,0700","0.0",",,H,0700",,
"USC00178817","44.2822","-70.2561","172.2","2021-11-02",,,"0.00",",,H,0700","0.0",",,H,0700",,
"USC00178817","44.2822","-70.2561","172.2","2021-11-03",,,"0.00",",,H,0700","0.0",",,H,0700",,
"USC00178817","44.2822","-70.2561","172.2","2021-11-04",,,"0.00",",,H,0700","0.0",",,H,0700",,
"USC00178817","44.2822","-70.2561","172.2","2021-11-05",,,"0.00",",,H,0700","0.0",",,H,0700",,
"USC00178817","44.2822","-70.2561","172.2","2021-11-06",,,"0.00",",,H,0700","0.0",",,H,0700",,
"USC00178817","44.2822","-70.2561","172.2","2021-11-07",,,"0.00",",,H,0700","0.0",",,H,0700",,
"USC00178817","44.2822","-70.2561","172.2","2021-11-08",,,"0.00",",,H,0700","0.0",",,H,0700",,
"USC00178817","44.2822","-70.2561","172.2","2021-11-09",,,"0.00",",,H,0700","0.0",",,H,0700",,
"USC00178817","44.2822","-70.2561","172.2","2021-11-10",,,"0.03",",,H,0700","0.0",",,H,0700",,
"USC00178817","44.2822","-70.2561","172.2","2021-11-11",,,"0.06",",,H,0700","0.0",",,H,0700",,
"USC00178817","44.2822","-70.2561","172.2","2021-11-12",,,"0.00",",,H,0700","0.0",",,H,0700",,
"USC00178817","44.2822","-70.2561","172.2","2021-11-13",,,"1.55",",,H,0700","0.0",",,H,0700",,
"USC00178817","44.2822","-70.2561","172.2","2021-11-14",,,"0.17",",,H,0700","0.0",",,H,0700",,
"USC00178817","44.2822","-70.2561","172.2","2021-11-15",,,"0.22",",,H,0700","0.0",",,H,0700",,
"USC00178817","44.2822","-70.2561","172.2","2021-11-16",,,"0.00",",,H,0700","0.0",",,H,0700",,
"USC00178817","44.2822","-70.2561","172.2","2021-11-17",,,"0.00",",,H,0700","0.0",",,H,0700",,
"USC00178817","44.2822","-70.2561","172.2","2021-11-18",,,"0.03",",,H,0700","0.0",",,H,0700",,
"USC00178817","44.2822","-70.2561","172.2","2021-11-19",,,"0.12",",,H,0700","0.0",",,H,0700",,
"USC00178817","44.2822","-70.2561","172.2","2021-11-20",,,"0.00",",,H,0700","0.0",",,H,0700",,
"USC00178817","44.2822","-70.2561","172.2","2021-11-21",,,"0.00",",,H,0700","0.0",",,H,0700",,
"USC00178817","44.2822","-70.2561","172.2","2021-11-22",,,"0.16",",,H,0700","0.0",",,H,0700",,
"USC00178817","44.2822","-70.2561","172.2","2021-11-23",,,"0.06",",,H,0700","0.0",",,H,0700",,
"USC00178817","44.2822","-70.2561","172.2","2021-11-24",,,"0.00",",,H,0700","0.0",",,H,0700",,
"USC00178817","44.2822","-70.2561","172.2","2021-11-25",,,"0.00",",,H,0700","0.0",",,H,0700",,
"USC00178817","44.2822","-70.2561","172.2","2021-11-26",,,"0.00",",,H,0700","0.0",",,H,0700",,
"USC00178817","44.2822","-70.2561","172.2","2021-11-27",,,"0.27",",,H,0700","1.0",",,H,0700",,
"USC00178817","44.2822","-70.2561","172.2","2021-11-28",,,"0.00",",,H,0700","0.0",",,H,0700",,
"USC00163313","29.8233","-91.5441","3.7","2021-08-01",,,"0.00",",,7,2400",,,,
"USC00163313","29.8233","-91.5441","3.7","2021-08-02",,,"0.12",",,7,2400",,,,
"USC00163313","29.8233","-91.5441","3.7","2021-08-03",,,"0.76",",,7,2400",,,,
"USC00163313","29.8233","-91.5441","3.7","2021-08-04",,,"0.00",",,7,2400",,,,
"USC00163313","29.8233","-91.5441","3.7","2021-08-05",,,"0.00",",,7,2400",,,,
"USC00163313","29.8233","-91.5441","3.7","2021-08-06",,,"0.00",",,7,2400",,,,
"USC00163313","29.8233","-91.5441","3.7","2021-08-07",,,"0.00",",,7,2400",,,,
"USC00163313","29.8233","-91.5441","3.7","2021-08-08",,,"0.00",",,7,2400",,,,
"USC00163313","29.8233","-91.5441","3.7","2021-08-09",,,"0.00",",,7,2400",,,,
"USC00163313","29.8233","-91.5441","3.7","2021-08-10",,,"0.56",",,7,2400",,,,
"USC00163313","29.8233","-91.5441","3.7","2021-08-11",,,"0.27",",,7,2400",,,,
"USC00163313","29.8233","-91.5441","3.7","2021-08-12",,,"0.66",",,7,2400",,,,
"USC00163313","29.8233","-91.5441","3.7","2021-08-13",,,"0.33",",,7,2400",,,,
"USC00163313","29.8233","-91.5441","3.7","2021-08-14",,,"0.00",",,7,2400",,,,
"USC00163313","29.8233","-91.5441","3.7","2021-08-15",,,"1.60",",,7,2400",,,,
"USC00163313","29.8233","-91.5441","3.7","2021-08-16",,,"0.00",",,7,2400",,,,
"USC00163313","29.8233","-91.5441","3.7","2021-08-17",,,"0.03",",,7,2400",,,,
"USC00163313","29.8233","-91.5441","3.7","2021-08-18",,,"0.00",",,7,2400",,,,
"USC00163313","29.8233","-91.5441","3.7","2021-08-19",,,"0.04",",,7,2400",,,,
"USC00163313","29.8233","-91.5441","3.7","2021-08-20",,,"0.00",",,7,2400",,,,
"USC00163313","29.8233","-91.5441","3.7","2021-08-21",,,"0.00",",,7,2400",,,,
"USC00163313","29.8233","-91.5441","3.7","2021-08-22",,,"0.00",",,7,2400",,,,
"USC00163313","29.8233","-91.5441","3.7","2021-08-23",,,"0.00",",,7,2400",,,,
"USC00163313","29.8233","-91.5441","3.7","2021-08-24",,,"1.50",",,7,2400",,,,
"USC00163313","29.8233","-91.5441","3.7","2021-08-25",,,"0.28",",,7,2400",,,,
"USC00163313","29.8233","-91.5441","3.7","2021-08-26",,,"0.77",",,7,2400",,,,
"USC00163313","29.8233","-91.5441","3.7","2021-08-27",,,"0.20",",,7,2400",,,,
"USC00163313","29.8233","-91.5441","3.7","2021-08-30",,,"0.60",",,7,2400",,,,
"USC00163313","29.8233","-91.5441","3.7","2021-08-31",,,"0.04",",,7,2400",,,,
"USC00163313","29.8233","-91.5441","3.7","2021-09-01",,,"0.03",",,7,2400",,,,
"USC00163313","29.8233","-91.5441","3.7","2021-09-02",,,"0.00",",,7,2400",,,,
"USC00163313","29.8233","-91.5441","3.7","2021-09-03",,,"0.00",",,7,2400",,,,
"USC00163313","29.8233","-91.5441","3.7","2021-09-04",,,"0.00",",,7,2400",,,,
"USC00163313","29.8233","-91.5441","3.7","2021-09-05",,,"0.00",",,7,2400",,,,
"USC00163313","29.8233","-91.5441","3.7","2021-09-06",,,"0.03",",,7,2400",,,,
"USC00163313","29.8233","-91.5441","3.7","2021-09-07",,,"0.00",",,7,2400",,,,
"USC00163313","29.8233","-91.5441","3.7","2021-09-08",,,"0.00",",,7,2400",,,,
"USC00163313","29.8233","-91.5441","3.7","2021-09-09",,,"0.00",",,7,2400",,,,
"USC00163313","29.8233","-91.5441","3.7","2021-09-10",,,"0.00",",,7,2400",,,,
"USC00163313","29.8233","-91.5441","3.7","2021-09-11",,,"0.00",",,7,2400",,,,
"USC00163313","29.8233","-91.5441","3.7","2021-09-12",,,"0.24",",,7,2400",,,,
"USC00163313","29.8233","-91.5441","3.7","2021-09-13",,,"0.00",",,7,2400",,,,
"USC00163313","29.8233","-91.5441","3.7","2021-09-14",,,"3.80",",,7,2400",,,,
"USC00163313","29.8233","-91.5441","3.7","2021-09-15",,,"0.63",",,7,2400",,,,
"USC00163313","29.8233","-91.5441","3.7","2021-09-16",,,"0.13",",,7,2400",,,,
"USC00163313","29.8233","-91.5441","3.7","2021-09-17",,,"0.00",",,7,2400",,,,
"USC00163313","29.8233","-91.5441","3.7","2021-09-18",,,"0.25",",,7,2400",,,,
"USC00163313","29.8233","-91.5441","3.7","2021-09-19",,,"0.34",",,7,2400",,,,
"USC00163313","29.8233","-91.5441","3.7","2021-09-20",,,"0.13",",,7,2400",,,,
"USC00163313","29.8233","-91.5441","3.7","2021-09-21",,,"0.21",",,7,2400",,,,
"USC00163313","29.8233","-91.5441","3.7","2021-09-22",,,"0.07",",,7,2400",,,,
"USC00163313","29.8233","-91.5441","3.7","2021-09-23",,,"0.00",",,7,2400",,,,
"USC00163313","29.8233","-91.5441","3.7","2021-09-24",,,"0.00",",,7,2400",,,,
"USC00163313","29.8233","-91.5441","3.7","2021-09-25",,,"0.00",",,7,2400",,,,
"USC00163313","29.8233","-91.5441","3.7","2021-09-26",,,"0.00",",,7,2400",,,,
"USC00163313","29.8233","-91.5441","3.7","2021-09-27",,,"0.44",",,7,2400",,,,
"USC00163313","29.8233","-91.5441","3.7","2021-09-28",,,"1.30",",,7,2400",,,,
"USC00163313","29.8233","-91.5441","3.7","2021-09-29",,,"0.36",",,7,2400",,,,
"USC00163313","29.8233","-91.5441","3.7","2021-09-30",,,"0.14",",,7,2400",,,,
"USC00163313","29.8233","-91.5441","3.7","2021-10-01",,,"0.00",",,7,2400",,,,
"USC00163313","29.8233","-91.5441","3.7","2021-10-02",,,"0.96",",,7,2400",,,,
"USC00163313","29.8233","-91.5441","3.7","2021-10-03",,,"2.00",",,7,2400",,,,
"USC00163313","29.8233","-91.5441","3.7","2021-10-04",,,"0.00",",,7,2400",,,,
"USC00163313","29.8233","-91.5441","3.7","2021-10-05",,,"0.00",",,7,2400",,,,
"USC00163313","29.8233","-91.5441","3.7","2021-10-06",,,"0.00",",,7,2400",,,,
"USC00163313","29.8233","-91.5441","3.7","2021-10-07",,,"0.00",",,7,2400",,,,
"USC00163313","29.8233","-91.5441","3.7","2021-10-08",,,"0.00",",,7,2400",,,,
"USC00163313","29.8233","-91.5441","3.7","2021-10-09",,,"0.00",",,7,2400",,,,
"USC00163313","29.8233","-91.5441","3.7","2021-10-10",,,"0.00",",,7,2400",,,,
"USC00163313","29.8233","-91.5441","3.7","2021-10-11",,,"0.00",",,7,2400",,,,
"USC00163313","29.8233","-91.5441","3.7","2021-10-12",,,"0.00",",,7,2400",,,,
"USC00163313","29.8233","-91.5441","3.7","2021-10-13",,,"0.00",",,7,2400",,,,
"USC00163313","29.8233","-91.5441","3.7","2021-10-14",,,"0.00",",,7,2400",,,,
"USC00163313","29.8233","-91.5441","3.7","2021-10-15",,,"0.00",",,7,2400",,,,
"USC00163313","29.8233","-91.5441","3.7","2021-10-16",,,"0.00",",,7,2400",,,,
"USC00163313","29.8233","-91.5441","3.7","2021-10-17",,,"0.00",",,7,2400",,,,
"USC00163313","29.8233","-91.5441","3.7","2021-10-18",,,"0.00",",,7,2400",,,,
"USC00163313","29.8233","-91.5441","3.7","2021-10-19",,,"0.00",",,7,2400",,,,
"USC00163313","29.8233","-91.5441","3.7","2021-10-20",,,"0.00",",,7,2400",,,,
"USC00163313","29.8233","-91.5441","3.7","2021-10-21",,,"0.00",",,7,2400",,,,
"USC00163313","29.8233","-91.5441","3.7","2021-10-22",,,"0.00",",,7,2400",,,,
"USC00163313","29.8233","-91.5441","3.7","2021-10-23",,,"0.00",",,7,2400",,,,
"USC00163313","29.8233","-91.5441","3.7","2021-10-24",,,"0.05",",,7,2400",,,,
"USC00163313","29.8233","-91.5441","3.7","2021-10-25",,,"0.00",",,7,2400",,,,
"USC00163313","29.8233","-91.5441","3.7","2021-10-26",,,"0.00",",,7,2400",,,,
"USC00163313","29.8233","-91.5441","3.7","2021-10-27",,,"1.65",",,7,2400",,,,
"USC00163313","29.8233","-91.5441","3.7","2021-10-28",,,"0.00",",,7,2400",,,,
"USC00163313","29.8233","-91.5441","3.7","2021-10-29",,,"0.00",",,7,2400",,,,
"USC00163313","29.8233","-91.5441","3.7","2021-10-30",,,"0.00",",,7,2400",,,,
"USC00163313","29.8233","-91.5441","3.7","2021-10-31",,,"0.00",",,7,2400",,,,
"USC00163313","29.8233","-91.5441","3.7","2021-11-01",,,"0.00",",,H,2400",,,,
"USC00163313","29.8233","-91.5441","3.7","2021-11-02",,,"0.00",",,H,2400",,,,
"USC00163313","29.8233","-91.5441","3.7","2021-11-03",,,"0.00",",,H,2400",,,,
"USC00163313","29.8233","-91.5441","3.7","2021-11-04",,,"0.00",",,H,2400",,,,
"USC00163313","29.8233","-91.5441","3.7","2021-11-05",,,"0.00",",,H,2400",,,,
"USC00163313","29.8233","-91.5441","3.7","2021-11-06",,,"0.00",",,H,2400",,,,
"USC00163313","29.8233","-91.5441","3.7","2021-11-08",,,"0.00",",,H,2400",,,,
"USC00163313","29.8233","-91.5441","3.7","2021-11-09",,,"0.00",",,H,2400",,,,
"USC00163313","29.8233","-91.5441","3.7","2021-11-10",,,"0.00",",,H,2400",,,,
"USC00163313","29.8233","-91.5441","3.7","2021-11-11",,,"0.36",",,H,2400",,,,
"USC00163313","29.8233","-91.5441","3.7","2021-11-12",,,"0.00",",,H,2400",,,,
"USC00163313","29.8233","-91.5441","3.7","2021-11-13",,,"0.00",",,H,2400",,,,
"USC00163313","29.8233","-91.5441","3.7","2021-11-14",,,"0.00",",,H,2400",,,,
"USC00163313","29.8233","-91.5441","3.7","2021-11-15",,,"0.00",",,H,2400",,,,
"USC00163313","29.8233","-91.5441","3.7","2021-11-16",,,"0.00",",,H,2400",,,,
"USC00163313","29.8233","-91.5441","3.7","2021-11-17",,,"0.00",",,H,2400",,,,
"USC00163313","29.8233","-91.5441","3.7","2021-11-18",,,"0.30",",,H,2400",,,,
"USC00163313","29.8233","-91.5441","3.7","2021-11-19",,,"0.00",",,H,2400",,,,
"USC00163313","29.8233","-91.5441","3.7","2021-11-20",,,"0.00",",,H,2400",,,,
"USC00163313","29.8233","-91.5441","3.7","2021-11-21",,,"0.00",",,H,2400",,,,
"USC00163313","29.8233","-91.5441","3.7","2021-11-22",,,"0.00",",,H,2400",,,,
"USC00163313","29.8233","-91.5441","3.7","2021-11-23",,,"0.00",",,H,2400",,,,
"USC00163313","29.8233","-91.5441","3.7","2021-11-24",,,"0.00",",,H,2400",,,,
"USC00163313","29.8233","-91.5441","3.7","2021-11-25",,,"0.01",",,H,2400",,,,
"USC00163313","29.8233","-91.5441","3.7","2021-11-26",,,"0.00",",,H,2400",,,,
"USC00163313","29.8233","-91.5441","3.7","2021-11-27",,,"0.03",",,H,2400",,,,
"USC00163313","29.8233","-91.5441","3.7","2021-11-28",,,"0.26",",,H,2400",,,,
"USC00163433","29.4631","-90.3072","1.5","2021-08-05",,,,,,,,
"USC00163433","29.4631","-90.3072","1.5","2021-08-06",,,"0.02",",,7,0800",,,,
"USC00163433","29.4631","-90.3072","1.5","2021-08-10",,,"0.01",",,7,0800",,,,
"USC00163433","29.4631","-90.3072","1.5","2021-08-11",,,"0.00",",,7,0800",,,,
"USC00163433","29.4631","-90.3072","1.5","2021-08-12",,,"0.15",",,7,0800",,,,
"USC00163433","29.4631","-90.3072","1.5","2021-08-19",,,"0.95",",,7,0800",,,,
"USC00163433","29.4631","-90.3072","1.5","2021-08-20",,,"0.01",",,7,0800",,,,
"USC00163433","29.4631","-90.3072","1.5","2021-08-21",,,"0.00",",,7,0800",,,,
"USC00163433","29.4631","-90.3072","1.5","2021-08-22",,,"0.00",",,7,0800",,,,
"USC00163433","29.4631","-90.3072","1.5","2021-08-24",,,"0.15",",,7,0800",,,,
"USC00163433","29.4631","-90.3072","1.5","2021-08-25",,,"0.00",",,7,0800",,,,
"US1LAWF0005","30.979924","-91.357348","71.0","2021-08-02",,,"0.03",",,N",,,,
"US1LAWF0005","30.979924","-91.357348","71.0","2021-08-03",,,"0.08",",,N",,,,
"US1LAWF0005","30.979924","-91.357348","71.0","2021-08-04",,,"0.95",",,N",,,,
"US1LAWF0005","30.979924","-91.357348","71.0","2021-08-05",,,"0.00",",,N","0.0",",,N",,
"US1LAWF0005","30.979924","-91.357348","71.0","2021-08-06",,,"0.00",",,N","0.0",",,N",,
"US1LAWF0005","30.979924","-91.357348","71.0","2021-08-07",,,"0.00",",,N","0.0",",,N",,
"US1LAWF0005","30.979924","-91.357348","71.0","2021-08-10",,,"0.28",",,N",,,,
"US1LAWF0005","30.979924","-91.357348","71.0","2021-08-11",,,"0.00",",,N","0.0",",,N",,
"US1LAWF0005","30.979924","-91.357348","71.0","2021-08-12",,,"1.47",",,N",,,,
"US1LAWF0005","30.979924","-91.357348","71.0","2021-08-13",,,"2.22",",,N",,,,
"US1LAWF0005","30.979924","-91.357348","71.0","2021-08-14",,,"0.00",",,N","0.0",",,N",,
"US1LAWF0005","30.979924","-91.357348","71.0","2021-08-15",,,"0.00",",,N","0.0",",,N",,
"US1LAWF0005","30.979924","-91.357348","71.0","2021-08-16",,,"0.18",",,N",,,,
"US1LAWF0005","30.979924","-91.357348","71.0","2021-08-17",,,"0.00","T,,N",,,,
"US1LAWF0005","30.979924","-91.357348","71.0","2021-08-18",,,"0.00",",,N","0.0",",,N",,
"US1LAWF0005","30.979924","-91.357348","71.0","2021-08-19",,,"0.00",",,N","0.0",",,N",,
"US1LAWF0005","30.979924","-91.357348","71.0","2021-08-20",,,"0.00",",,N","0.0",",,N",,
"US1LAWF0005","30.979924","-91.357348","71.0","2021-08-21",,,"0.00",",,N","0.0",",,N",,
"US1LAWF0005","30.979924","-91.357348","71.0","2021-08-22",,,"0.00",",,N","0.0",",,N",,
"US1LAWF0005","30.979924","-91.357348","71.0","2021-08-23",,,"0.00",",,N","0.0",",,N",,
"US1LAWF0005","30.979924","-91.357348","71.0","2021-08-24",,,"0.00",",,N","0.0",",,N",,
"US1LAWF0005","30.979924","-91.357348","71.0","2021-08-25",,,"0.00",",,N","0.0",",,N",,
"US1LAWF0005","30.979924","-91.357348","71.0","2021-08-26",,,"0.00","T,,N",,,,
"US1LAWF0005","30.979924","-91.357348","71.0","2021-08-27",,,"0.00",",,N","0.0",",,N",,
"US1LAWF0005","30.979924","-91.357348","71.0","2021-08-28",,,"0.00","T,,N",,,,
"US1LAWF0005","30.979924","-91.357348","71.0","2021-08-29",,,"0.26",",,N",,,,
"US1LAWF0005","30.979924","-91.357348","71.0","2021-08-30",,,"0.85",",,N",,,,
"US1LAWF0005","30.979924","-91.357348","71.0","2021-08-31",,,"1.29",",,N",,,,
"US1LAWF0005","30.979924","-91.357348","71.0","2021-09-01",,,"0.00",",,N","0.0",",,N",,
"US1LAWF0005","30.979924","-91.357348","71.0","2021-09-02",,,"0.00",",,N","0.0",",,N",,
"US1LAWF0005","30.979924","-91.357348","71.0","2021-09-03",,,"0.00",",,N","0.0",",,N",,
"US1LAWF0005","30.979924","-91.357348","71.0","2021-09-04",,,"0.00",",,N","0.0",",,N",,
"US1LAWF0005","30.979924","-91.357348","71.0","2021-09-05",,,"0.00",",,N","0.0",",,N",,
"US1LAWF0005","30.979924","-91.357348","71.0","2021-09-06",,,"0.17",",,N",,,,
"US1LAWF0005","30.979924","-91.357348","71.0","2021-09-07",,,"0.00","T,,N",,,,
"US1LAWF0005","30.979924","-91.357348","71.0","2021-09-08",,,"1.80",",,N",,,,
"US1LAWF0005","30.979924","-91.357348","71.0","2021-09-09",,,"0.00",",,N","0.0",",,N",,
"US1LAWF0005","30.979924","-91.357348","71.0","2021-09-10",,,"0.00",",,N","0.0",",,N",,
"US1LAWF0005","30.979924","-91.357348","71.0","2021-09-11",,,"0.00",",,N","0.0",",,N",,
"US1LAWF0005","30.979924","-91.357348","71.0","2021-09-12",,,"0.00",",,N","0.0",",,N",,
"US1LAWF0005","30.979924","-91.357348","71.0","2021-09-13",,,"0.00","T,,N",,,,
"US1LAWF0005","30.979924","-91.357348","71.0","2021-09-14",,,"0.49",",,N",,,,
"US1LAWF0005","30.979924","-91.357348","71.0","2021-09-16",,,"0.03",",,N",,,,
"US1LAWF0005","30.979924","-91.357348","71.0","2021-09-17",,,"0.37",",,N",,,,
"US1LAWF0005","30.979924","-91.357348","71.0","2021-09-18",,,"0.00","T,,N",,,,
"US1LAWF0005","30.979924","-91.357348","71.0","2021-09-19",,,"0.00",",,N","0.0",",,N",,
"US1LAWF0005","30.979924","-91.357348","71.0","2021-09-20",,,"0.48",",,N",,,,
"US1LAWF0005","30.979924","-91.357348","71.0","2021-09-21",,,"0.00","T,,N",,,,
"US1LAWF0005","30.979924","-91.357348","71.0","2021-09-22",,,"0.00","T,,N",,,,
"US1LAWF0005","30.979924","-91.357348","71.0","2021-09-23",,,"0.00",",,N","0.0",",,N",,
"US1LAWF0005","30.979924","-91.357348","71.0","2021-09-24",,,"0.00",",,N","0.0",",,N",,
"US1LAWF0005","30.979924","-91.357348","71.0","2021-09-25",,,"0.00",",,N","0.0",",,N",,
"US1LAWF0005","30.979924","-91.357348","71.0","2021-09-26",,,"0.00",",,N","0.0",",,N",,
"US1LAWF0005","30.979924","-91.357348","71.0","2021-09-27",,,"0.00",",,N","0.0",",,N",,
"US1LAWF0005","30.979924","-91.357348","71.0","2021-09-28",,,"0.00",",,N","0.0",",,N",,
"US1LAWF0005","30.979924","-91.357348","71.0","2021-09-29",,,"1.13",",,N",,,,
"US1LAWF0005","30.979924","-91.357348","71.0","2021-09-30",,,"0.35",",,N",,,,
"US1LAWF0005","30.979924","-91.357348","71.0","2021-10-01",,,"0.02",",,N",,,,
"US1LAWF0005","30.979924","-91.357348","71.0","2021-10-02",,,"0.24",",,N",,,,
"US1LAWF0005","30.979924","-91.357348","71.0","2021-10-03",,,"0.37",",,N",,,,
"US1LAWF0005","30.979924","-91.357348","71.0","2021-10-04",,,"0.00",",,N","0.0",",,N",,
"US1LAWF0005","30.979924","-91.357348","71.0","2021-10-05",,,"0.00",",,N","0.0",",,N",,
"US1LAWF0005","30.979924","-91.357348","71.0","2021-10-06",,,"0.00",",,N","0.0",",,N",,
"US1LAWF0005","30.979924","-91.357348","71.0","2021-10-07",,,"0.00",",,N","0.0",",,N",,
"US1LAWF0005","30.979924","-91.357348","71.0","2021-10-08",,,"0.00",",,N","0.0",",,N",,
"US1LAWF0005","30.979924","-91.357348","71.0","2021-10-09",,,"0.00",",,N","0.0",",,N",,
"US1LAWF0005","30.979924","-91.357348","71.0","2021-10-10",,,"0.00",",,N","0.0",",,N",,
"US1LAWF0005","30.979924","-91.357348","71.0","2021-10-11",,,"0.00",",,N","0.0",",,N",,
"US1LAWF0005","30.979924","-91.357348","71.0","2021-10-12",,,"0.00",",,N","0.0",",,N",,
"US1LAWF0005","30.979924","-91.357348","71.0","2021-10-13",,,"0.00",",,N","0.0",",,N",,
"US1LAWF0005","30.979924","-91.357348","71.0","2021-10-14",,,"0.00","T,,N",,,,
"US1LAWF0005","30.979924","-91.357348","71.0","2021-10-15",,,"0.00",",,N","0.0",",,N",,
"US1LAWF0005","30.979924","-91.357348","71.0","2021-10-16",,,"0.00","T,,N",,,,
"US1LAWF0005","30.979924","-91.357348","71.0","2021-10-17",,,"0.00",",,N","0.0",",,N",,
"US1LAWF0005","30.979924","-91.357348","71.0","2021-10-18",,,"0.00",",,N","0.0",",,N",,
"US1LAWF0005","30.979924","-91.357348","71.0","2021-10-19",,,"0.00",",,N","0.0",",,N",,
"US1LAWF0005","30.979924","-91.357348","71.0","2021-10-20",,,"0.00",",,N","0.0",",,N",,
"US1LAWF0005","30.979924","-91.357348","71.0","2021-10-21",,,"0.00",",,N","0.0",",,N",,
"US1LAWF0005","30.979924","-91.357348","71.0","2021-10-22",,,"0.00",",,N","0.0",",,N",,
"US1LAWF0005","30.979924","-91.357348","71.0","2021-10-23",,,"0.00",",,N","0.0",",,N",,
"US1LAWF0005","30.979924","-91.357348","71.0","2021-10-24",,,"0.00",",,N","0.0",",,N",,
"US1LAWF0005","30.979924","-91.357348","71.0","2021-10-25",,,"0.00",",,N","0.0",",,N",,
"US1LAWF0005","30.979924","-91.357348","71.0","2021-11-09",,,,,,,,
"US1LAWF0005","30.979924","-91.357348","71.0","2021-11-10",,,"0.00",",,N","0.0",",,N",,
"US1LAWF0005","30.979924","-91.357348","71.0","2021-11-11",,,"0.20",",,N",,,,
"US1LAWF0005","30.979924","-91.357348","71.0","2021-11-12",,,"0.00",",,N","0.0",",,N",,
"US1LAWF0005","30.979924","-91.357348","71.0","2021-11-13",,,"0.00",",,N","0.0",",,N",,
"US1LAWF0005","30.979924","-91.357348","71.0","2021-11-14",,,"0.80",",,N",,,,
"US1LAWF0005","30.979924","-91.357348","71.0","2021-11-15",,,"0.00",",,N","0.0",",,N",,
"US1LAWF0005","30.979924","-91.357348","71.0","2021-11-20",,,,,,,,
"US1LAWF0005","30.979924","-91.357348","71.0","2021-11-21",,,"0.00",",,N","0.0",",,N",,
"US1LAWF0005","30.979924","-91.357348","71.0","2021-11-22",,,"0.48",",,N",,,,
"US1LAWF0005","30.979924","-91.357348","71.0","2021-11-23",,,"0.00",",,N","0.0",",,N",,
"US1LAWF0005","30.979924","-91.357348","71.0","2021-11-24",,,"0.00",",,N","0.0",",,N",,
"US1LAWF0005","30.979924","-91.357348","71.0","2021-11-25",,,"0.00",",,N","0.0",",,N",,
"US1LAWF0005","30.979924","-91.357348","71.0","2021-11-26",,,"0.02",",,N",,,,
"US1LAWF0005","30.979924","-91.357348","71.0","2021-11-27",,,"0.00",",,N","0.0",",,N",,
"US1LACW0003","32.155833","-92.106393","21.3","2021-08-01",,,"0.00",",,N","0.0",",,N",,
"US1LACW0003","32.155833","-92.106393","21.3","2021-08-02",,,"1.43",",,N",,,,
"US1LACW0003","32.155833","-92.106393","21.3","2021-08-03",,,"0.08",",,N",,,,
"US1LACW0003","32.155833","-92.106393","21.3","2021-08-04",,,"0.10",",,N",,,,
"US1LACW0003","32.155833","-92.106393","21.3","2021-08-05",,,"0.00",",,N","0.0",",,N",,
"US1LACW0003","32.155833","-92.106393","21.3","2021-08-06",,,"0.01",",,N",,,,
"US1LACW0003","32.155833","-92.106393","21.3","2021-08-07",,,"0.02",",,N",,,,
"US1LACW0003","32.155833","-92.106393","21.3","2021-08-08",,,"0.00",",,N","0.0",",,N",,
"US1LACW0003","32.155833","-92.106393","21.3","2021-08-09",,,"0.00",",,N","0.0",",,N",,
"US1LACW0003","32.155833","-92.106393","21.3","2021-08-10",,,"0.00",",,N","0.0",",,N",,
"US1LACW0003","32.155833","-92.106393","21.3","2021-08-11",,,"0.00",",,N","0.0",",,N",,
"US1LACW0003","32.155833","-92.106393","21.3","2021-08-12",,,"0.00",",,N","0.0",",,N",,
"US1LACW0003","32.155833","-92.106393","21.3","2021-08-13",,,"0.00",",,N","0.0",",,N",,
"US1LACW0003","32.155833","-92.106393","21.3","2021-08-14",,,"0.00",",,N","0.0",",,N",,
"US1LACW0003","32.155833","-92.106393","21.3","2021-08-15",,,"0.29",",,N",,,,
"US1LACW0003","32.155833","-92.106393","21.3","2021-08-16",,,"0.00",",,N","0.0",",,N",,
"US1LACW0003","32.155833","-92.106393","21.3","2021-08-17",,,"0.00",",,N","0.0",",,N",,
"US1LACW0003","32.155833","-92.106393","21.3","2021-08-18",,,"0.17",",,N",,,,
"US1LACW0003","32.155833","-92.106393","21.3","2021-08-19",,,"0.92",",,N",,,,
"US1LACW0003","32.155833","-92.106393","21.3","2021-08-20",,,"0.70",",,N",,,,
"US1LACW0003","32.155833","-92.106393","21.3","2021-08-21",,,"0.00",",,N","0.0",",,N",,
"US1LACW0003","32.155833","-92.106393","21.3","2021-08-22",,,"0.00",",,N","0.0",",,N",,
"US1LACW0003","32.155833","-92.106393","21.3","2021-08-24",,,"0.00",",,N","0.0",",,N",,
"US1LACW0003","32.155833","-92.106393","21.3","2021-08-25",,,"0.01",",,N",,,,
"US1LACW0003","32.155833","-92.106393","21.3","2021-08-26",,,"0.00",",,N","0.0",",,N",,
"US1LACW0003","32.155833","-92.106393","21.3","2021-08-27",,,"0.00",",,N","0.0",",,N",,
"US1LACW0003","32.155833","-92.106393","21.3","2021-08-28",,,"0.00","T,,N",,,,
"US1LACW0003","32.155833","-92.106393","21.3","2021-08-29",,,"0.08",",,N",,,,
"US1LACW0003","32.155833","-92.106393","21.3","2021-08-30",,,"0.03",",,N",,,,
"US1LACW0003","32.155833","-92.106393","21.3","2021-08-31",,,"0.43",",,N",,,,
"US1LACW0003","32.155833","-92.106393","21.3","2021-09-01",,,"0.00",",,N","0.0",",,N",,
"US1LACW0003","32.155833","-92.106393","21.3","2021-09-02",,,"0.00","T,,N",,,,
"US1LACW0003","32.155833","-92.106393","21.3","2021-09-03",,,"0.00",",,N","0.0",",,N",,
"US1LACW0003","32.155833","-92.106393","21.3","2021-09-04",,,"0.00",",,N","0.0",",,N",,
"US1LACW0003","32.155833","-92.106393","21.3","2021-09-05",,,"0.00",",,N","0.0",",,N",,
"US1LACW0003","32.155833","-92.106393","21.3","2021-09-06",,,"0.00","T,,N",,,,
"US1LACW0003","32.155833","-92.106393","21.3","2021-09-07",,,"0.00",",,N","0.0",",,N",,
"US1LACW0003","32.155833","-92.106393","21.3","2021-09-08",,,"0.00",",,N","0.0",",,N",,
"US1LACW0003","32.155833","-92.106393","21.3","2021-09-09",,,"0.00",",,N","0.0",",,N",,
"US1LACW0003","32.155833","-92.106393","21.3","2021-09-10",,,"0.00",",,N","0.0",",,N",,
"US1LACW0003","32.155833","-92.106393","21.3","2021-09-11",,,"0.00",",,N","0.0",",,N",,
"US1LACW0003","32.155833","-92.106393","21.3","2021-09-12",,,"0.00",",,N","0.0",",,N",,
"US1LACW0003","32.155833","-92.106393","21.3","2021-09-14",,,"0.60",",,N",,,,
"US1LACW0003","32.155833","-92.106393","21.3","2021-09-15",,,"0.28",",,N",,,,
"US1LACW0003","32.155833","-92.106393","21.3","2021-09-16",,,"0.02",",,N",,,,
"US1LACW0003","32.155833","-92.106393","21.3","2021-09-17",,,"0.00",",,N","0.0",",,N",,
"US1LACW0003","32.155833","-92.106393","21.3","2021-09-18",,,"1.13",",,N",,,,
"US1LACW0003","32.155833","-92.106393","21.3","2021-09-19",,,"0.00",",,N","0.0",",,N",,
"US1LACW0003","32.155833","-92.106393","21.3","2021-09-21",,,"0.00",",,N","0.0",",,N",,
"US1LACW0003","32.155833","-92.106393","21.3","2021-09-22",,,"0.42",",,N",,,,
"US1LACW0003","32.155833","-92.106393","21.3","2021-09-23",,,"0.00",",,N","0.0",",,N",,
"US1LACW0003","32.155833","-92.106393","21.3","2021-09-24",,,"0.00",",,N","0.0",",,N",,
"US1LACW0003","32.155833","-92.106393","21.3","2021-09-26",,,,,,,,
"US1LACW0003","32.155833","-92.106393","21.3","2021-09-27",,,"0.00",",,N","0.0",",,N",,
"US1LACW0003","32.155833","-92.106393","21.3","2021-09-28",,,"0.00",",,N","0.0",",,N",,
"US1LACW0003","32.155833","-92.106393","21.3","2021-09-29",,,"0.00",",,N","0.0",",,N",,
"US1LACW0003","32.155833","-92.106393","21.3","2021-09-30",,,"0.10",",,N",,,,
"US1LACW0003","32.155833","-92.106393","21.3","2021-10-01",,,"0.01",",,N",,,,
"US1LACW0003","32.155833","-92.106393","21.3","2021-10-03",,,"1.10",",,N",,,,
"US1LACW0003","32.155833","-92.106393","21.3","2021-10-04",,,"0.00",",,N","0.0",",,N",,
"US1LACW0003","32.155833","-92.106393","21.3","2021-10-05",,,"0.00",",,N","0.0",",,N",,
"US1LACW0003","32.155833","-92.106393","21.3","2021-10-06",,,"0.02",",,N",,,,
"US1LACW0003","32.155833","-92.106393","21.3","2021-10-07",,,"0.00",",,N","0.0",",,N",,
"US1LACW0003","32.155833","-92.106393","21.3","2021-10-09",,,"0.00",",,N","0.0",",,N",,
"US1LACW0003","32.155833","-92.106393","21.3","2021-10-10",,,"0.00",",,N","0.0",",,N",,
"US1LACW0003","32.155833","-92.106393","21.3","2021-10-11",,,"0.00",",,N","0.0",",,N",,
"US1LACW0003","32.155833","-92.106393","21.3","2021-10-12",,,"0.02",",,N",,,,
"US1LACW0003","32.155833","-92.106393","21.3","2021-10-13",,,"0.06",",,N",,,,
"US1LACW0003","32.155833","-92.106393","21.3","2021-10-15",,,"0.00",",,N","0.0",",,N",,
"US1LACW0003","32.155833","-92.106393","21.3","2021-10-17",,,,,,,,
"US1LACW0003","32.155833","-92.106393","21.3","2021-10-18",,,"0.00",",,N","0.0",",,N",,
"US1LACW0003","32.155833","-92.106393","21.3","2021-10-20",,,"0.00",",,N","0.0",",,N",,
"US1LACW0003","32.155833","-92.106393","21.3","2021-10-21",,,"0.00",",,N","0.0",",,N",,
"US1LACW0003","32.155833","-92.106393","21.3","2021-10-22",,,"0.00",",,N","0.0",",,N",,
"US1LACW0003","32.155833","-92.106393","21.3","2021-10-23",,,"0.00",",,N","0.0",",,N",,
"US1LACW0003","32.155833","-92.106393","21.3","2021-10-24",,,"0.00",",,N","0.0",",,N",,
"US1LACW0003","32.155833","-92.106393","21.3","2021-10-25",,,"0.00",",,N","0.0",",,N",,
"US1LACW0003","32.155833","-92.106393","21.3","2021-10-28",,,"1.01",",,N",,,,
"US1LACW0003","32.155833","-92.106393","21.3","2021-10-29",,,"0.00","T,,N",,,,
"US1LACW0003","32.155833","-92.106393","21.3","2021-10-30",,,"0.00",",,N","0.0",",,N",,
"US1LACW0003","32.155833","-92.106393","21.3","2021-10-31",,,"0.00",",,N","0.0",",,N",,
"US1LACW0003","32.155833","-92.106393","21.3","2021-11-03",,,"0.00",",,N","0.0",",,N",,
"US1LACW0003","32.155833","-92.106393","21.3","2021-11-04",,,"0.21",",,N",,,,
"US1LACW0003","32.155833","-92.106393","21.3","2021-11-05",,,"0.00",",,N","0.0",",,N",,
"US1LACW0003","32.155833","-92.106393","21.3","2021-11-07",,,,,,,,
"US1LACW0003","32.155833","-92.106393","21.3","2021-11-09",,,"0.00",",,N","0.0",",,N",,
"US1LACW0003","32.155833","-92.106393","21.3","2021-11-10",,,"0.00",",,N","0.0",",,N",,
"US1LACW0003","32.155833","-92.106393","21.3","2021-11-11",,,"0.60",",,N",,,,
"US1LACW0003","32.155833","-92.106393","21.3","2021-11-12",,,"0.03",",,N",,,,
"US1LACW0003","32.155833","-92.106393","21.3","2021-11-13",,,"0.00",",,N","0.0",",,N",,
"US1LACW0003","32.155833","-92.106393","21.3","2021-11-14",,,"0.00",",,N","0.0",",,N",,
"US1LACW0003","32.155833","-92.106393","21.3","2021-11-15",,,"0.00",",,N","0.0",",,N",,
"US1LACW0003","32.155833","-92.106393","21.3","2021-11-16",,,"0.00",",,N","0.0",",,N",,
"US1LACW0003","32.155833","-92.106393","21.3","2021-11-17",,,"0.00",",,N","0.0",",,N",,
"US1LACW0003","32.155833","-92.106393","21.3","2021-11-18",,,"0.00",",,N","0.0",",,N",,
"US1LACW0003","32.155833","-92.106393","21.3","2021-11-19",,,"0.07",",,N",,,,
"US1LACW0003","32.155833","-92.106393","21.3","2021-11-20",,,"0.00",",,N","0.0",",,N",,
"US1LACW0003","32.155833","-92.106393","21.3","2021-11-21",,,"0.00",",,N","0.0",",,N",,
"US1LACW0003","32.155833","-92.106393","21.3","2021-11-22",,,"0.02",",,N","0.0",",,N",,
"US1LACW0003","32.155833","-92.106393","21.3","2021-11-24",,,"0.00",",,N","0.0",",,N",,
"US1LACW0003","32.155833","-92.106393","21.3","2021-11-25",,,"0.00",",,N","0.0",",,N",,
"US1LACW0003","32.155833","-92.106393","21.3","2021-11-26",,,"0.27",",,N",,,,
"US1LACW0003","32.155833","-92.106393","21.3","2021-11-27",,,"0.00",",,N","0.0",",,N",,
"US1LACW0003","32.155833","-92.106393","21.3","2021-11-28",,,"0.15",",,N",,,,
"USC00174324","44.9595","-70.1753","182.3","2021-08-01",,,"0.00",",,7,0700","0.0",",,7,0700",,
"USC00174324","44.9595","-70.1753","182.3","2021-08-02",,,"0.25",",,7,0700","0.0",",,7,0700",,
"USC00174324","44.9595","-70.1753","182.3","2021-08-03",,,"0.00","T,,7,0700","0.0",",,7,0700",,
"USC00174324","44.9595","-70.1753","182.3","2021-08-04",,,"0.00",",,7,0700","0.0",",,7,0700",,
"USC00174324","44.9595","-70.1753","182.3","2021-08-05",,,"0.00",",,7,0700","0.0",",,7,0700",,
"USC00174324","44.9595","-70.1753","182.3","2021-08-06",,,"0.08",",,7,0700","0.0",",,7,0700",,
"USC00174324","44.9595","-70.1753","182.3","2021-08-07",,,"0.00",",,7,0700","0.0",",,7,0700",,
"USC00174324","44.9595","-70.1753","182.3","2021-08-08",,,,,"0.0",",,7,0700",,
"USC00174324","44.9595","-70.1753","182.3","2021-08-09",,,,,"0.0",",,7,0700",,
"USC00174324","44.9595","-70.1753","182.3","2021-08-10",,,,,"0.0",",,7,0700",,
"USC00174324","44.9595","-70.1753","182.3","2021-08-11",,,,,"0.0",",,7,0700",,
"USC00174324","44.9595","-70.1753","182.3","2021-08-12",,,,,"0.0",",,7,0700",,
"USC00174324","44.9595","-70.1753","182.3","2021-08-13",,,,,"0.0",",,7,0700",,
"USC00174324","44.9595","-70.1753","182.3","2021-08-14",,,,,"0.0",",,7,0700",,
"USC00174324","44.9595","-70.1753","182.3","2021-08-15",,,"0.09",",,7,0700","0.0",",,7,0700",,
"USC00174324","44.9595","-70.1753","182.3","2021-08-16",,,"0.00",",,7,0700","0.0",",,7,0700",,
"USC00174324","44.9595","-70.1753","182.3","2021-08-17",,,"0.00",",,7,0700","0.0",",,7,0700",,
"USC00174324","44.9595","-70.1753","182.3","2021-08-18",,,"0.04",",,7,0700","0.0",",,7,0700",,
"USC00174324","44.9595","-70.1753","182.3","2021-08-19",,,"0.00","T,,7,0700","0.0",",,7,0700",,
"USC00174324","44.9595","-70.1753","182.3","2021-08-20",,,"0.27",",,7,0700","0.0",",,7,0700",,
"USC00174324","44.9595","-70.1753","182.3","2021-08-21",,,"0.00",",,7,0700","0.0",",,7,0700",,
"USC00174324","44.9595","-70.1753","182.3","2021-08-22",,,"0.00","T,,7,0700","0.0",",,7,0700",,
"USC00174324","44.9595","-70.1753","182.3","2021-08-23",,,"0.28",",,7,0700","0.0",",,7,0700",,
"USC00174324","44.9595","-70.1753","182.3","2021-08-24",,,"0.05",",,7,0700","0.0",",,7,0700",,
"USC00174324","44.9595","-70.1753","182.3","2021-08-25",,,"0.00",",,7,0700","0.0",",,7,0700",,
"USC00174324","44.9595","-70.1753","182.3","2021-08-26",,,"0.00",",,7,0700","0.0",",,7,0700",,
"USC00174324","44.9595","-70.1753","182.3","2021-08-27",,,"0.00",",,7,0700","0.0",",,7,0700",,
"USC00174324","44.9595","-70.1753","182.3","2021-08-28",,,"0.00",",,7,0700","0.0",",,7,0700",,
"USC00174324","44.9595","-70.1753","182.3","2021-08-29",,,"0.31",",,7,0700","0.0",",,7,0700",,
"USC00174324","44.9595","-70.1753","182.3","2021-08-30",,,"0.06",",,7,0700","0.0",",,7,0700",,
"USC00174324","44.9595","-70.1753","182.3","2021-08-31",,,"0.19",",,7,0700","0.0",",,7,0700",,
"USC00174324","44.9595","-70.1753","182.3","2021-09-01",,,"0.00",",,7,0700","0.0",",,7,0700",,
"USC00174324","44.9595","-70.1753","182.3","2021-09-02",,,"0.23",",,7,0700","0.0",",,7,0700",,
"USC00174324","44.9595","-70.1753","182.3","2021-09-03",,,"0.01",",,7,0700","0.0",",,7,0700",,
"USC00174324","44.9595","-70.1753","182.3","2021-09-04",,,,,"0.0",",,7,0700",,
"USC00174324","44.9595","-70.1753","182.3","2021-09-05",,,,,"0.0",",,7,0700",,
"USC00174324","44.9595","-70.1753","182.3","2021-09-06",,,,,"0.0",",,7,0700",,
"USC00174324","44.9595","-70.1753","182.3","2021-09-07",,,"0.06",",,7,0700","0.0",",,7,0700",,
"USC00174324","44.9595","-70.1753","182.3","2021-09-08",,,"0.00",",,7,0700","0.0",",,7,0700",,
"USC00174324","44.9595","-70.1753","182.3","2021-09-09",,,"0.07",",,7,0700","0.0",",,7,0700",,
"USC00174324","44.9595","-70.1753","182.3","2021-09-10",,,"1.33",",,7,0700","0.0",",,7,0700",,
"USC00174324","44.9595","-70.1753","182.3","2021-09-11",,,"0.00","T,,7,0700","0.0",",,7,0700",,
"USC00174324","44.9595","-70.1753","182.3","2021-09-12",,,"0.00",",,7,0700","0.0",",,7,0700",,
"USC00174324","44.9595","-70.1753","182.3","2021-09-13",,,"0.00",",,7,0700","0.0",",,7,0700",,
"USC00174324","44.9595","-70.1753","182.3","2021-09-14",,,"0.00",",,7,0700","0.0",",,7,0700",,
"USC00174324","44.9595","-70.1753","182.3","2021-09-15",,,"0.00",",,7,0700","0.0",",,7,0700",,
"USC00174324","44.9595","-70.1753","182.3","2021-09-16",,,"0.68",",,7,0700","0.0",",,7,0700",,
"USC00174324","44.9595","-70.1753","182.3","2021-09-17",,,"0.00",",,7,0700","0.0",",,7,0700",,
"USC00174324","44.9595","-70.1753","182.3","2021-09-18",,,"0.00",",,7,0700","0.0",",,7,0700",,
"USC00174324","44.9595","-70.1753","182.3","2021-09-19",,,"0.00","T,,7,0700","0.0",",,7,0700",,
"USC00174324","44.9595","-70.1753","182.3","2021-09-20",,,"0.00",",,7,0700","0.0",",,7,0700",,
"USC00174324","44.9595","-70.1753","182.3","2021-09-21",,,"0.00",",,7,0700","0.0",",,7,0700",,
"USC00174324","44.9595","-70.1753","182.3","2021-09-22",,,"0.00",",,7,0700","0.0",",,7,0700",,
"USC00174324","44.9595","-70.1753","182.3","2021-09-23",,,"0.18",",,7,0700","0.0",",,7,0700",,
"USC00174324","44.9595","-70.1753","182.3","2021-09-24",,,"0.03",",,7,0700","0.0",",,7,0700",,
"USC00174324","44.9595","-70.1753","182.3","2021-09-25",,,"0.80",",,7,0700","0.0",",,7,0700",,
"USC00174324","44.9595","-70.1753","182.3","2021-09-26",,,"0.03",",,7,0700","0.0",",,7,0700",,
"USC00174324","44.9595","-70.1753","182.3","2021-09-27",,,"0.07",",,7,0700","0.0",",,7,0700",,
"USC00174324","44.9595","-70.1753","182.3","2021-09-28",,,"0.00","T,,7,0700","0.0",",,7,0700",,
"USC00174324","44.9595","-70.1753","182.3","2021-09-29",,,"0.00",",,7,0700","0.0",",,7,0700",,
"USC00174324","44.9595","-70.1753","182.3","2021-09-30",,,"0.12",",,7,0700","0.0",",,7,0700",,
"USC00174324","44.9595","-70.1753","182.3","2021-10-01",,,"0.02",",,7,0700","0.0",",,7,0700",,
"USC00174324","44.9595","-70.1753","182.3","2021-10-02",,,"0.00","T,,7,0700","0.0",",,7,0700",,
"USC00174324","44.9595","-70.1753","182.3","2021-10-03",,,"0.01",",,7,0700","0.0",",,7,0700",,
"USC00174324","44.9595","-70.1753","182.3","2021-10-04",,,"0.02",",,7,0700","0.0",",,7,0700",,
"USC00174324","44.9595","-70.1753","182.3","2021-10-05",,,"0.00",",,7,0700","0.0",",,7,0700",,
"USC00174324","44.9595","-70.1753","182.3","2021-10-06",,,"0.00",",,7,0700","0.0",",,7,0700",,
"USC00174324","44.9595","-70.1753","182.3","2021-10-07",,,"0.00",",,7,0700","0.0",",,7,0700",,
"USC00174324","44.9595","-70.1753","182.3","2021-10-08",,,"0.00",",,7,0700","0.0",",,7,0700",,
"USC00174324","44.9595","-70.1753","182.3","2021-10-09",,,"0.00",",,7,0700","0.0",",,7,0700",,
"USC00174324","44.9595","-70.1753","182.3","2021-10-10",,,"0.00",",,7,0700","0.0",",,7,0700",,
"USC00174324","44.9595","-70.1753","182.3","2021-10-11",,,"0.00",",,7,0700","0.0",",,7,0700",,
"USC00174324","44.9595","-70.1753","182.3","2021-10-12",,,"0.00",",,7,0700","0.0",",,7,0700",,
"USC00174324","44.9595","-70.1753","182.3","2021-10-13",,,"0.00",",,7,0700","0.0",",,7,0700",,
"USC00174324","44.9595","-70.1753","182.3","2021-10-14",,,"0.00",",,7,0700","0.0",",,7,0700",,
"USC00174324","44.9595","-70.1753","182.3","2021-10-15",,,"0.00",",,7,0700","0.0",",,7,0700",,
"USC00174324","44.9595","-70.1753","182.3","2021-10-16",,,"0.10",",,7,0700","0.0",",,7,0700",,
"USC00174324","44.9595","-70.1753","182.3","2021-10-17",,,"0.96",",,7,0700","0.0",",,7,0700",,
"USC00174324","44.9595","-70.1753","182.3","2021-10-18",,,"0.00",",,7,0700","0.0",",,7,0700",,
"USC00174324","44.9595","-70.1753","182.3","2021-10-19",,,"0.00",",,7,0700","0.0",",,7,0700",,
"USC00174324","44.9595","-70.1753","182.3","2021-10-20",,,,,"0.0",",,7,0700",,
"USC00174324","44.9595","-70.1753","182.3","2021-10-21",,,,,"0.0",",,7,0700",,
"USC00174324","44.9595","-70.1753","182.3","2021-10-22",,,"0.15",",,7,0700","0.0",",,7,0700",,
"USC00174324","44.9595","-70.1753","182.3","2021-10-23",,,,,"0.0",",,7,0700",,
"USC00174324","44.9595","-70.1753","182.3","2021-10-24",,,,,"0.0",",,7,0700",,
"USC00174324","44.9595","-70.1753","182.3","2021-10-25",,,,,"0.0",",,7,0700",,
"USC00174324","44.9595","-70.1753","182.3","2021-10-26",,,"0.04",",,7,0700","0.0",",,7,0700",,
"USC00174324","44.9595","-70.1753","182.3","2021-10-27",,,"0.07",",,7,0700","0.0",",,7,0700",,
"USC00174324","44.9595","-70.1753","182.3","2021-10-28",,,"0.00",",,7,0700","0.0",",,7,0700",,
"USC00174324","44.9595","-70.1753","182.3","2021-10-29",,,"0.00",",,7,0700","0.0",",,7,0700",,
"USC00174324","44.9595","-70.1753","182.3","2021-10-30",,,"0.02",",,7,0700","0.0",",,7,0700",,
"USC00174324","44.9595","-70.1753","182.3","2021-10-31",,,"1.99",",,7,0700","0.0",",,7,0700",,
"USC00174324","44.9595","-70.1753","182.3","2021-11-01",,,"2.30",",,H,0700",,,,
"USC00174324","44.9595","-70.1753","182.3","2021-11-08",,,"0.00",",,H,0700",,,,
"USC00174324","44.9595","-70.1753","182.3","2021-11-09",,,"0.00",",,H,0700",,,,
"USC00174324","44.9595","-70.1753","182.3","2021-11-10",,,"0.00",",,H,0700",,,,
"USC00174324","44.9595","-70.1753","182.3","2021-11-11",,,"0.00",",,H,0700",,,,
"USC00174324","44.9595","-70.1753","182.3","2021-11-12",,,"0.00",",,H,0700",,,,
"USC00174324","44.9595","-70.1753","182.3","2021-11-13",,,"1.24",",,H,0700",,,,
"USC00174324","44.9595","-70.1753","182.3","2021-11-14",,,"0.00",",,H,0700",,,,
"USC00174324","44.9595","-70.1753","182.3","2021-11-15",,,"0.12",",,H,0700","1.0",",,H,0700",,
"USC00174324","44.9595","-70.1753","182.3","2021-11-16",,,"0.00",",,H,0700",,,,
"USC00174324","44.9595","-70.1753","182.3","2021-11-17",,,"0.00",",,H,0700",,,,
"USC00174324","44.9595","-70.1753","182.3","2021-11-18",,,"0.32",",,H,0700","0.0",",,H,0700",,
"USC00174324","44.9595","-70.1753","182.3","2021-11-19",,,"0.06",",,H,0700",,,,
"USC00174324","44.9595","-70.1753","182.3","2021-11-20",,,"0.00",",,H,0700","0.0",",,H,0700",,
"USC00174324","44.9595","-70.1753","182.3","2021-11-21",,,"0.00",",,H,0700",,,,
"USC00174324","44.9595","-70.1753","182.3","2021-11-22",,,"0.18",",,H,0700","0.0",",,H,0700",,
"USC00174324","44.9595","-70.1753","182.3","2021-11-23",,,"0.00",",,H,0700","0.0",",,H,0700",,
"USC00174324","44.9595","-70.1753","182.3","2021-11-24",,,"0.00",",,H,0700","0.0",",,H,0700",,
"USC00174324","44.9595","-70.1753","182.3","2021-11-25",,,"0.00",",,H,0700","0.0",",,H,0700",,
"USC00174324","44.9595","-70.1753","182.3","2021-11-26",,,"0.00",",,H,0700","0.0",",,H,0700",,
"USC00174324","44.9595","-70.1753","182.3","2021-11-27",,,"0.18",",,H,0700","0.0",",,H,0700",,
"USC00174324","44.9595","-70.1753","182.3","2021-11-28",,,"0.00",",,H,0700",,,,
"USC00174681","45.32411","-68.58307","64.9","2021-08-01",,,"0.00",",,7,0800","0.0",",,7,0800",,
"USC00174681","45.32411","-68.58307","64.9","2021-08-02",,,"0.03",",,7,0800","0.0",",,7,0800",,
"USC00174681","45.32411","-68.58307","64.9","2021-08-03",,,"0.06",",,7,0800","0.0",",,7,0800",,
"USC00174681","45.32411","-68.58307","64.9","2021-08-04",,,"0.00",",,7,0800","0.0",",,7,0800",,
"USC00174681","45.32411","-68.58307","64.9","2021-08-05",,,"0.00",",,7,0800","0.0",",,7,0800",,
"USC00174681","45.32411","-68.58307","64.9","2021-08-06",,,"0.28",",,7,0800","0.0",",,7,0800",,
"USC00174681","45.32411","-68.58307","64.9","2021-08-07",,,"0.00",",,7,0800","0.0",",,7,0800",,
"USC00174681","45.32411","-68.58307","64.9","2021-08-08",,,"0.02",",,7,0800","0.0",",,7,0800",,
"USC00174681","45.32411","-68.58307","64.9","2021-08-09",,,"0.00",",,7,0800","0.0",",,7,0800",,
"USC00174681","45.32411","-68.58307","64.9","2021-08-10",,,"0.00",",,7,0800","0.0",",,7,0800",,
"USC00174681","45.32411","-68.58307","64.9","2021-08-11",,,"0.00",",,7,0800","0.0",",,7,0800",,
"USC00174681","45.32411","-68.58307","64.9","2021-08-12",,,"0.00",",,7,0800","0.0",",,7,0800",,
"USC00174681","45.32411","-68.58307","64.9","2021-08-13",,,"0.00",",,7,0800","0.0",",,7,0800",,
"USC00174681","45.32411","-68.58307","64.9","2021-08-14",,,"0.00",",,7,0800","0.0",",,7,0800",,
"USC00174681","45.32411","-68.58307","64.9","2021-08-15",,,"0.08",",,7,0800","0.0",",,7,0800",,
"USC00174681","45.32411","-68.58307","64.9","2021-08-16",,,"0.00",",,7,0800","0.0",",,7,0800",,
"USC00174681","45.32411","-68.58307","64.9","2021-08-17",,,"0.00",",,7,0800","0.0",",,7,0800",,
"USC00174681","45.32411","-68.58307","64.9","2021-08-18",,,"0.02",",,7,0800","0.0",",,7,0800",,
"USC00174681","45.32411","-68.58307","64.9","2021-08-19",,,"0.06",",,7,0800","0.0",",,7,0800",,
"USC00174681","45.32411","-68.58307","64.9","2021-08-20",,,"0.00",",,7,0800","0.0",",,7,0800",,
"USC00174681","45.32411","-68.58307","64.9","2021-08-21",,,"0.00",",,7,0800","0.0",",,7,0800",,
"USC00174681","45.32411","-68.58307","64.9","2021-08-22",,,"0.00",",,7,0800","0.0",",,7,0800",,
"USC00174681","45.32411","-68.58307","64.9","2021-08-23",,,"0.06",",,7,0800","0.0",",,7,0800",,
"USC00174681","45.32411","-68.58307","64.9","2021-08-24",,,"1.55",",,7,0800","0.0",",,7,0800",,
"USC00174681","45.32411","-68.58307","64.9","2021-08-25",,,"0.00",",,7,0800","0.0",",,7,0800",,
"USC00174681","45.32411","-68.58307","64.9","2021-08-26",,,"0.00",",,7,0800","0.0",",,7,0800",,
"USC00174681","45.32411","-68.58307","64.9","2021-08-27",,,"0.00",",,7,0800","0.0",",,7,0800",,
"USC00174681","45.32411","-68.58307","64.9","2021-08-28",,,"0.00",",,7,0800","0.0",",,7,0800",,
"USC00174681","45.32411","-68.58307","64.9","2021-08-29",,,"0.00",",,7,0800","0.0",",,7,0800",,
"USC00174681","45.32411","-68.58307","64.9","2021-08-30",,,"0.08",",,7,0800","0.0",",,7,0800",,
"USC00174681","45.32411","-68.58307","64.9","2021-08-31",,,"0.00",",,7,0800","0.0",",,7,0800",,
"USC00174681","45.32411","-68.58307","64.9","2021-09-02",,,"0.65",",,7,0800","0.0",",,7,0800",,
"USC00174681","45.32411","-68.58307","64.9","2021-09-04",,,"0.34",",,7,0800","0.0",",,7,0800",,
"USC00174681","45.32411","-68.58307","64.9","2021-09-05",,,"0.00",",,7,0800","0.0",",,7,0800",,
"USC00174681","45.32411","-68.58307","64.9","2021-09-09",,,"0.07",",,7,0800","0.0",",,7,0800",,
"USC00174681","45.32411","-68.58307","64.9","2021-09-10",,,"2.14",",,7,0800","0.0",",,7,0800",,
"USC00174681","45.32411","-68.58307","64.9","2021-09-11",,,"0.00",",,7,0800","0.0",",,7,0800",,
"USC00174681","45.32411","-68.58307","64.9","2021-09-12",,,"0.00",",,7,0800","0.0",",,7,0800",,
"USC00174681","45.32411","-68.58307","64.9","2021-09-13",,,"0.21",",,7,0800","0.0",",,7,0800",,
"USC00174681","45.32411","-68.58307","64.9","2021-09-15",,,"0.00",",,7,0800","0.0",",,7,0800",,
"USC00174681","45.32411","-68.58307","64.9","2021-09-20",,,"0.00",",,7,0800","0.0",",,7,0800",,
"USC00174681","45.32411","-68.58307","64.9","2021-09-21",,,"0.00",",,7,0800","0.0",",,7,0800",,
"USC00174681","45.32411","-68.58307","64.9","2021-09-22",,,"0.02",",,7,0800","0.0",",,7,0800",,
"USC00174681","45.32411","-68.58307","64.9","2021-09-23",,,"0.00",",,7,0800","0.0",",,7,0800",,
"USC00174681","45.32411","-68.58307","64.9","2021-09-24",,,"0.00",",,7,0800","0.0",",,7,0800",,
"USC00174681","45.32411","-68.58307","64.9","2021-09-26",,,"1.20",",,7,0800","0.0",",,7,0800",,
"USC00174681","45.32411","-68.58307","64.9","2021-09-27",,,"0.44",",,7,0800","0.0",",,7,0800",,
"USC00174681","45.32411","-68.58307","64.9","2021-09-28",,,"0.10",",,7,0800","0.0",",,7,0800",,
"USC00174681","45.32411","-68.58307","64.9","2021-09-29",,,"0.00",",,7,0800","0.0",",,7,0800",,
"USC00174681","45.32411","-68.58307","64.9","2021-09-30",,,"0.00",",,7,0800","0.0",",,7,0800",,
"USC00174681","45.32411","-68.58307","64.9","2021-10-01",,,"0.16",",,7,0800","0.0",",,7,0800",,
"USC00174681","45.32411","-68.58307","64.9","2021-10-02",,,"0.00",",,7,0800","0.0",",,7,0800",,
"USC00174681","45.32411","-68.58307","64.9","2021-10-03",,,"0.00",",,7,0800","0.0",",,7,0800",,
"USC00174681","45.32411","-68.58307","64.9","2021-10-04",,,"0.00",",,7,0800","0.0",",,7,0800",,
"USC00174681","45.32411","-68.58307","64.9","2021-10-05",,,"0.00",",,7,0800","0.0",",,7,0800",,
"USC00174681","45.32411","-68.58307","64.9","2021-10-06",,,"0.00",",,7,0800","0.0",",,7,0800",,
"USC00174681","45.32411","-68.58307","64.9","2021-10-07",,,"0.00",",,7,0800","0.0",",,7,0800",,
"USC00174681","45.32411","-68.58307","64.9","2021-10-08",,,"0.00",",,7,0800","0.0",",,7,0800",,
"USC00174681","45.32411","-68.58307","64.9","2021-10-09",,,"0.00",",,7,0800","0.0",",,7,0800",,
"USC00174681","45.32411","-68.58307","64.9","2021-10-10",,,"0.00",",,7,0800","0.0",",,7,0800",,
"USC00174681","45.32411","-68.58307","64.9","2021-10-11",,,"0.00",",,7,0800","0.0",",,7,0800",,
"USC00174681","45.32411","-68.58307","64.9","2021-10-12",,,"0.00",",,7,0800","0.0",",,7,0800",,
"USC00174681","45.32411","-68.58307","64.9","2021-10-13",,,"0.00",",,7,0800","0.0",",,7,0800",,
"USC00174681","45.32411","-68.58307","64.9","2021-10-14",,,"0.02",",,7,0800","0.0",",,7,0800",,
"USC00174681","45.32411","-68.58307","64.9","2021-10-15",,,"0.00",",,7,0800","0.0",",,7,0800",,
"USC00174681","45.32411","-68.58307","64.9","2021-10-16",,,"0.14",",,7,0800","0.0",",,7,0800",,
"USC00174681","45.32411","-68.58307","64.9","2021-10-17",,,"1.10",",,7,0800","0.0",",,7,0800",,
"USC00174681","45.32411","-68.58307","64.9","2021-10-18",,,"0.04",",,7,0800","0.0",",,7,0800",,
"USC00174681","45.32411","-68.58307","64.9","2021-10-19",,,"0.00",",,7,0800","0.0",",,7,0800",,
"USC00174681","45.32411","-68.58307","64.9","2021-10-20",,,"0.06",",,7,0800","0.0",",,7,0800",,
"USC00174681","45.32411","-68.58307","64.9","2021-10-21",,,"0.00",",,7,0800","0.0",",,7,0800",,
"USC00174681","45.32411","-68.58307","64.9","2021-10-22",,,"0.02",",,7,0800","0.0",",,7,0800",,
"USC00174681","45.32411","-68.58307","64.9","2021-10-23",,,"0.05",",,7,0800","0.0",",,7,0800",,
"USC00174681","45.32411","-68.58307","64.9","2021-10-24",,,"0.00",",,7,0800","0.0",",,7,0800",,
"USC00174681","45.32411","-68.58307","64.9","2021-10-25",,,"0.00",",,7,0800","0.0",",,7,0800",,
"USC00174681","45.32411","-68.58307","64.9","2021-10-26",,,"0.05",",,7,0800","0.0",",,7,0800",,
"USC00174681","45.32411","-68.58307","64.9","2021-10-27",,,"0.00",",,7,0800","0.0",",,7,0800",,
"USC00174681","45.32411","-68.58307","64.9","2021-10-28",,,"0.00",",,7,0800","0.0",",,7,0800",,
"USC00174681","45.32411","-68.58307","64.9","2021-10-29",,,"0.00",",,7,0800","0.0",",,7,0800",,
"USC00174681","45.32411","-68.58307","64.9","2021-10-30",,,"0.00",",,7,0800","0.0",",,7,0800",,
"USC00174681","45.32411","-68.58307","64.9","2021-10-31",,,"1.46",",,7,0800","0.0",",,7,0800",,
"USC00174681","45.32411","-68.58307","64.9","2021-11-01",,,"0.48",",,H,0800","0.0",",,H,0800",,
"USC00174681","45.32411","-68.58307","64.9","2021-11-02",,,"0.00",",,H,0800","0.0",",,H,0800",,
"USC00174681","45.32411","-68.58307","64.9","2021-11-05",,,"0.00",",,H,0800","0.0",",,H,0800",,
"USC00174681","45.32411","-68.58307","64.9","2021-11-06",,,"0.00",",,H,0800","0.0",",,H,0800",,
"USC00174681","45.32411","-68.58307","64.9","2021-11-07",,,"0.00",",,H,0800","0.0",",,H,0800",,
"USC00174681","45.32411","-68.58307","64.9","2021-11-08",,,"0.00",",,H,0800","0.0",",,H,0800",,
"USC00174681","45.32411","-68.58307","64.9","2021-11-09",,,"0.00",",,H,0800","0.0",",,H,0800",,
"USC00174681","45.32411","-68.58307","64.9","2021-11-10",,,"0.03",",,H,0800","0.0",",,H,0800",,
"USC00174681","45.32411","-68.58307","64.9","2021-11-11",,,"0.09",",,H,0800","0.0",",,H,0800",,
"USC00174681","45.32411","-68.58307","64.9","2021-11-14",,,"0.05",",,H,0800","0.0",",,H,0800",,
"USC00174681","45.32411","-68.58307","64.9","2021-11-15",,,"0.19",",,H,0800","0.0",",,H,0800",,
"USC00174681","45.32411","-68.58307","64.9","2021-11-16",,,"0.00",",,H,0800","0.0",",,H,0800",,
"USC00174681","45.32411","-68.58307","64.9","2021-11-17",,,"0.00",",,H,0800","0.0",",,H,0800",,
"USC00174681","45.32411","-68.58307","64.9","2021-11-18",,,"0.31",",,H,0800","0.0",",,H,0800",,
"USC00174681","45.32411","-68.58307","64.9","2021-11-21",,,"0.00",",,H,0800","0.0",",,H,0800",,
"USC00174681","45.32411","-68.58307","64.9","2021-11-22",,,"0.62",",,H,0800","0.0",",,H,0800",,
"USC00174681","45.32411","-68.58307","64.9","2021-11-23",,,"0.00",",,H,0800","0.0",",,H,0800",,
"USC00174681","45.32411","-68.58307","64.9","2021-11-24",,,"0.00",",,H,0800","0.0",",,H,0800",,
"USC00174681","45.32411","-68.58307","64.9","2021-11-25",,,"0.00",",,H,0800","0.0",",,H,0800",,
"USC00174681","45.32411","-68.58307","64.9","2021-11-26",,,"0.00",",,H,0800","0.0",",,H,0800",,
"USC00174681","45.32411","-68.58307","64.9","2021-11-27",,,"0.45",",,H,0800","0.0",",,H,0800",,
"USC00174681","45.32411","-68.58307","64.9","2021-11-28",,,"0.00",",,H,0800","0.0",",,H,0800",,
"USC00174682","44.93994","-71.01985","412.1","2021-10-14",,,"0.01",",,H,0700","0.0",",,H,0700",,
"USC00174683","45.37523","-68.50823","57.9","2021-08-01",,,"0.00",",,7,0700","0.0",",,7,0700",,
"USC00174683","45.37523","-68.50823","57.9","2021-08-02",,,"0.06",",,7,0700","0.0",",,7,0700",,
"USC00174683","45.37523","-68.50823","57.9","2021-08-03",,,"0.00",",,7,0700","0.0",",,7,0700",,
"USC00174683","45.37523","-68.50823","57.9","2021-08-04",,,"0.00",",,7,0700","0.0",",,7,0700",,
"USC00174683","45.37523","-68.50823","57.9","2021-08-05",,,"0.00",",,7,0700","0.0",",,7,0700",,
"USC00174683","45.37523","-68.50823","57.9","2021-08-06",,,"0.33",",,7,0700","0.0",",,7,0700",,
"USC00174683","45.37523","-68.50823","57.9","2021-08-07",,,"0.00",",,7,0700","0.0",",,7,0700",,
"USC00174683","45.37523","-68.50823","57.9","2021-08-08",,,"0.05",",,7,0700","0.0",",,7,0700",,
"USC00174683","45.37523","-68.50823","57.9","2021-08-09",,,"0.00",",,7,0700","0.0",",,7,0700",,
"USC00174683","45.37523","-68.50823","57.9","2021-08-10",,,"0.00","T,,7,0700","0.0",",,7,0700",,
"USC00174683","45.37523","-68.50823","57.9","2021-08-11",,,"0.00",",,7,0700","0.0",",,7,0700",,
"USC00174683","45.37523","-68.50823","57.9","2021-08-12",,,"0.00",",,7,0700","0.0",",,7,0700",,
"USC00174683","45.37523","-68.50823","57.9","2021-08-13",,,"0.00",",,7,0700","0.0",",,7,0700",,
"USC00174683","45.37523","-68.50823","57.9","2021-08-14",,,"0.00",",,7,0700","0.0",",,7,0700",,
"USC00174683","45.37523","-68.50823","57.9","2021-08-15",,,"0.06",",,7,0700","0.0",",,7,0700",,
"USC00174683","45.37523","-68.50823","57.9","2021-08-16",,,"0.00",",,7,0700","0.0",",,7,0700",,
"USC00174683","45.37523","-68.50823","57.9","2021-08-17",,,"0.00",",,7,0700","0.0",",,7,0700",,
"USC00174683","45.37523","-68.50823","57.9","2021-08-18",,,"0.00",",,7,0700","0.0",",,7,0700",,
"USC00174683","45.37523","-68.50823","57.9","2021-08-19",,,"0.12",",,7,0700","0.0",",,7,0700",,
"USC00174683","45.37523","-68.50823","57.9","2021-08-20",,,"0.02",",,7,0700","0.0",",,7,0700",,
"USC00174683","45.37523","-68.50823","57.9","2021-08-21",,,"0.00",",,7,0700","0.0",",,7,0700",,
"USC00174683","45.37523","-68.50823","57.9","2021-08-22",,,"0.00","T,,7,0700","0.0",",,7,0700",,
"USC00174683","45.37523","-68.50823","57.9","2021-08-23",,,"0.05",",,7,0700","0.0",",,7,0700",,
"USC00174683","45.37523","-68.50823","57.9","2021-08-24",,,"1.93",",,7,0700","0.0",",,7,0700",,
"USC00174683","45.37523","-68.50823","57.9","2021-08-25",,,"0.00",",,7,0700","0.0",",,7,0700",,
"USC00174683","45.37523","-68.50823","57.9","2021-08-26",,,"0.00",",,7,0700","0.0",",,7,0700",,
"USC00174683","45.37523","-68.50823","57.9","2021-08-27",,,"0.00",",,7,0700","0.0",",,7,0700",,
"USC00174683","45.37523","-68.50823","57.9","2021-08-28",,,"0.00",",,7,0700","0.0",",,7,0700",,
"USC00174683","45.37523","-68.50823","57.9","2021-08-29",,,"0.00",",,7,0700","0.0",",,7,0700",,
"USC00174683","45.37523","-68.50823","57.9","2021-08-30",,,"0.00",",,7,0700","0.0",",,7,0700",,
"USC00174683","45.37523","-68.50823","57.9","2021-08-31",,,"0.00",",,7,0700","0.0",",,7,0700",,
"USC00174683","45.37523","-68.50823","57.9","2021-09-01",,,"0.00",",,7,0700","0.0",",,7,0700",,
"USC00174683","45.37523","-68.50823","57.9","2021-09-02",,,"0.50",",,7,0700","0.0",",,7,0700",,
"USC00174683","45.37523","-68.50823","57.9","2021-09-03",,,"0.50",",,7,0700","0.0",",,7,0700",,
"USC00174683","45.37523","-68.50823","57.9","2021-09-04",,,"0.09",",,7,0700","0.0",",,7,0700",,
"USC00174683","45.37523","-68.50823","57.9","2021-09-05",,,"0.00",",,7,0700","0.0",",,7,0700",,
"USC00174683","45.37523","-68.50823","57.9","2021-09-06",,,"0.08",",,7,0700","0.0",",,7,0700",,
"USC00174683","45.37523","-68.50823","57.9","2021-09-07",,,"0.40",",,7,0700","0.0",",,7,0700",,
"USC00174683","45.37523","-68.50823","57.9","2021-09-08",,,"0.00",",,7,0700","0.0",",,7,0700",,
"USC00174683","45.37523","-68.50823","57.9","2021-09-09",,,"0.00",",,7,0700","0.0",",,7,0700",,
"USC00174683","45.37523","-68.50823","57.9","2021-09-10",,,"2.20",",,7,0700","0.0",",,7,0700",,
"USC00174683","45.37523","-68.50823","57.9","2021-09-11",,,"0.18",",,7,0700","0.0",",,7,0700",,
"USC00174683","45.37523","-68.50823","57.9","2021-09-12",,,"0.00",",,7,0700","0.0",",,7,0700",,
"USC00174683","45.37523","-68.50823","57.9","2021-09-13",,,"0.00",",,7,0700","0.0",",,7,0700",,
"USC00174683","45.37523","-68.50823","57.9","2021-09-14",,,"0.00",",,7,0700","0.0",",,7,0700",,
"USC00174683","45.37523","-68.50823","57.9","2021-09-15",,,"0.00",",,7,0700","0.0",",,7,0700",,
"USC00174683","45.37523","-68.50823","57.9","2021-09-16",,,"0.72",",,7,0700","0.0",",,7,0700",,
"USC00174683","45.37523","-68.50823","57.9","2021-09-17",,,"0.00",",,7,0700","0.0",",,7,0700",,
"USC00174683","45.37523","-68.50823","57.9","2021-09-18",,,"0.00","T,,7,0700","0.0",",,7,0700",,
"USC00174683","45.37523","-68.50823","57.9","2021-09-19",,,"0.08",",,7,0700","0.0",",,7,0700",,
"USC00174683","45.37523","-68.50823","57.9","2021-09-20",,,"0.00",",,7,0700","0.0",",,7,0700",,
"USC00174683","45.37523","-68.50823","57.9","2021-09-21",,,"0.00",",,7,0700","0.0",",,7,0700",,
"USC00174683","45.37523","-68.50823","57.9","2021-09-22",,,"0.00",",,7,0700","0.0",",,7,0700",,
"USC00174683","45.37523","-68.50823","57.9","2021-09-23",,,"0.00",",,7,0700","0.0",",,7,0700",,
"USC00174683","45.37523","-68.50823","57.9","2021-09-24",,,"0.00",",,7,0700","0.0",",,7,0700",,
"USC00174683","45.37523","-68.50823","57.9","2021-09-25",,,"1.27",",,7,0700","0.0",",,7,0700",,
"USC00174683","45.37523","-68.50823","57.9","2021-09-26",,,"0.70",",,7,0700","0.0",",,7,0700",,
"USC00174683","45.37523","-68.50823","57.9","2021-09-27",,,"0.81",",,7,0700","0.0",",,7,0700",,
"USC00174683","45.37523","-68.50823","57.9","2021-09-28",,,"0.04",",,7,0700","0.0",",,7,0700",,
"USC00174683","45.37523","-68.50823","57.9","2021-09-29",,,"0.00",",,7,0700","0.0",",,7,0700",,
"USC00174683","45.37523","-68.50823","57.9","2021-09-30",,,"0.03",",,7,0700","0.0",",,7,0700",,
"USC00174683","45.37523","-68.50823","57.9","2021-10-01",,,"0.09",",,7,0700","0.0",",,7,0700",,
"USC00174683","45.37523","-68.50823","57.9","2021-10-02",,,"0.00","T,,7,0700","0.0",",,7,0700",,
"USC00174683","45.37523","-68.50823","57.9","2021-10-03",,,"0.00",",,7,0700","0.0",",,7,0700",,
"USC00174683","45.37523","-68.50823","57.9","2021-10-04",,,"0.00",",,7,0700","0.0",",,7,0700",,
"USC00174683","45.37523","-68.50823","57.9","2021-10-05",,,"0.00",",,7,0700","0.0",",,7,0700",,
"USC00174683","45.37523","-68.50823","57.9","2021-10-06",,,"0.00",",,7,0700","0.0",",,7,0700",,
"USC00174683","45.37523","-68.50823","57.9","2021-10-07",,,"0.00",",,7,0700","0.0",",,7,0700",,
"USC00174683","45.37523","-68.50823","57.9","2021-10-08",,,"0.00",",,7,0700","0.0",",,7,0700",,
"USC00174683","45.37523","-68.50823","57.9","2021-10-09",,,"0.00",",,7,0700","0.0",",,7,0700",,
"USC00174683","45.37523","-68.50823","57.9","2021-10-10",,,"0.00",",,7,0700","0.0",",,7,0700",,
"USC00174683","45.37523","-68.50823","57.9","2021-10-11",,,"0.00",",,7,0700","0.0",",,7,0700",,
"USC00174683","45.37523","-68.50823","57.9","2021-10-12",,,"0.00",",,7,0700","0.0",",,7,0700",,
"USC00174683","45.37523","-68.50823","57.9","2021-10-13",,,"0.00",",,7,0700","0.0",",,7,0700",,
"USC00174683","45.37523","-68.50823","57.9","2021-10-14",,,"0.00",",,7,0700","0.0",",,7,0700",,
"USC00174683","45.37523","-68.50823","57.9","2021-10-15",,,"0.00",",,7,0700","0.0",",,7,0700",,
"USC00174683","45.37523","-68.50823","57.9","2021-10-16",,,,,"0.0",",,7,0700",,
"USC00174683","45.37523","-68.50823","57.9","2021-10-17",,,"1.04",",,7,0700","0.0",",,7,0700",,
"USC00174683","45.37523","-68.50823","57.9","2021-10-18",,,"0.08",",,7,0700","0.0",",,7,0700",,
"USC00174683","45.37523","-68.50823","57.9","2021-10-19",,,"0.00",",,7,0700","0.0",",,7,0700",,
"USC00174683","45.37523","-68.50823","57.9","2021-10-20",,,"0.03",",,7,0700","0.0",",,7,0700",,
"USC00174683","45.37523","-68.50823","57.9","2021-10-21",,,"0.00",",,7,0700","0.0",",,7,0700",,
"USC00174683","45.37523","-68.50823","57.9","2021-10-22",,,"0.01",",,7,0700","0.0",",,7,0700",,
"USC00174683","45.37523","-68.50823","57.9","2021-10-23",,,"0.05",",,7,0700","0.0",",,7,0700",,
"USC00174683","45.37523","-68.50823","57.9","2021-10-24",,,"0.00",",,7,0700","0.0",",,7,0700",,
"USC00174683","45.37523","-68.50823","57.9","2021-10-25",,,"0.00",",,7,0700","0.0",",,7,0700",,
"USC00174683","45.37523","-68.50823","57.9","2021-10-26",,,"0.00",",,7,0700","0.0",",,7,0700",,
"USC00174683","45.37523","-68.50823","57.9","2021-10-27",,,"0.00",",,7,0700","0.0",",,7,0700",,
"USC00174683","45.37523","-68.50823","57.9","2021-10-28",,,"0.00",",,7,0700","0.0",",,7,0700",,
"USC00174683","45.37523","-68.50823","57.9","2021-10-29",,,"0.00",",,7,0700","0.0",",,7,0700",,
"USC00174683","45.37523","-68.50823","57.9","2021-10-30",,,"0.00",",,7,0700","0.0",",,7,0700",,
"USC00174683","45.37523","-68.50823","57.9","2021-10-31",,,"1.51",",,7,0700","0.0",",,7,0700",,
"USC00174683","45.37523","-68.50823","57.9","2021-11-01",,,"0.40",",,H,0700","0.0",",,H,0700",,
"USC00174683","45.37523","-68.50823","57.9","2021-11-02",,,"0.00",",,H,0700","0.0",",,H,0700",,
"USC00174683","45.37523","-68.50823","57.9","2021-11-03",,,"0.00",",,H,0700","0.0",",,H,0700",,
"USC00174683","45.37523","-68.50823","57.9","2021-11-04",,,"0.00",",,H,0700","0.0",",,H,0700",,
"USC00174683","45.37523","-68.50823","57.9","2021-11-05",,,"0.00",",,H,0700","0.0",",,H,0700",,
"USC00174683","45.37523","-68.50823","57.9","2021-11-06",,,"0.00",",,H,0700","0.0",",,H,0700",,
"USC00174683","45.37523","-68.50823","57.9","2021-11-07",,,"0.00",",,H,0700","0.0",",,H,0700",,
"USC00174683","45.37523","-68.50823","57.9","2021-11-08",,,"0.00",",,H,0700","0.0",",,H,0700",,
"USC00174683","45.37523","-68.50823","57.9","2021-11-09",,,"0.00",",,H,0700","0.0",",,H,0700",,
"USC00174683","45.37523","-68.50823","57.9","2021-11-10",,,"0.00",",,H,0700","0.0",",,H,0700",,
"USC00174683","45.37523","-68.50823","57.9","2021-11-11",,,"0.08",",,H,0700","0.0",",,H,0700",,
"USC00174683","45.37523","-68.50823","57.9","2021-11-12",,,"0.00",",,H,0700","0.0",",,H,0700",,
"USC00174683","45.37523","-68.50823","57.9","2021-11-13",,,"0.78",",,H,0700","0.0",",,H,0700",,
"USC00174683","45.37523","-68.50823","57.9","2021-11-14",,,"0.08",",,H,0700","0.0",",,H,0700",,
"USC00174683","45.37523","-68.50823","57.9","2021-11-15",,,"0.15",",,H,0700","0.0",",,H,0700",,
"USC00174683","45.37523","-68.50823","57.9","2021-11-16",,,"0.15",",,H,0700","0.0",",,H,0700",,
"USC00174683","45.37523","-68.50823","57.9","2021-11-17",,,"0.00",",,H,0700","0.0",",,H,0700",,
"USC00174683","45.37523","-68.50823","57.9","2021-11-18",,,"0.24",",,H,0700","0.0",",,H,0700",,
"USC00174683","45.37523","-68.50823","57.9","2021-11-20",,,"0.00",",,H,0700","0.0",",,H,0700",,
"USC00174683","45.37523","-68.50823","57.9","2021-11-21",,,"0.00",",,H,0700","0.0",",,H,0700",,
"USC00174683","45.37523","-68.50823","57.9","2021-11-22",,,"0.66",",,H,0700","0.0",",,H,0700",,
"USC00174683","45.37523","-68.50823","57.9","2021-11-23",,,"0.32",",,H,0700","0.0",",,H,0700",,
"USC00174683","45.37523","-68.50823","57.9","2021-11-24",,,"0.00",",,H,0700","0.0",",,H,0700",,
"USC00174683","45.37523","-68.50823","57.9","2021-11-26",,,,,,,,
"USC00174683","45.37523","-68.50823","57.9","2021-11-27",,,"0.40",",,H,0700","1.0",",,H,0700",,
"USC00174683","45.37523","-68.50823","57.9","2021-11-28",,,"0.00",",,H,0700","0.0",",,H,0700",,
"USC00162212","30.2408","-92.3477","7.6","2021-08-01",,,"0.00",",,7,0800",,,,
"USC00162212","30.2408","-92.3477","7.6","2021-08-02",,,"0.00",",,7,0800",,,,
"USC00162212","30.2408","-92.3477","7.6","2021-08-03",,,"0.46",",,7,0800",,,,
"USC00162212","30.2408","-92.3477","7.6","2021-08-04",,,"0.48",",,7,0800",,,,
"USC00162212","30.2408","-92.3477","7.6","2021-08-05",,,"0.00",",,7,0800",,,,
"USC00162212","30.2408","-92.3477","7.6","2021-08-06",,,"0.00",",,7,0800",,,,
"USC00162212","30.2408","-92.3477","7.6","2021-08-07",,,"0.00",",,7,0800",,,,
"USC00162212","30.2408","-92.3477","7.6","2021-08-08",,,"0.10",",,7,0800",,,,
"USC00162212","30.2408","-92.3477","7.6","2021-08-09",,,"0.06",",,7,0800",,,,
"USC00162212","30.2408","-92.3477","7.6","2021-08-10",,,"0.00",",,7,0800",,,,
"USC00162212","30.2408","-92.3477","7.6","2021-08-11",,,"0.00",",,7,0800",,,,
"USC00162212","30.2408","-92.3477","7.6","2021-08-12",,,"0.00",",,7,0800",,,,
"USC00162212","30.2408","-92.3477","7.6","2021-08-13",,,"0.00",",,7,0800",,,,
"USC00162212","30.2408","-92.3477","7.6","2021-08-14",,,"0.72",",,7,0800",,,,
"USC00162212","30.2408","-92.3477","7.6","2021-08-15",,,"0.58",",,7,0800",,,,
"USC00162212","30.2408","-92.3477","7.6","2021-08-16",,,"0.02",",,7,0800",,,,
"USC00162212","30.2408","-92.3477","7.6","2021-08-17",,,"0.00",",,7,0800",,,,
"USC00162212","30.2408","-92.3477","7.6","2021-08-18",,,"0.00",",,7,0800",,,,
"USC00162212","30.2408","-92.3477","7.6","2021-08-19",,,"0.00",",,7,0800",,,,
"USC00162212","30.2408","-92.3477","7.6","2021-08-20",,,"0.11",",,7,0800",,,,
"USC00162212","30.2408","-92.3477","7.6","2021-08-21",,,"0.00",",,7,0800",,,,
"USC00162212","30.2408","-92.3477","7.6","2021-08-22",,,"0.00",",,7,0800",,,,
"USC00162212","30.2408","-92.3477","7.6","2021-08-23",,,"0.00",",,7,0800",,,,
"USC00162212","30.2408","-92.3477","7.6","2021-08-24",,,"0.00",",,7,0800",,,,
"USC00162212","30.2408","-92.3477","7.6","2021-08-25",,,"0.15",",,7,0800",,,,
"USC00162212","30.2408","-92.3477","7.6","2021-08-26",,,"0.00",",,7,0800",,,,
"USC00162212","30.2408","-92.3477","7.6","2021-08-27",,,"0.11",",,7,0800",,,,
"USC00162212","30.2408","-92.3477","7.6","2021-08-28",,,"0.00",",,7,0800",,,,
"USC00162212","30.2408","-92.3477","7.6","2021-08-29",,,"0.11",",,7,0800",,,,
"USC00162212","30.2408","-92.3477","7.6","2021-08-30",,,"0.02",",,7,0800",,,,
"USC00162212","30.2408","-92.3477","7.6","2021-08-31",,,"0.00",",,7,0800",,,,
"USC00162212","30.2408","-92.3477","7.6","2021-09-01",,,"0.00",",,7,0800",,,,
"USC00162212","30.2408","-92.3477","7.6","2021-09-02",,,"0.67",",,7,0800",,,,
"USC00162212","30.2408","-92.3477","7.6","2021-09-03",,,"0.00",",,7,0800",,,,
"USC00162212","30.2408","-92.3477","7.6","2021-09-04",,,"0.04",",,7,0800",,,,
"USC00162212","30.2408","-92.3477","7.6","2021-09-05",,,"0.00",",,7,0800",,,,
"USC00162212","30.2408","-92.3477","7.6","2021-09-06",,,"0.50",",,7,0800",,,,
"USC00162212","30.2408","-92.3477","7.6","2021-09-07",,,"0.36",",,7,0800",,,,
"USC00162212","30.2408","-92.3477","7.6","2021-09-08",,,"0.00",",,7,0800",,,,
"USC00162212","30.2408","-92.3477","7.6","2021-09-09",,,"0.00",",,7,0800",,,,
"USC00162212","30.2408","-92.3477","7.6","2021-09-10",,,"0.00",",,7,0800",,,,
"USC00162212","30.2408","-92.3477","7.6","2021-09-11",,,"0.00",",,7,0800",,,,
"USC00162212","30.2408","-92.3477","7.6","2021-09-12",,,"0.00",",,7,0800",,,,
"USC00162212","30.2408","-92.3477","7.6","2021-09-13",,,"0.00",",,7,0800",,,,
"USC00162212","30.2408","-92.3477","7.6","2021-09-14",,,"2.00",",,7,0800",,,,
"USC00162212","30.2408","-92.3477","7.6","2021-09-15",,,"2.20",",,7,0800",,,,
"USC00162212","30.2408","-92.3477","7.6","2021-09-16",,,"0.30",",,7,0800",,,,
"USC00162212","30.2408","-92.3477","7.6","2021-09-17",,,"0.35",",,7,0800",,,,
"USC00162212","30.2408","-92.3477","7.6","2021-09-18",,,"0.03",",,7,0800",,,,
"USC00162212","30.2408","-92.3477","7.6","2021-09-19",,,"0.00",",,7,0800",,,,
"USC00162212","30.2408","-92.3477","7.6","2021-09-20",,,"0.68",",,7,0800",,,,
"USC00162212","30.2408","-92.3477","7.6","2021-09-21",,,"0.00",",,7,0800",,,,
"USC00162212","30.2408","-92.3477","7.6","2021-09-22",,,"0.15",",,7,0800",,,,
"USC00162212","30.2408","-92.3477","7.6","2021-09-23",,,"0.00",",,7,0800",,,,
"USC00162212","30.2408","-92.3477","7.6","2021-09-24",,,"0.00",",,7,0800",,,,
"USC00162212","30.2408","-92.3477","7.6","2021-09-25",,,"0.00",",,7,0800",,,,
"USC00162212","30.2408","-92.3477","7.6","2021-09-26",,,"0.00",",,7,0800",,,,
"USC00162212","30.2408","-92.3477","7.6","2021-09-27",,,"0.00",",,7,0800",,,,
"USC00162212","30.2408","-92.3477","7.6","2021-09-28",,,"0.00",",,7,0800",,,,
"USC00162212","30.2408","-92.3477","7.6","2021-09-29",,,"1.52",",,7,0800",,,,
"USC00162212","30.2408","-92.3477","7.6","2021-09-30",,,"0.18",",,7,0800",,,,
"USC00162212","30.2408","-92.3477","7.6","2021-10-01",,,"1.59",",,7,0800",,,,
"USC00162212","30.2408","-92.3477","7.6","2021-10-02",,,"0.00",",,7,0800",,,,
"USC00162212","30.2408","-92.3477","7.6","2021-10-03",,,"0.02",",,7,0800",,,,
"USC00162212","30.2408","-92.3477","7.6","2021-10-04",,,"0.02",",,7,0800",,,,
"USC00162212","30.2408","-92.3477","7.6","2021-10-05",,,"0.00",",,7,0800",,,,
"USC00162212","30.2408","-92.3477","7.6","2021-10-06",,,"0.00",",,7,0800",,,,
"USC00162212","30.2408","-92.3477","7.6","2021-10-07",,,"0.00",",,7,0800",,,,
"USC00162212","30.2408","-92.3477","7.6","2021-10-08",,,"0.00",",,7,0800",,,,
"USC00162212","30.2408","-92.3477","7.6","2021-10-09",,,"0.00",",,7,0800",,,,
"USC00162212","30.2408","-92.3477","7.6","2021-10-10",,,"0.00",",,7,0800",,,,
"USC00162212","30.2408","-92.3477","7.6","2021-10-11",,,"0.00",",,7,0800",,,,
"USC00162212","30.2408","-92.3477","7.6","2021-10-12",,,"0.00",",,7,0800",,,,
"USC00162212","30.2408","-92.3477","7.6","2021-10-13",,,"0.00",",,7,0800",,,,
"USC00162212","30.2408","-92.3477","7.6","2021-10-14",,,"0.00",",,7,0800",,,,
"USC00162212","30.2408","-92.3477","7.6","2021-10-15",,,"0.00",",,7,0800",,,,
"USC00162212","30.2408","-92.3477","7.6","2021-10-16",,,"0.00",",,7,0800",,,,
"USC00162212","30.2408","-92.3477","7.6","2021-10-17",,,"0.00",",,7,0800",,,,
"USC00162212","30.2408","-92.3477","7.6","2021-10-18",,,"0.00",",,7,0800",,,,
"USC00162212","30.2408","-92.3477","7.6","2021-10-19",,,"0.00",",,7,0800",,,,
"USC00162212","30.2408","-92.3477","7.6","2021-10-20",,,"0.00",",,7,0800",,,,
"USC00162212","30.2408","-92.3477","7.6","2021-10-21",,,"0.00",",,7,0800",,,,
"USC00162212","30.2408","-92.3477","7.6","2021-10-22",,,"0.00",",,7,0800",,,,
"USC00162212","30.2408","-92.3477","7.6","2021-10-23",,,"0.00",",,7,0800",,,,
"USC00162212","30.2408","-92.3477","7.6","2021-10-24",,,"0.19",",,7,0800",,,,
"USC00162212","30.2408","-92.3477","7.6","2021-10-25",,,"0.00",",,7,0800",,,,
"USC00162212","30.2408","-92.3477","7.6","2021-10-26",,,"0.00",",,7,0800",,,,
"USC00162212","30.2408","-92.3477","7.6","2021-10-27",,,"0.00",",,7,0800",,,,
"USC00162212","30.2408","-92.3477","7.6","2021-10-28",,,"2.78",",,7,0800",,,,
"USC00162212","30.2408","-92.3477","7.6","2021-10-29",,,"0.00",",,7,0800",,,,
"USC00162212","30.2408","-92.3477","7.6","2021-10-30",,,"0.00",",,7,0800",,,,
"USC00162212","30.2408","-92.3477","7.6","2021-10-31",,,"0.00",",,7,0800",,,,
"USC00162212","30.2408","-92.3477","7.6","2021-11-01",,,"0.00",",,H,0800",,,,
"USC00162212","30.2408","-92.3477","7.6","2021-11-02",,,"0.00",",,H,0800",,,,
"USC00162212","30.2408","-92.3477","7.6","2021-11-03",,,"0.00",",,H,0800",,,,
"USC00162212","30.2408","-92.3477","7.6","2021-11-04",,,"0.00",",,H,0800",,,,
"USC00162212","30.2408","-92.3477","7.6","2021-11-07",,,"0.00",",,H,0800",,,,
"USC00162212","30.2408","-92.3477","7.6","2021-11-08",,,"0.00",",,H,0800",,,,
"USC00162212","30.2408","-92.3477","7.6","2021-11-09",,,"0.00",",,H,0800",,,,
"USC00162212","30.2408","-92.3477","7.6","2021-11-10",,,"0.00",",,H,0800",,,,
"USC00162212","30.2408","-92.3477","7.6","2021-11-11",,,"0.17",",,H,0800",,,,
"USC00162212","30.2408","-92.3477","7.6","2021-11-12",,,"0.05",",,H,0800",,,,
"USC00162212","30.2408","-92.3477","7.6","2021-11-13",,,"0.00",",,H,0800",,,,
"USC00162212","30.2408","-92.3477","7.6","2021-11-14",,,"0.00",",,H,0800",,,,
"USC00162212","30.2408","-92.3477","7.6","2021-11-15",,,"0.00",",,H,0800",,,,
"USC00162212","30.2408","-92.3477","7.6","2021-11-16",,,"0.00",",,H,0800",,,,
"USC00162212","30.2408","-92.3477","7.6","2021-11-17",,,"0.00",",,H,0800",,,,
"USC00162212","30.2408","-92.3477","7.6","2021-11-18",,,"0.00",",,H,0800",,,,
"USC00162212","30.2408","-92.3477","7.6","2021-11-19",,,"0.00",",,H,0800",,,,
"USC00162212","30.2408","-92.3477","7.6","2021-11-20",,,"0.00",",,H,0800",,,,
"USC00162212","30.2408","-92.3477","7.6","2021-11-21",,,"0.00",",,H,0800",,,,
"USC00162212","30.2408","-92.3477","7.6","2021-11-22",,,"0.50",",,H,0800",,,,
"USC00162212","30.2408","-92.3477","7.6","2021-11-23",,,"0.00",",,H,0800",,,,
"USC00162212","30.2408","-92.3477","7.6","2021-11-26",,,"0.12",",,H,0800",,,,
"USC00162212","30.2408","-92.3477","7.6","2021-11-27",,,"0.00",",,H,0800",,,,
"USC00162212","30.2408","-92.3477","7.6","2021-11-28",,,"0.29",",,H,0800",,,,
"USC00160277","32.5511","-92.9186","121.9","2021-08-01",,,"0.00",",,7,0800","0.0",",,7",,
"USC00160277","32.5511","-92.9186","121.9","2021-08-02",,,"1.72",",,7,0800","0.0",",,7",,
"USC00160277","32.5511","-92.9186","121.9","2021-08-03",,,"0.18",",,7,0800","0.0",",,7",,
"USC00160277","32.5511","-92.9186","121.9","2021-08-04",,,"0.00",",,7,0800","0.0",",,7",,
"USC00160277","32.5511","-92.9186","121.9","2021-08-05",,,"0.00",",,7,0800","0.0",",,7",,
"USC00160277","32.5511","-92.9186","121.9","2021-08-06",,,"0.00",",,7,0800","0.0",",,7",,
"USC00160277","32.5511","-92.9186","121.9","2021-08-07",,,"0.00",",,7,0800","0.0",",,7",,
"USC00160277","32.5511","-92.9186","121.9","2021-08-08",,,"0.00",",,7,0800","0.0",",,7",,
"USC00160277","32.5511","-92.9186","121.9","2021-08-09",,,"0.00",",,7,0800","0.0",",,7",,
"USC00160277","32.5511","-92.9186","121.9","2021-08-10",,,"0.00",",,7,0800","0.0",",,7",,
"USC00160277","32.5511","-92.9186","121.9","2021-08-11",,,"0.00",",,7,0800","0.0",",,7",,
"USC00160277","32.5511","-92.9186","121.9","2021-08-12",,,"0.00",",,7,0800","0.0",",,7",,
"USC00160277","32.5511","-92.9186","121.9","2021-08-13",,,"0.00",",,7,0800","0.0",",,7",,
"USC00160277","32.5511","-92.9186","121.9","2021-08-14",,,"0.00",",,7,0800","0.0",",,7",,
"USC00160277","32.5511","-92.9186","121.9","2021-08-15",,,"0.40",",,7,0800","0.0",",,7",,
"USC00160277","32.5511","-92.9186","121.9","2021-08-16",,,"0.00",",,7,0800","0.0",",,7",,
"USC00160277","32.5511","-92.9186","121.9","2021-08-17",,,"0.00",",,7,0800","0.0",",,7",,
"USC00160277","32.5511","-92.9186","121.9","2021-08-18",,,"1.86",",,7,0800","0.0",",,7",,
"USC00160277","32.5511","-92.9186","121.9","2021-08-19",,,"1.26",",,7,0800","0.0",",,7",,
"USC00160277","32.5511","-92.9186","121.9","2021-08-20",,,"0.44",",,7,0800","0.0",",,7",,
"USC00160277","32.5511","-92.9186","121.9","2021-08-21",,,"0.00",",,7,0800","0.0",",,7",,
"USC00160277","32.5511","-92.9186","121.9","2021-08-22",,,"0.00",",,7,0800","0.0",",,7",,
"USC00160277","32.5511","-92.9186","121.9","2021-08-23",,,"0.00",",,7,0800","0.0",",,7",,
"USC00160277","32.5511","-92.9186","121.9","2021-08-24",,,"0.00",",,7,0800","0.0",",,7",,
"USC00160277","32.5511","-92.9186","121.9","2021-08-25",,,"0.00",",,7,0800","0.0",",,7",,
"USC00160277","32.5511","-92.9186","121.9","2021-08-26",,,"0.00",",,7,0800","0.0",",,7",,
"USC00160277","32.5511","-92.9186","121.9","2021-08-27",,,"0.00",",,7,0800","0.0",",,7",,
"USC00160277","32.5511","-92.9186","121.9","2021-08-28",,,"0.00",",,7,0800","0.0",",,7",,
"USC00160277","32.5511","-92.9186","121.9","2021-08-29",,,"0.33",",,7,0800","0.0",",,7",,
"USC00160277","32.5511","-92.9186","121.9","2021-08-30",,,"0.42",",,7,0800","0.0",",,7",,
"USC00160277","32.5511","-92.9186","121.9","2021-09-01",,,"0.00",",,7,0800","0.0",",,7",,
"USC00160277","32.5511","-92.9186","121.9","2021-09-02",,,"0.00",",,7,0800","0.0",",,7",,
"USC00160277","32.5511","-92.9186","121.9","2021-09-03",,,"0.00",",,7,0800","0.0",",,7",,
"USC00160277","32.5511","-92.9186","121.9","2021-09-04",,,"0.00",",,7,0800","0.0",",,7",,
"USC00160277","32.5511","-92.9186","121.9","2021-09-05",,,"0.00",",,7,0800","0.0",",,7",,
"USC00160277","32.5511","-92.9186","121.9","2021-09-06",,,"0.33",",,7,0800","0.0",",,7",,
"USC00160277","32.5511","-92.9186","121.9","2021-09-07",,,"0.00",",,7,0800","0.0",",,7",,
"USC00160277","32.5511","-92.9186","121.9","2021-09-08",,,"0.00",",,7,0800","0.0",",,7",,
"USC00160277","32.5511","-92.9186","121.9","2021-09-09",,,"0.00",",,7,0800","0.0",",,7",,
"USC00160277","32.5511","-92.9186","121.9","2021-09-10",,,"0.00",",,7,0800","0.0",",,7",,
"USC00160277","32.5511","-92.9186","121.9","2021-09-11",,,"0.00",",,7,0800","0.0",",,7",,
"USC00160277","32.5511","-92.9186","121.9","2021-09-12",,,"0.00",",,7,0800","0.0",",,7",,
"USC00160277","32.5511","-92.9186","121.9","2021-09-13",,,"0.00",",,7,0800","0.0",",,7",,
"USC00160277","32.5511","-92.9186","121.9","2021-09-14",,,"0.04",",,7,0800","0.0",",,7",,
"USC00160277","32.5511","-92.9186","121.9","2021-09-15",,,"0.00",",,7,0800","0.0",",,7",,
"USC00160277","32.5511","-92.9186","121.9","2021-09-16",,,"0.00",",,7,0800","0.0",",,7",,
"USC00160277","32.5511","-92.9186","121.9","2021-09-17",,,"0.00",",,7,0800","0.0",",,7",,
"USC00160277","32.5511","-92.9186","121.9","2021-09-18",,,"1.50",",,7,0800","0.0",",,7",,
"USC00160277","32.5511","-92.9186","121.9","2021-09-19",,,"0.00",",,7,0800","0.0",",,7",,
"USC00160277","32.5511","-92.9186","121.9","2021-09-20",,,"0.00",",,7,0800","0.0",",,7",,
"USC00160277","32.5511","-92.9186","121.9","2021-09-21",,,"0.00",",,7,0800","0.0",",,7",,
"USC00160277","32.5511","-92.9186","121.9","2021-09-22",,,"0.78",",,7,0800","0.0",",,7",,
"USC00160277","32.5511","-92.9186","121.9","2021-09-23",,,"0.00",",,7,0800","0.0",",,7",,
"USC00160277","32.5511","-92.9186","121.9","2021-09-24",,,"0.00",",,7,0800","0.0",",,7",,
"USC00160277","32.5511","-92.9186","121.9","2021-09-25",,,"0.00",",,7,0800","0.0",",,7",,
"USC00160277","32.5511","-92.9186","121.9","2021-09-26",,,"0.00",",,7,0800","0.0",",,7",,
"USC00160277","32.5511","-92.9186","121.9","2021-09-27",,,"0.00",",,7,0800","0.0",",,7",,
"USC00160277","32.5511","-92.9186","121.9","2021-09-28",,,"0.00",",,7,0800","0.0",",,7",,
"USC00160277","32.5511","-92.9186","121.9","2021-09-29",,,"0.10",",,7,0800","0.0",",,7",,
"USC00160277","32.5511","-92.9186","121.9","2021-09-30",,,"0.00",",,7,0800","0.0",",,7",,
"USC00160277","32.5511","-92.9186","121.9","2021-10-01",,,"0.00",",,7,0800","0.0",",,7",,
"USC00160277","32.5511","-92.9186","121.9","2021-10-02",,,"1.04",",,7,0800","0.0",",,7",,
"USC00160277","32.5511","-92.9186","121.9","2021-10-03",,,"0.02",",,7,0800","0.0",",,7",,
"USC00160277","32.5511","-92.9186","121.9","2021-10-04",,,"0.00",",,7,0800","0.0",",,7",,
"USC00160277","32.5511","-92.9186","121.9","2021-10-05",,,"0.00",",,7,0800","0.0",",,7",,
"USC00160277","32.5511","-92.9186","121.9","2021-10-06",,,"0.00",",,7,0800","0.0",",,7",,
"USC00160277","32.5511","-92.9186","121.9","2021-10-07",,,"0.00",",,7,0800","0.0",",,7",,
"USC00160277","32.5511","-92.9186","121.9","2021-10-08",,,"0.00",",,7,0800","0.0",",,7",,
"USC00160277","32.5511","-92.9186","121.9","2021-10-09",,,"0.00",",,7,0800","0.0",",,7",,
"USC00160277","32.5511","-92.9186","121.9","2021-10-10",,,"0.00",",,7,0800","0.0",",,7",,
"USC00160277","32.5511","-92.9186","121.9","2021-10-11",,,"0.00",",,7,0800","0.0",",,7",,
"USC00160277","32.5511","-92.9186","121.9","2021-10-12",,,"0.00",",,7,0800","0.0",",,7",,
"USC00160277","32.5511","-92.9186","121.9","2021-10-13",,,"0.00",",,7,0800","0.0",",,7",,
"USC00160277","32.5511","-92.9186","121.9","2021-10-14",,,"0.00",",,7,0800","0.0",",,7",,
"USC00160277","32.5511","-92.9186","121.9","2021-10-15",,,"0.00",",,7,0800","0.0",",,7",,
"USC00160277","32.5511","-92.9186","121.9","2021-10-16",,,"0.00","T,,7,0800","0.0",",,7",,
"USC00160277","32.5511","-92.9186","121.9","2021-10-17",,,"0.00",",,7,0800","0.0",",,7",,
"USC00160277","32.5511","-92.9186","121.9","2021-10-18",,,"0.00",",,7,0800","0.0",",,7",,
"USC00160277","32.5511","-92.9186","121.9","2021-10-19",,,"0.00",",,7,0800","0.0",",,7",,
"USC00160277","32.5511","-92.9186","121.9","2021-10-20",,,"0.00",",,7,0800","0.0",",,7",,
"USC00160277","32.5511","-92.9186","121.9","2021-10-21",,,"0.00",",,7,0800","0.0",",,7",,
"USC00160277","32.5511","-92.9186","121.9","2021-10-22",,,"0.00",",,7,0800","0.0",",,7",,
"USC00160277","32.5511","-92.9186","121.9","2021-10-23",,,"0.00",",,7,0800","0.0",",,7",,
"USC00160277","32.5511","-92.9186","121.9","2021-10-24",,,"0.00",",,7,0800","0.0",",,7",,
"USC00160277","32.5511","-92.9186","121.9","2021-10-25",,,"0.00",",,7,0800","0.0",",,7",,
"USC00160277","32.5511","-92.9186","121.9","2021-10-26",,,"0.00",",,7,0800","0.0",",,7",,
"USC00160277","32.5511","-92.9186","121.9","2021-10-27",,,"0.00",",,7,0800","0.0",",,7",,
"USC00160277","32.5511","-92.9186","121.9","2021-10-28",,,"1.16",",,7,0800","0.0",",,7",,
"USC00160277","32.5511","-92.9186","121.9","2021-10-29",,,"0.00",",,7,0800","0.0",",,7",,
"USC00160277","32.5511","-92.9186","121.9","2021-10-30",,,"0.00",",,7,0800","0.0",",,7",,
"USC00160277","32.5511","-92.9186","121.9","2021-10-31",,,"0.00",",,7,0800","0.0",",,7",,
"USC00160277","32.5511","-92.9186","121.9","2021-11-01",,,"0.00",",,H,0800","0.0",",,H",,
"USC00160277","32.5511","-92.9186","121.9","2021-11-02",,,"0.00",",,H,0800","0.0",",,H",,
"USC00160277","32.5511","-92.9186","121.9","2021-11-03",,,"0.01",",,H,0800","0.0",",,H",,
"USC00160277","32.5511","-92.9186","121.9","2021-11-04",,,"0.00",",,H,0800","0.0",",,H",,
"USC00160277","32.5511","-92.9186","121.9","2021-11-05",,,"0.00",",,H,0800","0.0",",,H",,
"USC00160277","32.5511","-92.9186","121.9","2021-11-06",,,"0.00",",,H,0800","0.0",",,H",,
"USC00160277","32.5511","-92.9186","121.9","2021-11-07",,,"0.00",",,H,0800","0.0",",,H",,
"USC00160277","32.5511","-92.9186","121.9","2021-11-08",,,"0.00",",,H,0800","0.0",",,H",,
"USC00160277","32.5511","-92.9186","121.9","2021-11-09",,,"0.00",",,H,0800","0.0",",,H",,
"USC00160277","32.5511","-92.9186","121.9","2021-11-10",,,"0.00",",,H,0800","0.0",",,H",,
"USC00160277","32.5511","-92.9186","121.9","2021-11-11",,,"0.50",",,H,0800","0.0",",,H",,
"USC00160277","32.5511","-92.9186","121.9","2021-11-12",,,"0.00",",,H,0800","0.0",",,H",,
"USC00160277","32.5511","-92.9186","121.9","2021-11-13",,,"0.00",",,H,0800","0.0",",,H",,
"USC00160277","32.5511","-92.9186","121.9","2021-11-14",,,"0.00",",,H,0800","0.0",",,H",,
"USC00160277","32.5511","-92.9186","121.9","2021-11-15",,,"0.00",",,H,0800","0.0",",,H",,
"USC00160277","32.5511","-92.9186","121.9","2021-11-16",,,"0.00",",,H,0800","0.0",",,H",,
"USC00160277","32.5511","-92.9186","121.9","2021-11-17",,,"0.00",",,H,0800","0.0",",,H",,
"USC00160277","32.5511","-92.9186","121.9","2021-11-18",,,"0.00",",,H,0800","0.0",",,H",,
"USC00160277","32.5511","-92.9186","121.9","2021-11-19",,,"0.00",",,H,0800","0.0",",,H",,
"USC00160277","32.5511","-92.9186","121.9","2021-11-20",,,"0.00",",,H,0800","0.0",",,H",,
"USC00160277","32.5511","-92.9186","121.9","2021-11-21",,,"0.00",",,H,0800","0.0",",,H",,
"USC00160277","32.5511","-92.9186","121.9","2021-11-22",,,"0.06",",,H,0800","0.0",",,H",,
"USC00160277","32.5511","-92.9186","121.9","2021-11-23",,,"0.00",",,H,0800","0.0",",,H",,
"USC00160277","32.5511","-92.9186","121.9","2021-11-24",,,"0.00",",,H,0800","0.0",",,H",,
"USC00160277","32.5511","-92.9186","121.9","2021-11-25",,,"0.30",",,H,0800","0.0",",,H",,
"USC00160277","32.5511","-92.9186","121.9","2021-11-26",,,"0.17",",,H,0800","0.0",",,H",,
"USC00160277","32.5511","-92.9186","121.9","2021-11-27",,,"0.00",",,H,0800","0.0",",,H",,
"USC00160277","32.5511","-92.9186","121.9","2021-11-28",,,"0.13",",,H,0800","0.0",",,H",,
"US1LACB0007","32.790481","-93.0504815","73.5","2021-08-01",,,"0.00",",,N","0.0",",,N",,
"US1LACB0007","32.790481","-93.0504815","73.5","2021-08-02",,,"0.55",",,N",,,,
"US1LACB0007","32.790481","-93.0504815","73.5","2021-08-03",,,"0.31",",,N",,,,
"US1LACB0007","32.790481","-93.0504815","73.5","2021-08-04",,,"0.00",",,N","0.0",",,N",,
"US1LACB0007","32.790481","-93.0504815","73.5","2021-08-05",,,"0.00",",,N","0.0",",,N",,
"US1LACB0007","32.790481","-93.0504815","73.5","2021-08-06",,,"0.00",",,N","0.0",",,N",,
"US1LACB0007","32.790481","-93.0504815","73.5","2021-08-07",,,"0.00",",,N","0.0",",,N",,
"US1LACB0007","32.790481","-93.0504815","73.5","2021-08-08",,,"0.00",",,N","0.0",",,N",,
"US1LACB0007","32.790481","-93.0504815","73.5","2021-08-09",,,"0.00",",,N","0.0",",,N",,
"US1LACB0007","32.790481","-93.0504815","73.5","2021-08-10",,,"0.00",",,N","0.0",",,N",,
"US1LACB0007","32.790481","-93.0504815","73.5","2021-08-11",,,"0.00",",,N","0.0",",,N",,
"US1LACB0007","32.790481","-93.0504815","73.5","2021-08-12",,,"0.00",",,N","0.0",",,N",,
"US1LACB0007","32.790481","-93.0504815","73.5","2021-08-13",,,"0.00",",,N","0.0",",,N",,
"US1LACB0007","32.790481","-93.0504815","73.5","2021-08-14",,,"0.08",",,N",,,,
"US1LACB0007","32.790481","-93.0504815","73.5","2021-08-15",,,"0.02",",,N",,,,
"US1LACB0007","32.790481","-93.0504815","73.5","2021-08-16",,,"0.03",",,N",,,,
"US1LACB0007","32.790481","-93.0504815","73.5","2021-08-17",,,"0.00",",,N","0.0",",,N",,
"US1LACB0007","32.790481","-93.0504815","73.5","2021-08-18",,,"0.18",",,N",,,,
"US1LACB0007","32.790481","-93.0504815","73.5","2021-08-19",,,"0.36",",,N",,,,
"US1LACB0007","32.790481","-93.0504815","73.5","2021-08-20",,,"0.83",",,N",,,,
"US1LACB0007","32.790481","-93.0504815","73.5","2021-08-21",,,"0.00",",,N","0.0",",,N",,
"US1LACB0007","32.790481","-93.0504815","73.5","2021-08-22",,,"0.00","T,,N",,,,
"US1LACB0007","32.790481","-93.0504815","73.5","2021-08-23",,,"0.00",",,N","0.0",",,N",,
"US1LACB0007","32.790481","-93.0504815","73.5","2021-08-24",,,"0.00",",,N","0.0",",,N",,
"US1LACB0007","32.790481","-93.0504815","73.5","2021-08-25",,,"0.00",",,N","0.0",",,N",,
"US1LACB0007","32.790481","-93.0504815","73.5","2021-08-26",,,"0.00",",,N","0.0",",,N",,
"US1LACB0007","32.790481","-93.0504815","73.5","2021-08-27",,,"0.00",",,N","0.0",",,N",,
"US1LACB0007","32.790481","-93.0504815","73.5","2021-08-28",,,"0.00",",,N","0.0",",,N",,
"US1LACB0007","32.790481","-93.0504815","73.5","2021-08-29",,,"0.65",",,N",,,,
"US1LACB0007","32.790481","-93.0504815","73.5","2021-08-30",,,"0.12",",,N",,,,
"US1LACB0007","32.790481","-93.0504815","73.5","2021-08-31",,,"0.04",",,N",,,,
"US1LACB0007","32.790481","-93.0504815","73.5","2021-09-01",,,"0.00",",,N","0.0",",,N",,
"US1LACB0007","32.790481","-93.0504815","73.5","2021-09-02",,,"0.00",",,N","0.0",",,N",,
"US1LARP0007","31.262413","-92.494619","24.4","2021-08-01",,,"0.00",",,N","0.0",",,N",,
"US1LARP0007","31.262413","-92.494619","24.4","2021-08-02",,,"0.11",",,N",,,,
"US1LARP0007","31.262413","-92.494619","24.4","2021-08-03",,,"0.32",",,N",,,,
"US1LARP0007","31.262413","-92.494619","24.4","2021-08-04",,,"0.00","T,,N",,,,
"US1LARP0007","31.262413","-92.494619","24.4","2021-08-05",,,"0.00",",,N","0.0",",,N",,
"US1LARP0007","31.262413","-92.494619","24.4","2021-08-06",,,"0.00",",,N","0.0",",,N",,
"US1LARP0007","31.262413","-92.494619","24.4","2021-08-07",,,"0.00",",,N","0.0",",,N",,
"US1LARP0007","31.262413","-92.494619","24.4","2021-08-08",,,"0.00",",,N","0.0",",,N",,
"US1LARP0007","31.262413","-92.494619","24.4","2021-08-09",,,"0.00",",,N","0.0",",,N",,
"US1LARP0007","31.262413","-92.494619","24.4","2021-08-10",,,"0.00",",,N","0.0",",,N",,
"US1LARP0007","31.262413","-92.494619","24.4","2021-08-11",,,"0.00",",,N","0.0",",,N",,
"US1LARP0007","31.262413","-92.494619","24.4","2021-08-12",,,"0.00",",,N","0.0",",,N",,
"US1LARP0007","31.262413","-92.494619","24.4","2021-08-13",,,"0.00","T,,N",,,,
"US1LARP0007","31.262413","-92.494619","24.4","2021-08-14",,,"0.00",",,N","0.0",",,N",,
"US1LARP0007","31.262413","-92.494619","24.4","2021-08-15",,,"0.00",",,N","0.0",",,N",,
"US1LARP0007","31.262413","-92.494619","24.4","2021-08-16",,,"0.03",",,N",,,,
"US1LARP0007","31.262413","-92.494619","24.4","2021-08-17",,,"0.00",",,N","0.0",",,N",,
"US1LARP0007","31.262413","-92.494619","24.4","2021-08-18",,,"0.00",",,N","0.0",",,N",,
"US1LARP0007","31.262413","-92.494619","24.4","2021-08-19",,,"0.21",",,N",,,,
"US1LARP0007","31.262413","-92.494619","24.4","2021-08-20",,,"0.29",",,N",,,,
"US1LARP0007","31.262413","-92.494619","24.4","2021-08-21",,,"0.00","T,,N",,,,
"US1LARP0007","31.262413","-92.494619","24.4","2021-08-22",,,"0.00",",,N","0.0",",,N",,
"US1LARP0007","31.262413","-92.494619","24.4","2021-08-23",,,"0.00",",,N","0.0",",,N",,
"US1LARP0007","31.262413","-92.494619","24.4","2021-08-24",,,"0.00",",,N","0.0",",,N",,
"US1LARP0007","31.262413","-92.494619","24.4","2021-08-25",,,"0.00",",,N","0.0",",,N",,
"US1LARP0007","31.262413","-92.494619","24.4","2021-08-26",,,"0.00",",,N","0.0",",,N",,
"US1LARP0007","31.262413","-92.494619","24.4","2021-08-27",,,"0.47",",,N",,,,
"US1LARP0007","31.262413","-92.494619","24.4","2021-08-28",,,"0.00","T,,N",,,,
"US1LARP0007","31.262413","-92.494619","24.4","2021-08-29",,,"0.04",",,N",,,,
"US1LARP0007","31.262413","-92.494619","24.4","2021-08-30",,,"0.14",",,N",,,,
"US1LARP0007","31.262413","-92.494619","24.4","2021-08-31",,,"0.05",",,N",,,,
"US1LARP0007","31.262413","-92.494619","24.4","2021-09-01",,,"0.00",",,N","0.0",",,N",,
"US1LARP0007","31.262413","-92.494619","24.4","2021-09-02",,,"0.00",",,N","0.0",",,N",,
"US1LARP0007","31.262413","-92.494619","24.4","2021-09-03",,,"0.64",",,N",,,,
"US1LARP0007","31.262413","-92.494619","24.4","2021-09-04",,,"0.00","T,,N",,,,
"US1LARP0007","31.262413","-92.494619","24.4","2021-09-05",,,"0.00",",,N","0.0",",,N",,
"US1LARP0007","31.262413","-92.494619","24.4","2021-09-06",,,"4.11",",,N",,,,
"US1LARP0007","31.262413","-92.494619","24.4","2021-09-07",,,"0.00",",,N","0.0",",,N",,
"US1LARP0007","31.262413","-92.494619","24.4","2021-09-08",,,"0.00",",,N","0.0",",,N",,
"US1LARP0007","31.262413","-92.494619","24.4","2021-09-09",,,"0.00",",,N","0.0",",,N",,
"US1LARP0007","31.262413","-92.494619","24.4","2021-09-10",,,"0.00",",,N","0.0",",,N",,
"US1LARP0007","31.262413","-92.494619","24.4","2021-09-11",,,"0.00",",,N","0.0",",,N",,
"US1LARP0007","31.262413","-92.494619","24.4","2021-09-12",,,"0.00",",,N","0.0",",,N",,
"US1LARP0007","31.262413","-92.494619","24.4","2021-09-13",,,"0.03",",,N",,,,
"US1LARP0007","31.262413","-92.494619","24.4","2021-09-14",,,"0.08",",,N",,,,
"US1LARP0007","31.262413","-92.494619","24.4","2021-09-15",,,"3.12",",,N",,,,
"US1LARP0007","31.262413","-92.494619","24.4","2021-09-16",,,"0.50",",,N",,,,
"US1LARP0007","31.262413","-92.494619","24.4","2021-09-17",,,"0.15",",,N",,,,
"US1LARP0007","31.262413","-92.494619","24.4","2021-09-18",,,"0.02",",,N",,,,
"US1LARP0007","31.262413","-92.494619","24.4","2021-09-19",,,"0.00",",,N","0.0",",,N",,
"US1LARP0007","31.262413","-92.494619","24.4","2021-09-20",,,"0.14",",,N",,,,
"US1LARP0007","31.262413","-92.494619","24.4","2021-09-21",,,"0.00",",,N","0.0",",,N",,
"US1LARP0007","31.262413","-92.494619","24.4","2021-09-22",,,"0.40",",,N",,,,
"US1LARP0007","31.262413","-92.494619","24.4","2021-09-23",,,"0.00",",,N","0.0",",,N",,
"US1LARP0007","31.262413","-92.494619","24.4","2021-09-24",,,"0.00",",,N","0.0",",,N",,
"US1LARP0007","31.262413","-92.494619","24.4","2021-09-25",,,"0.00",",,N","0.0",",,N",,
"US1LARP0007","31.262413","-92.494619","24.4","2021-09-26",,,"0.00",",,N","0.0",",,N",,
"US1LARP0007","31.262413","-92.494619","24.4","2021-09-27",,,"0.00",",,N","0.0",",,N",,
"US1LARP0007","31.262413","-92.494619","24.4","2021-09-28",,,"0.00","T,,N",,,,
"US1LARP0007","31.262413","-92.494619","24.4","2021-09-29",,,"0.59",",,N",,,,
"US1LARP0007","31.262413","-92.494619","24.4","2021-09-30",,,"0.00","T,,N",,,,
"US1LARP0007","31.262413","-92.494619","24.4","2021-10-01",,,"0.00",",,N","0.0",",,N",,
"US1LARP0007","31.262413","-92.494619","24.4","2021-10-02",,,"0.16",",,N",,,,
"US1LARP0007","31.262413","-92.494619","24.4","2021-10-03",,,"0.33",",,N",,,,
"US1LARP0007","31.262413","-92.494619","24.4","2021-10-04",,,"0.32",",,N",,,,
"US1LARP0007","31.262413","-92.494619","24.4","2021-10-05",,,"0.00",",,N","0.0",",,N",,
"US1LARP0007","31.262413","-92.494619","24.4","2021-10-06",,,"0.00",",,N","0.0",",,N",,
"US1LARP0007","31.262413","-92.494619","24.4","2021-10-07",,,"0.00",",,N","0.0",",,N",,
"US1LARP0007","31.262413","-92.494619","24.4","2021-10-08",,,"0.00",",,N","0.0",",,N",,
"US1LARP0007","31.262413","-92.494619","24.4","2021-10-09",,,"0.00",",,N","0.0",",,N",,
"US1LARP0007","31.262413","-92.494619","24.4","2021-10-10",,,"0.00",",,N","0.0",",,N",,
"US1LARP0007","31.262413","-92.494619","24.4","2021-10-11",,,"0.00",",,N","0.0",",,N",,
"US1LARP0007","31.262413","-92.494619","24.4","2021-10-12",,,"0.00","T,,N",,,,
"US1LARP0007","31.262413","-92.494619","24.4","2021-10-13",,,"0.35",",,N",,,,
"US1LARP0007","31.262413","-92.494619","24.4","2021-10-14",,,"0.00",",,N","0.0",",,N",,
"US1LARP0007","31.262413","-92.494619","24.4","2021-10-15",,,"0.01",",,N",,,,
"US1LARP0007","31.262413","-92.494619","24.4","2021-10-16",,,"0.00",",,N","0.0",",,N",,
"US1LARP0007","31.262413","-92.494619","24.4","2021-10-17",,,"0.00",",,N","0.0",",,N",,
"US1LARP0007","31.262413","-92.494619","24.4","2021-10-18",,,"0.00",",,N","0.0",",,N",,
"US1LARP0007","31.262413","-92.494619","24.4","2021-10-19",,,"0.00",",,N","0.0",",,N",,
"US1LARP0007","31.262413","-92.494619","24.4","2021-10-20",,,"0.00",",,N","0.0",",,N",,
"US1LARP0007","31.262413","-92.494619","24.4","2021-10-21",,,"0.00",",,N","0.0",",,N",,
"US1LARP0007","31.262413","-92.494619","24.4","2021-10-22",,,"0.00",",,N","0.0",",,N",,
"US1LARP0007","31.262413","-92.494619","24.4","2021-10-23",,,"0.00",",,N","0.0",",,N",,
"US1LARP0007","31.262413","-92.494619","24.4","2021-10-24",,,"0.00",",,N","0.0",",,N",,
"US1LARP0007","31.262413","-92.494619","24.4","2021-10-25",,,"0.00",",,N","0.0",",,N",,
"US1LARP0007","31.262413","-92.494619","24.4","2021-10-26",,,"0.00",",,N","0.0",",,N",,
"US1LARP0007","31.262413","-92.494619","24.4","2021-10-27",,,"0.00",",,N","0.0",",,N",,
"US1LARP0007","31.262413","-92.494619","24.4","2021-10-28",,,"0.64",",,N",,,,
"US1LARP0007","31.262413","-92.494619","24.4","2021-10-29",,,"0.00",",,N","0.0",",,N",,
"US1LARP0007","31.262413","-92.494619","24.4","2021-10-30",,,"0.00",",,N","0.0",",,N",,
"US1LARP0007","31.262413","-92.494619","24.4","2021-10-31",,,"0.00",",,N","0.0",",,N",,
"US1LARP0007","31.262413","-92.494619","24.4","2021-11-01",,,"0.00",",,N","0.0",",,N",,
"US1LARP0007","31.262413","-92.494619","24.4","2021-11-02",,,"0.00",",,N","0.0",",,N",,
"US1LARP0007","31.262413","-92.494619","24.4","2021-11-03",,,"0.00",",,N","0.0",",,N",,
"US1LARP0007","31.262413","-92.494619","24.4","2021-11-04",,,"0.29",",,N",,,,
"US1LARP0007","31.262413","-92.494619","24.4","2021-11-05",,,"0.00",",,N","0.0",",,N",,
"US1LARP0007","31.262413","-92.494619","24.4","2021-11-06",,,"0.00",",,N","0.0",",,N",,
"US1LARP0007","31.262413","-92.494619","24.4","2021-11-07",,,"0.00",",,N","0.0",",,N",,
"US1LARP0007","31.262413","-92.494619","24.4","2021-11-08",,,"0.00",",,N","0.0",",,N",,
"US1LARP0007","31.262413","-92.494619","24.4","2021-11-09",,,"0.00",",,N","0.0",",,N",,
"US1LARP0007","31.262413","-92.494619","24.4","2021-11-10",,,"0.00",",,N","0.0",",,N",,
"US1LARP0007","31.262413","-92.494619","24.4","2021-11-11",,,"0.49",",,N",,,,
"US1LARP0007","31.262413","-92.494619","24.4","2021-11-12",,,"0.02",",,N",,,,
"US1LARP0007","31.262413","-92.494619","24.4","2021-11-13",,,"0.00",",,N","0.0",",,N",,
"US1LARP0007","31.262413","-92.494619","24.4","2021-11-14",,,"0.00",",,N","0.0",",,N",,
"US1LARP0007","31.262413","-92.494619","24.4","2021-11-15",,,"0.00",",,N","0.0",",,N",,
"US1LARP0007","31.262413","-92.494619","24.4","2021-11-16",,,"0.00",",,N","0.0",",,N",,
"US1LARP0007","31.262413","-92.494619","24.4","2021-11-17",,,"0.00",",,N","0.0",",,N",,
"US1LARP0007","31.262413","-92.494619","24.4","2021-11-18",,,"0.00",",,N","0.0",",,N",,
"US1LARP0007","31.262413","-92.494619","24.4","2021-11-19",,,"0.01",",,N",,,,
"US1LARP0007","31.262413","-92.494619","24.4","2021-11-20",,,"0.00",",,N","0.0",",,N",,
"US1LARP0007","31.262413","-92.494619","24.4","2021-11-21",,,"0.00","T,,N",,,,
"US1LARP0007","31.262413","-92.494619","24.4","2021-11-22",,,"0.47",",,N",,,,
"US1LARP0007","31.262413","-92.494619","24.4","2021-11-23",,,"0.00",",,N","0.0",",,N",,
"US1LARP0007","31.262413","-92.494619","24.4","2021-11-24",,,"0.00",",,N","0.0",",,N",,
"US1LARP0007","31.262413","-92.494619","24.4","2021-11-25",,,"0.00",",,N","0.0",",,N",,
"US1LARP0007","31.262413","-92.494619","24.4","2021-11-26",,,"0.13",",,N",,,,
"US1LARP0007","31.262413","-92.494619","24.4","2021-11-27",,,"0.00",",,N","0.0",",,N",,
"US1LARP0007","31.262413","-92.494619","24.4","2021-11-28",,,"0.10",",,N",,,,
"US1LAMY0002","29.71444","-91.24564","1.5","2021-08-01",,,"0.11",",,N",,,,
"US1LAMY0002","29.71444","-91.24564","1.5","2021-08-02",,,"0.43",",,N",,,,
"US1LAMY0002","29.71444","-91.24564","1.5","2021-08-03",,,"1.63",",,N",,,,
"US1LAMY0002","29.71444","-91.24564","1.5","2021-08-04",,,"0.05",",,N",,,,
"US1LAMY0002","29.71444","-91.24564","1.5","2021-08-05",,,"0.00",",,N","0.0",",,N",,
"US1LAMY0002","29.71444","-91.24564","1.5","2021-08-06",,,"0.00",",,N","0.0",",,N",,
"US1LAMY0002","29.71444","-91.24564","1.5","2021-08-07",,,"0.00",",,N","0.0",",,N",,
"US1LAMY0002","29.71444","-91.24564","1.5","2021-08-08",,,"0.11",",,N",,,,
"US1LAMY0002","29.71444","-91.24564","1.5","2021-08-14",,,,,,,,
"US1LAMY0002","29.71444","-91.24564","1.5","2021-08-15",,,"0.00",",,N","0.0",",,N",,
"US1LAMY0002","29.71444","-91.24564","1.5","2021-08-16",,,"0.86",",,N",,,,
"US1LAMY0002","29.71444","-91.24564","1.5","2021-08-17",,,"0.00",",,N","0.0",",,N",,
"US1LAMY0002","29.71444","-91.24564","1.5","2021-08-18",,,"0.18",",,N",,,,
"US1LAMY0002","29.71444","-91.24564","1.5","2021-08-19",,,"0.45",",,N",,,,
"US1LAMY0002","29.71444","-91.24564","1.5","2021-08-20",,,"0.00",",,N","0.0",",,N",,
"US1LAMY0002","29.71444","-91.24564","1.5","2021-08-21",,,"0.00",",,N","0.0",",,N",,
"US1LAMY0002","29.71444","-91.24564","1.5","2021-08-22",,,"0.00",",,N","0.0",",,N",,
"US1LAMY0002","29.71444","-91.24564","1.5","2021-08-23",,,"0.00",",,N","0.0",",,N",,
"US1LAMY0002","29.71444","-91.24564","1.5","2021-08-24",,,"0.00",",,N","0.0",",,N",,
"US1LAMY0002","29.71444","-91.24564","1.5","2021-08-25",,,"1.30",",,N",,,,
"US1LAMY0002","29.71444","-91.24564","1.5","2021-08-26",,,"0.02",",,N",,,,
"US1LAMY0002","29.71444","-91.24564","1.5","2021-08-27",,,"1.31",",,N",,,,
"US1LAMY0002","29.71444","-91.24564","1.5","2021-08-28",,,"0.79",",,N",,,,
"US1LAMY0002","29.71444","-91.24564","1.5","2021-08-29",,,"0.14",",,N",,,,
"US1LAMY0002","29.71444","-91.24564","1.5","2021-08-30",,,"0.68",",,N",,,,
"US1LAMY0002","29.71444","-91.24564","1.5","2021-08-31",,,"0.00",",,N","0.0",",,N",,
"US1LAMY0002","29.71444","-91.24564","1.5","2021-09-01",,,"0.08",",,N",,,,
"US1LAMY0002","29.71444","-91.24564","1.5","2021-09-02",,,"0.37",",,N",,,,
"US1LAMY0002","29.71444","-91.24564","1.5","2021-09-03",,,"0.00",",,N","0.0",",,N",,
"US1LAMY0002","29.71444","-91.24564","1.5","2021-09-04",,,"0.41",",,N",,,,
"US1LAMY0002","29.71444","-91.24564","1.5","2021-09-05",,,"0.26",",,N",,,,
"US1LAMY0002","29.71444","-91.24564","1.5","2021-09-06",,,"0.17",",,N",,,,
"US1LAMY0002","29.71444","-91.24564","1.5","2021-09-07",,,"0.00",",,N","0.0",",,N",,
"US1LAMY0002","29.71444","-91.24564","1.5","2021-09-08",,,"0.00",",,N","0.0",",,N",,
"US1LAMY0002","29.71444","-91.24564","1.5","2021-09-13",,,,,,,,
"US1LAMY0002","29.71444","-91.24564","1.5","2021-09-14",,,"1.84",",,N",,,,
"US1LAMY0002","29.71444","-91.24564","1.5","2021-09-15",,,"4.67",",,N",,,,
"US1LAMY0002","29.71444","-91.24564","1.5","2021-09-16",,,"0.00",",,N","0.0",",,N",,
"US1LAMY0002","29.71444","-91.24564","1.5","2021-09-17",,,"0.02",",,N",,,,
"US1LAMY0002","29.71444","-91.24564","1.5","2021-09-18",,,"0.00",",,N","0.0",",,N",,
"US1LAMY0002","29.71444","-91.24564","1.5","2021-09-19",,,"0.15",",,N",,,,
"US1LAMY0002","29.71444","-91.24564","1.5","2021-09-20",,,"0.15",",,N",,,,
"US1LAMY0002","29.71444","-91.24564","1.5","2021-09-21",,,"0.00",",,N","0.0",",,N",,
"US1LAMY0002","29.71444","-91.24564","1.5","2021-09-22",,,"0.45",",,N",,,,
"US1LAMY0002","29.71444","-91.24564","1.5","2021-09-23",,,"0.00",",,N","0.0",",,N",,
"US1LAMY0002","29.71444","-91.24564","1.5","2021-09-24",,,"0.00",",,N","0.0",",,N",,
"US1LAMY0002","29.71444","-91.24564","1.5","2021-10-05",,,,,,,,
"US1LAMY0002","29.71444","-91.24564","1.5","2021-10-06",,,"0.00",",,N","0.0",",,N",,
"US1LAMY0002","29.71444","-91.24564","1.5","2021-10-07",,,"0.00",",,N","0.0",",,N",,
"US1LAMY0002","29.71444","-91.24564","1.5","2021-10-08",,,"0.00",",,N","0.0",",,N",,
"US1LAMY0002","29.71444","-91.24564","1.5","2021-10-09",,,"0.00",",,N","0.0",",,N",,
"US1LAMY0002","29.71444","-91.24564","1.5","2021-10-10",,,"0.00",",,N","0.0",",,N",,
"US1LAMY0002","29.71444","-91.24564","1.5","2021-10-11",,,"0.00",",,N","0.0",",,N",,
"US1LAMY0002","29.71444","-91.24564","1.5","2021-10-12",,,"0.00",",,N","0.0",",,N",,
"US1LAMY0002","29.71444","-91.24564","1.5","2021-10-13",,,"0.00",",,N","0.0",",,N",,
"US1LAMY0002","29.71444","-91.24564","1.5","2021-10-14",,,"0.00",",,N","0.0",",,N",,
"US1LAMY0002","29.71444","-91.24564","1.5","2021-10-15",,,"0.00",",,N","0.0",",,N",,
"USC00173588","45.4587","-69.8654","253.0","2021-08-02",,,"0.30",",,H,0700",,,,
"USC00176856","44.00706","-70.36149","173.7","2021-08-01",,,"0.00",",,7,0700","0.0",",,7,0700",,
"USC00176856","44.00706","-70.36149","173.7","2021-08-02",,,"0.34",",,7,0700","0.0",",,7,0700",,
"USC00176856","44.00706","-70.36149","173.7","2021-08-03",,,"0.00",",,7,0700","0.0",",,7,0700",,
"USC00176856","44.00706","-70.36149","173.7","2021-08-04",,,"0.00",",,7,0700","0.0",",,7,0700",,
"USC00176856","44.00706","-70.36149","173.7","2021-08-05",,,"0.02",",,7,0700","0.0",",,7,0700",,
"USC00176856","44.00706","-70.36149","173.7","2021-08-06",,,"0.31",",,7,0700","0.0",",,7,0700",,
"USC00176856","44.00706","-70.36149","173.7","2021-08-07",,,"0.00",",,7,0700","0.0",",,7,0700",,
"USC00176856","44.00706","-70.36149","173.7","2021-08-08",,,"0.00",",,7,0700","0.0",",,7,0700",,
"USC00176856","44.00706","-70.36149","173.7","2021-08-09",,,"0.00",",,7,0700","0.0",",,7,0700",,
"USC00176856","44.00706","-70.36149","173.7","2021-08-10",,,"0.00",",,7,0700","0.0",",,7,0700",,
"USC00176856","44.00706","-70.36149","173.7","2021-08-11",,,"0.00",",,7,0700","0.0",",,7,0700",,
"USC00176856","44.00706","-70.36149","173.7","2021-08-12",,,"0.03",",,7,0700","0.0",",,7,0700",,
"USC00176856","44.00706","-70.36149","173.7","2021-08-13",,,"0.00",",,7,0700","0.0",",,7,0700",,
"USC00176856","44.00706","-70.36149","173.7","2021-08-14",,,"0.00",",,7,0700","0.0",",,7,0700",,
"USC00176856","44.00706","-70.36149","173.7","2021-08-15",,,"0.02",",,7,0700","0.0",",,7,0700",,
"USC00176856","44.00706","-70.36149","173.7","2021-08-16",,,"0.00",",,7,0700","0.0",",,7,0700",,
"USC00176856","44.00706","-70.36149","173.7","2021-08-17",,,"0.00",",,7,0700","0.0",",,7,0700",,
"USC00176856","44.00706","-70.36149","173.7","2021-08-18",,,"0.02",",,7,0700","0.0",",,7,0700",,
"USC00176856","44.00706","-70.36149","173.7","2021-08-19",,,"0.00","T,,7,0700","0.0",",,7,0700",,
"USC00176856","44.00706","-70.36149","173.7","2021-08-20",,,"0.34",",,7,0700","0.0",",,7,0700",,
"USC00176856","44.00706","-70.36149","173.7","2021-08-21",,,"0.00",",,7,0700","0.0",",,7,0700",,
"USC00176856","44.00706","-70.36149","173.7","2021-08-22",,,"0.00","T,,7,0700","0.0",",,7,0700",,
"USC00176856","44.00706","-70.36149","173.7","2021-08-23",,,"0.23",",,7,0700","0.0",",,7,0700",,
"USC00176856","44.00706","-70.36149","173.7","2021-08-24",,,"0.03",",,7,0700","0.0",",,7,0700",,
"USC00176856","44.00706","-70.36149","173.7","2021-08-25",,,"0.00",",,7,0700","0.0",",,7,0700",,
"USC00176856","44.00706","-70.36149","173.7","2021-08-26",,,"0.00",",,7,0700","0.0",",,7,0700",,
"USC00176856","44.00706","-70.36149","173.7","2021-08-27",,,"0.00",",,7,0700","0.0",",,7,0700",,
"USC00176856","44.00706","-70.36149","173.7","2021-08-28",,,"0.00",",,7,0700","0.0",",,7,0700",,
"USC00176856","44.00706","-70.36149","173.7","2021-08-29",,,"0.08",",,7,0700","0.0",",,7,0700",,
"USC00176856","44.00706","-70.36149","173.7","2021-08-30",,,"0.00","T,,7,0700","0.0",",,7,0700",,
"USC00176856","44.00706","-70.36149","173.7","2021-08-31",,,"0.07",",,7,0700","0.0",",,7,0700",,
"USC00176856","44.00706","-70.36149","173.7","2021-09-01",,,"0.00",",,7,0700","0.0",",,7,0700",,
"USC00176856","44.00706","-70.36149","173.7","2021-09-02",,,"1.30",",,7,0700","0.0",",,7,0700",,
"USC00176856","44.00706","-70.36149","173.7","2021-09-03",,,"0.08",",,7,0700","0.0",",,7,0700",,
"USC00176856","44.00706","-70.36149","173.7","2021-09-04",,,"0.00",",,7,0700","0.0",",,7,0700",,
"USC00176856","44.00706","-70.36149","173.7","2021-09-05",,,"0.00",",,7,0700","0.0",",,7,0700",,
"USC00176856","44.00706","-70.36149","173.7","2021-09-06",,,"0.13",",,7,0700","0.0",",,7,0700",,
"USC00176856","44.00706","-70.36149","173.7","2021-09-07",,,"0.09",",,7,0700","0.0",",,7,0700",,
"USC00176856","44.00706","-70.36149","173.7","2021-09-08",,,"0.00",",,7,0700","0.0",",,7,0700",,
"USC00176856","44.00706","-70.36149","173.7","2021-09-09",,,"0.22",",,7,0700","0.0",",,7,0700",,
"USC00176856","44.00706","-70.36149","173.7","2021-09-10",,,"1.03",",,7,0700","0.0",",,7,0700",,
"USC00176856","44.00706","-70.36149","173.7","2021-09-11",,,"0.00",",,7,0700","0.0",",,7,0700",,
"USC00176856","44.00706","-70.36149","173.7","2021-09-12",,,"0.00",",,7,0700","0.0",",,7,0700",,
"USC00176856","44.00706","-70.36149","173.7","2021-09-13",,,"0.00",",,7,0700","0.0",",,7,0700",,
"USC00176856","44.00706","-70.36149","173.7","2021-09-14",,,"0.00",",,7,0700","0.0",",,7,0700",,
"USC00176856","44.00706","-70.36149","173.7","2021-09-15",,,"0.00","T,,7,0700","0.0",",,7,0700",,
"USC00176856","44.00706","-70.36149","173.7","2021-09-16",,,"0.41",",,7,0700","0.0",",,7,0700",,
"USC00176856","44.00706","-70.36149","173.7","2021-09-17",,,"0.00",",,7,0700","0.0",",,7,0700",,
"USC00176856","44.00706","-70.36149","173.7","2021-09-18",,,"0.00",",,7,0700","0.0",",,7,0700",,
"USC00176856","44.00706","-70.36149","173.7","2021-09-19",,,"0.04",",,7,0700","0.0",",,7,0700",,
"USC00176856","44.00706","-70.36149","173.7","2021-09-20",,,"0.00",",,7,0700","0.0",",,7,0700",,
"USC00176856","44.00706","-70.36149","173.7","2021-09-21",,,"0.00",",,7,0700","0.0",",,7,0700",,
"USC00176856","44.00706","-70.36149","173.7","2021-09-22",,,"0.01",",,7,0700","0.0",",,7,0700",,
"USC00176856","44.00706","-70.36149","173.7","2021-09-23",,,"0.00",",,7,0700","0.0",",,7,0700",,
"USC00176856","44.00706","-70.36149","173.7","2021-09-24",,,"0.00",",,7,0700","0.0",",,7,0700",,
"USC00176856","44.00706","-70.36149","173.7","2021-09-25",,,"0.40",",,7,0700","0.0",",,7,0700",,
"USC00176856","44.00706","-70.36149","173.7","2021-09-26",,,"0.13",",,7,0700","0.0",",,7,0700",,
"USC00176856","44.00706","-70.36149","173.7","2021-09-27",,,"0.16",",,7,0700","0.0",",,7,0700",,
"USC00176856","44.00706","-70.36149","173.7","2021-09-28",,,"0.00","T,,7,0700","0.0",",,7,0700",,
"USC00176856","44.00706","-70.36149","173.7","2021-09-29",,,"0.00","T,,7,0700","0.0",",,7,0700",,
"USC00176856","44.00706","-70.36149","173.7","2021-09-30",,,"0.00",",,7,0700","0.0",",,7,0700",,
"USC00176856","44.00706","-70.36149","173.7","2021-10-01",,,"0.11",",,H,0700","0.0",",,H,0700",,
"USC00176856","44.00706","-70.36149","173.7","2021-10-03",,,"0.01",",,H,0700","0.0",",,H,0700",,
"USC00176856","44.00706","-70.36149","173.7","2021-10-04",,,"0.22",",,H,0700","0.0",",,H,0700",,
"USC00176856","44.00706","-70.36149","173.7","2021-10-05",,,"0.00",",,H,0700","0.0",",,H,0700",,
"USC00176856","44.00706","-70.36149","173.7","2021-10-06",,,"0.00",",,H,0700","0.0",",,H,0700",,
"USC00176856","44.00706","-70.36149","173.7","2021-10-07",,,"0.00",",,H,0700","0.0",",,H,0700",,
"USC00176856","44.00706","-70.36149","173.7","2021-10-08",,,"0.00",",,H,0700","0.0",",,H,0700",,
"USC00176856","44.00706","-70.36149","173.7","2021-10-09",,,"0.00",",,H,0700","0.0",",,H,0700",,
"USC00176856","44.00706","-70.36149","173.7","2021-10-10",,,"0.00",",,H,0700","0.0",",,H,0700",,
"USC00176856","44.00706","-70.36149","173.7","2021-10-11",,,"0.00",",,H,0700","0.0",",,H,0700",,
"USC00176856","44.00706","-70.36149","173.7","2021-10-12",,,"0.00",",,H,0700","0.0",",,H,0700",,
"USC00176856","44.00706","-70.36149","173.7","2021-10-13",,,"0.00",",,H,0700","0.0",",,H,0700",,
"USC00176856","44.00706","-70.36149","173.7","2021-10-14",,,"0.00",",,H,0700","0.0",",,H,0700",,
"USC00176856","44.00706","-70.36149","173.7","2021-10-15",,,"0.00",",,H,0700","0.0",",,H,0700",,
"USC00176856","44.00706","-70.36149","173.7","2021-10-16",,,"0.60",",,H,0700","0.0",",,H,0700",,
"USC00176856","44.00706","-70.36149","173.7","2021-10-17",,,"0.32",",,H,0700","0.0",",,H,0700",,
"USC00176856","44.00706","-70.36149","173.7","2021-10-18",,,"0.00",",,H,0700","0.0",",,H,0700",,
"USC00176856","44.00706","-70.36149","173.7","2021-10-19",,,"0.00",",,H,0700","0.0",",,H,0700",,
"USC00176856","44.00706","-70.36149","173.7","2021-10-20",,,"0.00",",,H,0700","0.0",",,H,0700",,
"USC00176856","44.00706","-70.36149","173.7","2021-10-21",,,"0.00",",,H,0700","0.0",",,H,0700",,
"USC00176856","44.00706","-70.36149","173.7","2021-10-22",,,"0.05",",,H,0700","0.0",",,H,0700",,
"USC00176856","44.00706","-70.36149","173.7","2021-10-23",,,"0.02",",,H,0700","0.0",",,H,0700",,
"USC00176856","44.00706","-70.36149","173.7","2021-10-24",,,"0.00",",,H,0700","0.0",",,H,0700",,
"USC00176856","44.00706","-70.36149","173.7","2021-10-25",,,"0.00",",,H,0700","0.0",",,H,0700",,
"USC00176856","44.00706","-70.36149","173.7","2021-10-26",,,"0.54",",,H,0700","0.0",",,H,0700",,
"USC00176856","44.00706","-70.36149","173.7","2021-10-27",,,"1.01",",,H,0700","0.0",",,H,0700",,
"USC00176856","44.00706","-70.36149","173.7","2021-10-28",,,"0.10",",,H,0700","0.0",",,H,0700",,
"USC00176856","44.00706","-70.36149","173.7","2021-10-29",,,"0.00",",,H,0700","0.0",",,H,0700",,
"USC00176856","44.00706","-70.36149","173.7","2021-10-30",,,"0.04",",,H,0700","0.0",",,H,0700",,
"USC00176856","44.00706","-70.36149","173.7","2021-10-31",,,"2.90",",,H,0700","0.0",",,H,0700",,
"USC00176856","44.00706","-70.36149","173.7","2021-11-01",,,"0.32",",,H,0700","0.0",",,H,0700",,
"USC00176856","44.00706","-70.36149","173.7","2021-11-03",,,"0.00",",,H,0700","0.0",",,H,0700",,
"USC00176856","44.00706","-70.36149","173.7","2021-11-04",,,"0.00",",,H,0700","0.0",",,H,0700",,
"USC00176856","44.00706","-70.36149","173.7","2021-11-05",,,"0.00",",,H,0700","0.0",",,H,0700",,
"USC00176856","44.00706","-70.36149","173.7","2021-11-06",,,"0.00",",,H,0700","0.0",",,H,0700",,
"USC00176856","44.00706","-70.36149","173.7","2021-11-07",,,"0.00",",,H,0700","0.0",",,H,0700",,
"USC00176856","44.00706","-70.36149","173.7","2021-11-08",,,"0.00",",,H,0700","0.0",",,H,0700",,
"USC00176856","44.00706","-70.36149","173.7","2021-11-09",,,"0.00",",,H,0700","0.0",",,H,0700",,
"USC00176856","44.00706","-70.36149","173.7","2021-11-10",,,"0.01",",,H,0700","0.0",",,H,0700",,
"USC00176856","44.00706","-70.36149","173.7","2021-11-11",,,"0.07",",,H,0700","0.0",",,H,0700",,
"USC00176856","44.00706","-70.36149","173.7","2021-11-12",,,"0.00",",,H,0700","0.0",",,H,0700",,
"USC00176856","44.00706","-70.36149","173.7","2021-11-13",,,"1.71",",,H,0700","0.0",",,H,0700",,
"USC00176856","44.00706","-70.36149","173.7","2021-11-14",,,"0.44",",,H,0700","0.0",",,H,0700",,
"USC00176856","44.00706","-70.36149","173.7","2021-11-15",,,"0.16",",,H,0700","0.0",",,H,0700",,
"USC00176856","44.00706","-70.36149","173.7","2021-11-16",,,"0.02",",,H,0700","0.0",",,H,0700",,
"USC00176856","44.00706","-70.36149","173.7","2021-11-17",,,"0.00",",,H,0700","0.0",",,H,0700",,
"USC00176856","44.00706","-70.36149","173.7","2021-11-18",,,"0.11",",,H,0700","0.0",",,H,0700",,
"USC00176856","44.00706","-70.36149","173.7","2021-11-19",,,"0.20",",,H,0700","0.0",",,H,0700",,
"USC00176856","44.00706","-70.36149","173.7","2021-11-20",,,"0.00",",,H,0700","0.0",",,H,0700",,
"USC00176856","44.00706","-70.36149","173.7","2021-11-21",,,"0.00",",,H,0700","0.0",",,H,0700",,
"USC00176856","44.00706","-70.36149","173.7","2021-11-22",,,"0.10",",,H,0700","0.0",",,H,0700",,
"USC00176856","44.00706","-70.36149","173.7","2021-11-23",,,"0.09",",,H,0700","0.0",",,H,0700",,
"USC00176856","44.00706","-70.36149","173.7","2021-11-24",,,"0.00",",,H,0700","0.0",",,H,0700",,
"USC00176856","44.00706","-70.36149","173.7","2021-11-25",,,"0.00",",,H,0700","0.0",",,H,0700",,
"USC00176856","44.00706","-70.36149","173.7","2021-11-26",,,"0.00",",,H,0700","0.0",",,H,0700",,
"USC00176856","44.00706","-70.36149","173.7","2021-11-27",,,"0.26",",,H,0700","0.6",",,H,0700",,
"USC00176856","44.00706","-70.36149","173.7","2021-11-28",,,"0.00",",,H,0700","0.0",",,H,0700",,
"US1MEAR0018","47.0108","-68.1439","258.5","2021-08-01",,,"0.00",",,N","0.0",",,N",,
"US1MEAR0018","47.0108","-68.1439","258.5","2021-08-02",,,"0.08",",,N","0.0",",,N",,
"US1MEAR0018","47.0108","-68.1439","258.5","2021-08-03",,,"0.27",",,N","0.0",",,N",,
"US1MEAR0018","47.0108","-68.1439","258.5","2021-08-04",,,"0.00",",,N","0.0",",,N",,
"US1MEAR0018","47.0108","-68.1439","258.5","2021-08-05",,,"0.00",",,N","0.0",",,N",,
"US1MEAR0018","47.0108","-68.1439","258.5","2021-08-06",,,"0.06",",,N","0.0",",,N",,
"US1MEAR0018","47.0108","-68.1439","258.5","2021-08-07",,,"0.00",",,N","0.0",",,N",,
"US1MEAR0018","47.0108","-68.1439","258.5","2021-08-08",,,"0.06",",,N","0.0",",,N",,
"US1MEAR0018","47.0108","-68.1439","258.5","2021-08-09",,,"0.00",",,N","0.0",",,N",,
"US1MEAR0018","47.0108","-68.1439","258.5","2021-08-10",,,"0.00",",,N","0.0",",,N",,
"US1MEAR0018","47.0108","-68.1439","258.5","2021-08-11",,,"0.00",",,N","0.0",",,N",,
"US1MEAR0018","47.0108","-68.1439","258.5","2021-08-12",,,"0.00",",,N","0.0",",,N",,
"US1MEAR0018","47.0108","-68.1439","258.5","2021-08-13",,,"0.39",",,N","0.0",",,N",,
"US1MEAR0018","47.0108","-68.1439","258.5","2021-08-14",,,"0.00",",,N","0.0",",,N",,
"US1MEAR0018","47.0108","-68.1439","258.5","2021-08-15",,,"0.09",",,N","0.0",",,N",,
"US1MEAR0018","47.0108","-68.1439","258.5","2021-08-16",,,"0.00",",,N","0.0",",,N",,
"US1MEAR0018","47.0108","-68.1439","258.5","2021-08-17",,,"0.00",",,N","0.0",",,N",,
"US1MEAR0018","47.0108","-68.1439","258.5","2021-08-18",,,"0.00",",,N","0.0",",,N",,
"US1MEAR0018","47.0108","-68.1439","258.5","2021-08-19",,,"0.00",",,N","0.0",",,N",,
"US1MEAR0018","47.0108","-68.1439","258.5","2021-08-20",,,"0.00",",,N","0.0",",,N",,
"US1MEAR0018","47.0108","-68.1439","258.5","2021-08-21",,,"0.00",",,N","0.0",",,N",,
"US1MEAR0018","47.0108","-68.1439","258.5","2021-08-22",,,"0.00",",,N","0.0",",,N",,
"US1MEAR0018","47.0108","-68.1439","258.5","2021-08-23",,,"0.00",",,N","0.0",",,N",,
"US1MEAR0018","47.0108","-68.1439","258.5","2021-08-24",,,"0.61",",,N","0.0",",,N",,
"US1MEAR0018","47.0108","-68.1439","258.5","2021-08-25",,,"0.01",",,N","0.0",",,N",,
"US1MEAR0018","47.0108","-68.1439","258.5","2021-08-26",,,"0.00",",,N","0.0",",,N",,
"US1MEAR0018","47.0108","-68.1439","258.5","2021-08-27",,,"0.13",",,N","0.0",",,N",,
"US1MEAR0018","47.0108","-68.1439","258.5","2021-08-28",,,"0.00",",,N","0.0",",,N",,
"US1MEAR0018","47.0108","-68.1439","258.5","2021-08-29",,,"0.00",",,N","0.0",",,N",,
"US1MEAR0018","47.0108","-68.1439","258.5","2021-08-30",,,"0.05",",,N","0.0",",,N",,
"US1MEAR0018","47.0108","-68.1439","258.5","2021-08-31",,,"0.24",",,N","0.0",",,N",,
"US1MEAR0018","47.0108","-68.1439","258.5","2021-09-01",,,"0.00",",,N","0.0",",,N",,
"US1MEAR0018","47.0108","-68.1439","258.5","2021-09-02",,,"0.00",",,N","0.0",",,N",,
"US1MEAR0018","47.0108","-68.1439","258.5","2021-09-03",,,"0.16",",,N","0.0",",,N",,
"US1MEAR0018","47.0108","-68.1439","258.5","2021-09-04",,,"0.05",",,N","0.0",",,N",,
"US1MEAR0018","47.0108","-68.1439","258.5","2021-09-05",,,"0.00",",,N","0.0",",,N",,
"US1MEAR0018","47.0108","-68.1439","258.5","2021-09-06",,,"0.47",",,N","0.0",",,N",,
"US1MEAR0018","47.0108","-68.1439","258.5","2021-09-07",,,"1.16",",,N","0.0",",,N",,
"US1MEAR0018","47.0108","-68.1439","258.5","2021-09-08",,,"0.00","T,,N","0.0",",,N",,
"US1MEAR0018","47.0108","-68.1439","258.5","2021-09-09",,,"0.04",",,N","0.0",",,N",,
"US1MEAR0018","47.0108","-68.1439","258.5","2021-09-10",,,"1.04",",,N","0.0",",,N",,
"US1MEAR0018","47.0108","-68.1439","258.5","2021-09-11",,,"0.07",",,N","0.0",",,N",,
"US1MEAR0018","47.0108","-68.1439","258.5","2021-09-12",,,"0.01",",,N","0.0",",,N",,
"US1MEAR0018","47.0108","-68.1439","258.5","2021-09-13",,,"0.19",",,N","0.0",",,N",,
"US1MEAR0018","47.0108","-68.1439","258.5","2021-09-14",,,"0.00",",,N","0.0",",,N",,
"US1MEAR0018","47.0108","-68.1439","258.5","2021-09-15",,,"0.18",",,N","0.0",",,N",,
"US1MEAR0018","47.0108","-68.1439","258.5","2021-09-16",,,"0.90",",,N","0.0",",,N",,
"US1MEAR0018","47.0108","-68.1439","258.5","2021-09-17",,,"0.00",",,N","0.0",",,N",,
"US1MEAR0018","47.0108","-68.1439","258.5","2021-09-18",,,"0.00","T,,N","0.0",",,N",,
"US1MEAR0018","47.0108","-68.1439","258.5","2021-09-19",,,"0.30",",,N","0.0",",,N",,
"US1MEAR0018","47.0108","-68.1439","258.5","2021-09-20",,,"0.00",",,N","0.0",",,N",,
"US1MEAR0018","47.0108","-68.1439","258.5","2021-09-21",,,"0.01",",,N","0.0",",,N",,
"US1MEAR0018","47.0108","-68.1439","258.5","2021-09-22",,,"0.00",",,N","0.0",",,N",,
"US1MEAR0018","47.0108","-68.1439","258.5","2021-09-23",,,"0.00",",,N","0.0",",,N",,
"US1MEAR0018","47.0108","-68.1439","258.5","2021-09-24",,,"0.00",",,N","0.0",",,N",,
"US1MEAR0018","47.0108","-68.1439","258.5","2021-09-25",,,"1.23",",,N","0.0",",,N",,
"US1MEAR0018","47.0108","-68.1439","258.5","2021-09-26",,,"1.74",",,N","0.0",",,N",,
"US1MEAR0018","47.0108","-68.1439","258.5","2021-09-27",,,"1.76",",,N","0.0",",,N",,
"US1MEAR0018","47.0108","-68.1439","258.5","2021-09-28",,,"0.07",",,N","0.0",",,N",,
"US1MEAR0018","47.0108","-68.1439","258.5","2021-09-29",,,"0.01",",,N","0.0",",,N",,
"US1MEAR0018","47.0108","-68.1439","258.5","2021-09-30",,,"0.01",",,N","0.0",",,N",,
"US1MEAR0018","47.0108","-68.1439","258.5","2021-10-01",,,"0.06",",,N","0.0",",,N",,
"US1MEAR0018","47.0108","-68.1439","258.5","2021-10-02",,,"0.02",",,N","0.0",",,N",,
"US1MEAR0018","47.0108","-68.1439","258.5","2021-10-03",,,"0.00","T,,N","0.0",",,N",,
"US1MEAR0018","47.0108","-68.1439","258.5","2021-10-04",,,"0.00","T,,N","0.0",",,N",,
"US1MEAR0018","47.0108","-68.1439","258.5","2021-10-05",,,"0.00",",,N","0.0",",,N",,
"US1MEAR0018","47.0108","-68.1439","258.5","2021-10-06",,,"0.00",",,N","0.0",",,N",,
"US1MEAR0018","47.0108","-68.1439","258.5","2021-10-07",,,"0.00",",,N","0.0",",,N",,
"US1MEAR0018","47.0108","-68.1439","258.5","2021-10-08",,,"0.00",",,N","0.0",",,N",,
"US1MEAR0018","47.0108","-68.1439","258.5","2021-10-09",,,"0.00",",,N","0.0",",,N",,
"US1MEAR0018","47.0108","-68.1439","258.5","2021-10-10",,,"0.00",",,N","0.0",",,N",,
"US1MEAR0018","47.0108","-68.1439","258.5","2021-10-11",,,"0.00",",,N","0.0",",,N",,
"US1MEAR0018","47.0108","-68.1439","258.5","2021-10-12",,,"0.00",",,N","0.0",",,N",,
"US1MEAR0018","47.0108","-68.1439","258.5","2021-10-13",,,"0.01",",,N","0.0",",,N",,
"US1MEAR0018","47.0108","-68.1439","258.5","2021-10-14",,,"0.01",",,N","0.0",",,N",,
"US1MEAR0018","47.0108","-68.1439","258.5","2021-10-15",,,"0.00",",,N","0.0",",,N",,
"US1MEAR0018","47.0108","-68.1439","258.5","2021-10-16",,,"0.21",",,N","0.0",",,N",,
"US1MEAR0018","47.0108","-68.1439","258.5","2021-10-17",,,"1.37",",,N","0.0",",,N",,
"US1MEAR0018","47.0108","-68.1439","258.5","2021-10-18",,,"0.27",",,N","0.0",",,N",,
"US1MEAR0018","47.0108","-68.1439","258.5","2021-10-19",,,"0.01",",,N","0.0",",,N",,
"US1MEAR0018","47.0108","-68.1439","258.5","2021-10-20",,,"0.03",",,N","0.0",",,N",,
"US1MEAR0018","47.0108","-68.1439","258.5","2021-10-21",,,"0.00",",,N","0.0",",,N",,
"US1MEAR0018","47.0108","-68.1439","258.5","2021-10-22",,,"0.10",",,N","0.0",",,N",,
"US1MEAR0018","47.0108","-68.1439","258.5","2021-10-23",,,"0.02",",,N","0.0",",,N",,
"US1MEAR0018","47.0108","-68.1439","258.5","2021-10-24",,,"0.00",",,N","0.0",",,N",,
"US1MEAR0018","47.0108","-68.1439","258.5","2021-10-25",,,"0.00","T,,N","0.0",",,N",,
"US1MEAR0018","47.0108","-68.1439","258.5","2021-10-26",,,"0.00",",,N","0.0",",,N",,
"US1MEAR0018","47.0108","-68.1439","258.5","2021-10-27",,,"0.00",",,N","0.0",",,N",,
"US1MEAR0018","47.0108","-68.1439","258.5","2021-10-28",,,"0.00",",,N","0.0",",,N",,
"US1MEAR0018","47.0108","-68.1439","258.5","2021-10-29",,,"0.00",",,N","0.0",",,N",,
"US1MEAR0018","47.0108","-68.1439","258.5","2021-10-30",,,"0.00",",,N","0.0",",,N",,
"US1MEAR0018","47.0108","-68.1439","258.5","2021-10-31",,,"0.16",",,N","0.0",",,N",,
"US1MEAR0018","47.0108","-68.1439","258.5","2021-11-01",,,"0.59",",,N","0.0",",,N",,
"US1MEAR0018","47.0108","-68.1439","258.5","2021-11-02",,,"0.01",",,N","0.0",",,N",,
"US1MEAR0018","47.0108","-68.1439","258.5","2021-11-03",,,"0.00","T,,N","0.0",",,N",,
"US1MEAR0018","47.0108","-68.1439","258.5","2021-11-04",,,"0.00",",,N","0.0",",,N",,
"US1MEAR0018","47.0108","-68.1439","258.5","2021-11-05",,,"0.00",",,N","0.0",",,N",,
"US1MEAR0018","47.0108","-68.1439","258.5","2021-11-06",,,"0.00",",,N","0.0",",,N",,
"US1MEAR0018","47.0108","-68.1439","258.5","2021-11-07",,,"0.00",",,N","0.0",",,N",,
"US1MEAR0018","47.0108","-68.1439","258.5","2021-11-08",,,"0.00",",,N","0.0",",,N",,
"US1MEAR0018","47.0108","-68.1439","258.5","2021-11-09",,,"0.00",",,N","0.0",",,N",,
"US1MEAR0018","47.0108","-68.1439","258.5","2021-11-10",,,"0.00",",,N","0.0",",,N",,
"US1MEAR0018","47.0108","-68.1439","258.5","2021-11-11",,,"0.00","T,,N","0.0",",,N",,
"US1MEAR0018","47.0108","-68.1439","258.5","2021-11-12",,,"0.00",",,N","0.0",",,N",,
"US1MEAR0018","47.0108","-68.1439","258.5","2021-11-13",,,"0.53",",,N","0.0",",,N",,
"US1MEAR0018","47.0108","-68.1439","258.5","2021-11-14",,,"0.17",",,N","0.0",",,N",,
"US1MEAR0018","47.0108","-68.1439","258.5","2021-11-15",,,"0.00","T,,N","0.0",",,N",,
"US1MEAR0018","47.0108","-68.1439","258.5","2021-11-16",,,"0.56",",,N","4.5",",,N",,
"US1MEAR0018","47.0108","-68.1439","258.5","2021-11-17",,,"0.00","T,,N","0.0","T,,N",,
"US1MEAR0018","47.0108","-68.1439","258.5","2021-11-18",,,"0.09",",,N","0.2",",,N",,
"US1MEAR0018","47.0108","-68.1439","258.5","2021-11-19",,,"0.22",",,N","0.0",",,N",,
"US1MEAR0018","47.0108","-68.1439","258.5","2021-11-20",,,"0.00","T,,N","0.1",",,N",,
"US1MEAR0018","47.0108","-68.1439","258.5","2021-11-21",,,"0.00",",,N","0.0",",,N",,
"US1MEAR0018","47.0108","-68.1439","258.5","2021-11-22",,,"0.25",",,N","0.0",",,N",,
"US1MEAR0018","47.0108","-68.1439","258.5","2021-11-23",,,"0.32",",,N","0.0",",,N",,
"US1MEAR0018","47.0108","-68.1439","258.5","2021-11-24",,,"0.00",",,N","0.0",",,N",,
"US1MEAR0018","47.0108","-68.1439","258.5","2021-11-25",,,"0.00",",,N","0.0",",,N",,
"US1MEAR0018","47.0108","-68.1439","258.5","2021-11-26",,,"0.00",",,N","0.0",",,N",,
"US1MEAR0018","47.0108","-68.1439","258.5","2021-11-27",,,"0.51",",,N","5.8",",,N",,
"US1MEAR0018","47.0108","-68.1439","258.5","2021-11-28",,,"0.00","T,,N","0.2",",,N",,
"USW00054772","43.99056","-70.9475","135.6","2021-08-01","2.24",",,W","0.56",",,W",,,,
"USW00054772","43.99056","-70.9475","135.6","2021-08-02","4.03",",,W","0.63",",,W",,,,
"USW00054772","43.99056","-70.9475","135.6","2021-08-03","3.58",",,W","0.00",",,W",,,,
"USW00054772","43.99056","-70.9475","135.6","2021-08-04","2.46",",,W","0.00",",,W",,,,
"USW00054772","43.99056","-70.9475","135.6","2021-08-05","2.24",",,W","0.00","T,,W",,,,
"USW00054772","43.99056","-70.9475","135.6","2021-08-06","2.01",",,W","0.00",",,W",,,,
"USW00054772","43.99056","-70.9475","135.6","2021-08-07","2.46",",,W","0.00",",,W",,,,
"USW00054772","43.99056","-70.9475","135.6","2021-08-08","1.79",",,W","0.01",",,W",,,,
"USW00054772","43.99056","-70.9475","135.6","2021-08-09","3.80",",,W","0.00",",,W",,,,
"USW00054772","43.99056","-70.9475","135.6","2021-08-10","2.91",",,W","0.00",",,W",,,,
"USW00054772","43.99056","-70.9475","135.6","2021-08-11","2.68",",,W","0.34",",,W",,,,
"USW00054772","43.99056","-70.9475","135.6","2021-08-12","2.68",",,W","0.00",",,W",,,,
"USW00054772","43.99056","-70.9475","135.6","2021-08-13","2.91",",,W","0.00",",,W",,,,
"USW00054772","43.99056","-70.9475","135.6","2021-08-14","4.47",",,W","0.00",",,W",,,,
"USW00054772","43.99056","-70.9475","135.6","2021-08-15","3.13",",,W","0.00",",,W",,,,
"USW00054772","43.99056","-70.9475","135.6","2021-08-16","2.01",",,W","0.00",",,W",,,,
"USW00054772","43.99056","-70.9475","135.6","2021-08-17","0.45",",,W","0.00",",,W",,,,
"USW00054772","43.99056","-70.9475","135.6","2021-08-18","2.24",",,W","0.04",",,W",,,,
"USW00054772","43.99056","-70.9475","135.6","2021-08-19","3.36",",,W","0.67",",,W",,,,
"USW00054772","43.99056","-70.9475","135.6","2021-08-20","0.89",",,W","0.00",",,W",,,,
"USW00054772","43.99056","-70.9475","135.6","2021-08-21","3.58",",,W","0.00",",,W",,,,
"USW00054772","43.99056","-70.9475","135.6","2021-08-22","6.26",",,W","0.38",",,W",,,,
"USW00054772","43.99056","-70.9475","135.6","2021-08-23","2.24",",,W","0.46",",,W",,,,
"USW00054772","43.99056","-70.9475","135.6","2021-08-24","2.01",",,W","0.00",",,W",,,,
"USW00054772","43.99056","-70.9475","135.6","2021-08-25","1.57",",,W","0.00",",,W",,,,
"USW00054772","43.99056","-70.9475","135.6","2021-08-26","3.13",",,W","0.00",",,W",,,,
"USW00054772","43.99056","-70.9475","135.6","2021-08-27","4.25",",,W","0.00",",,W",,,,
"USW00054772","43.99056","-70.9475","135.6","2021-08-28","1.57",",,W","0.01",",,W",,,,
"USW00054772","43.99056","-70.9475","135.6","2021-08-29","2.68",",,W","0.00",",,W",,,,
"USW00054772","43.99056","-70.9475","135.6","2021-08-30","3.58",",,W","0.05",",,W",,,,
"USW00054772","43.99056","-70.9475","135.6","2021-08-31","4.03",",,W","0.00",",,W",,,,
"USW00054772","43.99056","-70.9475","135.6","2021-09-01","2.91",",,W","0.00",",,W",,,,
"USW00054772","43.99056","-70.9475","135.6","2021-09-02","6.49",",,W","0.00",",,W",,,,
"USW00054772","43.99056","-70.9475","135.6","2021-09-03","3.80",",,W","0.00",",,W",,,,
"USW00054772","43.99056","-70.9475","135.6","2021-09-04","4.25",",,W","0.00",",,W",,,,
"USW00054772","43.99056","-70.9475","135.6","2021-09-05","1.34",",,W","0.00",",,W",,,,
"USW00054772","43.99056","-70.9475","135.6","2021-09-06","3.58",",,W","0.00",",,W",,,,
"USW00054772","43.99056","-70.9475","135.6","2021-09-07","3.58",",,W","0.00",",,W",,,,
"USW00054772","43.99056","-70.9475","135.6","2021-09-08","4.03",",,W","0.07",",,W",,,,
"USW00054772","43.99056","-70.9475","135.6","2021-09-09","2.01",",,W","0.82",",,W",,,,
"USW00054772","43.99056","-70.9475","135.6","2021-09-10","4.70",",,W","0.01",",,W",,,,
"USW00054772","43.99056","-70.9475","135.6","2021-09-11","4.92",",,W","0.00",",,W",,,,
"USW00054772","43.99056","-70.9475","135.6","2021-09-12","5.37",",,W","0.00","T,,W",,,,
"USW00054772","43.99056","-70.9475","135.6","2021-09-13","4.25",",,W","0.00","T,,W",,,,
"USW00054772","43.99056","-70.9475","135.6","2021-09-14","3.36",",,W","0.00",",,W",,,,
"USW00054772","43.99056","-70.9475","135.6","2021-09-15","2.68",",,W","0.19",",,W",,,,
"USW00054772","43.99056","-70.9475","135.6","2021-09-16","2.24",",,W",,,,,,
"USW00054772","43.99056","-70.9475","135.6","2021-09-17","0.67",",,W","0.00","T,,W",,,,
"USW00054772","43.99056","-70.9475","135.6","2021-09-18","2.01",",,W","0.09",",,W",,,,
"USW00054772","43.99056","-70.9475","135.6","2021-09-19","3.80",",,W","0.00",",,W",,,,
"USW00054772","43.99056","-70.9475","135.6","2021-09-20","2.01",",,W","0.00",",,W",,,,
"USW00054772","43.99056","-70.9475","135.6","2021-09-21","2.68",",,W","0.00",",,W",,,,
"USW00054772","43.99056","-70.9475","135.6","2021-09-22","3.13",",,W","0.12",",,W",,,,
"USW00054772","43.99056","-70.9475","135.6","2021-09-23","5.59",",,W","0.00","T,,W",,,,
"USW00054772","43.99056","-70.9475","135.6","2021-09-24","7.83",",,W","0.73",",,W",,,,
"USW00054772","43.99056","-70.9475","135.6","2021-09-25","1.57",",,W","0.00",",,W",,,,
"USW00054772","43.99056","-70.9475","135.6","2021-09-26","4.25",",,W","0.00","T,,W",,,,
"USW00054772","43.99056","-70.9475","135.6","2021-09-27","4.47",",,W","0.03",",,W",,,,
"USW00054772","43.99056","-70.9475","135.6","2021-09-28","2.68",",,W","0.00",",,W",,,,
"USW00054772","43.99056","-70.9475","135.6","2021-09-29","2.91",",,W","0.00","T,,W",,,,
"USW00054772","43.99056","-70.9475","135.6","2021-09-30","3.13",",,W","0.01",",,W",,,,
"USW00054772","43.99056","-70.9475","135.6","2021-10-01","2.46",",,W","0.00",",,W",,,,
"USW00054772","43.99056","-70.9475","135.6","2021-10-02","0.22",",,W","0.04",",,W",,,,
"USW00054772","43.99056","-70.9475","135.6","2021-10-03","0.67",",,W","0.10",",,W",,,,
"USW00054772","43.99056","-70.9475","135.6","2021-10-04","2.24",",,W","0.01",",,W",,,,
"USW00054772","43.99056","-70.9475","135.6","2021-10-05","1.34",",,W","0.00",",,W",,,,
"USW00054772","43.99056","-70.9475","135.6","2021-10-06","0.67",",,W","0.00",",,W",,,,
"USW00054772","43.99056","-70.9475","135.6","2021-10-07","1.12",",,W","0.00",",,W",,,,
"USW00054772","43.99056","-70.9475","135.6","2021-10-08","2.68",",,W","0.00",",,W",,,,
"USW00054772","43.99056","-70.9475","135.6","2021-10-09","2.68",",,W","0.00",",,W",,,,
"USW00054772","43.99056","-70.9475","135.6","2021-10-10","0.22",",,W","0.00",",,W",,,,
"USW00054772","43.99056","-70.9475","135.6","2021-10-11","0.89",",,W","0.00",",,W",,,,
"USW00054772","43.99056","-70.9475","135.6","2021-10-12","0.45",",,W","0.00",",,W",,,,
"USW00054772","43.99056","-70.9475","135.6","2021-10-13","2.01",",,W","0.00",",,W",,,,
"USW00054772","43.99056","-70.9475","135.6","2021-10-14","1.12",",,W","0.00",",,W",,,,
"USW00054772","43.99056","-70.9475","135.6","2021-10-15","3.80",",,W","0.01",",,W",,,,
"USW00054772","43.99056","-70.9475","135.6","2021-10-16","4.03",",,W","0.61",",,W",,,,
"USW00054772","43.99056","-70.9475","135.6","2021-10-17","4.92",",,W","0.13",",,W",,,,
"USW00054772","43.99056","-70.9475","135.6","2021-10-18","5.59",",,W","0.00","T,,W",,,,
"USW00054772","43.99056","-70.9475","135.6","2021-10-19","7.38",",,W","0.00",",,W",,,,
"USW00054772","43.99056","-70.9475","135.6","2021-10-20","2.01",",,W","0.00",",,W",,,,
"USW00054772","43.99056","-70.9475","135.6","2021-10-21","0.45",",,W","0.03",",,W",,,,
"USW00054772","43.99056","-70.9475","135.6","2021-10-22","3.58",",,W","0.07",",,W",,,,
"USW00054772","43.99056","-70.9475","135.6","2021-10-23","1.79",",,W","0.00",",,W",,,,
"USW00054772","43.99056","-70.9475","135.6","2021-10-24","3.13",",,W","0.00",",,W",,,,
"USW00054772","43.99056","-70.9475","135.6","2021-10-25","3.80",",,W","0.51",",,W",,,,
"USW00054772","43.99056","-70.9475","135.6","2021-10-26","7.83",",,W","0.77",",,W",,,,
"USW00054772","43.99056","-70.9475","135.6","2021-10-27","10.96",",,W","0.05",",,W",,,,
"USW00054772","43.99056","-70.9475","135.6","2021-10-28","4.70",",,W","0.00",",,W",,,,
"USW00054772","43.99056","-70.9475","135.6","2021-10-29","2.46",",,W","0.00",",,W",,,,
"USW00054772","43.99056","-70.9475","135.6","2021-10-30","5.14",",,W","1.32",",,W",,,,
"USW00054772","43.99056","-70.9475","135.6","2021-10-31","7.16",",,W","1.75",",,W",,,,
"USW00054772","43.99056","-70.9475","135.6","2021-11-01","6.26",",,W","0.00",",,W",,,,
"USW00054772","43.99056","-70.9475","135.6","2021-11-02","4.47",",,W","0.00",",,W",,,,
"USW00054772","43.99056","-70.9475","135.6","2021-11-03","2.01",",,W","0.00",",,W",,,,
"USW00054772","43.99056","-70.9475","135.6","2021-11-04","1.12",",,W","0.00",",,W",,,,
"USW00054772","43.99056","-70.9475","135.6","2021-11-05","2.01",",,W","0.00",",,W",,,,
"USW00054772","43.99056","-70.9475","135.6","2021-11-06","1.34",",,W","0.00",",,W",,,,
"USW00054772","43.99056","-70.9475","135.6","2021-11-07","1.12",",,W","0.00",",,W",,,,
"USW00054772","43.99056","-70.9475","135.6","2021-11-08","1.12",",,W","0.00",",,W",,,,
"USW00054772","43.99056","-70.9475","135.6","2021-11-09","0.89",",,W","0.00",",,W",,,,
"USW00054772","43.99056","-70.9475","135.6","2021-11-10","3.13",",,W","0.09",",,W",,,,
"USW00054772","43.99056","-70.9475","135.6","2021-11-11","1.12",",,W","0.00",",,W",,,,
"USW00054772","43.99056","-70.9475","135.6","2021-11-12","2.68",",,W","1.20",",,W",,,,
"USW00054772","43.99056","-70.9475","135.6","2021-11-13","3.58",",,W","0.36",",,W",,,,
"USW00054772","43.99056","-70.9475","135.6","2021-11-14","4.92",",,W","0.00",",,W",,,,
"USW00054772","43.99056","-70.9475","135.6","2021-11-15","3.80",",,W","0.09",",,W",,,,
"USW00054772","43.99056","-70.9475","135.6","2021-11-16","8.05",",,W","0.00",",,W",,,,
"USW00054772","43.99056","-70.9475","135.6","2021-11-17","2.01",",,W","0.02",",,W",,,,
"USW00054772","43.99056","-70.9475","135.6","2021-11-18","2.91",",,W","0.04",",,W",,,,
"USW00054772","43.99056","-70.9475","135.6","2021-11-19","6.26",",,W","0.05",",,W",,,,
"USW00054772","43.99056","-70.9475","135.6","2021-11-20","2.91",",,W","0.00",",,W",,,,
"USW00054772","43.99056","-70.9475","135.6","2021-11-21","1.12",",,W","0.03",",,W",,,,
"USW00054772","43.99056","-70.9475","135.6","2021-11-22","4.03",",,W","0.10",",,W",,,,
"USW00054772","43.99056","-70.9475","135.6","2021-11-23","3.80",",,W","0.00",",,W",,,,
"USW00054772","43.99056","-70.9475","135.6","2021-11-24","2.01",",,W","0.00",",,W",,,,
"USW00054772","43.99056","-70.9475","135.6","2021-11-25","0.67",",,W","0.00",",,W",,,,
"USW00054772","43.99056","-70.9475","135.6","2021-11-26","1.12",",,W","0.17",",,W",,,,
"USW00054772","43.99056","-70.9475","135.6","2021-11-27","10.96",",,W","0.00","T,,W",,,,
"USW00054772","43.99056","-70.9475","135.6","2021-11-28","3.36",",,W","0.00",",,W",,,,
"USC00166938","30.6036","-92.7739","19.8","2021-08-01",,,"0.00",",,7,0900",,,,
"USC00166938","30.6036","-92.7739","19.8","2021-08-02",,,"0.00",",,7,0900",,,,
"USC00166938","30.6036","-92.7739","19.8","2021-08-03",,,"0.20",",,7,0900",,,,
"USC00166938","30.6036","-92.7739","19.8","2021-08-04",,,"0.03",",,7,0900",,,,
"USC00166938","30.6036","-92.7739","19.8","2021-08-05",,,"0.00",",,7,0900",,,,
"USC00166938","30.6036","-92.7739","19.8","2021-08-06",,,"0.00",",,7,0900",,,,
"USC00166938","30.6036","-92.7739","19.8","2021-08-07",,,"0.00",",,7,0900",,,,
"USC00166938","30.6036","-92.7739","19.8","2021-08-08",,,"0.00",",,7,0900",,,,
"USC00166938","30.6036","-92.7739","19.8","2021-08-09",,,"0.00",",,7,0900",,,,
"USC00166938","30.6036","-92.7739","19.8","2021-08-10",,,"0.04",",,7,0900",,,,
"USC00166938","30.6036","-92.7739","19.8","2021-08-11",,,"0.00",",,7,0900",,,,
"USC00166938","30.6036","-92.7739","19.8","2021-08-12",,,"0.17",",,7,0900",,,,
"USC00166938","30.6036","-92.7739","19.8","2021-08-13",,,"0.00",",,7,0900",,,,
"USC00166938","30.6036","-92.7739","19.8","2021-08-14",,,"0.00",",,7,0900",,,,
"USC00166938","30.6036","-92.7739","19.8","2021-08-15",,,"0.00",",,7,0900",,,,
"USC00166938","30.6036","-92.7739","19.8","2021-08-16",,,"0.20",",,7,0900",,,,
"USC00166938","30.6036","-92.7739","19.8","2021-08-17",,,"0.00",",,7,0900",,,,
"USC00166938","30.6036","-92.7739","19.8","2021-08-18",,,"0.00",",,7,0900",,,,
"USC00166938","30.6036","-92.7739","19.8","2021-08-19",,,"0.17",",,7,0900",,,,
"USC00166938","30.6036","-92.7739","19.8","2021-08-20",,,"0.00",",,7,0900",,,,
"USC00166938","30.6036","-92.7739","19.8","2021-08-21",,,"0.00",",,7,0900",,,,
"USC00166938","30.6036","-92.7739","19.8","2021-08-22",,,"0.00",",,7,0900",,,,
"USC00166938","30.6036","-92.7739","19.8","2021-08-23",,,"0.00",",,7,0900",,,,
"USC00166938","30.6036","-92.7739","19.8","2021-08-24",,,"0.00",",,7,0900",,,,
"USC00166938","30.6036","-92.7739","19.8","2021-08-25",,,"0.01",",,7,0900",,,,
"USC00166938","30.6036","-92.7739","19.8","2021-08-26",,,"0.00",",,7,0900",,,,
"USC00166938","30.6036","-92.7739","19.8","2021-08-27",,,"0.00",",,7,0900",,,,
"USC00166938","30.6036","-92.7739","19.8","2021-08-28",,,"0.00",",,7,0900",,,,
"USC00166938","30.6036","-92.7739","19.8","2021-08-29",,,"0.00",",,7,0900",,,,
"USC00166938","30.6036","-92.7739","19.8","2021-08-30",,,"0.04",",,7,0900",,,,
"USC00166938","30.6036","-92.7739","19.8","2021-08-31",,,"0.00",",,7,0900",,,,
"USC00166938","30.6036","-92.7739","19.8","2021-09-01",,,"0.00",",,7,0900",,,,
"USC00166938","30.6036","-92.7739","19.8","2021-09-02",,,"0.00",",,7,0900",,,,
"USC00166938","30.6036","-92.7739","19.8","2021-09-03",,,"0.00",",,7,0900","0.0",",,7",,
"USC00166938","30.6036","-92.7739","19.8","2021-09-04",,,"0.00",",,7,0900","0.0",",,7",,
"USC00166938","30.6036","-92.7739","19.8","2021-09-05",,,"0.00",",,7,0900",,,,
"USC00166938","30.6036","-92.7739","19.8","2021-09-06",,,"0.02",",,7,0900",,,,
"USC00166938","30.6036","-92.7739","19.8","2021-09-07",,,"0.67",",,7,0900",,,,
"USC00166938","30.6036","-92.7739","19.8","2021-09-08",,,"0.00",",,7,0900",,,,
"USC00166938","30.6036","-92.7739","19.8","2021-09-09",,,"0.00",",,7,0900",,,,
"USC00166938","30.6036","-92.7739","19.8","2021-09-10",,,"0.00",",,7,0900",,,,
"USC00166938","30.6036","-92.7739","19.8","2021-09-11",,,"0.00",",,7,0900",,,,
"USC00166938","30.6036","-92.7739","19.8","2021-09-12",,,"0.00",",,7,0900",,,,
"USC00166938","30.6036","-92.7739","19.8","2021-09-13",,,"0.02",",,7,0900",,,,
"USC00166938","30.6036","-92.7739","19.8","2021-09-14",,,"3.20",",,7,0900",,,,
"USC00166938","30.6036","-92.7739","19.8","2021-09-15",,,"4.00",",,7,0900",,,,
"USC00166938","30.6036","-92.7739","19.8","2021-09-16",,,"0.50",",,7,0900",,,,
"USC00166938","30.6036","-92.7739","19.8","2021-09-17",,,"0.20",",,7,0900",,,,
"USC00166938","30.6036","-92.7739","19.8","2021-09-18",,,"0.00",",,7,0900",,,,
"USC00166938","30.6036","-92.7739","19.8","2021-09-19",,,"0.42",",,7,0900",,,,
"USC00166938","30.6036","-92.7739","19.8","2021-09-20",,,"0.00",",,7,0900",,,,
"USC00166938","30.6036","-92.7739","19.8","2021-09-21",,,"0.02",",,7,0900",,,,
"USC00166938","30.6036","-92.7739","19.8","2021-09-22",,,"0.00",",,7,0900",,,,
"USC00166938","30.6036","-92.7739","19.8","2021-09-23",,,"0.00",",,7,0900",,,,
"USC00166938","30.6036","-92.7739","19.8","2021-09-24",,,"0.00",",,7,0900",,,,
"USC00166938","30.6036","-92.7739","19.8","2021-09-25",,,"0.00",",,7,0900",,,,
"USC00166938","30.6036","-92.7739","19.8","2021-09-26",,,"0.00",",,7,0900",,,,
"USC00166938","30.6036","-92.7739","19.8","2021-09-27",,,"0.00",",,7,0900",,,,
"USC00166938","30.6036","-92.7739","19.8","2021-09-28",,,"1.37",",,7,0900",,,,
"USC00166938","30.6036","-92.7739","19.8","2021-09-29",,,"0.09",",,7,0900",,,,
"USC00166938","30.6036","-92.7739","19.8","2021-09-30",,,"0.38",",,7,0900",,,,
"USC00166938","30.6036","-92.7739","19.8","2021-10-01",,,"0.00",",,7,0900",,,,
"USC00166938","30.6036","-92.7739","19.8","2021-10-02",,,"0.00",",,7,0900",,,,
"USC00166938","30.6036","-92.7739","19.8","2021-10-03",,,"0.75",",,7,0900",,,,
"USC00166938","30.6036","-92.7739","19.8","2021-10-04",,,"0.00",",,7,0900",,,,
"USC00166938","30.6036","-92.7739","19.8","2021-10-05",,,"0.00",",,7,0900",,,,
"USC00166938","30.6036","-92.7739","19.8","2021-10-06",,,"0.00",",,7,0900",,,,
"USC00166938","30.6036","-92.7739","19.8","2021-10-07",,,"0.00",",,7,0900",,,,
"USC00166938","30.6036","-92.7739","19.8","2021-10-08",,,"0.00",",,7,0900",,,,
"USC00166938","30.6036","-92.7739","19.8","2021-10-09",,,"0.00",",,7,0900",,,,
"USC00166938","30.6036","-92.7739","19.8","2021-10-10",,,"0.00",",,7,0900",,,,
"USC00166938","30.6036","-92.7739","19.8","2021-10-11",,,"0.00",",,7,0900",,,,
"USC00166938","30.6036","-92.7739","19.8","2021-10-12",,,"0.00",",,7,0900",,,,
"USC00166938","30.6036","-92.7739","19.8","2021-10-13",,,"0.00",",,7,0900",,,,
"USC00166938","30.6036","-92.7739","19.8","2021-10-14",,,"0.00",",,7,0900",,,,
"USC00166938","30.6036","-92.7739","19.8","2021-10-15",,,"0.00",",,7,0900",,,,
"USC00166938","30.6036","-92.7739","19.8","2021-10-16",,,"0.00",",,7,0900",,,,
"USC00166938","30.6036","-92.7739","19.8","2021-10-17",,,"0.00",",,7,0900",,,,
"USC00166938","30.6036","-92.7739","19.8","2021-10-18",,,"0.00",",,7,0900",,,,
"USC00166938","30.6036","-92.7739","19.8","2021-10-19",,,"0.00",",,7,0900",,,,
"USC00166938","30.6036","-92.7739","19.8","2021-10-20",,,"0.00",",,7,0900",,,,
"USC00166938","30.6036","-92.7739","19.8","2021-10-21",,,"0.00",",,7,0900",,,,
"USC00166938","30.6036","-92.7739","19.8","2021-10-22",,,"0.00",",,7,0900",,,,
"USC00166938","30.6036","-92.7739","19.8","2021-10-23",,,"0.00",",,7,0900",,,,
"USC00166938","30.6036","-92.7739","19.8","2021-10-24",,,"0.00",",,7,0900",,,,
"USC00166938","30.6036","-92.7739","19.8","2021-10-25",,,"0.00",",,7,0900",,,,
"USC00166938","30.6036","-92.7739","19.8","2021-10-26",,,"0.00",",,7,0900",,,,
"USC00166938","30.6036","-92.7739","19.8","2021-10-27",,,"1.10",",,7,0900",,,,
"USC00166938","30.6036","-92.7739","19.8","2021-10-28",,,"0.33",",,7,0900",,,,
"USC00166938","30.6036","-92.7739","19.8","2021-10-29",,,"0.00",",,7,0900",,,,
"USC00166938","30.6036","-92.7739","19.8","2021-10-30",,,"0.00",",,7,0900",,,,
"USC00166938","30.6036","-92.7739","19.8","2021-10-31",,,"0.00",",,7,0900",,,,
"USC00166938","30.6036","-92.7739","19.8","2021-11-01",,,"0.00",",,H,0900",,,,
"USC00166938","30.6036","-92.7739","19.8","2021-11-02",,,"0.00",",,H,0900",,,,
"USC00166938","30.6036","-92.7739","19.8","2021-11-03",,,"0.00",",,H,0900",,,,
"USC00166938","30.6036","-92.7739","19.8","2021-11-04",,,"0.04",",,H,0900",,,,
"USC00166938","30.6036","-92.7739","19.8","2021-11-05",,,"0.00",",,H,0900",,,,
"USC00166938","30.6036","-92.7739","19.8","2021-11-06",,,"0.00",",,H,0900",,,,
"USC00166938","30.6036","-92.7739","19.8","2021-11-07",,,"0.00",",,H,0900",,,,
"USC00166938","30.6036","-92.7739","19.8","2021-11-08",,,"0.00",",,H,0900",,,,
"USC00166938","30.6036","-92.7739","19.8","2021-11-09",,,"0.00",",,H,0900",,,,
"USC00166938","30.6036","-92.7739","19.8","2021-11-10",,,"0.00",",,H,0900",,,,
"USC00166938","30.6036","-92.7739","19.8","2021-11-11",,,"0.00",",,H,0900",,,,
"USC00166938","30.6036","-92.7739","19.8","2021-11-12",,,"0.38",",,H,0900",,,,
"USC00166938","30.6036","-92.7739","19.8","2021-11-13",,,"0.00",",,H,0900",,,,
"USC00166938","30.6036","-92.7739","19.8","2021-11-14",,,"0.00",",,H,0900",,,,
"USC00166938","30.6036","-92.7739","19.8","2021-11-15",,,"0.00",",,H,0900",,,,
"USC00166938","30.6036","-92.7739","19.8","2021-11-16",,,"0.00",",,H,0900",,,,
"USC00166938","30.6036","-92.7739","19.8","2021-11-17",,,"0.00",",,H,0900",,,,
"USC00166938","30.6036","-92.7739","19.8","2021-11-18",,,"0.00",",,H,0900",,,,
"USC00166938","30.6036","-92.7739","19.8","2021-11-19",,,"0.00",",,H,0900",,,,
"USC00166938","30.6036","-92.7739","19.8","2021-11-20",,,"0.00",",,H,0900",,,,
"USC00166938","30.6036","-92.7739","19.8","2021-11-21",,,"0.00",",,H,0900",,,,
"USC00166938","30.6036","-92.7739","19.8","2021-11-22",,,"0.01",",,H,0900",,,,
"USC00166938","30.6036","-92.7739","19.8","2021-11-23",,,"0.00",",,H,0900",,,,
"USC00166938","30.6036","-92.7739","19.8","2021-11-24",,,"0.00",",,H,0900",,,,
"USC00166938","30.6036","-92.7739","19.8","2021-11-25",,,"0.00",",,H,0900",,,,
"USC00166938","30.6036","-92.7739","19.8","2021-11-26",,,"0.00",",,H,0900",,,,
"USC00166938","30.6036","-92.7739","19.8","2021-11-27",,,"0.00",",,H,0900",,,,
"USC00166938","30.6036","-92.7739","19.8","2021-11-28",,,"0.26",",,H,0900",,,,
"USC00161232","31.3944","-92.7163","33.5","2021-08-01",,,"0.29",",,7,2400",,,,
"USC00161232","31.3944","-92.7163","33.5","2021-08-02",,,"0.55",",,7,2400",,,,
"USC00161232","31.3944","-92.7163","33.5","2021-08-03",,,"0.33",",,7,2400",,,,
"USC00161232","31.3944","-92.7163","33.5","2021-08-04",,,"0.00",",,7,2400",,,,
"USC00161232","31.3944","-92.7163","33.5","2021-08-05",,,"0.00",",,7,2400",,,,
"USC00161232","31.3944","-92.7163","33.5","2021-08-06",,,"0.00",",,7,2400",,,,
"USC00161232","31.3944","-92.7163","33.5","2021-08-07",,,"0.00",",,7,2400",,,,
"USC00161232","31.3944","-92.7163","33.5","2021-08-08",,,"0.00",",,7,2400",,,,
"USC00161232","31.3944","-92.7163","33.5","2021-08-09",,,"0.21",",,7,2400",,,,
"USC00161232","31.3944","-92.7163","33.5","2021-08-10",,,"0.00",",,7,2400",,,,
"USC00161232","31.3944","-92.7163","33.5","2021-08-11",,,"0.00",",,7,2400",,,,
"USC00161232","31.3944","-92.7163","33.5","2021-08-12",,,"0.00",",,7,2400",,,,
"USC00161232","31.3944","-92.7163","33.5","2021-08-13",,,"0.00",",,7,2400",,,,
"USC00161232","31.3944","-92.7163","33.5","2021-08-14",,,"0.00",",,7,2400",,,,
"USC00161232","31.3944","-92.7163","33.5","2021-08-15",,,"0.00",",,7,2400",,,,
"USC00161232","31.3944","-92.7163","33.5","2021-08-16",,,"0.00",",,7,2400",,,,
"USC00161232","31.3944","-92.7163","33.5","2021-08-17",,,"0.00",",,7,2400",,,,
"USC00161232","31.3944","-92.7163","33.5","2021-08-18",,,"0.00",",,7,2400",,,,
"USC00161232","31.3944","-92.7163","33.5","2021-08-19",,,"1.62",",,7,2400",,,,
"USC00161232","31.3944","-92.7163","33.5","2021-08-20",,,"0.18",",,7,2400",,,,
"USC00161232","31.3944","-92.7163","33.5","2021-08-21",,,"0.00",",,7,2400",,,,
"USC00161232","31.3944","-92.7163","33.5","2021-08-22",,,"0.00",",,7,2400",,,,
"USC00161232","31.3944","-92.7163","33.5","2021-08-23",,,"0.00",",,7,2400",,,,
"USC00161232","31.3944","-92.7163","33.5","2021-08-24",,,"0.00",",,7,2400",,,,
"USC00161232","31.3944","-92.7163","33.5","2021-08-25",,,"0.00",",,7,2400",,,,
"USC00161232","31.3944","-92.7163","33.5","2021-08-26",,,"0.18",",,7,2400",,,,
"USC00161232","31.3944","-92.7163","33.5","2021-08-27",,,"0.00",",,7,2400",,,,
"USC00161232","31.3944","-92.7163","33.5","2021-08-28",,,"0.00",",,7,2400","0.0",",,7",,
"USC00161232","31.3944","-92.7163","33.5","2021-08-29",,,"0.12",",,7,2400","0.0",",,7",,
"USC00161232","31.3944","-92.7163","33.5","2021-08-30",,,"0.00",",,7,2400",,,,
"USC00161232","31.3944","-92.7163","33.5","2021-08-31",,,"0.00",",,7,2400",,,,
"USC00161232","31.3944","-92.7163","33.5","2021-09-01",,,"0.00",",,7,2400",,,,
"USC00161232","31.3944","-92.7163","33.5","2021-09-02",,,"0.04",",,7,2400",,,,
"USC00161232","31.3944","-92.7163","33.5","2021-09-03",,,"0.00",",,7,2400",,,,
"USC00161232","31.3944","-92.7163","33.5","2021-09-04",,,"0.00",",,7,2400",,,,
"USC00161232","31.3944","-92.7163","33.5","2021-09-05",,,"0.10",",,7,2400",,,,
"USC00161232","31.3944","-92.7163","33.5","2021-09-06",,,"0.94",",,7,2400",,,,
"USC00161232","31.3944","-92.7163","33.5","2021-09-07",,,"0.00",",,7,2400",,,,
"USC00161232","31.3944","-92.7163","33.5","2021-09-08",,,"0.00",",,7,2400","0.0",",,7",,
"USC00161232","31.3944","-92.7163","33.5","2021-09-09",,,"0.00",",,7,2400",,,,
"USC00161232","31.3944","-92.7163","33.5","2021-09-10",,,"0.00",",,7,2400","0.0",",,7",,
"USC00161232","31.3944","-92.7163","33.5","2021-09-11",,,"0.00",",,7,2400","0.0",",,7",,
"USC00161232","31.3944","-92.7163","33.5","2021-09-12",,,"0.02",",,7,2400","0.0",",,7",,
"USC00161232","31.3944","-92.7163","33.5","2021-09-13",,,"0.00",",,7,2400","0.0",",,7",,
"USC00161232","31.3944","-92.7163","33.5","2021-09-14",,,"1.71",",,7,2400","0.0",",,7",,
"USC00161232","31.3944","-92.7163","33.5","2021-09-15",,,"0.69",",,7,2400",,,,
"USC00161232","31.3944","-92.7163","33.5","2021-09-16",,,"0.09",",,7,2400",,,,
"USC00161232","31.3944","-92.7163","33.5","2021-09-17",,,"0.74",",,7,2400",,,,
"USC00161232","31.3944","-92.7163","33.5","2021-09-18",,,"0.01",",,7,2400",,,,
"USC00161232","31.3944","-92.7163","33.5","2021-09-19",,,"0.40",",,7,2400",,,,
"USC00161232","31.3944","-92.7163","33.5","2021-09-20",,,"0.02",",,7,2400",,,,
"USC00161232","31.3944","-92.7163","33.5","2021-09-21",,,"0.00",",,7,2400",,,,
"USC00161232","31.3944","-92.7163","33.5","2021-09-22",,,"0.00",",,7,2400",,,,
"USC00161232","31.3944","-92.7163","33.5","2021-09-23",,,"0.00",",,7,2400",,,,
"USC00161232","31.3944","-92.7163","33.5","2021-09-24",,,"0.00",",,7,2400",,,,
"USC00161232","31.3944","-92.7163","33.5","2021-09-25",,,"0.00",",,7,2400",,,,
"USC00161232","31.3944","-92.7163","33.5","2021-09-26",,,"0.00",",,7,2400",,,,
"USC00161232","31.3944","-92.7163","33.5","2021-09-27",,,"0.00",",,7,2400",,,,
"USC00161232","31.3944","-92.7163","33.5","2021-09-28",,,"0.43",",,7,2400",,,,
"USC00161232","31.3944","-92.7163","33.5","2021-09-29",,,"0.07",",,7,2400",,,,
"USC00161232","31.3944","-92.7163","33.5","2021-09-30",,,"0.00",",,7,2400",,,,
"USC00161232","31.3944","-92.7163","33.5","2021-10-01",,,"0.00",",,7,2400",,,,
"USC00161232","31.3944","-92.7163","33.5","2021-10-02",,,"0.00",",,7,2400",,,,
"USC00161232","31.3944","-92.7163","33.5","2021-10-03",,,"0.07",",,7,2400",,,,
"USC00161232","31.3944","-92.7163","33.5","2021-10-04",,,"0.00",",,7,2400","0.0",",,7",,
"USC00161232","31.3944","-92.7163","33.5","2021-10-05",,,"0.00",",,7,2400","0.0",",,7",,
"USC00161232","31.3944","-92.7163","33.5","2021-10-06",,,"0.00",",,7,2400",,,,
"USC00161232","31.3944","-92.7163","33.5","2021-10-07",,,"0.00",",,7,2400",,,,
"USC00161232","31.3944","-92.7163","33.5","2021-10-08",,,"0.00",",,7,2400",,,,
"USC00161232","31.3944","-92.7163","33.5","2021-10-09",,,"0.00",",,7,2400",,,,
"USC00161232","31.3944","-92.7163","33.5","2021-10-10",,,"0.00",",,7,2400",,,,
"USC00161232","31.3944","-92.7163","33.5","2021-10-11",,,"0.00",",,7,2400",,,,
"USC00161232","31.3944","-92.7163","33.5","2021-10-12",,,"0.49",",,7,2400",,,,
"USC00161232","31.3944","-92.7163","33.5","2021-10-13",,,"0.00",",,7,2400",,,,
"USC00161232","31.3944","-92.7163","33.5","2021-10-14",,,"0.00",",,7,2400",,,,
"USC00161232","31.3944","-92.7163","33.5","2021-10-15",,,"0.00",",,7,2400",,,,
"USC00161232","31.3944","-92.7163","33.5","2021-10-16",,,"0.00",",,7,2400",,,,
"USC00161232","31.3944","-92.7163","33.5","2021-10-17",,,"0.00",",,7,2400",,,,
"USC00161232","31.3944","-92.7163","33.5","2021-10-18",,,"0.00",",,7,2400",,,,
"USC00161232","31.3944","-92.7163","33.5","2021-10-19",,,"0.00",",,7,2400",,,,
"USC00161232","31.3944","-92.7163","33.5","2021-10-20",,,"0.00",",,7,2400",,,,
"USC00161232","31.3944","-92.7163","33.5","2021-10-21",,,"0.00",",,7,2400",,,,
"USC00161232","31.3944","-92.7163","33.5","2021-10-22",,,"0.00",",,7,2400",,,,
"USC00161232","31.3944","-92.7163","33.5","2021-10-23",,,"0.00",",,7,2400",,,,
"USC00161232","31.3944","-92.7163","33.5","2021-10-24",,,"0.00",",,7,2400",,,,
"USC00161232","31.3944","-92.7163","33.5","2021-10-25",,,"0.00",",,7,2400",,,,
"USC00161232","31.3944","-92.7163","33.5","2021-10-26",,,"0.00",",,7,2400",,,,
"USC00161232","31.3944","-92.7163","33.5","2021-10-27",,,"1.75",",,7,2400","0.0",",,7",,
"USC00161232","31.3944","-92.7163","33.5","2021-10-28",,,"0.00",",,7,2400","0.0",",,7",,
"USC00161232","31.3944","-92.7163","33.5","2021-10-29",,,"0.00",",,7,2400","0.0",",,7",,
"USC00161232","31.3944","-92.7163","33.5","2021-10-30",,,"0.00",",,7,2400","0.0",",,7",,
"USC00161232","31.3944","-92.7163","33.5","2021-10-31",,,"0.00",",,7,2400","0.0",",,7",,
"USC00161232","31.3944","-92.7163","33.5","2021-11-01",,,"0.00",",,H,2400","0.0",",,H",,
"USC00161232","31.3944","-92.7163","33.5","2021-11-02",,,"0.00",",,H,2400","0.0",",,H",,
"USC00161232","31.3944","-92.7163","33.5","2021-11-03",,,"0.31",",,H,2400",,,,
"USC00161232","31.3944","-92.7163","33.5","2021-11-04",,,"0.00",",,H,2400",,,,
"USC00161232","31.3944","-92.7163","33.5","2021-11-05",,,"0.00",",,H,2400",,,,
"USC00161232","31.3944","-92.7163","33.5","2021-11-06",,,"0.00",",,H,2400",,,,
"USC00161232","31.3944","-92.7163","33.5","2021-11-07",,,"0.00",",,H,2400",,,,
"USC00161232","31.3944","-92.7163","33.5","2021-11-08",,,"0.00",",,H,2400",,,,
"USC00161232","31.3944","-92.7163","33.5","2021-11-09",,,"0.00",",,H,2400",,,,
"USC00161232","31.3944","-92.7163","33.5","2021-11-10",,,"0.00",",,H,2400",,,,
"USC00161232","31.3944","-92.7163","33.5","2021-11-11",,,"0.59",",,H,2400",,,,
"USC00161232","31.3944","-92.7163","33.5","2021-11-12",,,"0.00",",,H,2400",,,,
"USC00161232","31.3944","-92.7163","33.5","2021-11-13",,,"0.00",",,H,2400",,,,
"USC00161232","31.3944","-92.7163","33.5","2021-11-14",,,"0.00",",,H,2400","0.0",",,H",,
"USC00161232","31.3944","-92.7163","33.5","2021-11-15",,,"0.00",",,H,2400","0.0",",,H",,
"USC00161232","31.3944","-92.7163","33.5","2021-11-16",,,"0.00",",,H,2400","0.0",",,H",,
"USC00161232","31.3944","-92.7163","33.5","2021-11-17",,,"0.00",",,H,2400",,,,
"USC00161232","31.3944","-92.7163","33.5","2021-11-18",,,"0.00",",,H,2400",,,,
"USC00161232","31.3944","-92.7163","33.5","2021-11-19",,,"0.00",",,H,2400",,,,
"USC00161232","31.3944","-92.7163","33.5","2021-11-20",,,"0.00",",,H,2400",,,,
"USC00161232","31.3944","-92.7163","33.5","2021-11-21",,,"0.00",",,H,2400",,,,
"USC00161232","31.3944","-92.7163","33.5","2021-11-22",,,"0.00",",,H,2400",,,,
"USC00161232","31.3944","-92.7163","33.5","2021-11-23",,,"0.00",",,H,2400","0.0",",,H",,
"USC00161232","31.3944","-92.7163","33.5","2021-11-24",,,"0.00",",,H,2400","0.0",",,H",,
"USC00161232","31.3944","-92.7163","33.5","2021-11-26",,,"0.00",",,H,2400","0.0",",,H",,
"USC00161232","31.3944","-92.7163","33.5","2021-11-27",,,"0.00",",,H,2400",,,,
"USC00161232","31.3944","-92.7163","33.5","2021-11-28",,,"0.07",",,H,2400",,,,
"US1MEAR0030","46.12775","-67.83418","122.2","2021-08-01",,,"0.00",",,N","0.0",",,N",,
"US1MEAR0030","46.12775","-67.83418","122.2","2021-08-02",,,"0.16",",,N",,,,
"US1MEAR0030","46.12775","-67.83418","122.2","2021-08-03",,,"0.00",",,N","0.0",",,N",,
"US1MEAR0030","46.12775","-67.83418","122.2","2021-08-04",,,"0.00",",,N","0.0",",,N",,
"US1MEAR0030","46.12775","-67.83418","122.2","2021-08-05",,,"0.00",",,N","0.0",",,N",,
"US1MEAR0030","46.12775","-67.83418","122.2","2021-08-06",,,"0.25",",,N",,,,
"US1MEAR0030","46.12775","-67.83418","122.2","2021-08-07",,,"0.00",",,N","0.0",",,N",,
"US1MEAR0030","46.12775","-67.83418","122.2","2021-08-08",,,"0.35",",,N",,,,
"US1MEAR0030","46.12775","-67.83418","122.2","2021-08-09",,,"0.00",",,N","0.0",",,N",,
"US1MEAR0030","46.12775","-67.83418","122.2","2021-08-10",,,"0.00",",,N","0.0",",,N",,
"US1MEAR0030","46.12775","-67.83418","122.2","2021-08-11",,,"0.00",",,N","0.0",",,N",,
"US1MEAR0030","46.12775","-67.83418","122.2","2021-08-12",,,"0.00",",,N","0.0",",,N",,
"US1MEAR0030","46.12775","-67.83418","122.2","2021-08-13",,,"0.00",",,N","0.0",",,N",,
"US1MEAR0030","46.12775","-67.83418","122.2","2021-08-14",,,"0.00",",,N","0.0",",,N",,
"US1MEAR0030","46.12775","-67.83418","122.2","2021-08-15",,,"0.47",",,N",,,,
"US1MEAR0030","46.12775","-67.83418","122.2","2021-08-16",,,"0.00",",,N","0.0",",,N",,
"US1MEAR0030","46.12775","-67.83418","122.2","2021-08-17",,,"0.00",",,N","0.0",",,N",,
"US1MEAR0030","46.12775","-67.83418","122.2","2021-08-18",,,"0.03",",,N",,,,
"US1MEAR0030","46.12775","-67.83418","122.2","2021-08-19",,,"0.04",",,N",,,,
"US1MEAR0030","46.12775","-67.83418","122.2","2021-08-20",,,"0.03",",,N",,,,
"US1MEAR0030","46.12775","-67.83418","122.2","2021-08-21",,,"0.00",",,N","0.0",",,N",,
"US1MEAR0030","46.12775","-67.83418","122.2","2021-08-22",,,"0.00",",,N","0.0",",,N",,
"US1MEAR0030","46.12775","-67.83418","122.2","2021-08-23",,,"0.00",",,N","0.0",",,N",,
"US1MEAR0030","46.12775","-67.83418","122.2","2021-08-24",,,"2.42",",,N",,,,
"US1MEAR0030","46.12775","-67.83418","122.2","2021-08-25",,,"0.14",",,N",,,,
"US1MEAR0030","46.12775","-67.83418","122.2","2021-08-26",,,"0.00",",,N","0.0",",,N",,
"US1MEAR0030","46.12775","-67.83418","122.2","2021-08-27",,,"0.00",",,N","0.0",",,N",,
"US1MEAR0030","46.12775","-67.83418","122.2","2021-08-28",,,"0.00",",,N","0.0",",,N",,
"US1MEAR0030","46.12775","-67.83418","122.2","2021-08-29",,,"0.00",",,N","0.0",",,N",,
"US1MEAR0030","46.12775","-67.83418","122.2","2021-08-30",,,"0.15",",,N",,,,
"US1MEAR0030","46.12775","-67.83418","122.2","2021-08-31",,,"0.02",",,N",,,,
"US1MEAR0030","46.12775","-67.83418","122.2","2021-09-01",,,"0.00",",,N","0.0",",,N",,
"US1MEAR0030","46.12775","-67.83418","122.2","2021-09-02",,,"0.00",",,N","0.0",",,N",,
"US1MEAR0030","46.12775","-67.83418","122.2","2021-09-03",,,"0.58",",,N",,,,
"US1MEAR0030","46.12775","-67.83418","122.2","2021-09-04",,,"0.02",",,N",,,,
"US1MEAR0030","46.12775","-67.83418","122.2","2021-09-05",,,"0.00",",,N","0.0",",,N",,
"US1MEAR0030","46.12775","-67.83418","122.2","2021-09-06",,,"0.14",",,N",,,,
"US1MEAR0030","46.12775","-67.83418","122.2","2021-09-07",,,"0.98",",,N",,,,
"US1MEAR0030","46.12775","-67.83418","122.2","2021-09-08",,,"0.00",",,N","0.0",",,N",,
"US1MEAR0030","46.12775","-67.83418","122.2","2021-09-09",,,"0.72",",,N",,,,
"US1MEAR0030","46.12775","-67.83418","122.2","2021-09-10",,,"2.14",",,N",,,,
"US1MEAR0030","46.12775","-67.83418","122.2","2021-09-11",,,"0.17",",,N",,,,
"US1MEAR0030","46.12775","-67.83418","122.2","2021-09-12",,,"0.00",",,N","0.0",",,N",,
"US1MEAR0030","46.12775","-67.83418","122.2","2021-09-13",,,"0.14",",,N",,,,
"US1MEAR0030","46.12775","-67.83418","122.2","2021-09-14",,,"0.00",",,N","0.0",",,N",,
"US1MEAR0030","46.12775","-67.83418","122.2","2021-09-15",,,"0.12",",,N","0.0",",,N",,
"US1MEAR0030","46.12775","-67.83418","122.2","2021-09-16",,,"0.43",",,N",,,,
"US1MEAR0030","46.12775","-67.83418","122.2","2021-09-17",,,"0.00",",,N","0.0",",,N",,
"US1MEAR0030","46.12775","-67.83418","122.2","2021-09-18",,,"0.00",",,N","0.0",",,N",,
"US1MEAR0030","46.12775","-67.83418","122.2","2021-09-19",,,"0.08",",,N","0.0",",,N",,
"US1MEAR0030","46.12775","-67.83418","122.2","2021-09-20",,,"0.00",",,N","0.0",",,N",,
"US1MEAR0030","46.12775","-67.83418","122.2","2021-09-21",,,"0.00",",,N","0.0",",,N",,
"US1MEAR0030","46.12775","-67.83418","122.2","2021-09-22",,,"0.00",",,N","0.0",",,N",,
"US1MEAR0030","46.12775","-67.83418","122.2","2021-09-23",,,"0.00",",,N","0.0",",,N",,
"US1MEAR0030","46.12775","-67.83418","122.2","2021-09-24",,,"0.00",",,N","0.0",",,N",,
"US1MEAR0030","46.12775","-67.83418","122.2","2021-09-25",,,"1.07",",,N",,,,
"US1MEAR0030","46.12775","-67.83418","122.2","2021-09-26",,,"0.71",",,N",,,,
"US1MEAR0030","46.12775","-67.83418","122.2","2021-09-27",,,"1.26",",,N",,,,
"US1MEAR0030","46.12775","-67.83418","122.2","2021-10-01",,,"0.06",",,N",,,,
"US1MEAR0030","46.12775","-67.83418","122.2","2021-10-02",,,"0.06",",,N",,,,
"US1MEAR0030","46.12775","-67.83418","122.2","2021-10-03",,,"0.00",",,N","0.0",",,N",,
"US1MEAR0030","46.12775","-67.83418","122.2","2021-10-04",,,"0.00",",,N","0.0",",,N",,
"US1MEAR0030","46.12775","-67.83418","122.2","2021-10-05",,,"0.00",",,N","0.0",",,N",,
"US1MEAR0030","46.12775","-67.83418","122.2","2021-10-06",,,"0.00",",,N","0.0",",,N",,
"US1MEAR0030","46.12775","-67.83418","122.2","2021-10-07",,,"0.00",",,N","0.0",",,N",,
"US1MEAR0030","46.12775","-67.83418","122.2","2021-10-08",,,"0.00",",,N","0.0",",,N",,
"US1MEAR0030","46.12775","-67.83418","122.2","2021-10-09",,,"0.00",",,N","0.0",",,N",,
"US1MEAR0030","46.12775","-67.83418","122.2","2021-10-10",,,"0.00",",,N","0.0",",,N",,
"US1MEAR0030","46.12775","-67.83418","122.2","2021-10-11",,,"0.00",",,N","0.0",",,N",,
"US1MEAR0030","46.12775","-67.83418","122.2","2021-10-12",,,"0.00",",,N","0.0",",,N",,
"US1MEAR0030","46.12775","-67.83418","122.2","2021-10-13",,,"0.00",",,N","0.0",",,N",,
"US1MEAR0030","46.12775","-67.83418","122.2","2021-10-14",,,"0.02",",,N",,,,
"US1MEAR0030","46.12775","-67.83418","122.2","2021-10-15",,,"0.02",",,N",,,,
"US1MEAR0030","46.12775","-67.83418","122.2","2021-10-16",,,"0.02",",,N",,,,
"US1MEAR0030","46.12775","-67.83418","122.2","2021-10-17",,,"1.20",",,N",,,,
"US1MEAR0030","46.12775","-67.83418","122.2","2021-10-18",,,"0.53",",,N",,,,
"US1MEAR0030","46.12775","-67.83418","122.2","2021-10-19",,,"0.05",",,N",,,,
"US1MEAR0030","46.12775","-67.83418","122.2","2021-10-20",,,"0.00",",,N","0.0",",,N",,
"US1MEAR0030","46.12775","-67.83418","122.2","2021-10-21",,,"0.03",",,N",,,,
"US1MEAR0030","46.12775","-67.83418","122.2","2021-10-22",,,"0.05",",,N",,,,
"US1MEAR0030","46.12775","-67.83418","122.2","2021-10-23",,,"0.02",",,N",,,,
"US1MEAR0030","46.12775","-67.83418","122.2","2021-10-24",,,"0.00",",,N","0.0",",,N",,
"US1MEAR0030","46.12775","-67.83418","122.2","2021-10-25",,,"0.00",",,N","0.0",",,N",,
"US1MEAR0030","46.12775","-67.83418","122.2","2021-10-31",,,"0.05",",,N",,,,
"US1MEAR0030","46.12775","-67.83418","122.2","2021-11-01",,,"0.63",",,N",,,,
"US1MEAR0030","46.12775","-67.83418","122.2","2021-11-02",,,"0.05",",,N",,,,
"US1MEAR0030","46.12775","-67.83418","122.2","2021-11-03",,,"0.00",",,N","0.0",",,N",,
"US1MEAR0030","46.12775","-67.83418","122.2","2021-11-04",,,"0.00",",,N","0.0",",,N",,
"US1MEAR0030","46.12775","-67.83418","122.2","2021-11-05",,,"0.00",",,N","0.0",",,N",,
"US1MEAR0030","46.12775","-67.83418","122.2","2021-11-06",,,"0.00",",,N","0.0",",,N",,
"US1MEAR0030","46.12775","-67.83418","122.2","2021-11-07",,,"0.00",",,N","0.0",",,N",,
"US1MEAR0030","46.12775","-67.83418","122.2","2021-11-08",,,"0.00",",,N","0.0",",,N",,
"US1MEAR0030","46.12775","-67.83418","122.2","2021-11-09",,,"0.00",",,N","0.0",",,N",,
"US1MEAR0030","46.12775","-67.83418","122.2","2021-11-10",,,"0.00",",,N","0.0",",,N",,
"US1MEAR0030","46.12775","-67.83418","122.2","2021-11-11",,,"0.00",",,N","0.0",",,N",,
"US1MEAR0030","46.12775","-67.83418","122.2","2021-11-12",,,"0.00",",,N","0.0",",,N",,
"US1MEAR0030","46.12775","-67.83418","122.2","2021-11-13",,,"0.56",",,N",,,,
"US1MEAR0030","46.12775","-67.83418","122.2","2021-11-14",,,"0.10",",,N",,,,
"US1MEAR0030","46.12775","-67.83418","122.2","2021-11-15",,,"0.00",",,N","0.0",",,N",,
"US1MEAR0030","46.12775","-67.83418","122.2","2021-11-16",,,"0.37",",,N",,,,
"US1MEAR0030","46.12775","-67.83418","122.2","2021-11-17",,,"0.00",",,N","0.0",",,N",,
"US1MEAR0030","46.12775","-67.83418","122.2","2021-11-18",,,"0.23",",,N","1.0",",,N",,
"US1MEAR0030","46.12775","-67.83418","122.2","2021-11-19",,,"0.45",",,N",,,,
"US1MEAR0030","46.12775","-67.83418","122.2","2021-11-20",,,"0.00",",,N","0.0",",,N",,
"US1MEAR0030","46.12775","-67.83418","122.2","2021-11-21",,,"0.00",",,N","0.0",",,N",,
"US1MEAR0030","46.12775","-67.83418","122.2","2021-11-22",,,"0.53",",,N",,,,
"US1MEAR0030","46.12775","-67.83418","122.2","2021-11-23",,,"0.51",",,N",,,,
"USC00162688","30.2508","-90.9872","5.5","2021-08-01",,,"0.31",",,7,0700",,,,
"USC00162688","30.2508","-90.9872","5.5","2021-08-02",,,"0.00",",,7,0700",,,,
"USC00162688","30.2508","-90.9872","5.5","2021-08-03",,,"1.62",",,7,0700",,,,
"USC00162688","30.2508","-90.9872","5.5","2021-08-04",,,"0.73",",,7,0700",,,,
"USC00162688","30.2508","-90.9872","5.5","2021-08-05",,,"0.00",",,7,0700",,,,
"USC00162688","30.2508","-90.9872","5.5","2021-08-06",,,"0.00",",,7,0700",,,,
"USC00162688","30.2508","-90.9872","5.5","2021-08-07",,,"0.00",",,7,0700",,,,
"USC00162688","30.2508","-90.9872","5.5","2021-08-08",,,"0.00",",,7,0700",,,,
"USC00162688","30.2508","-90.9872","5.5","2021-08-09",,,"0.00",",,7,0700",,,,
"USC00162688","30.2508","-90.9872","5.5","2021-08-10",,,"0.00",",,7,0700",,,,
"USC00162688","30.2508","-90.9872","5.5","2021-08-11",,,"0.00",",,7,0700",,,,
"USC00162688","30.2508","-90.9872","5.5","2021-08-12",,,"0.00",",,7,0700",,,,
"USC00162688","30.2508","-90.9872","5.5","2021-08-13",,,"0.89",",,7,0700",,,,
"USC00162688","30.2508","-90.9872","5.5","2021-08-14",,,"0.00",",,7,0700",,,,
"USC00162688","30.2508","-90.9872","5.5","2021-08-15",,,"0.00",",,7,0700",,,,
"USC00162688","30.2508","-90.9872","5.5","2021-08-16",,,"0.07",",,7,0700",,,,
"USC00162688","30.2508","-90.9872","5.5","2021-08-17",,,"0.00",",,7,0700",,,,
"USC00162688","30.2508","-90.9872","5.5","2021-08-18",,,"0.03",",,7,0700",,,,
"USC00162688","30.2508","-90.9872","5.5","2021-08-19",,,"0.29",",,7,0700",,,,
"USC00162688","30.2508","-90.9872","5.5","2021-08-20",,,"0.02",",,7,0700",,,,
"USC00162688","30.2508","-90.9872","5.5","2021-08-21",,,"0.00",",,7,0700",,,,
"USC00162688","30.2508","-90.9872","5.5","2021-08-22",,,"0.00",",,7,0700",,,,
"USC00162688","30.2508","-90.9872","5.5","2021-08-23",,,"0.00",",,7,0700",,,,
"USC00162688","30.2508","-90.9872","5.5","2021-08-24",,,"0.75",",,7,0700",,,,
"USC00162688","30.2508","-90.9872","5.5","2021-08-25",,,"0.00",",,7,0700",,,,
"USC00162688","30.2508","-90.9872","5.5","2021-08-26",,,"0.00",",,7,0700",,,,
"USC00162688","30.2508","-90.9872","5.5","2021-08-27",,,"0.00",",,7,0700",,,,
"USC00162688","30.2508","-90.9872","5.5","2021-08-28",,,"0.62",",,7,0700",,,,
"USC00162688","30.2508","-90.9872","5.5","2021-08-29",,,"0.03",",,7,0700",,,,
"USC00162688","30.2508","-90.9872","5.5","2021-08-30",,,"3.70",",,7,0700",,,,
"USC00162688","30.2508","-90.9872","5.5","2021-08-31",,,"0.06",",,7,0700",,,,
"USC00162688","30.2508","-90.9872","5.5","2021-09-01",,,"0.00",",,7,0700",,,,
"USC00162688","30.2508","-90.9872","5.5","2021-09-02",,,"0.00",",,7,0700",,,,
"USC00162688","30.2508","-90.9872","5.5","2021-09-03",,,"0.25",",,7,0700",,,,
"USC00162688","30.2508","-90.9872","5.5","2021-09-04",,,"0.01",",,7,0700",,,,
"USC00162688","30.2508","-90.9872","5.5","2021-09-05",,,"0.00",",,7,0700",,,,
"USC00162688","30.2508","-90.9872","5.5","2021-09-06",,,"0.01",",,7,0700",,,,
"USC00162688","30.2508","-90.9872","5.5","2021-09-07",,,"0.00",",,7,0700",,,,
"USC00162688","30.2508","-90.9872","5.5","2021-09-08",,,"0.53",",,7,0700",,,,
"USC00162688","30.2508","-90.9872","5.5","2021-09-09",,,"0.00",",,7,0700",,,,
"USC00162688","30.2508","-90.9872","5.5","2021-09-10",,,"0.00",",,7,0700",,,,
"USC00162688","30.2508","-90.9872","5.5","2021-09-11",,,"0.00",",,7,0700",,,,
"USC00162688","30.2508","-90.9872","5.5","2021-09-12",,,"0.00",",,7,0700",,,,
"USC00162688","30.2508","-90.9872","5.5","2021-09-13",,,"0.08",",,7,0700",,,,
"USC00162688","30.2508","-90.9872","5.5","2021-09-14",,,"0.24",",,7,0700",,,,
"USC00162688","30.2508","-90.9872","5.5","2021-09-15",,,"4.18",",,7,0700",,,,
"USC00162688","30.2508","-90.9872","5.5","2021-09-16",,,"0.57",",,7,0700",,,,
"USC00162688","30.2508","-90.9872","5.5","2021-09-17",,,"0.03",",,7,0700",,,,
"USC00162688","30.2508","-90.9872","5.5","2021-09-18",,,"0.05",",,7,0700",,,,
"USC00162688","30.2508","-90.9872","5.5","2021-09-19",,,"0.65",",,7,0700",,,,
"USC00162688","30.2508","-90.9872","5.5","2021-09-20",,,"0.00",",,7,0700",,,,
"USC00162688","30.2508","-90.9872","5.5","2021-09-21",,,"0.00",",,7,0700",,,,
"USC00162688","30.2508","-90.9872","5.5","2021-09-22",,,"0.00",",,7,0700",,,,
"USC00162688","30.2508","-90.9872","5.5","2021-09-23",,,"0.00",",,7,0700",,,,
"USC00162688","30.2508","-90.9872","5.5","2021-09-24",,,"0.00",",,7,0700",,,,
"USC00162688","30.2508","-90.9872","5.5","2021-09-25",,,"0.00",",,7,0700",,,,
"USC00162688","30.2508","-90.9872","5.5","2021-09-26",,,"0.00",",,7,0700",,,,
"USC00162688","30.2508","-90.9872","5.5","2021-09-27",,,"0.00",",,7,0700",,,,
"USC00162688","30.2508","-90.9872","5.5","2021-09-28",,,"0.11",",,7,0700",,,,
"USC00162688","30.2508","-90.9872","5.5","2021-09-29",,,"0.47",",,7,0700",,,,
"USC00162688","30.2508","-90.9872","5.5","2021-09-30",,,"2.02",",,7,0700",,,,
"USC00162688","30.2508","-90.9872","5.5","2021-10-01",,,"0.34",",,H,0700",,,,
"USC00162688","30.2508","-90.9872","5.5","2021-10-02",,,"0.12",",,H,0700",,,,
"USC00162688","30.2508","-90.9872","5.5","2021-10-03",,,"0.45",",,H,0700",,,,
"USC00162688","30.2508","-90.9872","5.5","2021-10-04",,,"0.00",",,H,0700",,,,
"USC00162688","30.2508","-90.9872","5.5","2021-10-05",,,"0.21",",,H,0700",,,,
"USC00162688","30.2508","-90.9872","5.5","2021-10-07",,,"0.00",",,H,0700",,,,
"USC00162688","30.2508","-90.9872","5.5","2021-10-08",,,"0.00",",,H,0700",,,,
"USC00162688","30.2508","-90.9872","5.5","2021-10-09",,,"0.00",",,H,0700",,,,
"USC00162688","30.2508","-90.9872","5.5","2021-10-10",,,"0.00",",,H,0700",,,,
"USC00162688","30.2508","-90.9872","5.5","2021-10-11",,,"0.00",",,H,0700",,,,
"USC00162688","30.2508","-90.9872","5.5","2021-10-12",,,"0.00",",,H,0700",,,,
"USC00162688","30.2508","-90.9872","5.5","2021-10-13",,,"0.00",",,H,0700",,,,
"USC00162688","30.2508","-90.9872","5.5","2021-10-14",,,"0.00",",,H,0700",,,,
"USC00162688","30.2508","-90.9872","5.5","2021-10-15",,,"0.00",",,H,0700",,,,
"USC00162688","30.2508","-90.9872","5.5","2021-10-16",,,"0.00",",,H,0700",,,,
"USC00162688","30.2508","-90.9872","5.5","2021-10-17",,,"0.00",",,H,0700",,,,
"USC00162688","30.2508","-90.9872","5.5","2021-10-18",,,"0.00",",,H,0700",,,,
"USC00162688","30.2508","-90.9872","5.5","2021-10-19",,,"0.00",",,H,0700",,,,
"USC00162688","30.2508","-90.9872","5.5","2021-10-20",,,"0.00",",,H,0700",,,,
"USC00162688","30.2508","-90.9872","5.5","2021-10-21",,,"0.63",",,H,0700",,,,
"USC00162688","30.2508","-90.9872","5.5","2021-10-22",,,"0.00",",,H,0700",,,,
"USC00162688","30.2508","-90.9872","5.5","2021-10-23",,,"0.00",",,H,0700",,,,
"USC00162688","30.2508","-90.9872","5.5","2021-10-24",,,"0.00",",,H,0700",,,,
"USC00162688","30.2508","-90.9872","5.5","2021-10-25",,,"0.43",",,H,0700",,,,
"USC00162688","30.2508","-90.9872","5.5","2021-10-26",,,"0.00",",,H,0700",,,,
"USC00162688","30.2508","-90.9872","5.5","2021-10-27",,,"0.00",",,H,0700",,,,
"USC00162688","30.2508","-90.9872","5.5","2021-10-28",,,"1.67",",,H,0700",,,,
"USC00162688","30.2508","-90.9872","5.5","2021-10-29",,,"0.00",",,H,0700",,,,
"USC00162688","30.2508","-90.9872","5.5","2021-10-30",,,"0.00",",,H,0700",,,,
"USC00162688","30.2508","-90.9872","5.5","2021-10-31",,,"0.00",",,H,0700",,,,
"USC00162688","30.2508","-90.9872","5.5","2021-11-01",,,"0.00",",,H,0700",,,,
"USC00162688","30.2508","-90.9872","5.5","2021-11-02",,,"0.00",",,H,0700",,,,
"USC00162688","30.2508","-90.9872","5.5","2021-11-03",,,"0.00",",,H,0700",,,,
"USC00162688","30.2508","-90.9872","5.5","2021-11-04",,,"0.00",",,H,0700",,,,
"USC00162688","30.2508","-90.9872","5.5","2021-11-05",,,"0.00",",,H,0700",,,,
"USC00162688","30.2508","-90.9872","5.5","2021-11-06",,,"0.00",",,H,0700",,,,
"USC00162688","30.2508","-90.9872","5.5","2021-11-07",,,"0.00",",,H,0700",,,,
"USC00162688","30.2508","-90.9872","5.5","2021-11-08",,,"0.00",",,H,0700",,,,
"USC00162688","30.2508","-90.9872","5.5","2021-11-09",,,"0.00",",,H,0700",,,,
"USC00162688","30.2508","-90.9872","5.5","2021-11-10",,,"0.00",",,H,0700",,,,
"USC00162688","30.2508","-90.9872","5.5","2021-11-11",,,"0.00",",,H,0700",,,,
"USC00162688","30.2508","-90.9872","5.5","2021-11-12",,,"0.16",",,H,0700",,,,
"USC00162688","30.2508","-90.9872","5.5","2021-11-13",,,"0.00",",,H,0700",,,,
"USC00162688","30.2508","-90.9872","5.5","2021-11-14",,,"0.00",",,H,0700",,,,
"USC00162688","30.2508","-90.9872","5.5","2021-11-15",,,"0.00",",,H,0700",,,,
"USC00162688","30.2508","-90.9872","5.5","2021-11-16",,,"0.00",",,H,0700",,,,
"USC00162688","30.2508","-90.9872","5.5","2021-11-17",,,"0.00",",,H,0700",,,,
"USC00162688","30.2508","-90.9872","5.5","2021-11-18",,,"0.25",",,H,0700",,,,
"USC00162688","30.2508","-90.9872","5.5","2021-11-19",,,"0.32",",,H,0700",,,,
"USC00162688","30.2508","-90.9872","5.5","2021-11-20",,,"0.00",",,H,0700",,,,
"USC00162688","30.2508","-90.9872","5.5","2021-11-21",,,"0.00",",,H,0700",,,,
"USC00162688","30.2508","-90.9872","5.5","2021-11-22",,,"0.43",",,H,0700",,,,
"USC00162688","30.2508","-90.9872","5.5","2021-11-23",,,"0.00",",,H,0700",,,,
"USC00162688","30.2508","-90.9872","5.5","2021-11-24",,,"0.00",",,H,0700",,,,
"USC00162688","30.2508","-90.9872","5.5","2021-11-25",,,"0.00",",,H,0700",,,,
"USC00162688","30.2508","-90.9872","5.5","2021-11-26",,,"0.06",",,H,0700",,,,
"USC00162688","30.2508","-90.9872","5.5","2021-11-27",,,"0.00",",,H,0700",,,,
"USC00162688","30.2508","-90.9872","5.5","2021-11-28",,,"0.08",",,H,0700",,,,
"US1LAJC0003","32.344158","-92.679379","85.3","2021-08-01",,,"0.00",",,N","0.0",",,N",,
"US1LAJC0003","32.344158","-92.679379","85.3","2021-08-02",,,"0.15",",,N",,,,
"US1LAJC0003","32.344158","-92.679379","85.3","2021-08-03",,,"0.28",",,N",,,,
"US1LAJC0003","32.344158","-92.679379","85.3","2021-08-04",,,"0.00",",,N","0.0",",,N",,
"US1LAJC0003","32.344158","-92.679379","85.3","2021-08-05",,,"0.00",",,N","0.0",",,N",,
"US1LAJC0003","32.344158","-92.679379","85.3","2021-08-06",,,"0.00",",,N","0.0",",,N",,
"US1LAJC0003","32.344158","-92.679379","85.3","2021-08-07",,,"0.00",",,N","0.0",",,N",,
"US1LAJC0003","32.344158","-92.679379","85.3","2021-08-08",,,"0.00",",,N","0.0",",,N",,
"US1LAJC0003","32.344158","-92.679379","85.3","2021-08-09",,,"0.00",",,N","0.0",",,N",,
"US1LAJC0003","32.344158","-92.679379","85.3","2021-08-10",,,"0.00",",,N","0.0",",,N",,
"US1LAJC0003","32.344158","-92.679379","85.3","2021-08-11",,,"0.00",",,N","0.0",",,N",,
"US1LAJC0003","32.344158","-92.679379","85.3","2021-08-12",,,"0.00",",,N","0.0",",,N",,
"US1LAJC0003","32.344158","-92.679379","85.3","2021-08-13",,,"0.03",",,N",,,,
"US1LAJC0003","32.344158","-92.679379","85.3","2021-08-14",,,"0.00",",,N","0.0",",,N",,
"US1LAJC0003","32.344158","-92.679379","85.3","2021-08-15",,,"0.44",",,N",,,,
"US1LAJC0003","32.344158","-92.679379","85.3","2021-08-16",,,"0.00",",,N","0.0",",,N",,
"US1LAJC0003","32.344158","-92.679379","85.3","2021-08-17",,,"0.00",",,N","0.0",",,N",,
"US1LAJC0003","32.344158","-92.679379","85.3","2021-08-18",,,"0.15",",,N",,,,
"US1LAJC0003","32.344158","-92.679379","85.3","2021-08-19",,,"0.48",",,N",,,,
"US1LAJC0003","32.344158","-92.679379","85.3","2021-08-20",,,"0.63",",,N",,,,
"US1LAJC0003","32.344158","-92.679379","85.3","2021-08-21",,,"0.02",",,N",,,,
"US1LAJC0003","32.344158","-92.679379","85.3","2021-08-22",,,"0.00",",,N","0.0",",,N",,
"US1LAJC0003","32.344158","-92.679379","85.3","2021-08-23",,,"0.00",",,N","0.0",",,N",,
"US1LAJC0003","32.344158","-92.679379","85.3","2021-08-24",,,"0.00",",,N","0.0",",,N",,
"US1LAJC0003","32.344158","-92.679379","85.3","2021-08-25",,,"0.00",",,N","0.0",",,N",,
"US1LAJC0003","32.344158","-92.679379","85.3","2021-08-26",,,"0.00",",,N","0.0",",,N",,
"US1LAJC0003","32.344158","-92.679379","85.3","2021-08-27",,,"0.05",",,N",,,,
"US1LAJC0003","32.344158","-92.679379","85.3","2021-08-28",,,"0.00",",,N","0.0",",,N",,
"US1LAJC0003","32.344158","-92.679379","85.3","2021-08-29",,,"0.53",",,N",,,,
"US1LAJC0003","32.344158","-92.679379","85.3","2021-08-30",,,"0.21",",,N",,,,
"US1LAJC0003","32.344158","-92.679379","85.3","2021-08-31",,,"0.13",",,N",,,,
"US1LAJC0003","32.344158","-92.679379","85.3","2021-09-01",,,"0.00",",,N","0.0",",,N",,
"US1LAJC0003","32.344158","-92.679379","85.3","2021-09-02",,,"0.00",",,N","0.0",",,N",,
"US1LAJC0003","32.344158","-92.679379","85.3","2021-09-03",,,"0.00",",,N","0.0",",,N",,
"US1LAJC0003","32.344158","-92.679379","85.3","2021-09-04",,,"0.00",",,N","0.0",",,N",,
"US1LAJC0003","32.344158","-92.679379","85.3","2021-09-05",,,"0.22",",,N","0.0",",,N",,
"US1LAJC0003","32.344158","-92.679379","85.3","2021-09-06",,,"0.76",",,N",,,,
"US1LAJC0003","32.344158","-92.679379","85.3","2021-09-07",,,"0.00",",,N","0.0",",,N",,
"US1LAJC0003","32.344158","-92.679379","85.3","2021-09-08",,,"0.00",",,N","0.0",",,N",,
"US1LAJC0003","32.344158","-92.679379","85.3","2021-09-09",,,"0.00",",,N","0.0",",,N",,
"US1LAJC0003","32.344158","-92.679379","85.3","2021-09-10",,,"0.00",",,N","0.0",",,N",,
"US1LAJC0003","32.344158","-92.679379","85.3","2021-09-11",,,"0.00",",,N","0.0",",,N",,
"US1LAJC0003","32.344158","-92.679379","85.3","2021-09-12",,,"0.00",",,N","0.0",",,N",,
"US1LAJC0003","32.344158","-92.679379","85.3","2021-09-13",,,"0.00",",,N","0.0",",,N",,
"US1LAJC0003","32.344158","-92.679379","85.3","2021-09-14",,,"0.00",",,N","0.0",",,N",,
"US1LAJC0003","32.344158","-92.679379","85.3","2021-09-15",,,"0.11",",,N",,,,
"US1LAJC0003","32.344158","-92.679379","85.3","2021-09-16",,,"0.00",",,N","0.0",",,N",,
"US1LAJC0003","32.344158","-92.679379","85.3","2021-09-17",,,"0.00",",,N","0.0",",,N",,
"US1LAJC0003","32.344158","-92.679379","85.3","2021-09-18",,,"1.25",",,N",,,,
"US1LAJC0003","32.344158","-92.679379","85.3","2021-09-19",,,"0.11",",,N",,,,
"US1LAJC0003","32.344158","-92.679379","85.3","2021-09-20",,,"0.00",",,N","0.0",",,N",,
"US1LAJC0003","32.344158","-92.679379","85.3","2021-09-21",,,"0.00",",,N","0.0",",,N",,
"US1LAJC0003","32.344158","-92.679379","85.3","2021-09-22",,,"0.00",",,N","0.0",",,N",,
"US1LAJC0003","32.344158","-92.679379","85.3","2021-09-23",,,"0.00",",,N","0.0",",,N",,
"US1LAJC0003","32.344158","-92.679379","85.3","2021-09-24",,,"0.00",",,N","0.0",",,N",,
"US1LAJC0003","32.344158","-92.679379","85.3","2021-09-25",,,"0.00",",,N","0.0",",,N",,
"US1LAJC0003","32.344158","-92.679379","85.3","2021-09-26",,,"0.00",",,N","0.0",",,N",,
"US1LAJC0003","32.344158","-92.679379","85.3","2021-09-27",,,"0.00",",,N","0.0",",,N",,
"US1LAJC0003","32.344158","-92.679379","85.3","2021-09-28",,,"0.00",",,N","0.0",",,N",,
"US1LAJC0003","32.344158","-92.679379","85.3","2021-09-29",,,"0.54",",,N",,,,
"US1LAJC0003","32.344158","-92.679379","85.3","2021-09-30",,,"0.12",",,N",,,,
"US1LAJC0003","32.344158","-92.679379","85.3","2021-10-01",,,"0.00",",,N","0.0",",,N",,
"US1LAJC0003","32.344158","-92.679379","85.3","2021-10-02",,,"0.43",",,N",,,,
"US1LAJC0003","32.344158","-92.679379","85.3","2021-10-03",,,"0.01",",,N",,,,
"US1LAJC0003","32.344158","-92.679379","85.3","2021-10-04",,,"0.04",",,N",,,,
"US1LAJC0003","32.344158","-92.679379","85.3","2021-10-05",,,"0.00",",,N","0.0",",,N",,
"US1LAJC0003","32.344158","-92.679379","85.3","2021-10-06",,,"0.00",",,N","0.0",",,N",,
"US1LAJC0003","32.344158","-92.679379","85.3","2021-10-07",,,"0.00",",,N","0.0",",,N",,
"US1LAJC0003","32.344158","-92.679379","85.3","2021-10-08",,,"0.00",",,N","0.0",",,N",,
"US1LAJC0003","32.344158","-92.679379","85.3","2021-10-09",,,"0.00",",,N","0.0",",,N",,
"US1LAJC0003","32.344158","-92.679379","85.3","2021-10-10",,,"0.00",",,N","0.0",",,N",,
"US1LAJC0003","32.344158","-92.679379","85.3","2021-10-11",,,"0.00",",,N","0.0",",,N",,
"US1LAJC0003","32.344158","-92.679379","85.3","2021-10-12",,,"0.00",",,N","0.0",",,N",,
"US1LAJC0003","32.344158","-92.679379","85.3","2021-10-13",,,"0.07",",,N",,,,
"US1LAJC0003","32.344158","-92.679379","85.3","2021-10-14",,,"0.00",",,N","0.0",",,N",,
"US1LAJC0003","32.344158","-92.679379","85.3","2021-10-15",,,"0.00",",,N","0.0",",,N",,
"US1LAJC0003","32.344158","-92.679379","85.3","2021-10-16",,,"0.00",",,N","0.0",",,N",,
"US1LAJC0003","32.344158","-92.679379","85.3","2021-10-17",,,"0.00",",,N","0.0",",,N",,
"US1LAJC0003","32.344158","-92.679379","85.3","2021-10-18",,,"0.00",",,N","0.0",",,N",,
"US1LAJC0003","32.344158","-92.679379","85.3","2021-10-19",,,"0.00",",,N","0.0",",,N",,
"US1LAJC0003","32.344158","-92.679379","85.3","2021-10-20",,,"0.00",",,N","0.0",",,N",,
"US1LAJC0003","32.344158","-92.679379","85.3","2021-10-21",,,"0.00",",,N","0.0",",,N",,
"US1LAJC0003","32.344158","-92.679379","85.3","2021-10-22",,,"0.00",",,N","0.0",",,N",,
"US1LAJC0003","32.344158","-92.679379","85.3","2021-10-23",,,"0.00",",,N","0.0",",,N",,
"US1LAJC0003","32.344158","-92.679379","85.3","2021-10-24",,,"0.00",",,N","0.0",",,N",,
"US1LAJC0003","32.344158","-92.679379","85.3","2021-10-25",,,"0.00",",,N","0.0",",,N",,
"US1LAJC0003","32.344158","-92.679379","85.3","2021-10-26",,,"0.00",",,N","0.0",",,N",,
"US1LAJC0003","32.344158","-92.679379","85.3","2021-10-27",,,"0.00",",,N","0.0",",,N",,
"US1LAJC0003","32.344158","-92.679379","85.3","2021-10-28",,,"0.51",",,N",,,,
"US1LAJC0003","32.344158","-92.679379","85.3","2021-10-29",,,"0.00",",,N","0.0",",,N",,
"US1LAJC0003","32.344158","-92.679379","85.3","2021-10-30",,,"0.00",",,N","0.0",",,N",,
"US1LAJC0003","32.344158","-92.679379","85.3","2021-10-31",,,"0.00",",,N","0.0",",,N",,
"US1LAJC0003","32.344158","-92.679379","85.3","2021-11-01",,,"0.00",",,N","0.0",",,N",,
"US1LAJC0003","32.344158","-92.679379","85.3","2021-11-02",,,"0.00",",,N","0.0",",,N",,
"US1LAJC0003","32.344158","-92.679379","85.3","2021-11-03",,,"0.01",",,N",,,,
"US1LAJC0003","32.344158","-92.679379","85.3","2021-11-04",,,"0.21",",,N",,,,
"US1LAJC0003","32.344158","-92.679379","85.3","2021-11-05",,,"0.00",",,N","0.0",",,N",,
"US1LAJC0003","32.344158","-92.679379","85.3","2021-11-06",,,"0.00",",,N","0.0",",,N",,
"US1LAJC0003","32.344158","-92.679379","85.3","2021-11-07",,,"0.00",",,N","0.0",",,N",,
"US1LAJC0003","32.344158","-92.679379","85.3","2021-11-08",,,"0.00",",,N","0.0",",,N",,
"US1LAJC0003","32.344158","-92.679379","85.3","2021-11-09",,,"0.00",",,N","0.0",",,N",,
"US1LAJC0003","32.344158","-92.679379","85.3","2021-11-10",,,"0.00",",,N","0.0",",,N",,
"US1LAJC0003","32.344158","-92.679379","85.3","2021-11-11",,,"0.53",",,N",,,,
"US1LAJC0003","32.344158","-92.679379","85.3","2021-11-12",,,"0.00",",,N","0.0",",,N",,
"US1LAJC0003","32.344158","-92.679379","85.3","2021-11-13",,,"0.00",",,N","0.0",",,N",,
"US1LAJC0003","32.344158","-92.679379","85.3","2021-11-14",,,"0.00",",,N","0.0",",,N",,
"US1LAJC0003","32.344158","-92.679379","85.3","2021-11-15",,,"0.00",",,N","0.0",",,N",,
"US1LAJC0003","32.344158","-92.679379","85.3","2021-11-16",,,"0.00",",,N","0.0",",,N",,
"US1LAJC0003","32.344158","-92.679379","85.3","2021-11-17",,,"0.00",",,N","0.0",",,N",,
"US1LAJC0003","32.344158","-92.679379","85.3","2021-11-18",,,"0.18",",,N",,,,
"US1LAJC0003","32.344158","-92.679379","85.3","2021-11-19",,,"0.03",",,N",,,,
"US1LAJC0003","32.344158","-92.679379","85.3","2021-11-20",,,"0.00",",,N","0.0",",,N",,
"US1LAJC0003","32.344158","-92.679379","85.3","2021-11-21",,,"0.00",",,N","0.0",",,N",,
"US1LAJC0003","32.344158","-92.679379","85.3","2021-11-22",,,"0.03",",,N",,,,
"US1LAJC0003","32.344158","-92.679379","85.3","2021-11-23",,,"0.00",",,N","0.0",",,N",,
"US1LAJC0003","32.344158","-92.679379","85.3","2021-11-24",,,"0.00",",,N","0.0",",,N",,
"US1LAJC0003","32.344158","-92.679379","85.3","2021-11-25",,,"0.21",",,N",,,,
"US1LAJC0003","32.344158","-92.679379","85.3","2021-11-26",,,"0.35",",,N",,,,
"US1LAJC0003","32.344158","-92.679379","85.3","2021-11-27",,,"0.00",",,N","0.0",",,N",,
"US1LAJC0003","32.344158","-92.679379","85.3","2021-11-28",,,"0.11",",,N",,,,
"US1MEAR0033","47.01713","-68.2242","182.0","2021-08-02",,,"0.08",",,N",,,,
"US1MEAR0033","47.01713","-68.2242","182.0","2021-08-03",,,"0.33",",,N",,,,
"US1MEAR0033","47.01713","-68.2242","182.0","2021-08-04",,,"0.00","T,,N",,,,
"US1MEAR0033","47.01713","-68.2242","182.0","2021-08-05",,,"0.00",",,N","0.0",",,N",,
"US1MEAR0033","47.01713","-68.2242","182.0","2021-08-06",,,"0.00","T,,N",,,,
"US1MEAR0033","47.01713","-68.2242","182.0","2021-08-07",,,"0.00",",,N","0.0",",,N",,
"US1MEAR0033","47.01713","-68.2242","182.0","2021-08-08",,,"0.04",",,N",,,,
"US1MEAR0033","47.01713","-68.2242","182.0","2021-08-09",,,"0.00",",,N","0.0",",,N",,
"US1MEAR0033","47.01713","-68.2242","182.0","2021-08-10",,,"0.00",",,N","0.0",",,N",,
"US1MEAR0033","47.01713","-68.2242","182.0","2021-08-11",,,"0.00",",,N","0.0",",,N",,
"US1MEAR0033","47.01713","-68.2242","182.0","2021-08-12",,,"0.00",",,N","0.0",",,N",,
"US1MEAR0033","47.01713","-68.2242","182.0","2021-08-13",,,"0.42",",,N",,,,
"US1MEAR0033","47.01713","-68.2242","182.0","2021-08-14",,,"0.00","T,,N",,,,
"US1MEAR0033","47.01713","-68.2242","182.0","2021-08-15",,,"0.12",",,N",,,,
"US1MEAR0033","47.01713","-68.2242","182.0","2021-08-16",,,"0.00",",,N","0.0",",,N",,
"US1MEAR0033","47.01713","-68.2242","182.0","2021-08-17",,,"0.00",",,N","0.0",",,N",,
"US1MEAR0033","47.01713","-68.2242","182.0","2021-08-18",,,"0.00",",,N","0.0",",,N",,
"US1MEAR0033","47.01713","-68.2242","182.0","2021-08-19",,,"0.00",",,N","0.0",",,N",,
"US1MEAR0033","47.01713","-68.2242","182.0","2021-08-20",,,"0.00",",,N","0.0",",,N",,
"US1MEAR0033","47.01713","-68.2242","182.0","2021-08-23",,,"0.00",",,N","0.0",",,N",,
"US1MEAR0033","47.01713","-68.2242","182.0","2021-08-24",,,"0.63",",,N",,,,
"US1MEAR0033","47.01713","-68.2242","182.0","2021-08-25",,,"0.03",",,N",,,,
"US1MEAR0033","47.01713","-68.2242","182.0","2021-08-26",,,"0.00",",,N","0.0",",,N",,
"US1MEAR0033","47.01713","-68.2242","182.0","2021-08-27",,,"0.13",",,N",,,,
"US1MEAR0033","47.01713","-68.2242","182.0","2021-08-28",,,"0.00",",,N","0.0",",,N",,
"US1MEAR0033","47.01713","-68.2242","182.0","2021-08-29",,,"0.00",",,N","0.0",",,N",,
"US1MEAR0033","47.01713","-68.2242","182.0","2021-08-30",,,"0.03",",,N",,,,
"US1MEAR0033","47.01713","-68.2242","182.0","2021-08-31",,,"0.13",",,N",,,,
"US1MEAR0033","47.01713","-68.2242","182.0","2021-09-01",,,"0.00",",,N","0.0",",,N",,
"US1MEAR0033","47.01713","-68.2242","182.0","2021-09-02",,,"0.00",",,N","0.0",",,N",,
"US1MEAR0033","47.01713","-68.2242","182.0","2021-09-03",,,"0.13",",,N",,,,
"US1MEAR0033","47.01713","-68.2242","182.0","2021-09-06",,,,,,,,
"US1MEAR0033","47.01713","-68.2242","182.0","2021-09-10",,,,,,,,
"US1MEAR0033","47.01713","-68.2242","182.0","2021-09-11",,,"0.05",",,N",,,,
"US1MEAR0033","47.01713","-68.2242","182.0","2021-09-12",,,"0.00",",,N","0.0",",,N",,
"US1MEAR0033","47.01713","-68.2242","182.0","2021-09-13",,,"0.17",",,N",,,,
"US1MEAR0033","47.01713","-68.2242","182.0","2021-09-14",,,"0.00",",,N","0.0",",,N",,
"US1MEAR0033","47.01713","-68.2242","182.0","2021-09-15",,,"0.71",",,N",,,,
"US1MEAR0033","47.01713","-68.2242","182.0","2021-09-16",,,"0.09",",,N",,,,
"US1MEAR0033","47.01713","-68.2242","182.0","2021-09-17",,,"0.00",",,N","0.0",",,N",,
"US1MEAR0033","47.01713","-68.2242","182.0","2021-09-18",,,"0.00",",,N","0.0",",,N",,
"US1MEAR0033","47.01713","-68.2242","182.0","2021-09-19",,,"0.25",",,N",,,,
"US1MEAR0033","47.01713","-68.2242","182.0","2021-09-20",,,"0.00",",,N","0.0",",,N",,
"US1MEAR0033","47.01713","-68.2242","182.0","2021-09-21",,,"0.00",",,N","0.0",",,N",,
"US1MEAR0033","47.01713","-68.2242","182.0","2021-09-22",,,"0.00","T,,N",,,,
"US1MEAR0033","47.01713","-68.2242","182.0","2021-09-23",,,"0.00",",,N","0.0",",,N",,
"US1MEAR0033","47.01713","-68.2242","182.0","2021-09-24",,,"0.00",",,N","0.0",",,N",,
"US1MEAR0033","47.01713","-68.2242","182.0","2021-09-25",,,"0.97",",,N",,,,
"US1MEAR0033","47.01713","-68.2242","182.0","2021-09-26",,,"1.60",",,N",,,,
"US1MEAR0033","47.01713","-68.2242","182.0","2021-09-27",,,"2.20",",,N",,,,
"US1MEAR0033","47.01713","-68.2242","182.0","2021-09-28",,,"0.10",",,N",,,,
"US1MEAR0033","47.01713","-68.2242","182.0","2021-09-29",,,"0.00","T,,N",,,,
"US1MEAR0033","47.01713","-68.2242","182.0","2021-09-30",,,"0.02",",,N",,,,
"US1MEAR0033","47.01713","-68.2242","182.0","2021-10-01",,,"0.08",",,N",,,,
"US1MEAR0033","47.01713","-68.2242","182.0","2021-10-02",,,"0.04",",,N",,,,
"US1MEAR0033","47.01713","-68.2242","182.0","2021-10-04",,,"0.00",",,N","0.0",",,N",,
"US1MEAR0033","47.01713","-68.2242","182.0","2021-10-05",,,"0.00",",,N","0.0",",,N",,
"US1MEAR0033","47.01713","-68.2242","182.0","2021-10-06",,,"0.00",",,N","0.0",",,N",,
"US1MEAR0033","47.01713","-68.2242","182.0","2021-10-07",,,"0.00",",,N","0.0",",,N",,
"US1MEAR0033","47.01713","-68.2242","182.0","2021-10-08",,,"0.00",",,N","0.0",",,N",,
"US1MEAR0033","47.01713","-68.2242","182.0","2021-10-09",,,"0.00",",,N","0.0",",,N",,
"US1MEAR0033","47.01713","-68.2242","182.0","2021-10-10",,,"0.00",",,N","0.0",",,N",,
"US1MEAR0033","47.01713","-68.2242","182.0","2021-10-11",,,"0.00",",,N","0.0",",,N",,
"US1MEAR0033","47.01713","-68.2242","182.0","2021-10-12",,,"0.00",",,N","0.0",",,N",,
"US1MEAR0033","47.01713","-68.2242","182.0","2021-10-13",,,"0.00",",,N","0.0",",,N",,
"US1MEAR0033","47.01713","-68.2242","182.0","2021-10-14",,,"0.00",",,N","0.0",",,N",,
"US1MEAR0033","47.01713","-68.2242","182.0","2021-10-15",,,"0.00",",,N","0.0",",,N",,
"US1MEAR0033","47.01713","-68.2242","182.0","2021-10-16",,,"0.11",",,N",,,,
"US1MEAR0033","47.01713","-68.2242","182.0","2021-10-17",,,"1.10",",,N",,,,
"US1MEAR0033","47.01713","-68.2242","182.0","2021-10-20",,,,,,,,
"US1MEAR0033","47.01713","-68.2242","182.0","2021-10-21",,,"0.01",",,N",,,,
"US1MEAR0033","47.01713","-68.2242","182.0","2021-10-25",,,,,,,,
"US1MEAR0033","47.01713","-68.2242","182.0","2021-10-26",,,"0.00",",,N","0.0",",,N",,
"US1MEAR0033","47.01713","-68.2242","182.0","2021-10-30",,,,,,,,
"US1MEAR0033","47.01713","-68.2242","182.0","2021-10-31",,,"0.17",",,N",,,,
"US1MEAR0033","47.01713","-68.2242","182.0","2021-11-01",,,"0.56",",,N",,,,
"US1MEAR0033","47.01713","-68.2242","182.0","2021-11-06",,,,,,,,
"US1MEAR0033","47.01713","-68.2242","182.0","2021-11-10",,,,,,,,
"US1MEAR0033","47.01713","-68.2242","182.0","2021-11-12",,,,,,,,
"US1MEAR0033","47.01713","-68.2242","182.0","2021-11-13",,,"0.40",",,N",,,,
"US1MEAR0033","47.01713","-68.2242","182.0","2021-11-14",,,"0.20",",,N",,,,
"US1MEAR0033","47.01713","-68.2242","182.0","2021-11-16",,,"0.31",",,N",,,,
"US1MEAR0033","47.01713","-68.2242","182.0","2021-11-19",,,,,,,,
"US1MEAR0033","47.01713","-68.2242","182.0","2021-11-20",,,"0.00",",,N","0.0",",,N",,
"US1MEAR0033","47.01713","-68.2242","182.0","2021-11-21",,,"0.00",",,N","0.0",",,N",,
"US1MEAR0033","47.01713","-68.2242","182.0","2021-11-22",,,"0.32",",,N",,,,
"US1MEAR0033","47.01713","-68.2242","182.0","2021-11-23",,,"0.00",",,N","0.0",",,N",,
"US1MEAR0033","47.01713","-68.2242","182.0","2021-11-24",,,"0.00",",,N","0.0",",,N",,
"US1MEAR0033","47.01713","-68.2242","182.0","2021-11-26",,,"0.00",",,N","0.0",",,N",,
"US1MEAR0033","47.01713","-68.2242","182.0","2021-11-27",,,"0.68",",,N",,,,
"US1MEAR0033","47.01713","-68.2242","182.0","2021-11-28",,,"0.00",",,N","0.0",",,N",,
"USC00160021","30.4372","-90.0519","9.1","2021-08-01",,,"0.00",",,7,1300",,,,
"USC00160021","30.4372","-90.0519","9.1","2021-08-02",,,"1.27",",,7,1300",,,,
"USC00160021","30.4372","-90.0519","9.1","2021-08-03",,,"0.03",",,7,1300",,,,
"USC00160021","30.4372","-90.0519","9.1","2021-08-04",,,"0.12",",,7,1300",,,,
"USC00160021","30.4372","-90.0519","9.1","2021-08-05",,,"0.00",",,7,1300",,,,
"USC00160021","30.4372","-90.0519","9.1","2021-08-06",,,"0.00",",,7,1300",,,,
"USC00160021","30.4372","-90.0519","9.1","2021-08-07",,,"0.00",",,7,1300",,,,
"USC00160021","30.4372","-90.0519","9.1","2021-08-08",,,"0.00",",,7,1300",,,,
"USC00160021","30.4372","-90.0519","9.1","2021-08-10",,,"0.00",",,7,1300",,,,
"USC00160021","30.4372","-90.0519","9.1","2021-08-11",,,"0.25",",,7,1300",,,,
"USC00160021","30.4372","-90.0519","9.1","2021-08-12",,,"0.02",",,7,1300",,,,
"USC00160021","30.4372","-90.0519","9.1","2021-08-13",,,"0.34",",,7,1300",,,,
"USC00160021","30.4372","-90.0519","9.1","2021-08-14",,,"0.03",",,7,1300",,,,
"USC00160021","30.4372","-90.0519","9.1","2021-08-15",,,"0.04",",,7,1300",,,,
"USC00160021","30.4372","-90.0519","9.1","2021-08-16",,,"0.96",",,7,1300",,,,
"USC00160021","30.4372","-90.0519","9.1","2021-08-17",,,"0.05",",,7,1300",,,,
"USC00160021","30.4372","-90.0519","9.1","2021-08-18",,,"0.46",",,7,1300",,,,
"USC00160021","30.4372","-90.0519","9.1","2021-08-19",,,"0.08",",,7,1300",,,,
"USC00160021","30.4372","-90.0519","9.1","2021-08-20",,,"0.00",",,7,1300",,,,
"USC00160021","30.4372","-90.0519","9.1","2021-08-21",,,"0.00",",,7,1300",,,,
"USC00160021","30.4372","-90.0519","9.1","2021-08-22",,,"0.00",",,7,1300",,,,
"USC00160021","30.4372","-90.0519","9.1","2021-08-23",,,"0.00",",,7,1300",,,,
"USC00160021","30.4372","-90.0519","9.1","2021-08-24",,,"0.14",",,7,1300",,,,
"USC00160021","30.4372","-90.0519","9.1","2021-08-25",,,"0.00",",,7,1300",,,,
"USC00160021","30.4372","-90.0519","9.1","2021-08-26",,,"0.74",",,7,1300",,,,
"USC00160021","30.4372","-90.0519","9.1","2021-08-27",,,"1.33",",,7,1300",,,,
"USC00160021","30.4372","-90.0519","9.1","2021-08-28",,,"0.19",",,7,1300",,,,
"USC00160021","30.4372","-90.0519","9.1","2021-08-30",,,"5.56",",,7,1300",,,,
"USC00160021","30.4372","-90.0519","9.1","2021-08-31",,,"0.40",",,7,1300",,,,
"USC00160021","30.4372","-90.0519","9.1","2021-09-01",,,"0.00",",,7,1300",,,,
"USC00160021","30.4372","-90.0519","9.1","2021-09-02",,,"0.00",",,7,1300",,,,
"USC00160021","30.4372","-90.0519","9.1","2021-09-03",,,"0.44",",,7,1300",,,,
"USC00160021","30.4372","-90.0519","9.1","2021-09-04",,,"0.00",",,7,1300",,,,
"USC00160021","30.4372","-90.0519","9.1","2021-09-05",,,"0.00",",,7,1300",,,,
"USC00160021","30.4372","-90.0519","9.1","2021-09-06",,,"3.00",",,7,1300",,,,
"USC00160021","30.4372","-90.0519","9.1","2021-09-07",,,"0.00",",,7,1300",,,,
"USC00160021","30.4372","-90.0519","9.1","2021-09-08",,,"0.00",",,7,1300",,,,
"USC00160021","30.4372","-90.0519","9.1","2021-09-09",,,"0.01",",,7,1300",,,,
"USC00160021","30.4372","-90.0519","9.1","2021-09-10",,,"0.00",",,7,1300",,,,
"USC00160021","30.4372","-90.0519","9.1","2021-09-11",,,"0.00",",,7,1300",,,,
"USC00160021","30.4372","-90.0519","9.1","2021-09-12",,,"0.00",",,7,1300",,,,
"USC00160021","30.4372","-90.0519","9.1","2021-09-13",,,"0.00",",,7,1300",,,,
"USC00160021","30.4372","-90.0519","9.1","2021-09-14",,,"0.42",",,7,1300",,,,
"USC00160021","30.4372","-90.0519","9.1","2021-09-15",,,"2.44",",,7,1300",,,,
"USC00160021","30.4372","-90.0519","9.1","2021-09-16",,,"0.08",",,7,1300",,,,
"USC00160021","30.4372","-90.0519","9.1","2021-09-17",,,"0.01",",,7,1300",,,,
"USC00160021","30.4372","-90.0519","9.1","2021-09-18",,,"0.13",",,7,1300",,,,
"USC00160021","30.4372","-90.0519","9.1","2021-09-19",,,"0.00",",,7,1300",,,,
"USC00160021","30.4372","-90.0519","9.1","2021-09-20",,,"0.40",",,7,1300",,,,
"USC00160021","30.4372","-90.0519","9.1","2021-09-21",,,"0.00",",,7,1300",,,,
"USC00160021","30.4372","-90.0519","9.1","2021-09-22",,,"0.40",",,7,1300",,,,
"USC00160021","30.4372","-90.0519","9.1","2021-09-23",,,"0.00",",,7,1300",,,,
"USC00160021","30.4372","-90.0519","9.1","2021-09-24",,,"0.00",",,7,1300",,,,
"USC00160021","30.4372","-90.0519","9.1","2021-09-25",,,"0.00",",,7,1300",,,,
"USC00160021","30.4372","-90.0519","9.1","2021-09-26",,,"0.00",",,7,1300",,,,
"USC00160021","30.4372","-90.0519","9.1","2021-09-27",,,"0.00",",,7,1300",,,,
"USC00160021","30.4372","-90.0519","9.1","2021-09-28",,,"0.00",",,7,1300",,,,
"USC00160021","30.4372","-90.0519","9.1","2021-09-29",,,"0.31",",,7,1300",,,,
"USC00160021","30.4372","-90.0519","9.1","2021-09-30",,,"0.08",",,7,1300",,,,
"US1LASN0007","31.67984","-93.65532","69.5","2021-08-01",,,"0.00",",,N","0.0",",,N",,
"US1LASN0007","31.67984","-93.65532","69.5","2021-08-02",,,"2.18",",,N",,,,
"US1LASN0007","31.67984","-93.65532","69.5","2021-08-03",,,"0.08",",,N",,,,
"US1LASN0007","31.67984","-93.65532","69.5","2021-08-04",,,"0.00",",,N","0.0",",,N",,
"US1LASN0007","31.67984","-93.65532","69.5","2021-08-05",,,"0.00",",,N","0.0",",,N",,
"US1LASN0007","31.67984","-93.65532","69.5","2021-08-06",,,"0.00",",,N","0.0",",,N",,
"US1LASN0007","31.67984","-93.65532","69.5","2021-08-07",,,"0.00",",,N","0.0",",,N",,
"US1LASN0007","31.67984","-93.65532","69.5","2021-08-08",,,"0.00",",,N","0.0",",,N",,
"US1LASN0007","31.67984","-93.65532","69.5","2021-08-09",,,"0.00",",,N","0.0",",,N",,
"US1LASN0007","31.67984","-93.65532","69.5","2021-08-10",,,"0.00",",,N","0.0",",,N",,
"US1LASN0007","31.67984","-93.65532","69.5","2021-08-11",,,"0.00",",,N","0.0",",,N",,
"US1LASN0007","31.67984","-93.65532","69.5","2021-08-12",,,"0.00",",,N","0.0",",,N",,
"US1LASN0007","31.67984","-93.65532","69.5","2021-08-13",,,"0.00",",,N","0.0",",,N",,
"US1LASN0007","31.67984","-93.65532","69.5","2021-08-14",,,"0.00",",,N","0.0",",,N",,
"US1LASN0007","31.67984","-93.65532","69.5","2021-08-15",,,"0.03",",,N",,,,
"US1LASN0007","31.67984","-93.65532","69.5","2021-08-16",,,"0.00",",,N",,,,
"US1LASN0007","31.67984","-93.65532","69.5","2021-08-17",,,"0.00",",,N","0.0",",,N",,
"US1LASN0007","31.67984","-93.65532","69.5","2021-08-18",,,"0.03",",,N",,,,
"US1LASN0007","31.67984","-93.65532","69.5","2021-08-19",,,"0.08",",,N",,,,
"US1LASN0007","31.67984","-93.65532","69.5","2021-08-20",,,"0.28",",,N",,,,
"US1LASN0007","31.67984","-93.65532","69.5","2021-08-21",,,"0.00",",,N","0.0",",,N",,
"US1LASN0007","31.67984","-93.65532","69.5","2021-08-22",,,"0.00",",,N","0.0",",,N",,
"US1LASN0007","31.67984","-93.65532","69.5","2021-08-23",,,"0.00",",,N","0.0",",,N",,
"US1LASN0007","31.67984","-93.65532","69.5","2021-08-24",,,"0.00",",,N","0.0",",,N",,
"US1LASN0007","31.67984","-93.65532","69.5","2021-08-25",,,"0.00",",,N","0.0",",,N",,
"US1LASN0007","31.67984","-93.65532","69.5","2021-08-26",,,"0.00",",,N","0.0",",,N",,
"US1LASN0007","31.67984","-93.65532","69.5","2021-08-27",,,"0.02",",,N",,,,
"US1LASN0007","31.67984","-93.65532","69.5","2021-08-28",,,"0.00",",,N","0.0",",,N",,
"US1LASN0007","31.67984","-93.65532","69.5","2021-08-29",,,"0.00",",,N","0.0",",,N",,
"US1LASN0007","31.67984","-93.65532","69.5","2021-08-31",,,"0.08",",,N",,,,
"US1LASN0007","31.67984","-93.65532","69.5","2021-09-01",,,"0.00",",,N","0.0",",,N",,
"US1LASN0007","31.67984","-93.65532","69.5","2021-09-02",,,"0.18",",,N",,,,
"US1LASN0007","31.67984","-93.65532","69.5","2021-09-03",,,"0.26",",,N",,,,
"US1LASN0007","31.67984","-93.65532","69.5","2021-09-04",,,"0.00",",,N","0.0",",,N",,
"US1LASN0007","31.67984","-93.65532","69.5","2021-09-05",,,"0.00",",,N","0.0",",,N",,
"US1LASN0007","31.67984","-93.65532","69.5","2021-09-06",,,"0.02",",,N",,,,
"US1LASN0007","31.67984","-93.65532","69.5","2021-09-07",,,"0.00",",,N","0.0",",,N",,
"US1LASN0007","31.67984","-93.65532","69.5","2021-09-08",,,"0.00",",,N","0.0",",,N",,
"US1LASN0007","31.67984","-93.65532","69.5","2021-09-09",,,"0.00",",,N","0.0",",,N",,
"US1LASN0007","31.67984","-93.65532","69.5","2021-09-10",,,"0.00",",,N","0.0",",,N",,
"US1LASN0007","31.67984","-93.65532","69.5","2021-09-11",,,"0.00",",,N","0.0",",,N",,
"US1LASN0007","31.67984","-93.65532","69.5","2021-09-12",,,"0.00",",,N","0.0",",,N",,
"US1LASN0007","31.67984","-93.65532","69.5","2021-09-13",,,"0.00",",,N","0.0",",,N",,
"US1LASN0007","31.67984","-93.65532","69.5","2021-09-14",,,"0.00",",,N","0.0",",,N",,
"US1LASN0007","31.67984","-93.65532","69.5","2021-09-15",,,"0.18",",,N","0.0",",,N",,
"US1LASN0007","31.67984","-93.65532","69.5","2021-09-16",,,"0.00",",,N","0.0",",,N",,
"US1LASN0007","31.67984","-93.65532","69.5","2021-09-17",,,"0.00",",,N","0.0",",,N",,
"US1LASN0007","31.67984","-93.65532","69.5","2021-09-18",,,"0.00",",,N","0.0",",,N",,
"US1LASN0007","31.67984","-93.65532","69.5","2021-09-19",,,"0.06",",,N",,,,
"US1LASN0007","31.67984","-93.65532","69.5","2021-09-20",,,"0.16",",,N",,,,
"US1LASN0007","31.67984","-93.65532","69.5","2021-09-21",,,"0.00",",,N","0.0",",,N",,
"US1LASN0007","31.67984","-93.65532","69.5","2021-09-22",,,"0.00",",,N","0.0",",,N",,
"US1LASN0007","31.67984","-93.65532","69.5","2021-09-23",,,"0.00",",,N","0.0",",,N",,
"US1LASN0007","31.67984","-93.65532","69.5","2021-09-24",,,"0.00",",,N","0.0",",,N",,
"US1LASN0007","31.67984","-93.65532","69.5","2021-09-25",,,"0.00",",,N","0.0",",,N",,
"US1LASN0007","31.67984","-93.65532","69.5","2021-09-26",,,"0.00",",,N","0.0",",,N",,
"US1LASN0007","31.67984","-93.65532","69.5","2021-09-27",,,"0.00",",,N","0.0",",,N",,
"US1LASN0007","31.67984","-93.65532","69.5","2021-09-28",,,"0.00",",,N","0.0",",,N",,
"US1LASN0007","31.67984","-93.65532","69.5","2021-09-29",,,"0.05",",,N",,,,
"US1LASN0007","31.67984","-93.65532","69.5","2021-10-01",,,"0.00",",,N","0.0",",,N",,
"US1LASN0007","31.67984","-93.65532","69.5","2021-10-02",,,"3.50",",,N",,,,
"US1LASN0007","31.67984","-93.65532","69.5","2021-10-03",,,"0.05",",,N",,,,
"US1LASN0007","31.67984","-93.65532","69.5","2021-10-04",,,"0.00",",,N","0.0",",,N",,
"US1LASN0007","31.67984","-93.65532","69.5","2021-10-05",,,"0.00",",,N","0.0",",,N",,
"US1LASN0007","31.67984","-93.65532","69.5","2021-10-06",,,"0.00",",,N","0.0",",,N",,
"US1LASN0007","31.67984","-93.65532","69.5","2021-10-07",,,"0.00",",,N","0.0",",,N",,
"US1LASN0007","31.67984","-93.65532","69.5","2021-10-08",,,"0.00",",,N","0.0",",,N",,
"US1LASN0007","31.67984","-93.65532","69.5","2021-10-09",,,"0.00",",,N","0.0",",,N",,
"US1LASN0007","31.67984","-93.65532","69.5","2021-10-10",,,"0.00",",,N","0.0",",,N",,
"US1LASN0007","31.67984","-93.65532","69.5","2021-10-11",,,"0.08",",,N",,,,
"US1LASN0007","31.67984","-93.65532","69.5","2021-10-12",,,"0.00",",,N","0.0",",,N",,
"US1LASN0007","31.67984","-93.65532","69.5","2021-10-13",,,"0.00",",,N","0.0",",,N",,
"US1LASN0007","31.67984","-93.65532","69.5","2021-10-14",,,"0.00",",,N","0.0",",,N",,
"US1LASN0007","31.67984","-93.65532","69.5","2021-10-15",,,"0.00",",,N","0.0",",,N",,
"US1LASN0007","31.67984","-93.65532","69.5","2021-10-16",,,"0.00",",,N","0.0",",,N",,
"US1LASN0007","31.67984","-93.65532","69.5","2021-10-17",,,"0.03",",,N",,,,
"US1LASN0007","31.67984","-93.65532","69.5","2021-10-18",,,"0.00",",,N","0.0",",,N",,
"US1LASN0007","31.67984","-93.65532","69.5","2021-10-19",,,"0.00",",,N","0.0",",,N",,
"US1LASN0007","31.67984","-93.65532","69.5","2021-10-20",,,"0.00",",,N","0.0",",,N",,
"US1LASN0007","31.67984","-93.65532","69.5","2021-10-21",,,"0.00",",,N","0.0",",,N",,
"US1LASN0007","31.67984","-93.65532","69.5","2021-10-22",,,"0.00",",,N","0.0",",,N",,
"US1LASN0007","31.67984","-93.65532","69.5","2021-10-23",,,"0.00",",,N","0.0",",,N",,
"US1LASN0007","31.67984","-93.65532","69.5","2021-10-24",,,"0.00",",,N","0.0",",,N",,
"US1LASN0007","31.67984","-93.65532","69.5","2021-10-25",,,"0.00",",,N","0.0",",,N",,
"US1LASN0007","31.67984","-93.65532","69.5","2021-10-26",,,"0.00","T,,N",,,,
"US1LASN0007","31.67984","-93.65532","69.5","2021-10-27",,,"0.00",",,N","0.0",",,N",,
"US1LASN0007","31.67984","-93.65532","69.5","2021-10-28",,,"1.40",",,N",,,,
"US1LASN0007","31.67984","-93.65532","69.5","2021-10-29",,,"0.00",",,N","0.0",",,N",,
"US1LASN0007","31.67984","-93.65532","69.5","2021-10-30",,,"0.00",",,N","0.0",",,N",,
"US1LASN0007","31.67984","-93.65532","69.5","2021-11-01",,,"0.00",",,N","0.0",",,N",,
"US1LASN0007","31.67984","-93.65532","69.5","2021-11-02",,,"0.00",",,N","0.0",",,N",,
"US1LASN0007","31.67984","-93.65532","69.5","2021-11-03",,,"0.00",",,N","0.0",",,N",,
"US1LASN0007","31.67984","-93.65532","69.5","2021-11-04",,,"0.30",",,N","0.0",",,N",,
"US1LASN0007","31.67984","-93.65532","69.5","2021-11-05",,,"0.00",",,N","0.0",",,N",,
"US1LASN0007","31.67984","-93.65532","69.5","2021-11-06",,,"0.00",",,N","0.0",",,N",,
"US1LASN0007","31.67984","-93.65532","69.5","2021-11-08",,,"0.00",",,N","0.0",",,N",,
"US1LASN0007","31.67984","-93.65532","69.5","2021-11-09",,,"0.00",",,N","0.0",",,N",,
"US1LASN0007","31.67984","-93.65532","69.5","2021-11-10",,,"0.00",",,N","0.0",",,N",,
"US1LASN0007","31.67984","-93.65532","69.5","2021-11-11",,,,,"0.0",",,N",,
"US1LASN0007","31.67984","-93.65532","69.5","2021-11-13",,,"0.00",",,N","0.0",",,N",,
"US1LASN0007","31.67984","-93.65532","69.5","2021-11-14",,,"0.00",",,N","0.0",",,N",,
"US1LASN0007","31.67984","-93.65532","69.5","2021-11-15",,,"0.00",",,N","0.0",",,N",,
"US1LASN0007","31.67984","-93.65532","69.5","2021-11-16",,,"0.00",",,N","0.0",",,N",,
"US1LASN0007","31.67984","-93.65532","69.5","2021-11-17",,,"0.00",",,N","0.0",",,N",,
"US1LASN0007","31.67984","-93.65532","69.5","2021-11-19",,,"0.00",",,N","0.0",",,N",,
"US1LASN0007","31.67984","-93.65532","69.5","2021-11-20",,,"0.00",",,N","0.0",",,N",,
"US1LASN0007","31.67984","-93.65532","69.5","2021-11-22",,,"0.02",",,N",,,,
"US1LASN0007","31.67984","-93.65532","69.5","2021-11-23",,,"0.00",",,N","0.0",",,N",,
"US1LASN0007","31.67984","-93.65532","69.5","2021-11-24",,,"0.00",",,N","0.0",",,N",,
"US1LASN0007","31.67984","-93.65532","69.5","2021-11-25",,,"0.48",",,N",,,,
"US1LASN0007","31.67984","-93.65532","69.5","2021-11-27",,,"0.00",",,N","0.0",",,N",,
"US1LASN0007","31.67984","-93.65532","69.5","2021-11-28",,,"0.35",",,N",,,,
"USC00176722","45.89088","-69.96446","328.0","2021-08-01",,,"0.00",",,7,0700",,,,
"USC00176722","45.89088","-69.96446","328.0","2021-08-02",,,"0.71",",,7,0700",,,,
"USC00176722","45.89088","-69.96446","328.0","2021-08-03",,,"0.18",",,7,0700",,,,
"USC00176722","45.89088","-69.96446","328.0","2021-08-04",,,"0.00",",,7,0700",,,,
"USC00176722","45.89088","-69.96446","328.0","2021-08-05",,,"0.02",",,7,0700",,,,
"USC00176722","45.89088","-69.96446","328.0","2021-08-06",,,"0.01",",,7,0700",,,,
"USC00176722","45.89088","-69.96446","328.0","2021-08-07",,,"0.03",",,7,0700",,,,
"USC00176722","45.89088","-69.96446","328.0","2021-08-08",,,"0.00",",,7,0700",,,,
"USC00176722","45.89088","-69.96446","328.0","2021-08-09",,,"0.00",",,7,0700",,,,
"USC00176722","45.89088","-69.96446","328.0","2021-08-10",,,"0.00",",,7,0700",,,,
"USC00176722","45.89088","-69.96446","328.0","2021-08-11",,,"0.00",",,7,0700",,,,
"USC00176722","45.89088","-69.96446","328.0","2021-08-12",,,"0.00",",,7,0700",,,,
"USC00176722","45.89088","-69.96446","328.0","2021-08-13",,,"0.91",",,7,0700",,,,
"USC00176722","45.89088","-69.96446","328.0","2021-08-24",,,,,,,,
"USC00176722","45.89088","-69.96446","328.0","2021-08-25",,,"0.08",",,7,0700",,,,
"USC00176722","45.89088","-69.96446","328.0","2021-08-26",,,"0.00",",,7,0700",,,,
"USC00176722","45.89088","-69.96446","328.0","2021-08-27",,,"0.07",",,7,0700",,,,
"USC00176722","45.89088","-69.96446","328.0","2021-08-28",,,"0.00",",,7,0700",,,,
"USC00176722","45.89088","-69.96446","328.0","2021-08-29",,,"0.03",",,7,0700",,,,
"USC00176722","45.89088","-69.96446","328.0","2021-08-30",,,"0.48",",,7,0700",,,,
"USC00176722","45.89088","-69.96446","328.0","2021-08-31",,,"0.36",",,7,0700",,,,
"USC00176722","45.89088","-69.96446","328.0","2021-09-01",,,"0.00",",,7,0700",,,,
"USC00176722","45.89088","-69.96446","328.0","2021-09-02",,,"0.02",",,7,0700",,,,
"USC00176722","45.89088","-69.96446","328.0","2021-09-03",,,"0.02",",,7,0700",,,,
"USC00176722","45.89088","-69.96446","328.0","2021-09-04",,,"0.29",",,7,0700",,,,
"USC00176722","45.89088","-69.96446","328.0","2021-09-05",,,"0.03",",,7,0700",,,,
"USC00176722","45.89088","-69.96446","328.0","2021-09-06",,,"0.24",",,7,0700",,,,
"USC00176722","45.89088","-69.96446","328.0","2021-09-07",,,"0.30",",,7,0700",,,,
"USC00176722","45.89088","-69.96446","328.0","2021-09-08",,,"0.03",",,7,0700",,,,
"USC00176722","45.89088","-69.96446","328.0","2021-09-09",,,"0.20",",,7,0700",,,,
"USC00176722","45.89088","-69.96446","328.0","2021-09-10",,,"0.20",",,7,0700",,,,
"USC00176722","45.89088","-69.96446","328.0","2021-09-11",,,"0.19",",,7,0700",,,,
"USC00176722","45.89088","-69.96446","328.0","2021-09-12",,,"0.02",",,7,0700",,,,
"USC00176722","45.89088","-69.96446","328.0","2021-09-13",,,"0.00",",,7,0700",,,,
"USC00176722","45.89088","-69.96446","328.0","2021-09-14",,,"0.00",",,7,0700",,,,
"USC00176722","45.89088","-69.96446","328.0","2021-09-15",,,"0.17",",,7,0700",,,,
"USC00176722","45.89088","-69.96446","328.0","2021-09-16",,,"0.50",",,7,0700",,,,
"USC00176722","45.89088","-69.96446","328.0","2021-09-17",,,"0.00",",,7,0700",,,,
"USC00176722","45.89088","-69.96446","328.0","2021-09-18",,,"0.00",",,7,0700",,,,
"USC00176722","45.89088","-69.96446","328.0","2021-09-19",,,"0.16",",,7,0700",,,,
"USC00176722","45.89088","-69.96446","328.0","2021-09-20",,,"0.02",",,7,0700",,,,
"USC00176722","45.89088","-69.96446","328.0","2021-09-21",,,"0.02",",,7,0700",,,,
"USC00176722","45.89088","-69.96446","328.0","2021-09-22",,,"0.01",",,7,0700",,,,
"USC00176722","45.89088","-69.96446","328.0","2021-09-23",,,"0.00",",,7,0700",,,,
"USC00176722","45.89088","-69.96446","328.0","2021-09-24",,,"0.00",",,7,0700",,,,
"USC00176722","45.89088","-69.96446","328.0","2021-09-25",,,"1.14",",,7,0700",,,,
"USC00176722","45.89088","-69.96446","328.0","2021-09-26",,,"0.10",",,7,0700",,,,
"USC00176722","45.89088","-69.96446","328.0","2021-09-27",,,"0.00",",,7,0700",,,,
"USC00176722","45.89088","-69.96446","328.0","2021-09-28",,,"0.00",",,7,0700",,,,
"USC00176722","45.89088","-69.96446","328.0","2021-09-29",,,"0.00",",,7,0700",,,,
"USC00176722","45.89088","-69.96446","328.0","2021-09-30",,,"0.29",",,7,0700",,,,
"USC00176722","45.89088","-69.96446","328.0","2021-10-01",,,"0.05",",,H,0700",,,,
"USC00176722","45.89088","-69.96446","328.0","2021-10-02",,,"0.03",",,H,0700",,,,
"USC00176722","45.89088","-69.96446","328.0","2021-10-03",,,"0.01",",,H,0700",,,,
"USC00176722","45.89088","-69.96446","328.0","2021-10-04",,,"0.07",",,H,0700",,,,
"USC00176722","45.89088","-69.96446","328.0","2021-10-05",,,"0.00",",,H,0700",,,,
"USC00176722","45.89088","-69.96446","328.0","2021-10-06",,,"0.00",",,H,0700",,,,
"USC00176722","45.89088","-69.96446","328.0","2021-10-07",,,,,,,,
"USC00176722","45.89088","-69.96446","328.0","2021-10-08",,,"0.00",",,H,0700",,,,
"USC00176722","45.89088","-69.96446","328.0","2021-10-09",,,"0.00",",,H,0700",,,,
"USC00176722","45.89088","-69.96446","328.0","2021-10-10",,,"0.02",",,H,0700",,,,
"USC00176722","45.89088","-69.96446","328.0","2021-10-11",,,"0.00",",,H,0700",,,,
"USC00176722","45.89088","-69.96446","328.0","2021-10-12",,,"0.02",",,H,0700",,,,
"USC00176722","45.89088","-69.96446","328.0","2021-10-13",,,"0.00",",,H,0700",,,,
"USC00176722","45.89088","-69.96446","328.0","2021-10-14",,,"0.06",",,H,0700",,,,
"USC00176722","45.89088","-69.96446","328.0","2021-10-15",,,"0.00",",,H,0700",,,,
"USC00176722","45.89088","-69.96446","328.0","2021-10-16",,,"0.06",",,H,0700",,,,
"USC00176722","45.89088","-69.96446","328.0","2021-10-17",,,"1.13",",,H,0700",,,,
"USC00176722","45.89088","-69.96446","328.0","2021-10-18",,,"0.00",",,H,0700",,,,
"USC00176722","45.89088","-69.96446","328.0","2021-10-19",,,"0.02",",,H,0700",,,,
"USC00176722","45.89088","-69.96446","328.0","2021-10-20",,,"0.00",",,H,0700",,,,
"USC00176722","45.89088","-69.96446","328.0","2021-10-21",,,"0.00",",,H,0700",,,,
"USC00176722","45.89088","-69.96446","328.0","2021-10-22",,,"0.06",",,H,0700",,,,
"USC00176722","45.89088","-69.96446","328.0","2021-10-23",,,"0.00",",,H,0700",,,,
"USC00176722","45.89088","-69.96446","328.0","2021-10-24",,,"0.08",",,H,0700",,,,
"USC00176722","45.89088","-69.96446","328.0","2021-10-25",,,"0.05",",,H,0700",,,,
"USC00176722","45.89088","-69.96446","328.0","2021-10-26",,,"0.00",",,H,0700",,,,
"USC00176722","45.89088","-69.96446","328.0","2021-10-27",,,,,,,,
"USC00176722","45.89088","-69.96446","328.0","2021-10-28",,,"0.00",",,H,0700",,,,
"USC00176722","45.89088","-69.96446","328.0","2021-10-29",,,"0.00",",,H,0700",,,,
"USC00176722","45.89088","-69.96446","328.0","2021-10-30",,,"0.01",",,H,0700",,,,
"USC00176722","45.89088","-69.96446","328.0","2021-10-31",,,"1.10",",,H,0700",,,,
"USC00176722","45.89088","-69.96446","328.0","2021-11-01",,,"0.41",",,H,0700",,,,
"USC00176722","45.89088","-69.96446","328.0","2021-11-02",,,"0.00",",,H,0700",,,,
"USC00176722","45.89088","-69.96446","328.0","2021-11-03",,,"0.02",",,H,0700",,,,
"USC00176722","45.89088","-69.96446","328.0","2021-11-04",,,"0.00",",,H,0700",,,,
"USC00176722","45.89088","-69.96446","328.0","2021-11-05",,,"0.00",",,H,0700",,,,
"USC00176722","45.89088","-69.96446","328.0","2021-11-06",,,"0.00",",,H,0700",,,,
"USC00176722","45.89088","-69.96446","328.0","2021-11-07",,,"0.00",",,H,0700",,,,
"USC00176722","45.89088","-69.96446","328.0","2021-11-08",,,"0.00",",,H,0700",,,,
"USC00176722","45.89088","-69.96446","328.0","2021-11-09",,,"0.00",",,H,0700",,,,
"USC00176722","45.89088","-69.96446","328.0","2021-11-10",,,"0.03",",,H,0700",,,,
"USC00176722","45.89088","-69.96446","328.0","2021-11-11",,,"0.00",",,H,0700",,,,
"USC00176722","45.89088","-69.96446","328.0","2021-11-12",,,"0.00",",,H,0700",,,,
"USC00176722","45.89088","-69.96446","328.0","2021-11-13",,,"0.57",",,H,0700",,,,
"USC00176722","45.89088","-69.96446","328.0","2021-11-14",,,"0.44",",,H,0700",,,,
"USC00176722","45.89088","-69.96446","328.0","2021-11-15",,,"0.11",",,H,0700",,,,
"USC00176722","45.89088","-69.96446","328.0","2021-11-16",,,"0.13",",,H,0700",,,,
"USC00176722","45.89088","-69.96446","328.0","2021-11-17",,,"0.01",",,H,0700",,,,
"USC00176722","45.89088","-69.96446","328.0","2021-11-18",,,"0.33",",,H,0700",,,,
"USC00176722","45.89088","-69.96446","328.0","2021-11-19",,,"0.19",",,H,0700",,,,
"USC00176722","45.89088","-69.96446","328.0","2021-11-20",,,"0.06",",,H,0700",,,,
"USC00176722","45.89088","-69.96446","328.0","2021-11-21",,,"0.00",",,H,0700",,,,
"USC00176722","45.89088","-69.96446","328.0","2021-11-22",,,"0.22",",,H,0700",,,,
"USC00176722","45.89088","-69.96446","328.0","2021-11-23",,,"0.06",",,H,0700",,,,
"USC00176722","45.89088","-69.96446","328.0","2021-11-24",,,"0.03",",,H,0700",,,,
"USC00176722","45.89088","-69.96446","328.0","2021-11-25",,,"0.00",",,H,0700",,,,
"USC00176722","45.89088","-69.96446","328.0","2021-11-26",,,"0.07",",,H,0700",,,,
"USC00176722","45.89088","-69.96446","328.0","2021-11-27",,,"0.53",",,H,0700",,,,
"USC00176722","45.89088","-69.96446","328.0","2021-11-28",,,"0.10",",,H,0700",,,,
"USR0000LKIS","31.495","-93.1981","61.0","2021-08-01",,,,,,,"87",",,U"
"USR0000LKIS","31.495","-93.1981","61.0","2021-08-02",,,,,,,"77",",,U"
"USR0000LKIS","31.495","-93.1981","61.0","2021-08-03",,,,,,,"79",",,U"
"USR0000LKIS","31.495","-93.1981","61.0","2021-08-04",,,,,,,"78",",,U"
"USR0000LKIS","31.495","-93.1981","61.0","2021-08-05",,,,,,,"77",",,U"
"USR0000LKIS","31.495","-93.1981","61.0","2021-08-06",,,,,,,"81",",,U"
"USR0000LKIS","31.495","-93.1981","61.0","2021-08-07",,,,,,,"80",",,U"
"USR0000LKIS","31.495","-93.1981","61.0","2021-08-08",,,,,,,"84",",,U"
"USR0000LKIS","31.495","-93.1981","61.0","2021-08-09",,,,,,,"84",",,U"
"USR0000LKIS","31.495","-93.1981","61.0","2021-08-10",,,,,,,"85",",,U"
"USR0000LKIS","31.495","-93.1981","61.0","2021-08-11",,,,,,,"85",",,U"
"USR0000LKIS","31.495","-93.1981","61.0","2021-08-12",,,,,,,"82",",,U"
"USR0000LKIS","31.495","-93.1981","61.0","2021-08-13",,,,,,,"83",",,U"
"USR0000LKIS","31.495","-93.1981","61.0","2021-08-14",,,,,,,"79",",,U"
"USR0000LKIS","31.495","-93.1981","61.0","2021-08-15",,,,,,,"80",",,U"
"USR0000LKIS","31.495","-93.1981","61.0","2021-08-16",,,,,,,"80",",,U"
"USR0000LKIS","31.495","-93.1981","61.0","2021-08-17",,,,,,,"82",",,U"
"USR0000LKIS","31.495","-93.1981","61.0","2021-08-18",,,,,,,"80",",,U"
"USR0000LKIS","31.495","-93.1981","61.0","2021-08-19",,,,,,,"79",",,U"
"USR0000LKIS","31.495","-93.1981","61.0","2021-08-20",,,,,,,"84",",,U"
"USR0000LKIS","31.495","-93.1981","61.0","2021-08-21",,,,,,,"84",",,U"
"USR0000LKIS","31.495","-93.1981","61.0","2021-08-22",,,,,,,"85",",,U"
"USR0000LKIS","31.495","-93.1981","61.0","2021-08-23",,,,,,,"85",",,U"
"USR0000LKIS","31.495","-93.1981","61.0","2021-08-24",,,,,,,"83",",,U"
"USR0000LKIS","31.495","-93.1981","61.0","2021-08-25",,,,,,,"84",",,U"
"USR0000LKIS","31.495","-93.1981","61.0","2021-08-26",,,,,,,"81",",,U"
"USR0000LKIS","31.495","-93.1981","61.0","2021-08-27",,,,,,,"82",",,U"
"USR0000LKIS","31.495","-93.1981","61.0","2021-08-28",,,,,,,"80",",,U"
"USR0000LKIS","31.495","-93.1981","61.0","2021-08-29",,,,,,,"80",",,U"
"USR0000LKIS","31.495","-93.1981","61.0","2021-08-30",,,,,,,"79",",,U"
"USR0000LKIS","31.495","-93.1981","61.0","2021-08-31",,,,,,,"80",",,U"
"USR0000LKIS","31.495","-93.1981","61.0","2021-09-01",,,,,,,"83",",,U"
"USR0000LKIS","31.495","-93.1981","61.0","2021-09-02",,,,,,,"79",",,U"
"USR0000LKIS","31.495","-93.1981","61.0","2021-09-03",,,,,,,"81",",,U"
"USR0000LKIS","31.495","-93.1981","61.0","2021-09-04",,,,,,,"83",",,U"
"USR0000LKIS","31.495","-93.1981","61.0","2021-09-05",,,,,,,"84",",,U"
"USR0000LKIS","31.495","-93.1981","61.0","2021-09-06",,,,,,,"77",",,U"
"USR0000LKIS","31.495","-93.1981","61.0","2021-09-07",,,,,,,"74",",,U"
"USR0000LKIS","31.495","-93.1981","61.0","2021-09-08",,,,,,,"77",",,U"
"USR0000LKIS","31.495","-93.1981","61.0","2021-09-09",,,,,,,"76",",,U"
"USR0000LKIS","31.495","-93.1981","61.0","2021-09-10",,,,,,,"71",",,U"
"USR0000LKIS","31.495","-93.1981","61.0","2021-09-11",,,,,,,"72",",,U"
"USR0000LKIS","31.495","-93.1981","61.0","2021-09-12",,,,,,,"75",",,U"
"USR0000LKIS","31.495","-93.1981","61.0","2021-09-13",,,,,,,"78",",,U"
"USR0000LKIS","31.495","-93.1981","61.0","2021-09-14",,,,,,,"73",",,U"
"USR0000LKIS","31.495","-93.1981","61.0","2021-09-15",,,,,,,"73",",,U"
"USR0000LKIS","31.495","-93.1981","61.0","2021-09-16",,,,,,,"74",",,U"
"USR0000LKIS","31.495","-93.1981","61.0","2021-09-17",,,,,,,"77",",,U"
"USR0000LKIS","31.495","-93.1981","61.0","2021-09-18",,,,,,,"79",",,U"
"USR0000LKIS","31.495","-93.1981","61.0","2021-09-19",,,,,,,"76",",,U"
"USR0000LKIS","31.495","-93.1981","61.0","2021-09-20",,,,,,,"79",",,U"
"USR0000LKIS","31.495","-93.1981","61.0","2021-09-21",,,,,,,"81",",,U"
"USR0000LKIS","31.495","-93.1981","61.0","2021-09-22",,,,,,,"69",",,U"
"USR0000LKIS","31.495","-93.1981","61.0","2021-09-23",,,,,,,"65",",,U"
"USR0000LKIS","31.495","-93.1981","61.0","2021-09-24",,,,,,,"65",",,U"
"USR0000LKIS","31.495","-93.1981","61.0","2021-09-25",,,,,,,"68",",,U"
"USR0000LKIS","31.495","-93.1981","61.0","2021-09-26",,,,,,,"70",",,U"
"USR0000LKIS","31.495","-93.1981","61.0","2021-09-27",,,,,,,"74",",,U"
"USR0000LKIS","31.495","-93.1981","61.0","2021-09-28",,,,,,,"73",",,U"
"USR0000LKIS","31.495","-93.1981","61.0","2021-09-29",,,,,,,"73",",,U"
"USR0000LKIS","31.495","-93.1981","61.0","2021-09-30",,,,,,,"76",",,U"
"USR0000LKIS","31.495","-93.1981","61.0","2021-10-01",,,,,,,"75",",,U"
"USR0000LKIS","31.495","-93.1981","61.0","2021-10-02",,,,,,,"76",",,U"
"USR0000LKIS","31.495","-93.1981","61.0","2021-10-03",,,,,,,"76",",,U"
"USR0000LKIS","31.495","-93.1981","61.0","2021-10-04",,,,,,,"72",",,U"
"USR0000LKIS","31.495","-93.1981","61.0","2021-10-05",,,,,,,"70",",,U"
"USR0000LKIS","31.495","-93.1981","61.0","2021-10-06",,,,,,,"69",",,U"
"USR0000LKIS","31.495","-93.1981","61.0","2021-10-07",,,,,,,"71",",,U"
"USR0000LKIS","31.495","-93.1981","61.0","2021-10-08",,,,,,,"73",",,U"
"USR0000LKIS","31.495","-93.1981","61.0","2021-10-09",,,,,,,"74",",,U"
"USR0000LKIS","31.495","-93.1981","61.0","2021-10-10",,,,,,,"76",",,U"
"USR0000LKIS","31.495","-93.1981","61.0","2021-10-11",,,,,,,"75",",,U"
"USR0000LKIS","31.495","-93.1981","61.0","2021-10-12",,,,,,,"75",",,U"
"USR0000LKIS","31.495","-93.1981","61.0","2021-10-13",,,,,,,"78",",,U"
"USR0000LKIS","31.495","-93.1981","61.0","2021-10-14",,,,,,,"77",",,U"
"USR0000LKIS","31.495","-93.1981","61.0","2021-10-15",,,,,,,"77",",,U"
"USR0000LKIS","31.495","-93.1981","61.0","2021-10-16",,,,,,,"61",",,U"
"USR0000LKIS","31.495","-93.1981","61.0","2021-10-17",,,,,,,"57",",,U"
"USR0000LKIS","31.495","-93.1981","61.0","2021-10-18",,,,,,,"58",",,U"
"USR0000LKIS","31.495","-93.1981","61.0","2021-10-19",,,,,,,"62",",,U"
"USR0000LKIS","31.495","-93.1981","61.0","2021-10-20",,,,,,,"71",",,U"
"USR0000LKIS","31.495","-93.1981","61.0","2021-10-21",,,,,,,"74",",,U"
"USR0000LKIS","31.495","-93.1981","61.0","2021-10-22",,,,,,,"70",",,U"
"USR0000LKIS","31.495","-93.1981","61.0","2021-10-23",,,,,,,"72",",,U"
"USR0000LKIS","31.495","-93.1981","61.0","2021-10-24",,,,,,,"76",",,U"
"USR0000LKIS","31.495","-93.1981","61.0","2021-10-25",,,,,,,"76",",,U"
"USR0000LKIS","31.495","-93.1981","61.0","2021-10-26",,,,,,,"70",",,U"
"USR0000LKIS","31.495","-93.1981","61.0","2021-10-27",,,,,,,"70",",,U"
"USR0000LKIS","31.495","-93.1981","61.0","2021-10-28",,,,,,,"63",",,U"
"USR0000LKIS","31.495","-93.1981","61.0","2021-10-29",,,,,,,"59",",,U"
"USR0000LKIS","31.495","-93.1981","61.0","2021-10-30",,,,,,,"56",",,U"
"USR0000LKIS","31.495","-93.1981","61.0","2021-10-31",,,,,,,"56",",,U"
"USR0000LKIS","31.495","-93.1981","61.0","2021-11-01",,,,,,,"58",",,U"
"USR0000LKIS","31.495","-93.1981","61.0","2021-11-02",,,,,,,"59",",,U"
"USR0000LKIS","31.495","-93.1981","61.0","2021-11-03",,,,,,,"50",",,U"
"USR0000LKIS","31.495","-93.1981","61.0","2021-11-04",,,,,,,"47",",,U"
"USR0000LKIS","31.495","-93.1981","61.0","2021-11-05",,,,,,,"46",",,U"
"USR0000LKIS","31.495","-93.1981","61.0","2021-11-06",,,,,,,"47",",,U"
"USR0000LKIS","31.495","-93.1981","61.0","2021-11-07",,,,,,,"50",",,U"
"USR0000LKIS","31.495","-93.1981","61.0","2021-11-08",,,,,,,"53",",,U"
"USR0000LKIS","31.495","-93.1981","61.0","2021-11-09",,,,,,,"55",",,U"
"USR0000LKIS","31.495","-93.1981","61.0","2021-11-10",,,,,,,"61",",,U"
"USR0000LKIS","31.495","-93.1981","61.0","2021-11-11",,,,,,,"60",",,U"
"USR0000LKIS","31.495","-93.1981","61.0","2021-11-12",,,,,,,"55",",,U"
"USR0000LKIS","31.495","-93.1981","61.0","2021-11-13",,,,,,,"46",",,U"
"USR0000LKIS","31.495","-93.1981","61.0","2021-11-14",,,,,,,"53",",,U"
"USR0000LKIS","31.495","-93.1981","61.0","2021-11-15",,,,,,,"62",",,U"
"USR0000LKIS","31.495","-93.1981","61.0","2021-11-16",,,,,,,"67",",,U"
"USR0000LKIS","31.495","-93.1981","61.0","2021-11-17",,,,,,,"68",",,U"
"USR0000LKIS","31.495","-93.1981","61.0","2021-11-18",,,,,,,"53",",,U"
"USR0000LKIS","31.495","-93.1981","61.0","2021-11-19",,,,,,,"45",",,U"
"USR0000LKIS","31.495","-93.1981","61.0","2021-11-20",,,,,,,"53",",,U"
"USR0000LKIS","31.495","-93.1981","61.0","2021-11-21",,,,,,,"63",",,U"
"USR0000LKIS","31.495","-93.1981","61.0","2021-11-22",,,,,,,"56",",,U"
"USR0000LKIS","31.495","-93.1981","61.0","2021-11-23",,,,,,,"49",",,U"
"USR0000LKIS","31.495","-93.1981","61.0","2021-11-24",,,,,,,"58",",,U"
"USR0000LKIS","31.495","-93.1981","61.0","2021-11-25",,,,,,,"58",",,U"
"USR0000LKIS","31.495","-93.1981","61.0","2021-11-26",,,,,,,"44",",,U"
"USR0000LKIS","31.495","-93.1981","61.0","2021-11-27",,,,,,,"44",",,U"
"USR0000LKIS","31.495","-93.1981","61.0","2021-11-28",,,,,,,"49",",,U"
"US1MEAR0028","46.625475","-67.9927616","184.4","2021-08-01",,,"0.00",",,N","0.0",",,N",,
"US1MEAR0028","46.625475","-67.9927616","184.4","2021-08-02",,,"0.22",",,N",,,,
"US1MEAR0028","46.625475","-67.9927616","184.4","2021-08-03",,,"0.09",",,N",,,,
"US1MEAR0028","46.625475","-67.9927616","184.4","2021-08-04",,,"0.00",",,N","0.0",",,N",,
"US1MEAR0028","46.625475","-67.9927616","184.4","2021-08-05",,,"0.23",",,N",,,,
"US1MEAR0028","46.625475","-67.9927616","184.4","2021-08-06",,,"0.31",",,N",,,,
"US1MEAR0028","46.625475","-67.9927616","184.4","2021-08-07",,,"0.00",",,N","0.0",",,N",,
"US1MEAR0028","46.625475","-67.9927616","184.4","2021-08-08",,,"0.03",",,N",,,,
"US1MEAR0028","46.625475","-67.9927616","184.4","2021-08-09",,,"0.00",",,N","0.0",",,N",,
"US1MEAR0028","46.625475","-67.9927616","184.4","2021-08-10",,,"0.00",",,N","0.0",",,N",,
"US1MEAR0028","46.625475","-67.9927616","184.4","2021-08-11",,,"0.00",",,N","0.0",",,N",,
"US1MEAR0028","46.625475","-67.9927616","184.4","2021-08-12",,,"0.01",",,N",,,,
"US1MEAR0028","46.625475","-67.9927616","184.4","2021-08-13",,,"0.02",",,N",,,,
"US1MEAR0028","46.625475","-67.9927616","184.4","2021-08-14",,,"0.00",",,N","0.0",",,N",,
"US1MEAR0028","46.625475","-67.9927616","184.4","2021-08-15",,,"0.41",",,N",,,,
"US1MEAR0028","46.625475","-67.9927616","184.4","2021-08-16",,,"0.00",",,N","0.0",",,N",,
"US1MEAR0028","46.625475","-67.9927616","184.4","2021-08-17",,,"0.00",",,N","0.0",",,N",,
"US1MEAR0028","46.625475","-67.9927616","184.4","2021-08-18",,,"0.00",",,N","0.0",",,N",,
"US1MEAR0028","46.625475","-67.9927616","184.4","2021-08-19",,,"0.00",",,N","0.0",",,N",,
"US1MEAR0028","46.625475","-67.9927616","184.4","2021-08-20",,,"0.00",",,N","0.0",",,N",,
"US1MEAR0028","46.625475","-67.9927616","184.4","2021-08-21",,,"0.00",",,N","0.0",",,N",,
"US1MEAR0028","46.625475","-67.9927616","184.4","2021-08-22",,,"0.00",",,N","0.0",",,N",,
"US1MEAR0028","46.625475","-67.9927616","184.4","2021-08-23",,,"0.02",",,N","0.0",",,N",,
"US1MEAR0028","46.625475","-67.9927616","184.4","2021-08-24",,,"0.80",",,N",,,,
"US1MEAR0028","46.625475","-67.9927616","184.4","2021-08-25",,,"0.00","T,,N",,,,
"US1MEAR0028","46.625475","-67.9927616","184.4","2021-08-26",,,"0.00",",,N","0.0",",,N",,
"US1MEAR0028","46.625475","-67.9927616","184.4","2021-08-27",,,"0.00",",,N","0.0",",,N",,
"US1MEAR0028","46.625475","-67.9927616","184.4","2021-08-28",,,"0.00",",,N","0.0",",,N",,
"US1MEAR0028","46.625475","-67.9927616","184.4","2021-08-29",,,"0.00",",,N","0.0",",,N",,
"US1MEAR0028","46.625475","-67.9927616","184.4","2021-08-30",,,"0.15",",,N",,,,
"US1MEAR0028","46.625475","-67.9927616","184.4","2021-08-31",,,"0.66",",,N",,,,
"US1MEAR0028","46.625475","-67.9927616","184.4","2021-09-01",,,"0.00",",,N","0.0",",,N",,
"US1MEAR0028","46.625475","-67.9927616","184.4","2021-09-02",,,"0.00","T,,N",,,,
"US1MEAR0028","46.625475","-67.9927616","184.4","2021-09-03",,,"0.18",",,N",,,,
"US1MEAR0028","46.625475","-67.9927616","184.4","2021-09-04",,,"0.05",",,N",,,,
"US1MEAR0028","46.625475","-67.9927616","184.4","2021-09-05",,,"0.00",",,N","0.0",",,N",,
"US1MEAR0028","46.625475","-67.9927616","184.4","2021-09-06",,,"0.42",",,N",,,,
"US1MEAR0028","46.625475","-67.9927616","184.4","2021-09-07",,,"1.48",",,N","0.0",",,N",,
"US1MEAR0028","46.625475","-67.9927616","184.4","2021-09-08",,,"0.02",",,N",,,,
"US1MEAR0028","46.625475","-67.9927616","184.4","2021-09-09",,,"0.03",",,N",,,,
"US1MEAR0028","46.625475","-67.9927616","184.4","2021-09-10",,,"2.21",",,N",,,,
"US1MEAR0028","46.625475","-67.9927616","184.4","2021-09-11",,,"0.11",",,N",,,,
"US1MEAR0028","46.625475","-67.9927616","184.4","2021-09-12",,,"0.00",",,N","0.0",",,N",,
"US1MEAR0028","46.625475","-67.9927616","184.4","2021-09-13",,,"0.12",",,N",,,,
"US1MEAR0028","46.625475","-67.9927616","184.4","2021-09-14",,,"0.00",",,N","0.0",",,N",,
"US1MEAR0028","46.625475","-67.9927616","184.4","2021-09-15",,,"0.03",",,N",,,,
"US1MEAR0028","46.625475","-67.9927616","184.4","2021-09-16",,,"0.17",",,N",,,,
"US1MEAR0028","46.625475","-67.9927616","184.4","2021-09-17",,,"0.00",",,N","0.0",",,N",,
"US1MEAR0028","46.625475","-67.9927616","184.4","2021-09-18",,,"0.00",",,N","0.0",",,N",,
"US1MEAR0028","46.625475","-67.9927616","184.4","2021-09-19",,,"0.02",",,N",,,,
"US1MEAR0028","46.625475","-67.9927616","184.4","2021-09-20",,,"0.00",",,N","0.0",",,N",,
"US1MEAR0028","46.625475","-67.9927616","184.4","2021-09-21",,,"0.00",",,N","0.0",",,N",,
"US1MEAR0028","46.625475","-67.9927616","184.4","2021-09-22",,,"0.00",",,N","0.0",",,N",,
"US1MEAR0028","46.625475","-67.9927616","184.4","2021-09-23",,,"0.00",",,N","0.0",",,N",,
"US1MEAR0028","46.625475","-67.9927616","184.4","2021-09-24",,,"0.00",",,N","0.0",",,N",,
"US1MEAR0028","46.625475","-67.9927616","184.4","2021-09-25",,,"0.92",",,N",,,,
"US1MEAR0028","46.625475","-67.9927616","184.4","2021-09-26",,,"0.17",",,N",,,,
"US1MEAR0028","46.625475","-67.9927616","184.4","2021-09-27",,,"1.52",",,N",,,,
"US1MEAR0028","46.625475","-67.9927616","184.4","2021-09-28",,,"0.04",",,N",,,,
"US1MEAR0028","46.625475","-67.9927616","184.4","2021-09-29",,,"0.00","T,,N",,,,
"US1MEAR0028","46.625475","-67.9927616","184.4","2021-09-30",,,"0.00",",,N","0.0",",,N",,
"US1MEAR0028","46.625475","-67.9927616","184.4","2021-10-01",,,"0.10",",,N",,,,
"US1MEAR0028","46.625475","-67.9927616","184.4","2021-10-02",,,"0.06",",,N",,,,
"US1MEAR0028","46.625475","-67.9927616","184.4","2021-10-03",,,"0.01",",,N",,,,
"US1MEAR0028","46.625475","-67.9927616","184.4","2021-10-04",,,"0.00",",,N","0.0",",,N",,
"US1MEAR0028","46.625475","-67.9927616","184.4","2021-10-05",,,"0.00",",,N","0.0",",,N",,
"US1MEAR0028","46.625475","-67.9927616","184.4","2021-10-06",,,"0.00",",,N","0.0",",,N",,
"US1MEAR0028","46.625475","-67.9927616","184.4","2021-10-07",,,"0.00",",,N","0.0",",,N",,
"US1MEAR0028","46.625475","-67.9927616","184.4","2021-10-08",,,"0.00",",,N","0.0",",,N",,
"US1MEAR0028","46.625475","-67.9927616","184.4","2021-10-09",,,"0.00",",,N","0.0",",,N",,
"US1MEAR0028","46.625475","-67.9927616","184.4","2021-10-10",,,"0.00",",,N","0.0",",,N",,
"US1MEAR0028","46.625475","-67.9927616","184.4","2021-10-11",,,"0.00",",,N","0.0",",,N",,
"US1MEAR0028","46.625475","-67.9927616","184.4","2021-10-12",,,"0.00",",,N","0.0",",,N",,
"US1MEAR0028","46.625475","-67.9927616","184.4","2021-10-13",,,"0.00",",,N","0.0",",,N",,
"US1MEAR0028","46.625475","-67.9927616","184.4","2021-10-14",,,"0.00",",,N","0.0",",,N",,
"US1MEAR0028","46.625475","-67.9927616","184.4","2021-10-15",,,"0.00",",,N","0.0",",,N",,
"US1MEAR0028","46.625475","-67.9927616","184.4","2021-10-16",,,"0.03",",,N",,,,
"US1MEAR0028","46.625475","-67.9927616","184.4","2021-10-17",,,"1.61",",,N",,,,
"US1MEAR0028","46.625475","-67.9927616","184.4","2021-10-18",,,"0.23",",,N",,,,
"US1MEAR0028","46.625475","-67.9927616","184.4","2021-10-19",,,"0.01",",,N",,,,
"US1MEAR0028","46.625475","-67.9927616","184.4","2021-10-20",,,"0.06",",,N",,,,
"US1MEAR0028","46.625475","-67.9927616","184.4","2021-10-21",,,"0.02",",,N",,,,
"US1MEAR0028","46.625475","-67.9927616","184.4","2021-10-22",,,"0.08",",,N",,,,
"US1MEAR0028","46.625475","-67.9927616","184.4","2021-10-23",,,"0.07",",,N",,,,
"US1MEAR0028","46.625475","-67.9927616","184.4","2021-10-24",,,"0.00",",,N","0.0",",,N",,
"US1MEAR0028","46.625475","-67.9927616","184.4","2021-10-25",,,"0.00",",,N","0.0",",,N",,
"US1MEAR0028","46.625475","-67.9927616","184.4","2021-10-26",,,"0.00",",,N","0.0",",,N",,
"US1MEAR0028","46.625475","-67.9927616","184.4","2021-10-27",,,"0.00",",,N","0.0",",,N",,
"US1MEAR0028","46.625475","-67.9927616","184.4","2021-10-28",,,"0.00",",,N","0.0",",,N",,
"US1MEAR0028","46.625475","-67.9927616","184.4","2021-10-29",,,"0.00",",,N","0.0",",,N",,
"US1MEAR0028","46.625475","-67.9927616","184.4","2021-10-30",,,"0.00",",,N","0.0",",,N",,
"US1MEAR0028","46.625475","-67.9927616","184.4","2021-10-31",,,"0.21",",,N",,,,
"US1MEAR0028","46.625475","-67.9927616","184.4","2021-11-01",,,"0.60",",,N",,,,
"US1MEAR0028","46.625475","-67.9927616","184.4","2021-11-02",,,"0.01",",,N",,,,
"USC00166808","30.9678","-91.1003","31.1","2021-08-01",,,"0.40",",,7,0800","0.0",",,7",,
"USC00166808","30.9678","-91.1003","31.1","2021-08-02",,,"0.22",",,7,0800","0.0",",,7",,
"USC00166808","30.9678","-91.1003","31.1","2021-08-03",,,"0.14",",,7,0800","0.0",",,7",,
"USC00166808","30.9678","-91.1003","31.1","2021-08-04",,,"1.57",",,7,0800","0.0",",,7",,
"USC00166808","30.9678","-91.1003","31.1","2021-08-05",,,"0.00",",,7,0800","0.0",",,7",,
"USC00166808","30.9678","-91.1003","31.1","2021-08-06",,,"0.00",",,7,0800","0.0",",,7",,
"USC00166808","30.9678","-91.1003","31.1","2021-08-07",,,"0.00",",,7,0800","0.0",",,7",,
"USC00166808","30.9678","-91.1003","31.1","2021-08-08",,,"0.00",",,7,0800","0.0",",,7",,
"USC00166808","30.9678","-91.1003","31.1","2021-08-09",,,"0.00",",,7,0800","0.0",",,7",,
"USC00166808","30.9678","-91.1003","31.1","2021-08-10",,,"0.20",",,7,0800","0.0",",,7",,
"USC00166808","30.9678","-91.1003","31.1","2021-08-11",,,"0.00",",,7,0800","0.0",",,7",,
"USC00166808","30.9678","-91.1003","31.1","2021-08-12",,,"1.54",",,7,0800","0.0",",,7",,
"USC00166808","30.9678","-91.1003","31.1","2021-08-13",,,"0.00",",,7,0800","0.0",",,7",,
"USC00166808","30.9678","-91.1003","31.1","2021-08-14",,,"0.00",",,7,0800","0.0",",,7",,
"USC00166808","30.9678","-91.1003","31.1","2021-08-15",,,"0.00",",,7,0800","0.0",",,7",,
"USC00166808","30.9678","-91.1003","31.1","2021-08-16",,,"0.32",",,7,0800","0.0",",,7",,
"USC00166808","30.9678","-91.1003","31.1","2021-08-17",,,"0.04",",,7,0800","0.0",",,7",,
"USC00166808","30.9678","-91.1003","31.1","2021-08-18",,,"1.14",",,7,0800","0.0",",,7",,
"USC00166808","30.9678","-91.1003","31.1","2021-08-19",,,"0.05",",,7,0800","0.0",",,7",,
"USC00166808","30.9678","-91.1003","31.1","2021-08-20",,,"0.00",",,7,0800","0.0",",,7",,
"USC00166808","30.9678","-91.1003","31.1","2021-08-21",,,"0.00",",,7,0800","0.0",",,7",,
"USC00166808","30.9678","-91.1003","31.1","2021-08-22",,,"0.00",",,7,0800","0.0",",,7",,
"USC00166808","30.9678","-91.1003","31.1","2021-08-23",,,"0.00",",,7,0800","0.0",",,7",,
"USC00166808","30.9678","-91.1003","31.1","2021-08-24",,,"0.15",",,7,0800","0.0",",,7",,
"USC00166808","30.9678","-91.1003","31.1","2021-08-25",,,"1.56",",,7,0800","0.0",",,7",,
"USC00166808","30.9678","-91.1003","31.1","2021-08-26",,,"0.04",",,7,0800","0.0",",,7",,
"USC00166808","30.9678","-91.1003","31.1","2021-08-27",,,"0.73",",,7,0800","0.0",",,7",,
"USC00166808","30.9678","-91.1003","31.1","2021-08-28",,,"0.00",",,7,0800","0.0",",,7",,
"USC00166808","30.9678","-91.1003","31.1","2021-08-29",,,"0.00",",,7,0800","0.0",",,7",,
"USC00166808","30.9678","-91.1003","31.1","2021-08-30",,,"1.55",",,7,0800","0.0",",,7",,
"USC00166808","30.9678","-91.1003","31.1","2021-08-31",,,"0.00",",,7,0800","0.0",",,7",,
"USC00166808","30.9678","-91.1003","31.1","2021-09-01",,,"0.00",",,7,0800","0.0",",,7",,
"USC00166808","30.9678","-91.1003","31.1","2021-09-02",,,"0.00",",,7,0800","0.0",",,7",,
"USC00166808","30.9678","-91.1003","31.1","2021-09-03",,,"0.00",",,7,0800","0.0",",,7",,
"USC00166808","30.9678","-91.1003","31.1","2021-09-04",,,"0.00",",,7,0800","0.0",",,7",,
"USC00166808","30.9678","-91.1003","31.1","2021-09-05",,,"0.00",",,7,0800","0.0",",,7",,
"USC00166808","30.9678","-91.1003","31.1","2021-09-06",,,"0.00",",,7,0800","0.0",",,7",,
"USC00166808","30.9678","-91.1003","31.1","2021-09-07",,,"0.15",",,7,0800","0.0",",,7",,
"USC00166808","30.9678","-91.1003","31.1","2021-09-08",,,"0.00",",,7,0800","0.0",",,7",,
"USC00166808","30.9678","-91.1003","31.1","2021-09-09",,,"0.00",",,7,0800","0.0",",,7",,
"USC00166808","30.9678","-91.1003","31.1","2021-09-10",,,"0.00",",,7,0800","0.0",",,7",,
"USC00166808","30.9678","-91.1003","31.1","2021-09-11",,,"0.00",",,7,0800","0.0",",,7",,
"USC00166808","30.9678","-91.1003","31.1","2021-09-12",,,"0.00",",,7,0800","0.0",",,7",,
"USC00166808","30.9678","-91.1003","31.1","2021-09-13",,,"0.18",",,7,0800","0.0",",,7",,
"USC00166808","30.9678","-91.1003","31.1","2021-09-14",,,"0.43",",,7,0800","0.0",",,7",,
"USC00166808","30.9678","-91.1003","31.1","2021-09-15",,,"3.07",",,7,0800","0.0",",,7",,
"USC00166808","30.9678","-91.1003","31.1","2021-09-16",,,"0.06",",,7,0800","0.0",",,7",,
"USC00166808","30.9678","-91.1003","31.1","2021-09-17",,,"0.72",",,7,0800","0.0",",,7",,
"USC00166808","30.9678","-91.1003","31.1","2021-09-18",,,"0.00",",,7,0800","0.0",",,7",,
"USC00166808","30.9678","-91.1003","31.1","2021-09-19",,,"0.00",",,7,0800","0.0",",,7",,
"USC00166808","30.9678","-91.1003","31.1","2021-09-20",,,"0.40",",,7,0800","0.0",",,7",,
"USC00166808","30.9678","-91.1003","31.1","2021-09-21",,,"0.00",",,7,0800","0.0",",,7",,
"USC00166808","30.9678","-91.1003","31.1","2021-09-22",,,"0.63",",,7,0800","0.0",",,7",,
"USC00166808","30.9678","-91.1003","31.1","2021-09-23",,,"0.00",",,7,0800","0.0",",,7",,
"USC00166808","30.9678","-91.1003","31.1","2021-09-24",,,"0.00",",,7,0800","0.0",",,7",,
"USC00166808","30.9678","-91.1003","31.1","2021-09-25",,,"0.00",",,7,0800","0.0",",,7",,
"USC00166808","30.9678","-91.1003","31.1","2021-09-26",,,"0.00",",,7,0800","0.0",",,7",,
"USC00166808","30.9678","-91.1003","31.1","2021-09-27",,,"0.00",",,7,0800","0.0",",,7",,
"USC00166808","30.9678","-91.1003","31.1","2021-09-28",,,"0.00",",,7,0800","0.0",",,7",,
"USC00166808","30.9678","-91.1003","31.1","2021-09-29",,,"0.30",",,7,0800","0.0",",,7",,
"USC00166808","30.9678","-91.1003","31.1","2021-09-30",,,"0.32",",,7,0800","0.0",",,7",,
"USC00173570","44.3744","-70.3163","214.9","2021-08-01","0.00",",,7","0.00",",,7,0700","0.0",",,7,0700",,
"USC00173570","44.3744","-70.3163","214.9","2021-08-02","0.89",",,7","0.22",",,7,0700","0.0",",,7,0700",,
"USC00173570","44.3744","-70.3163","214.9","2021-08-03","0.00",",,7","0.00","T,,7,0700","0.0",",,7,0700",,
"USC00173570","44.3744","-70.3163","214.9","2021-08-04","0.00",",,7","0.00",",,7,0700","0.0",",,7,0700",,
"USC00173570","44.3744","-70.3163","214.9","2021-08-05","0.00",",,7","0.00",",,7,0700","0.0",",,7,0700",,
"USC00173570","44.3744","-70.3163","214.9","2021-08-06","0.00",",,7","0.09",",,7,0700","0.0",",,7,0700",,
"USC00173570","44.3744","-70.3163","214.9","2021-08-07","0.00",",,7","0.00",",,7,0700","0.0",",,7,0700",,
"USC00173570","44.3744","-70.3163","214.9","2021-08-08","0.00",",,7","0.05",",,7,0700","0.0",",,7,0700",,
"USC00173570","44.3744","-70.3163","214.9","2021-08-09","0.00",",,7","0.00",",,7,0700","0.0",",,7,0700",,
"USC00173570","44.3744","-70.3163","214.9","2021-08-10","0.00",",,7","0.01",",,7,0700","0.0",",,7,0700",,
"USC00173570","44.3744","-70.3163","214.9","2021-08-11","4.03",",,7","0.00","T,,7,0700","0.0",",,7,0700",,
"USC00173570","44.3744","-70.3163","214.9","2021-08-12","2.91",",,7","0.03",",,7,0700","0.0",",,7,0700",,
"USC00173570","44.3744","-70.3163","214.9","2021-08-13","2.91",",,7","0.00","T,,7,0700","0.0",",,7,0700",,
"USC00173570","44.3744","-70.3163","214.9","2021-08-14","0.00",",,7","0.04",",,7,0700","0.0",",,7,0700",,
"USC00173570","44.3744","-70.3163","214.9","2021-08-15","4.92",",,7","1.15",",,7,0700","0.0",",,7,0700",,
"USC00173570","44.3744","-70.3163","214.9","2021-08-16","0.00",",,7","0.00",",,7,0700","0.0",",,7,0700",,
"USC00173570","44.3744","-70.3163","214.9","2021-08-17","0.00",",,7","0.00",",,7,0700","0.0",",,7,0700",,
"USC00173570","44.3744","-70.3163","214.9","2021-08-18","0.00",",,7","0.02",",,7,0700","0.0",",,7,0700",,
"USC00173570","44.3744","-70.3163","214.9","2021-08-19","0.00",",,7","0.55",",,7,0700","0.0",",,7,0700",,
"USC00173570","44.3744","-70.3163","214.9","2021-08-20","2.91",",,7","0.23",",,7,0700","0.0",",,7,0700",,
"USC00173570","44.3744","-70.3163","214.9","2021-08-21","2.01",",,7","0.00",",,7,0700","0.0",",,7,0700",,
"USC00173570","44.3744","-70.3163","214.9","2021-08-22","6.93",",,7","0.02",",,7,0700","0.0",",,7,0700",,
"USC00173570","44.3744","-70.3163","214.9","2021-08-23","2.01",",,7","0.35",",,7,0700","0.0",",,7,0700",,
"USC00173570","44.3744","-70.3163","214.9","2021-08-24","2.01",",,7","0.04",",,7,0700","0.0",",,7,0700",,
"USC00173570","44.3744","-70.3163","214.9","2021-08-25","2.01",",,7","0.00",",,7,0700","0.0",",,7,0700",,
"USC00173570","44.3744","-70.3163","214.9","2021-08-26","0.00",",,7","0.00",",,7,0700","0.0",",,7,0700",,
"USC00173570","44.3744","-70.3163","214.9","2021-08-27","2.01",",,7","0.00",",,7,0700","0.0",",,7,0700",,
"USC00173570","44.3744","-70.3163","214.9","2021-08-28","2.01",",,7","0.00",",,7,0700","0.0",",,7,0700",,
"USC00173570","44.3744","-70.3163","214.9","2021-08-29","2.91",",,7","0.28",",,7,0700","0.0",",,7,0700",,
"USC00173570","44.3744","-70.3163","214.9","2021-08-30","2.01",",,7","0.02",",,7,0700","0.0",",,7,0700",,
"USC00173570","44.3744","-70.3163","214.9","2021-08-31","0.00",",,7","0.15",",,7,0700","0.0",",,7,0700",,
"USC00173570","44.3744","-70.3163","214.9","2021-09-01","2.91",",,7","0.00",",,7,0700","0.0",",,7,0700",,
"USC00173570","44.3744","-70.3163","214.9","2021-09-02","6.93",",,7","0.92",",,7,0700","0.0",",,7,0700",,
"USC00173570","44.3744","-70.3163","214.9","2021-09-03","6.93",",,7","0.01",",,7,0700","0.0",",,7,0700",,
"USC00173570","44.3744","-70.3163","214.9","2021-09-04","2.01",",,7","0.07",",,7,0700","0.0",",,7,0700",,
"USC00173570","44.3744","-70.3163","214.9","2021-09-05","0.00",",,7","0.00",",,7,0700","0.0",",,7,0700",,
"USC00173570","44.3744","-70.3163","214.9","2021-09-06","0.00",",,7","0.12",",,7,0700","0.0",",,7,0700",,
"USC00173570","44.3744","-70.3163","214.9","2021-09-07","2.01",",,7","0.03",",,7,0700","0.0",",,7,0700",,
"USC00173570","44.3744","-70.3163","214.9","2021-09-08","2.91",",,7","0.00",",,7,0700","0.0",",,7,0700",,
"USC00173570","44.3744","-70.3163","214.9","2021-09-09","0.00",",,7","0.26",",,7,0700","0.0",",,7,0700",,
"USC00173570","44.3744","-70.3163","214.9","2021-09-10","0.00",",,7","1.53",",,7,0700","0.0",",,7,0700",,
"USC00173570","44.3744","-70.3163","214.9","2021-09-11","0.00",",,7","0.00","T,,7,0700","0.0",",,7,0700",,
"USC00173570","44.3744","-70.3163","214.9","2021-09-12","0.00",",,7","0.00",",,7,0700","0.0",",,7,0700",,
"USC00173570","44.3744","-70.3163","214.9","2021-09-13","0.00",",,7","0.00","T,,7,0700","0.0",",,7,0700",,
"USC00173570","44.3744","-70.3163","214.9","2021-09-14","0.00",",,7","0.00",",,7,0700","0.0",",,7,0700",,
"USC00173570","44.3744","-70.3163","214.9","2021-09-15","4.03",",,7","0.00","T,,7,0700","0.0",",,7,0700",,
"USC00173570","44.3744","-70.3163","214.9","2021-09-16",,,"0.53",",,7,0700","0.0",",,7,0700",,
"USC00173570","44.3744","-70.3163","214.9","2021-09-17","2.01",",,7","0.00",",,7,0700","0.0",",,7,0700",,
"USC00173570","44.3744","-70.3163","214.9","2021-09-18","0.00",",,7","0.00",",,7,0700","0.0",",,7,0700",,
"USC00173570","44.3744","-70.3163","214.9","2021-09-19","0.00",",,7","0.41",",,7,0700","0.0",",,7,0700",,
"USC00173570","44.3744","-70.3163","214.9","2021-09-20","0.00",",,7","0.00",",,7,0700","0.0",",,7,0700",,
"USC00173570","44.3744","-70.3163","214.9","2021-09-21","0.00",",,7","0.00",",,7,0700","0.0",",,7,0700",,
"USC00173570","44.3744","-70.3163","214.9","2021-09-22","2.91",",,7","0.01",",,7,0700","0.0",",,7,0700",,
"USC00173570","44.3744","-70.3163","214.9","2021-09-23","6.93",",,7","0.08",",,7,0700","0.0",",,7,0700",,
"USC00173570","44.3744","-70.3163","214.9","2021-09-24","2.91",",,7","0.02",",,7,0700","0.0",",,7,0700",,
"USC00173570","44.3744","-70.3163","214.9","2021-09-25","0.00",",,7","0.54",",,7,0700","0.0",",,7,0700",,
"USC00173570","44.3744","-70.3163","214.9","2021-09-26","0.00",",,7","0.03",",,7,0700","0.0",",,7,0700",,
"USC00173570","44.3744","-70.3163","214.9","2021-09-27","0.89",",,7","0.16",",,7,0700","0.0",",,7,0700",,
"USC00173570","44.3744","-70.3163","214.9","2021-09-28","0.00",",,7","0.01",",,7,0700","0.0",",,7,0700",,
"USC00173570","44.3744","-70.3163","214.9","2021-09-29","0.00",",,7","0.00",",,7,0700","0.0",",,7,0700",,
"USC00173570","44.3744","-70.3163","214.9","2021-09-30","2.91",",,7","0.02",",,7,0700","0.0",",,7,0700",,
"USC00173570","44.3744","-70.3163","214.9","2021-10-01","0.00",",,7","0.09",",,7,0700","0.0",",,7,0700",,
"USC00173570","44.3744","-70.3163","214.9","2021-10-02","0.00",",,7","0.00",",,7,0700","0.0",",,7,0700",,
"USC00173570","44.3744","-70.3163","214.9","2021-10-03","0.00",",,7","0.03",",,7,0700","0.0",",,7,0700",,
"USC00173570","44.3744","-70.3163","214.9","2021-10-04","0.00",",,7","0.16",",,7,0700","0.0",",,7,0700",,
"USC00173570","44.3744","-70.3163","214.9","2021-10-05","0.00",",,7","0.00",",,7,0700","0.0",",,7,0700",,
"USC00173570","44.3744","-70.3163","214.9","2021-10-06","2.01",",,7","0.00",",,7,0700","0.0",",,7,0700",,
"USC00173570","44.3744","-70.3163","214.9","2021-10-07","0.00",",,7","0.00",",,7,0700","0.0",",,7,0700",,
"USC00173570","44.3744","-70.3163","214.9","2021-10-08","0.00",",,7","0.00",",,7,0700","0.0",",,7,0700",,
"USC00173570","44.3744","-70.3163","214.9","2021-10-09","2.01",",,7","0.00",",,7,0700","0.0",",,7,0700",,
"USC00173570","44.3744","-70.3163","214.9","2021-10-10","0.00",",,7","0.00","T,,7,0700","0.0",",,7,0700",,
"USC00173570","44.3744","-70.3163","214.9","2021-10-11","2.01",",,7","0.00",",,7,0700","0.0",",,7,0700",,
"USC00173570","44.3744","-70.3163","214.9","2021-10-12","0.00",",,7","0.00",",,7,0700","0.0",",,7,0700",,
"USC00173570","44.3744","-70.3163","214.9","2021-10-13","0.00",",,7","0.00",",,7,0700","0.0",",,7,0700",,
"USC00173570","44.3744","-70.3163","214.9","2021-10-14","0.00",",,7","0.00",",,7,0700","0.0",",,7,0700",,
"USC00173570","44.3744","-70.3163","214.9","2021-10-15","4.03",",,7","0.00",",,7,0700","0.0",",,7,0700",,
"USC00173570","44.3744","-70.3163","214.9","2021-10-16","2.91",",,7","0.33",",,7,0700","0.0",",,7,0700",,
"USC00173570","44.3744","-70.3163","214.9","2021-10-17","8.95",",,7","0.53",",,7,0700","0.0",",,7,0700",,
"USC00173570","44.3744","-70.3163","214.9","2021-10-18","2.01",",,7","0.00",",,7,0700","0.0",",,7,0700",,
"USC00173570","44.3744","-70.3163","214.9","2021-10-19","2.01",",,7","0.00","T,,7,0700","0.0",",,7,0700",,
"USC00173570","44.3744","-70.3163","214.9","2021-10-20","2.91",",,7","0.00","T,,7,0700","0.0",",,7,0700",,
"USC00173570","44.3744","-70.3163","214.9","2021-10-21","2.01",",,7","0.00","T,,7,0700","0.0",",,7,0700",,
"USC00173570","44.3744","-70.3163","214.9","2021-10-22","2.01",",,7","0.12",",,7,0700","0.0",",,7,0700",,
"USC00173570","44.3744","-70.3163","214.9","2021-10-23","0.00",",,7","0.00",",,7,0700","0.0",",,7,0700",,
"USC00173570","44.3744","-70.3163","214.9","2021-10-24","8.95",",,7","0.00",",,7,0700","0.0",",,7,0700",,
"USC00173570","44.3744","-70.3163","214.9","2021-10-25","0.00",",,7","0.00","T,,7,0700","0.0",",,7,0700",,
"USC00173570","44.3744","-70.3163","214.9","2021-10-26","4.92",",,7","0.37",",,7,0700","0.0",",,7,0700",,
"USC00173570","44.3744","-70.3163","214.9","2021-10-27","10.96",",,7","0.34",",,7,0700","0.0",",,7,0700",,
"USC00173570","44.3744","-70.3163","214.9","2021-10-28","2.91",",,7","0.02",",,7,0700","0.0",",,7,0700",,
"USC00173570","44.3744","-70.3163","214.9","2021-10-29","2.01",",,7","0.00",",,7,0700","0.0",",,7,0700",,
"USC00173570","44.3744","-70.3163","214.9","2021-10-30","4.03",",,7","0.02",",,7,0700","0.0",",,7,0700",,
"USC00173570","44.3744","-70.3163","214.9","2021-10-31","10.96",",,7","2.21",",,7,0700","0.0",",,7,0700",,
"USC00173570","44.3744","-70.3163","214.9","2021-11-01",,,"0.10",",,H,0700","0.0",",,H,0700",,
"USC00173570","44.3744","-70.3163","214.9","2021-11-02",,,"0.02",",,H,0700","0.0",",,H,0700",,
"USC00173570","44.3744","-70.3163","214.9","2021-11-03",,,"0.01",",,H,0700","0.0",",,H,0700",,
"USC00173570","44.3744","-70.3163","214.9","2021-11-04",,,"0.00",",,H,0700","0.0",",,H,0700",,
"USC00173570","44.3744","-70.3163","214.9","2021-11-05",,,"0.00",",,H,0700","0.0",",,H,0700",,
"USC00173570","44.3744","-70.3163","214.9","2021-11-06",,,"0.00",",,H,0700","0.0",",,H,0700",,
"USC00173570","44.3744","-70.3163","214.9","2021-11-07",,,"0.00",",,H,0700","0.0",",,H,0700",,
"USC00173570","44.3744","-70.3163","214.9","2021-11-08",,,"0.00",",,H,0700","0.0",",,H,0700",,
"USC00173570","44.3744","-70.3163","214.9","2021-11-09",,,"0.00",",,H,0700","0.0",",,H,0700",,
"USC00173570","44.3744","-70.3163","214.9","2021-11-10",,,"0.08",",,H,0700","0.0",",,H,0700",,
"USC00173570","44.3744","-70.3163","214.9","2021-11-11",,,"0.05",",,H,0700","0.0",",,H,0700",,
"USC00173570","44.3744","-70.3163","214.9","2021-11-12",,,"0.00",",,H,0700","0.0",",,H,0700",,
"USC00173570","44.3744","-70.3163","214.9","2021-11-13",,,"1.66",",,H,0700","0.0",",,H,0700",,
"USC00173570","44.3744","-70.3163","214.9","2021-11-14",,,"0.24",",,H,0700","0.0",",,H,0700",,
"USC00173570","44.3744","-70.3163","214.9","2021-11-15",,,"0.21",",,H,0700","0.0",",,H,0700",,
"USC00173570","44.3744","-70.3163","214.9","2021-11-16",,,"0.00",",,H,0700","0.0",",,H,0700",,
"USC00173570","44.3744","-70.3163","214.9","2021-11-17",,,"0.00",",,H,0700","0.0",",,H,0700",,
"USC00173570","44.3744","-70.3163","214.9","2021-11-18",,,"0.03",",,H,0700","0.0",",,H,0700",,
"USC00173570","44.3744","-70.3163","214.9","2021-11-19",,,"0.12",",,H,0700","0.0",",,H,0700",,
"USC00173570","44.3744","-70.3163","214.9","2021-11-20",,,"0.00",",,H,0700","0.0",",,H,0700",,
"USC00173570","44.3744","-70.3163","214.9","2021-11-21",,,"0.00",",,H,0700","0.0",",,H,0700",,
"USC00173570","44.3744","-70.3163","214.9","2021-11-22",,,"0.14",",,H,0700","0.0",",,H,0700",,
"USC00173570","44.3744","-70.3163","214.9","2021-11-23",,,"0.10",",,H,0700","0.0",",,H,0700",,
"USC00173570","44.3744","-70.3163","214.9","2021-11-24",,,"0.00",",,H,0700","0.0",",,H,0700",,
"USC00173570","44.3744","-70.3163","214.9","2021-11-25",,,"0.00",",,H,0700","0.0",",,H,0700",,
"USC00173570","44.3744","-70.3163","214.9","2021-11-26",,,"0.00",",,H,0700","0.0",",,H,0700",,
"USC00173570","44.3744","-70.3163","214.9","2021-11-27",,,"0.22",",,H,0700","1.1",",,H,0700",,
"USC00173570","44.3744","-70.3163","214.9","2021-11-28",,,"0.22",",,H,0700","1.1",",,H,0700",,
"US1LASN0003","31.7014271","-93.4070032","80.5","2021-08-01",,,"0.00",",,N","0.0",",,N",,
"US1LASN0003","31.7014271","-93.4070032","80.5","2021-08-02",,,"1.25",",,N",,,,
"US1LASN0003","31.7014271","-93.4070032","80.5","2021-08-03",,,"0.90",",,N",,,,
"US1LASN0003","31.7014271","-93.4070032","80.5","2021-08-05",,,"0.00",",,N","0.0",",,N",,
"US1LASN0003","31.7014271","-93.4070032","80.5","2021-08-06",,,"0.00",",,N","0.0",",,N",,
"US1LASN0003","31.7014271","-93.4070032","80.5","2021-08-07",,,"0.00",",,N","0.0",",,N",,
"US1LASN0003","31.7014271","-93.4070032","80.5","2021-08-08",,,"0.00",",,N","0.0",",,N",,
"US1LASN0003","31.7014271","-93.4070032","80.5","2021-08-09",,,"0.00",",,N","0.0",",,N",,
"US1LASN0003","31.7014271","-93.4070032","80.5","2021-08-10",,,"0.00",",,N","0.0",",,N",,
"US1LASN0003","31.7014271","-93.4070032","80.5","2021-08-11",,,"0.00",",,N","0.0",",,N",,
"US1LASN0003","31.7014271","-93.4070032","80.5","2021-08-12",,,"0.00",",,N","0.0",",,N",,
"US1LASN0003","31.7014271","-93.4070032","80.5","2021-08-13",,,"0.00",",,N","0.0",",,N",,
"US1LASN0003","31.7014271","-93.4070032","80.5","2021-08-14",,,"0.00",",,N","0.0",",,N",,
"US1LASN0003","31.7014271","-93.4070032","80.5","2021-08-15",,,"0.00",",,N","0.0",",,N",,
"US1LASN0003","31.7014271","-93.4070032","80.5","2021-08-16",,,"0.00",",,N","0.0",",,N",,
"US1LASN0003","31.7014271","-93.4070032","80.5","2021-08-17",,,"0.00",",,N","0.0",",,N",,
"US1LASN0003","31.7014271","-93.4070032","80.5","2021-08-18",,,"0.00",",,N","0.0",",,N",,
"US1LASN0003","31.7014271","-93.4070032","80.5","2021-08-19",,,"0.07",",,N",,,,
"US1LASN0003","31.7014271","-93.4070032","80.5","2021-08-20",,,"0.46",",,N",,,,
"US1LASN0003","31.7014271","-93.4070032","80.5","2021-08-21",,,"0.00",",,N","0.0",",,N",,
"US1LASN0003","31.7014271","-93.4070032","80.5","2021-08-22",,,"0.00",",,N","0.0",",,N",,
"US1LASN0003","31.7014271","-93.4070032","80.5","2021-08-23",,,"0.00",",,N","0.0",",,N",,
"US1LASN0003","31.7014271","-93.4070032","80.5","2021-08-24",,,"0.00",",,N","0.0",",,N",,
"US1LASN0003","31.7014271","-93.4070032","80.5","2021-08-25",,,"0.08",",,N",,,,
"US1LASN0003","31.7014271","-93.4070032","80.5","2021-08-26",,,"0.00",",,N","0.0",",,N",,
"US1LASN0003","31.7014271","-93.4070032","80.5","2021-08-27",,,"0.08",",,N",,,,
"US1LASN0003","31.7014271","-93.4070032","80.5","2021-08-28",,,"0.00",",,N","0.0",",,N",,
"US1LASN0003","31.7014271","-93.4070032","80.5","2021-08-29",,,"0.24",",,N",,,,
"US1LASN0003","31.7014271","-93.4070032","80.5","2021-08-30",,,"0.38",",,N",,,,
"US1LASN0003","31.7014271","-93.4070032","80.5","2021-08-31",,,"0.00",",,N","0.0",",,N",,
"US1LASN0003","31.7014271","-93.4070032","80.5","2021-09-01",,,"0.00",",,N","0.0",",,N",,
"US1LASN0003","31.7014271","-93.4070032","80.5","2021-09-02",,,"0.00",",,N","0.0",",,N",,
"US1LASN0003","31.7014271","-93.4070032","80.5","2021-09-03",,,"0.20",",,N",,,,
"US1LASN0003","31.7014271","-93.4070032","80.5","2021-09-04",,,"0.00",",,N","0.0",",,N",,
"US1LASN0003","31.7014271","-93.4070032","80.5","2021-09-05",,,"0.00",",,N","0.0",",,N",,
"US1LASN0003","31.7014271","-93.4070032","80.5","2021-09-06",,,"0.17",",,N",,,,
"US1LASN0003","31.7014271","-93.4070032","80.5","2021-09-07",,,"0.00",",,N","0.0",",,N",,
"US1LASN0003","31.7014271","-93.4070032","80.5","2021-09-08",,,"0.00",",,N","0.0",",,N",,
"US1LASN0003","31.7014271","-93.4070032","80.5","2021-09-09",,,"0.00",",,N","0.0",",,N",,
"US1LASN0003","31.7014271","-93.4070032","80.5","2021-09-10",,,"0.00",",,N","0.0",",,N",,
"US1LASN0003","31.7014271","-93.4070032","80.5","2021-09-11",,,"0.00",",,N","0.0",",,N",,
"US1LASN0003","31.7014271","-93.4070032","80.5","2021-09-12",,,"0.00",",,N","0.0",",,N",,
"US1LASN0003","31.7014271","-93.4070032","80.5","2021-09-13",,,"0.00",",,N","0.0",",,N",,
"US1LASN0003","31.7014271","-93.4070032","80.5","2021-09-14",,,"0.23",",,N",,,,
"US1LASN0003","31.7014271","-93.4070032","80.5","2021-09-15",,,"0.25",",,N",,,,
"US1LASN0003","31.7014271","-93.4070032","80.5","2021-09-16",,,"0.00",",,N","0.0",",,N",,
"US1LASN0003","31.7014271","-93.4070032","80.5","2021-09-17",,,"0.00",",,N","0.0",",,N",,
"US1LASN0003","31.7014271","-93.4070032","80.5","2021-09-18",,,"0.00",",,N","0.0",",,N",,
"US1LASN0003","31.7014271","-93.4070032","80.5","2021-09-19",,,"0.00",",,N","0.0",",,N",,
"US1LASN0003","31.7014271","-93.4070032","80.5","2021-09-20",,,"0.24",",,N",,,,
"US1LASN0003","31.7014271","-93.4070032","80.5","2021-09-21",,,"0.00",",,N","0.0",",,N",,
"US1LASN0003","31.7014271","-93.4070032","80.5","2021-09-22",,,"0.20",",,N",,,,
"US1LASN0003","31.7014271","-93.4070032","80.5","2021-09-23",,,"0.00",",,N","0.0",",,N",,
"US1LASN0003","31.7014271","-93.4070032","80.5","2021-09-24",,,"0.00",",,N","0.0",",,N",,
"US1LASN0003","31.7014271","-93.4070032","80.5","2021-09-25",,,"0.00",",,N","0.0",",,N",,
"US1LASN0003","31.7014271","-93.4070032","80.5","2021-09-26",,,"0.00",",,N","0.0",",,N",,
"US1LASN0003","31.7014271","-93.4070032","80.5","2021-09-27",,,"0.00",",,N","0.0",",,N",,
"US1LASN0003","31.7014271","-93.4070032","80.5","2021-09-28",,,"0.00",",,N","0.0",",,N",,
"US1LASN0003","31.7014271","-93.4070032","80.5","2021-09-29",,,"0.52",",,N",,,,
"US1LASN0003","31.7014271","-93.4070032","80.5","2021-09-30",,,"0.11",",,N",,,,
"US1LASN0003","31.7014271","-93.4070032","80.5","2021-10-01",,,"0.03",",,N",,,,
"US1LASN0003","31.7014271","-93.4070032","80.5","2021-10-02",,,"0.72",",,N",,,,
"US1LASN0003","31.7014271","-93.4070032","80.5","2021-10-03",,,"0.00",",,N","0.0",",,N",,
"US1LASN0003","31.7014271","-93.4070032","80.5","2021-10-04",,,"0.00",",,N","0.0",",,N",,
"US1LASN0003","31.7014271","-93.4070032","80.5","2021-10-05",,,"0.00",",,N","0.0",",,N",,
"US1LASN0003","31.7014271","-93.4070032","80.5","2021-10-06",,,"0.00",",,N","0.0",",,N",,
"US1LASN0003","31.7014271","-93.4070032","80.5","2021-10-07",,,"0.00",",,N","0.0",",,N",,
"US1LASN0003","31.7014271","-93.4070032","80.5","2021-10-08",,,"0.00",",,N","0.0",",,N",,
"US1LASN0003","31.7014271","-93.4070032","80.5","2021-10-09",,,"0.00",",,N","0.0",",,N",,
"US1LASN0003","31.7014271","-93.4070032","80.5","2021-10-10",,,"0.00",",,N","0.0",",,N",,
"US1LASN0003","31.7014271","-93.4070032","80.5","2021-10-11",,,"0.11",",,N",,,,
"US1LASN0003","31.7014271","-93.4070032","80.5","2021-10-12",,,"0.00",",,N","0.0",",,N",,
"US1LASN0003","31.7014271","-93.4070032","80.5","2021-10-13",,,"0.00",",,N","0.0",",,N",,
"US1LASN0003","31.7014271","-93.4070032","80.5","2021-10-14",,,"0.00",",,N","0.0",",,N",,
"US1LASN0003","31.7014271","-93.4070032","80.5","2021-10-15",,,"0.00",",,N","0.0",",,N",,
"US1LASN0003","31.7014271","-93.4070032","80.5","2021-10-16",,,"0.00",",,N","0.0",",,N",,
"US1LASN0003","31.7014271","-93.4070032","80.5","2021-10-17",,,"0.00",",,N","0.0",",,N",,
"US1LASN0003","31.7014271","-93.4070032","80.5","2021-10-18",,,"0.00",",,N","0.0",",,N",,
"US1LASN0003","31.7014271","-93.4070032","80.5","2021-10-19",,,"0.00",",,N",,,,
"US1LASN0003","31.7014271","-93.4070032","80.5","2021-10-20",,,"0.00",",,N",,,,
"US1LASN0003","31.7014271","-93.4070032","80.5","2021-10-21",,,"0.00",",,N","0.0",",,N",,
"US1LASN0003","31.7014271","-93.4070032","80.5","2021-10-22",,,"0.00",",,N","0.0",",,N",,
"US1LASN0003","31.7014271","-93.4070032","80.5","2021-10-23",,,"0.00",",,N","0.0",",,N",,
"US1LASN0003","31.7014271","-93.4070032","80.5","2021-10-24",,,"0.00",",,N","0.0",",,N",,
"US1LASN0003","31.7014271","-93.4070032","80.5","2021-10-25",,,"0.00",",,N","0.0",",,N",,
"US1LASN0003","31.7014271","-93.4070032","80.5","2021-10-26",,,"0.00",",,N","0.0",",,N",,
"US1LASN0003","31.7014271","-93.4070032","80.5","2021-10-27",,,"0.00",",,N","0.0",",,N",,
"US1LASN0003","31.7014271","-93.4070032","80.5","2021-10-28",,,"1.07",",,N",,,,
"US1LASN0003","31.7014271","-93.4070032","80.5","2021-10-29",,,"0.00",",,N","0.0",",,N",,
"US1LASN0003","31.7014271","-93.4070032","80.5","2021-10-30",,,"0.00",",,N","0.0",",,N",,
"US1LASN0003","31.7014271","-93.4070032","80.5","2021-10-31",,,"0.00",",,N","0.0",",,N",,
"US1LASN0003","31.7014271","-93.4070032","80.5","2021-11-01",,,"0.00",",,N","0.0",",,N",,
"US1LASN0003","31.7014271","-93.4070032","80.5","2021-11-02",,,"0.00",",,N","0.0",",,N",,
"US1LASN0003","31.7014271","-93.4070032","80.5","2021-11-03",,,"0.00",",,N","0.0",",,N",,
"US1LASN0003","31.7014271","-93.4070032","80.5","2021-11-04",,,"0.30",",,N",,,,
"US1LASN0003","31.7014271","-93.4070032","80.5","2021-11-05",,,"0.00",",,N","0.0",",,N",,
"US1LASN0003","31.7014271","-93.4070032","80.5","2021-11-06",,,"0.00",",,N","0.0",",,N",,
"US1LASN0003","31.7014271","-93.4070032","80.5","2021-11-07",,,"0.00",",,N","0.0",",,N",,
"US1LASN0003","31.7014271","-93.4070032","80.5","2021-11-08",,,"0.00",",,N","0.0",",,N",,
"US1LASN0003","31.7014271","-93.4070032","80.5","2021-11-09",,,"0.00",",,N","0.0",",,N",,
"US1LASN0003","31.7014271","-93.4070032","80.5","2021-11-10",,,"0.00",",,N","0.0",",,N",,
"US1LASN0003","31.7014271","-93.4070032","80.5","2021-11-11",,,"0.75",",,N",,,,
"US1LASN0003","31.7014271","-93.4070032","80.5","2021-11-12",,,"0.00",",,N","0.0",",,N",,
"US1LASN0003","31.7014271","-93.4070032","80.5","2021-11-13",,,"0.00",",,N","0.0",",,N",,
"US1LASN0003","31.7014271","-93.4070032","80.5","2021-11-14",,,"0.00",",,N","0.0",",,N",,
"US1LASN0003","31.7014271","-93.4070032","80.5","2021-11-15",,,"0.00",",,N","0.0",",,N",,
"US1LASN0003","31.7014271","-93.4070032","80.5","2021-11-16",,,"0.00",",,N","0.0",",,N",,
"US1LASN0003","31.7014271","-93.4070032","80.5","2021-11-17",,,"0.00",",,N","0.0",",,N",,
"US1LASN0003","31.7014271","-93.4070032","80.5","2021-11-18",,,"0.04",",,N",,,,
"US1LASN0003","31.7014271","-93.4070032","80.5","2021-11-19",,,"0.00",",,N","0.0",",,N",,
"US1LASN0003","31.7014271","-93.4070032","80.5","2021-11-20",,,"0.00",",,N","0.0",",,N",,
"US1LASN0003","31.7014271","-93.4070032","80.5","2021-11-21",,,"0.00",",,N","0.0",",,N",,
"US1LASN0003","31.7014271","-93.4070032","80.5","2021-11-22",,,"0.20",",,N",,,,
"US1LASN0003","31.7014271","-93.4070032","80.5","2021-11-23",,,"0.00",",,N","0.0",",,N",,
"US1LASN0003","31.7014271","-93.4070032","80.5","2021-11-24",,,"0.00",",,N","0.0",",,N",,
"US1LASN0003","31.7014271","-93.4070032","80.5","2021-11-25",,,"0.43",",,N",,,,
"US1LASN0003","31.7014271","-93.4070032","80.5","2021-11-26",,,"0.00",",,N","0.0",",,N",,
"US1LASN0003","31.7014271","-93.4070032","80.5","2021-11-27",,,"0.00",",,N","0.0",",,N",,
"US1LASN0003","31.7014271","-93.4070032","80.5","2021-11-28",,,"0.36",",,N",,,,
"US1LABS0008","32.8925","-93.646","99.1","2021-08-01",,,"0.00",",,N","0.0",",,N",,
"US1LABS0008","32.8925","-93.646","99.1","2021-08-02",,,"0.28",",,N",,,,
"US1LABS0008","32.8925","-93.646","99.1","2021-08-03",,,"0.00",",,N","0.0",",,N",,
"US1LABS0008","32.8925","-93.646","99.1","2021-08-04",,,"0.00",",,N","0.0",",,N",,
"US1LABS0008","32.8925","-93.646","99.1","2021-08-05",,,"0.00",",,N","0.0",",,N",,
"US1LABS0008","32.8925","-93.646","99.1","2021-08-06",,,"0.00",",,N","0.0",",,N",,
"US1LABS0008","32.8925","-93.646","99.1","2021-08-07",,,"0.00",",,N","0.0",",,N",,
"US1LABS0008","32.8925","-93.646","99.1","2021-08-08",,,"0.00",",,N","0.0",",,N",,
"US1LABS0008","32.8925","-93.646","99.1","2021-08-09",,,"0.00",",,N","0.0",",,N",,
"US1LABS0008","32.8925","-93.646","99.1","2021-08-10",,,"0.00",",,N","0.0",",,N",,
"US1LABS0008","32.8925","-93.646","99.1","2021-08-11",,,"0.00",",,N","0.0",",,N",,
"US1LABS0008","32.8925","-93.646","99.1","2021-08-12",,,"0.00",",,N","0.0",",,N",,
"US1LABS0008","32.8925","-93.646","99.1","2021-08-13",,,"0.00",",,N","0.0",",,N",,
"US1LABS0008","32.8925","-93.646","99.1","2021-08-14",,,"0.43",",,N",,,,
"US1LABS0008","32.8925","-93.646","99.1","2021-08-15",,,"0.00",",,N","0.0",",,N",,
"US1LABS0008","32.8925","-93.646","99.1","2021-08-16",,,"0.00",",,N","0.0",",,N",,
"US1LABS0008","32.8925","-93.646","99.1","2021-08-17",,,"0.04",",,N",,,,
"US1LABS0008","32.8925","-93.646","99.1","2021-08-18",,,"0.39",",,N",,,,
"US1LABS0008","32.8925","-93.646","99.1","2021-08-19",,,"0.21",",,N",,,,
"US1LABS0008","32.8925","-93.646","99.1","2021-08-20",,,"0.41",",,N",,,,
"US1LABS0008","32.8925","-93.646","99.1","2021-08-21",,,"0.00",",,N","0.0",",,N",,
"US1LABS0008","32.8925","-93.646","99.1","2021-08-22",,,"0.00",",,N","0.0",",,N",,
"US1LABS0008","32.8925","-93.646","99.1","2021-08-23",,,"0.00",",,N","0.0",",,N",,
"US1LABS0008","32.8925","-93.646","99.1","2021-08-24",,,"0.00",",,N","0.0",",,N",,
"US1LABS0008","32.8925","-93.646","99.1","2021-08-25",,,"0.00",",,N","0.0",",,N",,
"US1LABS0008","32.8925","-93.646","99.1","2021-08-26",,,"0.00",",,N","0.0",",,N",,
"US1LABS0008","32.8925","-93.646","99.1","2021-08-27",,,"0.00",",,N","0.0",",,N",,
"US1LABS0008","32.8925","-93.646","99.1","2021-08-28",,,"0.00",",,N","0.0",",,N",,
"US1LABS0008","32.8925","-93.646","99.1","2021-08-29",,,"0.01",",,N",,,,
"US1LABS0008","32.8925","-93.646","99.1","2021-08-30",,,"0.36",",,N",,,,
"US1LABS0008","32.8925","-93.646","99.1","2021-08-31",,,"0.00",",,N","0.0",",,N",,
"US1LABS0008","32.8925","-93.646","99.1","2021-09-01",,,"0.00",",,N","0.0",",,N",,
"US1LABS0008","32.8925","-93.646","99.1","2021-09-02",,,"0.57",",,N",,,,
"US1LABS0008","32.8925","-93.646","99.1","2021-09-03",,,"0.00",",,N","0.0",",,N",,
"US1LABS0008","32.8925","-93.646","99.1","2021-09-04",,,"0.00",",,N","0.0",",,N",,
"US1LABS0008","32.8925","-93.646","99.1","2021-09-05",,,"0.00",",,N","0.0",",,N",,
"US1LABS0008","32.8925","-93.646","99.1","2021-09-06",,,"0.00",",,N","0.0",",,N",,
"US1LABS0008","32.8925","-93.646","99.1","2021-09-07",,,"0.00",",,N","0.0",",,N",,
"US1LABS0008","32.8925","-93.646","99.1","2021-09-08",,,"0.00",",,N","0.0",",,N",,
"US1LABS0008","32.8925","-93.646","99.1","2021-09-09",,,"0.00",",,N","0.0",",,N",,
"US1LABS0008","32.8925","-93.646","99.1","2021-09-10",,,"0.00",",,N","0.0",",,N",,
"US1LABS0008","32.8925","-93.646","99.1","2021-09-11",,,"0.00",",,N","0.0",",,N",,
"US1LABS0008","32.8925","-93.646","99.1","2021-09-12",,,"0.00",",,N","0.0",",,N",,
"US1LABS0008","32.8925","-93.646","99.1","2021-09-13",,,"0.00",",,N","0.0",",,N",,
"US1LABS0008","32.8925","-93.646","99.1","2021-09-14",,,"0.00",",,N","0.0",",,N",,
"US1LABS0008","32.8925","-93.646","99.1","2021-09-15",,,"0.00",",,N","0.0",",,N",,
"US1LABS0008","32.8925","-93.646","99.1","2021-09-16",,,"0.00",",,N","0.0",",,N",,
"US1LABS0008","32.8925","-93.646","99.1","2021-09-17",,,"0.00",",,N","0.0",",,N",,
"US1LABS0008","32.8925","-93.646","99.1","2021-09-18",,,"0.37",",,N",,,,
"US1LABS0008","32.8925","-93.646","99.1","2021-09-19",,,"0.00",",,N","0.0",",,N",,
"US1LABS0008","32.8925","-93.646","99.1","2021-09-20",,,"0.70",",,N",,,,
"US1LABS0008","32.8925","-93.646","99.1","2021-09-21",,,"0.00",",,N","0.0",",,N",,
"US1LABS0008","32.8925","-93.646","99.1","2021-09-22",,,"0.00",",,N","0.0",",,N",,
"US1LABS0008","32.8925","-93.646","99.1","2021-09-23",,,"0.00",",,N","0.0",",,N",,
"US1LABS0008","32.8925","-93.646","99.1","2021-09-24",,,"0.00",",,N","0.0",",,N",,
"US1LABS0008","32.8925","-93.646","99.1","2021-09-25",,,"0.00",",,N","0.0",",,N",,
"US1LABS0008","32.8925","-93.646","99.1","2021-09-26",,,"0.00",",,N","0.0",",,N",,
"US1LABS0008","32.8925","-93.646","99.1","2021-09-27",,,"0.00",",,N","0.0",",,N",,
"US1LABS0008","32.8925","-93.646","99.1","2021-09-28",,,"0.00",",,N","0.0",",,N",,
"US1LABS0008","32.8925","-93.646","99.1","2021-09-29",,,"0.21",",,N",,,,
"US1LABS0008","32.8925","-93.646","99.1","2021-09-30",,,"0.05",",,N",,,,
"US1LABS0008","32.8925","-93.646","99.1","2021-10-01",,,"0.00",",,N","0.0",",,N",,
"US1LABS0008","32.8925","-93.646","99.1","2021-10-02",,,"0.15",",,N",,,,
"US1LABS0008","32.8925","-93.646","99.1","2021-10-03",,,"0.03",",,N",,,,
"US1LABS0008","32.8925","-93.646","99.1","2021-10-04",,,"0.00",",,N","0.0",",,N",,
"US1LABS0008","32.8925","-93.646","99.1","2021-10-05",,,"0.00",",,N","0.0",",,N",,
"US1LABS0008","32.8925","-93.646","99.1","2021-10-06",,,"0.00",",,N","0.0",",,N",,
"US1LABS0008","32.8925","-93.646","99.1","2021-10-07",,,"0.00",",,N","0.0",",,N",,
"US1LABS0008","32.8925","-93.646","99.1","2021-10-08",,,"0.00",",,N","0.0",",,N",,
"US1LABS0008","32.8925","-93.646","99.1","2021-10-09",,,"0.00",",,N","0.0",",,N",,
"US1LABS0008","32.8925","-93.646","99.1","2021-10-10",,,"0.00",",,N","0.0",",,N",,
"US1LABS0008","32.8925","-93.646","99.1","2021-10-11",,,"0.01",",,N",,,,
"US1LABS0008","32.8925","-93.646","99.1","2021-10-12",,,"0.00",",,N","0.0",",,N",,
"US1LABS0008","32.8925","-93.646","99.1","2021-10-13",,,"0.02",",,N",,,,
"US1LABS0008","32.8925","-93.646","99.1","2021-10-14",,,"0.00",",,N","0.0",",,N",,
"US1LABS0008","32.8925","-93.646","99.1","2021-10-15",,,"0.08",",,N",,,,
"US1LABS0008","32.8925","-93.646","99.1","2021-10-16",,,"0.04",",,N",,,,
"US1LABS0008","32.8925","-93.646","99.1","2021-10-17",,,"0.00",",,N","0.0",",,N",,
"US1LABS0008","32.8925","-93.646","99.1","2021-10-18",,,"0.00",",,N","0.0",",,N",,
"US1LABS0008","32.8925","-93.646","99.1","2021-10-19",,,"0.00",",,N","0.0",",,N",,
"US1LABS0008","32.8925","-93.646","99.1","2021-10-20",,,"0.00",",,N","0.0",",,N",,
"US1LABS0008","32.8925","-93.646","99.1","2021-10-21",,,"0.00",",,N","0.0",",,N",,
"US1LABS0008","32.8925","-93.646","99.1","2021-10-22",,,"0.00",",,N","0.0",",,N",,
"US1LABS0008","32.8925","-93.646","99.1","2021-10-23",,,"0.00",",,N","0.0",",,N",,
"US1LABS0008","32.8925","-93.646","99.1","2021-10-24",,,"0.00",",,N","0.0",",,N",,
"US1LABS0008","32.8925","-93.646","99.1","2021-10-25",,,"0.00",",,N","0.0",",,N",,
"US1LABS0008","32.8925","-93.646","99.1","2021-10-26",,,"0.00",",,N","0.0",",,N",,
"US1LABS0008","32.8925","-93.646","99.1","2021-10-27",,,"0.00",",,N","0.0",",,N",,
"US1LABS0008","32.8925","-93.646","99.1","2021-10-28",,,"1.11",",,N",,,,
"US1LABS0008","32.8925","-93.646","99.1","2021-10-29",,,"0.00",",,N","0.0",",,N",,
"US1LABS0008","32.8925","-93.646","99.1","2021-10-30",,,"0.00",",,N","0.0",",,N",,
"US1LABS0008","32.8925","-93.646","99.1","2021-10-31",,,"0.00",",,N","0.0",",,N",,
"US1LABS0008","32.8925","-93.646","99.1","2021-11-01",,,"0.00",",,N","0.0",",,N",,
"US1LABS0008","32.8925","-93.646","99.1","2021-11-02",,,"0.00",",,N","0.0",",,N",,
"US1LABS0008","32.8925","-93.646","99.1","2021-11-03",,,"0.53",",,N",,,,
"US1LABS0008","32.8925","-93.646","99.1","2021-11-04",,,"0.72",",,N",,,,
"US1LABS0008","32.8925","-93.646","99.1","2021-11-05",,,"0.00",",,N","0.0",",,N",,
"US1LABS0008","32.8925","-93.646","99.1","2021-11-06",,,"0.00",",,N","0.0",",,N",,
"US1LABS0008","32.8925","-93.646","99.1","2021-11-07",,,"0.00",",,N","0.0",",,N",,
"US1LABS0008","32.8925","-93.646","99.1","2021-11-08",,,"0.00",",,N","0.0",",,N",,
"US1LABS0008","32.8925","-93.646","99.1","2021-11-09",,,"0.00",",,N","0.0",",,N",,
"US1LABS0008","32.8925","-93.646","99.1","2021-11-10",,,"0.00",",,N","0.0",",,N",,
"US1LABS0008","32.8925","-93.646","99.1","2021-11-11",,,"0.78",",,N",,,,
"US1LABS0008","32.8925","-93.646","99.1","2021-11-12",,,"0.00",",,N","0.0",",,N",,
"US1LABS0008","32.8925","-93.646","99.1","2021-11-13",,,"0.00",",,N","0.0",",,N",,
"US1LABS0008","32.8925","-93.646","99.1","2021-11-14",,,"0.00",",,N","0.0",",,N",,
"US1LABS0008","32.8925","-93.646","99.1","2021-11-15",,,"0.00",",,N","0.0",",,N",,
"US1LABS0008","32.8925","-93.646","99.1","2021-11-16",,,"0.00",",,N","0.0",",,N",,
"US1LABS0008","32.8925","-93.646","99.1","2021-11-17",,,"0.00",",,N","0.0",",,N",,
"US1LABS0008","32.8925","-93.646","99.1","2021-11-18",,,"0.01",",,N",,,,
"US1LABS0008","32.8925","-93.646","99.1","2021-11-19",,,"0.00",",,N","0.0",",,N",,
"US1LABS0008","32.8925","-93.646","99.1","2021-11-20",,,"0.00",",,N","0.0",",,N",,
"US1LABS0008","32.8925","-93.646","99.1","2021-11-21",,,"0.00",",,N","0.0",",,N",,
"US1LABS0008","32.8925","-93.646","99.1","2021-11-22",,,"0.02",",,N",,,,
"US1LABS0008","32.8925","-93.646","99.1","2021-11-23",,,"0.00",",,N","0.0",",,N",,
"US1LABS0008","32.8925","-93.646","99.1","2021-11-24",,,"0.00",",,N","0.0",",,N",,
"US1LABS0008","32.8925","-93.646","99.1","2021-11-25",,,"0.63",",,N",,,,
"US1LABS0008","32.8925","-93.646","99.1","2021-11-26",,,"0.00",",,N","0.0",",,N",,
"US1LABS0008","32.8925","-93.646","99.1","2021-11-27",,,"0.00",",,N","0.0",",,N",,
"US1LABS0008","32.8925","-93.646","99.1","2021-11-28",,,"0.30",",,N",,,,
"USC00160012","30.4586","-90.0975","0.9","2021-08-01",,,"0.00",",,7,0700",,,,
"USC00160012","30.4586","-90.0975","0.9","2021-08-02",,,"0.52",",,7,0700",,,,
"USC00160012","30.4586","-90.0975","0.9","2021-08-03",,,"0.74",",,7,0700",,,,
"USC00160012","30.4586","-90.0975","0.9","2021-08-04",,,"0.00",",,7,0700",,,,
"USC00160012","30.4586","-90.0975","0.9","2021-08-05",,,"0.00",",,7,0700",,,,
"USC00160012","30.4586","-90.0975","0.9","2021-08-06",,,"0.00",",,7,0700",,,,
"USC00160012","30.4586","-90.0975","0.9","2021-08-07",,,"0.00",",,7,0700",,,,
"USC00160012","30.4586","-90.0975","0.9","2021-08-08",,,"0.00",",,7,0700",,,,
"USC00160012","30.4586","-90.0975","0.9","2021-08-09",,,"0.08",",,7,0700",,,,
"USC00160012","30.4586","-90.0975","0.9","2021-08-10",,,"0.00",",,7,0700",,,,
"USC00160012","30.4586","-90.0975","0.9","2021-08-11",,,"0.00",",,7,0700",,,,
"USC00160012","30.4586","-90.0975","0.9","2021-08-12",,,"0.90",",,7,0700",,,,
"USC00160012","30.4586","-90.0975","0.9","2021-08-13",,,"0.77",",,7,0700",,,,
"USC00160012","30.4586","-90.0975","0.9","2021-08-14",,,"0.00",",,7,0700",,,,
"USC00160012","30.4586","-90.0975","0.9","2021-08-15",,,"0.00",",,7,0700",,,,
"USC00160012","30.4586","-90.0975","0.9","2021-08-16",,,"1.47",",,7,0700",,,,
"USC00160012","30.4586","-90.0975","0.9","2021-08-17",,,"0.00",",,7,0700",,,,
"USC00160012","30.4586","-90.0975","0.9","2021-08-18",,,"0.00",",,7,0700",,,,
"USC00160012","30.4586","-90.0975","0.9","2021-08-19",,,"0.77",",,7,0700",,,,
"USC00160012","30.4586","-90.0975","0.9","2021-08-20",,,"0.02",",,7,0700",,,,
"USC00160012","30.4586","-90.0975","0.9","2021-08-21",,,"0.00",",,7,0700",,,,
"USC00160012","30.4586","-90.0975","0.9","2021-08-22",,,"0.00",",,7,0700",,,,
"USC00160012","30.4586","-90.0975","0.9","2021-08-23",,,"0.00",",,7,0700",,,,
"USC00160012","30.4586","-90.0975","0.9","2021-08-24",,,"0.01",",,7,0700",,,,
"USC00160012","30.4586","-90.0975","0.9","2021-08-25",,,"0.00",",,7,0700",,,,
"USC00160012","30.4586","-90.0975","0.9","2021-08-26",,,"0.85",",,7,0700",,,,
"USC00160012","30.4586","-90.0975","0.9","2021-08-27",,,"1.30",",,7,0700",,,,
"USC00160012","30.4586","-90.0975","0.9","2021-08-28",,,"0.77",",,7,0700",,,,
"USC00160012","30.4586","-90.0975","0.9","2021-08-29",,,"0.67",",,7,0700",,,,
"USC00160012","30.4586","-90.0975","0.9","2021-08-30",,,"6.80",",,7,0700",,,,
"USC00160012","30.4586","-90.0975","0.9","2021-08-31",,,"0.15",",,7,0700",,,,
"USC00160012","30.4586","-90.0975","0.9","2021-09-01",,,"0.00",",,7,0700",,,,
"USC00160012","30.4586","-90.0975","0.9","2021-09-23",,,"0.00",",,7,0700",,,,
"USC00160012","30.4586","-90.0975","0.9","2021-09-24",,,"0.00",",,7,0700",,,,
"USC00160012","30.4586","-90.0975","0.9","2021-09-25",,,"0.00",",,7,0700",,,,
"USC00160012","30.4586","-90.0975","0.9","2021-09-26",,,"0.00",",,7,0700",,,,
"USC00160012","30.4586","-90.0975","0.9","2021-09-27",,,"0.00",",,7,0700",,,,
"USC00160012","30.4586","-90.0975","0.9","2021-09-28",,,"0.00",",,7,0700",,,,
"USC00160012","30.4586","-90.0975","0.9","2021-09-29",,,"0.24",",,7,0700",,,,
"USC00160012","30.4586","-90.0975","0.9","2021-09-30",,,"0.08",",,7,0700",,,,
"USC00160012","30.4586","-90.0975","0.9","2021-10-01",,,"0.00",",,H,0700",,,,
"USC00160012","30.4586","-90.0975","0.9","2021-10-02",,,"0.00",",,H,0700",,,,
"USC00160012","30.4586","-90.0975","0.9","2021-10-03",,,"0.11",",,H,0700",,,,
"USC00160012","30.4586","-90.0975","0.9","2021-10-04",,,"0.00",",,H,0700",,,,
"USC00160012","30.4586","-90.0975","0.9","2021-10-05",,,"0.00",",,H,0700",,,,
"USC00160012","30.4586","-90.0975","0.9","2021-10-06",,,"0.00",",,H,0700",,,,
"USC00160012","30.4586","-90.0975","0.9","2021-10-07",,,"0.00",",,H,0700",,,,
"USC00160012","30.4586","-90.0975","0.9","2021-10-08",,,"0.00",",,H,0700",,,,
"USC00160012","30.4586","-90.0975","0.9","2021-10-09",,,"0.00",",,H,0700",,,,
"USC00160012","30.4586","-90.0975","0.9","2021-10-10",,,"0.00",",,H,0700",,,,
"USC00160012","30.4586","-90.0975","0.9","2021-10-11",,,"0.00",",,H,0700",,,,
"USC00160012","30.4586","-90.0975","0.9","2021-10-12",,,"0.00",",,H,0700",,,,
"USC00160012","30.4586","-90.0975","0.9","2021-10-13",,,"0.00",",,H,0700",,,,
"USC00160012","30.4586","-90.0975","0.9","2021-10-14",,,"0.00",",,H,0700",,,,
"USC00160012","30.4586","-90.0975","0.9","2021-10-15",,,"0.00",",,H,0700",,,,
"USC00160012","30.4586","-90.0975","0.9","2021-10-16",,,"0.00",",,H,0700",,,,
"USC00160012","30.4586","-90.0975","0.9","2021-10-17",,,"0.00",",,H,0700",,,,
"USC00160012","30.4586","-90.0975","0.9","2021-10-18",,,"0.00",",,H,0700",,,,
"USC00160012","30.4586","-90.0975","0.9","2021-10-19",,,"0.00",",,H,0700",,,,
"USC00160012","30.4586","-90.0975","0.9","2021-10-20",,,"0.00",",,H,0700",,,,
"USC00160012","30.4586","-90.0975","0.9","2021-10-21",,,"0.12",",,H,0700",,,,
"USC00160012","30.4586","-90.0975","0.9","2021-10-22",,,"0.00",",,H,0700",,,,
"USC00160012","30.4586","-90.0975","0.9","2021-10-23",,,"0.00",",,H,0700",,,,
"USC00160012","30.4586","-90.0975","0.9","2021-10-24",,,"0.00",",,H,0700",,,,
"USC00160012","30.4586","-90.0975","0.9","2021-10-25",,,"0.00",",,H,0700",,,,
"USC00160012","30.4586","-90.0975","0.9","2021-10-26",,,"0.00",",,H,0700",,,,
"USC00160012","30.4586","-90.0975","0.9","2021-10-27",,,"0.00",",,H,0700",,,,
"USC00160012","30.4586","-90.0975","0.9","2021-10-28",,,"0.95",",,H,0700",,,,
"USC00160012","30.4586","-90.0975","0.9","2021-10-29",,,"0.00",",,H,0700",,,,
"USC00160012","30.4586","-90.0975","0.9","2021-10-30",,,"0.00",",,H,0700",,,,
"USC00160012","30.4586","-90.0975","0.9","2021-10-31",,,"0.00",",,H,0700",,,,
"USC00160012","30.4586","-90.0975","0.9","2021-11-01",,,"0.00",",,H,0700",,,,
"USC00160012","30.4586","-90.0975","0.9","2021-11-03",,,"0.00",",,H,0700",,,,
"USC00160012","30.4586","-90.0975","0.9","2021-11-04",,,"0.00",",,H,0700",,,,
"USC00160012","30.4586","-90.0975","0.9","2021-11-05",,,"0.00",",,H,0700",,,,
"USC00160012","30.4586","-90.0975","0.9","2021-11-06",,,"0.00",",,H,0700",,,,
"USC00160012","30.4586","-90.0975","0.9","2021-11-07",,,"0.00",",,H,0700",,,,
"USC00160012","30.4586","-90.0975","0.9","2021-11-08",,,"0.00",",,H,0700",,,,
"USC00160012","30.4586","-90.0975","0.9","2021-11-09",,,"0.00",",,H,0700",,,,
"USC00160012","30.4586","-90.0975","0.9","2021-11-10",,,"0.00",",,H,0700",,,,
"USC00160012","30.4586","-90.0975","0.9","2021-11-11",,,"0.00",",,H,0700",,,,
"USC00160012","30.4586","-90.0975","0.9","2021-11-12",,,"0.00",",,H,0700",,,,
"USC00160012","30.4586","-90.0975","0.9","2021-11-14",,,"0.00",",,H,0700",,,,
"USC00160012","30.4586","-90.0975","0.9","2021-11-15",,,"0.00",",,H,0700",,,,
"USC00160012","30.4586","-90.0975","0.9","2021-11-16",,,"0.00",",,H,0700",,,,
"USC00160012","30.4586","-90.0975","0.9","2021-11-17",,,"0.00",",,H,0700",,,,
"USC00160012","30.4586","-90.0975","0.9","2021-11-18",,,"0.00",",,H,0700",,,,
"USC00160012","30.4586","-90.0975","0.9","2021-11-19",,,"0.20",",,H,0700",,,,
"USC00160012","30.4586","-90.0975","0.9","2021-11-20",,,"0.00",",,H,0700",,,,
"USC00160012","30.4586","-90.0975","0.9","2021-11-21",,,"0.00",",,H,0700",,,,
"USC00160012","30.4586","-90.0975","0.9","2021-11-22",,,"0.30",",,H,0700",,,,
"USC00160012","30.4586","-90.0975","0.9","2021-11-23",,,"0.00",",,H,0700",,,,
"USC00160012","30.4586","-90.0975","0.9","2021-11-24",,,"0.00",",,H,0700",,,,
"USC00160012","30.4586","-90.0975","0.9","2021-11-25",,,"0.00",",,H,0700",,,,
"USC00160012","30.4586","-90.0975","0.9","2021-11-26",,,"0.05",",,H,0700",,,,
"USC00160012","30.4586","-90.0975","0.9","2021-11-27",,,"0.00",",,H,0700",,,,
"USC00160012","30.4586","-90.0975","0.9","2021-11-28",,,"0.02",",,H,0700",,,,
"USC00162673","29.4336","-90.7011","0.9","2021-08-01",,,"0.00",",,7,0800",,,,
"USC00162673","29.4336","-90.7011","0.9","2021-08-02",,,"0.02",",,7,0800",,,,
"USC00162673","29.4336","-90.7011","0.9","2021-08-03",,,"0.50",",,7,0800",,,,
"USC00162673","29.4336","-90.7011","0.9","2021-08-04",,,"0.51",",,7,0800",,,,
"USC00162673","29.4336","-90.7011","0.9","2021-08-05",,,"0.00",",,7,0800",,,,
"USC00162673","29.4336","-90.7011","0.9","2021-08-06",,,"0.00",",,7,0800",,,,
"USC00162673","29.4336","-90.7011","0.9","2021-08-07",,,"0.00",",,7,0800",,,,
"USC00162673","29.4336","-90.7011","0.9","2021-08-08",,,"0.00",",,7,0800",,,,
"USC00162673","29.4336","-90.7011","0.9","2021-08-09",,,"0.00",",,7,0800",,,,
"USC00162673","29.4336","-90.7011","0.9","2021-08-10",,,"0.00",",,7,0800",,,,
"USC00162673","29.4336","-90.7011","0.9","2021-08-11",,,"0.25",",,7,0800",,,,
"USC00162673","29.4336","-90.7011","0.9","2021-08-12",,,"0.50",",,7,0800",,,,
"USC00162673","29.4336","-90.7011","0.9","2021-08-13",,,"0.00",",,7,0800",,,,
"USC00162673","29.4336","-90.7011","0.9","2021-08-14",,,"0.15",",,7,0800",,,,
"USC00162673","29.4336","-90.7011","0.9","2021-08-15",,,"0.00",",,7,0800",,,,
"USC00162673","29.4336","-90.7011","0.9","2021-08-16",,,"1.48",",,7,0800",,,,
"USC00162673","29.4336","-90.7011","0.9","2021-08-17",,,"0.00",",,7,0800",,,,
"USC00162673","29.4336","-90.7011","0.9","2021-08-18",,,"0.00",",,7,0800",,,,
"USC00162673","29.4336","-90.7011","0.9","2021-08-19",,,"0.00",",,7,0800",,,,
"USC00162673","29.4336","-90.7011","0.9","2021-08-20",,,"0.00",",,7,0800",,,,
"USC00162673","29.4336","-90.7011","0.9","2021-08-21",,,"0.00",",,7,0800",,,,
"USC00162673","29.4336","-90.7011","0.9","2021-08-22",,,"0.00",",,7,0800",,,,
"USC00162673","29.4336","-90.7011","0.9","2021-08-23",,,"0.00",",,7,0800",,,,
"USC00162673","29.4336","-90.7011","0.9","2021-08-24",,,"0.00",",,7,0800",,,,
"USC00162673","29.4336","-90.7011","0.9","2021-08-25",,,"0.04",",,7,0800",,,,
"USC00162673","29.4336","-90.7011","0.9","2021-08-26",,,"0.33",",,7,0800",,,,
"USC00162673","29.4336","-90.7011","0.9","2021-08-27",,,"0.91",",,7,0800",,,,
"USC00162673","29.4336","-90.7011","0.9","2021-08-28",,,"1.12",",,7,0800",,,,
"USC00162673","29.4336","-90.7011","0.9","2021-10-04",,,"0.03",",,H,0800",,,,
"USC00162673","29.4336","-90.7011","0.9","2021-10-05",,,"0.20",",,H,0800",,,,
"USC00162673","29.4336","-90.7011","0.9","2021-10-06",,,"0.00",",,H,0800",,,,
"USC00162673","29.4336","-90.7011","0.9","2021-10-07",,,"0.00",",,H,0800",,,,
"USC00162673","29.4336","-90.7011","0.9","2021-10-09",,,"0.00",",,H,0800",,,,
"USC00162673","29.4336","-90.7011","0.9","2021-10-10",,,"0.00",",,H,0800",,,,
"USC00162673","29.4336","-90.7011","0.9","2021-10-11",,,"0.00",",,H,0800",,,,
"USC00162673","29.4336","-90.7011","0.9","2021-10-12",,,"0.00",",,H,0800",,,,
"USC00162673","29.4336","-90.7011","0.9","2021-10-15",,,"0.00",",,H,0800",,,,
"USC00162673","29.4336","-90.7011","0.9","2021-10-16",,,"0.00",",,H,0800",,,,
"USC00162673","29.4336","-90.7011","0.9","2021-10-17",,,"0.00",",,H,0800",,,,
"USC00162673","29.4336","-90.7011","0.9","2021-10-18",,,"0.00",",,H,0800",,,,
"USC00162673","29.4336","-90.7011","0.9","2021-10-19",,,"0.00",",,H,0800",,,,
"USC00162673","29.4336","-90.7011","0.9","2021-10-20",,,"0.00",",,H,0800",,,,
"USC00162673","29.4336","-90.7011","0.9","2021-10-21",,,"0.00",",,H,0800",,,,
"USC00162673","29.4336","-90.7011","0.9","2021-10-22",,,"0.00",",,H,0800",,,,
"USC00162673","29.4336","-90.7011","0.9","2021-10-23",,,"0.00",",,H,0800",,,,
"USC00162673","29.4336","-90.7011","0.9","2021-10-24",,,"1.00",",,H,0800",,,,
"USC00162673","29.4336","-90.7011","0.9","2021-10-25",,,"0.03",",,H,0800",,,,
"USC00162673","29.4336","-90.7011","0.9","2021-10-27",,,"0.00",",,H,0800",,,,
"USC00162673","29.4336","-90.7011","0.9","2021-10-28",,,"1.89",",,H,0800",,,,
"USC00162673","29.4336","-90.7011","0.9","2021-10-29",,,"0.00",",,H,0800",,,,
"USC00162673","29.4336","-90.7011","0.9","2021-10-30",,,"0.00",",,H,0800",,,,
"USC00162673","29.4336","-90.7011","0.9","2021-10-31",,,"0.00",",,H,0800",,,,
"USC00162673","29.4336","-90.7011","0.9","2021-11-01",,,"0.00",",,H,0800",,,,
"USC00162673","29.4336","-90.7011","0.9","2021-11-02",,,"0.00",",,H,0800",,,,
"USC00162673","29.4336","-90.7011","0.9","2021-11-03",,,"0.00",",,H,0800",,,,
"USC00162673","29.4336","-90.7011","0.9","2021-11-04",,,"0.00",",,H,0800",,,,
"USC00162673","29.4336","-90.7011","0.9","2021-11-05",,,"0.00",",,H,0800",,,,
"USC00162673","29.4336","-90.7011","0.9","2021-11-06",,,"0.00",",,H,0800",,,,
"USC00162673","29.4336","-90.7011","0.9","2021-11-07",,,"0.00",",,H,0800",,,,
"USC00162673","29.4336","-90.7011","0.9","2021-11-08",,,"0.00",",,H,0800",,,,
"USC00162673","29.4336","-90.7011","0.9","2021-11-09",,,"0.00",",,H,0800",,,,
"USC00162673","29.4336","-90.7011","0.9","2021-11-10",,,"0.00",",,H,0800",,,,
"USC00162673","29.4336","-90.7011","0.9","2021-11-11",,,"0.00",",,H,0800",,,,
"USC00162673","29.4336","-90.7011","0.9","2021-11-12",,,"0.00",",,H,0800",,,,
"USC00162673","29.4336","-90.7011","0.9","2021-11-13",,,"0.00",",,H,0800",,,,
"USC00162673","29.4336","-90.7011","0.9","2021-11-14",,,"0.00",",,H,0800",,,,
"USC00162673","29.4336","-90.7011","0.9","2021-11-15",,,"0.00",",,H,0800",,,,
"USC00162673","29.4336","-90.7011","0.9","2021-11-16",,,"0.00",",,H,0800",,,,
"USC00162673","29.4336","-90.7011","0.9","2021-11-17",,,"0.00",",,H,0800",,,,
"USC00162673","29.4336","-90.7011","0.9","2021-11-18",,,"0.15",",,H,0800",,,,
"USC00162673","29.4336","-90.7011","0.9","2021-11-22",,,"0.00",",,H,0800",,,,
"USC00162673","29.4336","-90.7011","0.9","2021-11-23",,,"0.00",",,H,0800",,,,
"USC00162673","29.4336","-90.7011","0.9","2021-11-24",,,"0.00",",,H,0800",,,,
"USC00162673","29.4336","-90.7011","0.9","2021-11-25",,,"0.00",",,H,0800",,,,
"USC00162673","29.4336","-90.7011","0.9","2021-11-26",,,"0.34",",,H,0800",,,,
"USC00162673","29.4336","-90.7011","0.9","2021-11-28",,,"0.17",",,H,0800",,,,
"US1LABS0003","32.6221","-93.7199","52.1","2021-08-02",,,"0.14",",,N",,,,
"US1LABS0003","32.6221","-93.7199","52.1","2021-08-03",,,"0.05",",,N",,,,
"US1LABS0003","32.6221","-93.7199","52.1","2021-08-14",,,"0.17",",,N",,,,
"US1LABS0003","32.6221","-93.7199","52.1","2021-08-16",,,"0.12",",,N",,,,
"US1LABS0003","32.6221","-93.7199","52.1","2021-08-18",,,,,,,,
"US1LABS0003","32.6221","-93.7199","52.1","2021-08-20",,,,,,,,
"US1LABS0003","32.6221","-93.7199","52.1","2021-08-29",,,"0.54",",,N",,,,
"US1LABS0003","32.6221","-93.7199","52.1","2021-10-28",,,"2.43",",,N",,,,
"US1LABS0001","32.6061057024373","-93.7129282951355","52.4","2021-08-01",,,"0.00",",,N","0.0",",,N",,
"US1LABS0001","32.6061057024373","-93.7129282951355","52.4","2021-08-02",,,"0.08",",,N",,,,
"US1LABS0001","32.6061057024373","-93.7129282951355","52.4","2021-08-03",,,"0.03",",,N",,,,
"US1LABS0001","32.6061057024373","-93.7129282951355","52.4","2021-08-04",,,"0.00",",,N","0.0",",,N",,
"US1LABS0001","32.6061057024373","-93.7129282951355","52.4","2021-08-05",,,"0.00",",,N","0.0",",,N",,
"US1LABS0001","32.6061057024373","-93.7129282951355","52.4","2021-08-06",,,"0.00",",,N","0.0",",,N",,
"US1LABS0001","32.6061057024373","-93.7129282951355","52.4","2021-08-07",,,"0.00",",,N","0.0",",,N",,
"US1LABS0001","32.6061057024373","-93.7129282951355","52.4","2021-08-08",,,"0.00",",,N","0.0",",,N",,
"US1LABS0001","32.6061057024373","-93.7129282951355","52.4","2021-08-09",,,"0.00",",,N","0.0",",,N",,
"US1LABS0001","32.6061057024373","-93.7129282951355","52.4","2021-08-10",,,"0.00",",,N","0.0",",,N",,
"US1LABS0001","32.6061057024373","-93.7129282951355","52.4","2021-08-11",,,"0.00",",,N","0.0",",,N",,
"US1LABS0001","32.6061057024373","-93.7129282951355","52.4","2021-08-12",,,"0.00",",,N","0.0",",,N",,
"US1LABS0001","32.6061057024373","-93.7129282951355","52.4","2021-08-14",,,"0.52",",,N",,,,
"US1LABS0001","32.6061057024373","-93.7129282951355","52.4","2021-08-15",,,"0.00",",,N","0.0",",,N",,
"US1LABS0001","32.6061057024373","-93.7129282951355","52.4","2021-08-16",,,"0.20",",,N",,,,
"US1LABS0001","32.6061057024373","-93.7129282951355","52.4","2021-08-17",,,"0.00",",,N","0.0",",,N",,
"US1LABS0001","32.6061057024373","-93.7129282951355","52.4","2021-08-18",,,"1.51",",,N",,,,
"US1LABS0001","32.6061057024373","-93.7129282951355","52.4","2021-08-19",,,"1.68",",,N",,,,
"US1LABS0001","32.6061057024373","-93.7129282951355","52.4","2021-08-20",,,"0.48",",,N",,,,
"US1LABS0001","32.6061057024373","-93.7129282951355","52.4","2021-08-21",,,"0.00",",,N","0.0",",,N",,
"US1LABS0001","32.6061057024373","-93.7129282951355","52.4","2021-08-22",,,"0.00",",,N","0.0",",,N",,
"US1LABS0001","32.6061057024373","-93.7129282951355","52.4","2021-08-23",,,"0.00",",,N","0.0",",,N",,
"US1LABS0001","32.6061057024373","-93.7129282951355","52.4","2021-08-24",,,"0.00",",,N","0.0",",,N",,
"US1LABS0001","32.6061057024373","-93.7129282951355","52.4","2021-08-25",,,"0.00",",,N","0.0",",,N",,
"US1LABS0001","32.6061057024373","-93.7129282951355","52.4","2021-08-26",,,"0.00",",,N","0.0",",,N",,
"US1LABS0001","32.6061057024373","-93.7129282951355","52.4","2021-08-27",,,"0.00",",,N","0.0",",,N",,
"US1LABS0001","32.6061057024373","-93.7129282951355","52.4","2021-08-28",,,"0.00",",,N","0.0",",,N",,
"US1LABS0001","32.6061057024373","-93.7129282951355","52.4","2021-08-29",,,"0.43",",,N",,,,
"US1LABS0001","32.6061057024373","-93.7129282951355","52.4","2021-08-30",,,"0.10",",,N",,,,
"US1LABS0001","32.6061057024373","-93.7129282951355","52.4","2021-08-31",,,"0.00","T,,N",,,,
"US1LABS0001","32.6061057024373","-93.7129282951355","52.4","2021-09-01",,,"0.00",",,N","0.0",",,N",,
"US1LABS0001","32.6061057024373","-93.7129282951355","52.4","2021-09-02",,,"0.13",",,N",,,,
"US1LABS0001","32.6061057024373","-93.7129282951355","52.4","2021-09-03",,,"0.00",",,N","0.0",",,N",,
"US1LABS0001","32.6061057024373","-93.7129282951355","52.4","2021-09-04",,,"0.00",",,N","0.0",",,N",,
"US1LABS0001","32.6061057024373","-93.7129282951355","52.4","2021-09-05",,,"0.00",",,N","0.0",",,N",,
"US1LABS0001","32.6061057024373","-93.7129282951355","52.4","2021-09-06",,,"0.00",",,N","0.0",",,N",,
"US1LABS0001","32.6061057024373","-93.7129282951355","52.4","2021-09-07",,,"0.00",",,N","0.0",",,N",,
"US1LABS0001","32.6061057024373","-93.7129282951355","52.4","2021-09-08",,,"0.00",",,N","0.0",",,N",,
"US1LABS0001","32.6061057024373","-93.7129282951355","52.4","2021-09-09",,,"0.00",",,N","0.0",",,N",,
"US1LABS0001","32.6061057024373","-93.7129282951355","52.4","2021-09-10",,,"0.00",",,N","0.0",",,N",,
"US1LABS0001","32.6061057024373","-93.7129282951355","52.4","2021-09-11",,,"0.00",",,N","0.0",",,N",,
"US1LABS0001","32.6061057024373","-93.7129282951355","52.4","2021-09-12",,,"0.00",",,N","0.0",",,N",,
"US1LABS0001","32.6061057024373","-93.7129282951355","52.4","2021-09-13",,,"0.00",",,N","0.0",",,N",,
"US1LABS0001","32.6061057024373","-93.7129282951355","52.4","2021-09-14",,,"0.00",",,N","0.0",",,N",,
"US1LABS0001","32.6061057024373","-93.7129282951355","52.4","2021-09-15",,,"0.00","T,,N",,,,
"US1LABS0001","32.6061057024373","-93.7129282951355","52.4","2021-09-16",,,"0.00",",,N","0.0",",,N",,
"US1LABS0001","32.6061057024373","-93.7129282951355","52.4","2021-09-17",,,"0.00",",,N","0.0",",,N",,
"US1LABS0001","32.6061057024373","-93.7129282951355","52.4","2021-09-18",,,"0.31",",,N",,,,
"US1LABS0001","32.6061057024373","-93.7129282951355","52.4","2021-09-19",,,"0.10",",,N",,,,
"US1LABS0001","32.6061057024373","-93.7129282951355","52.4","2021-09-20",,,"0.00","T,,N",,,,
"US1LABS0001","32.6061057024373","-93.7129282951355","52.4","2021-09-21",,,"0.00",",,N","0.0",",,N",,
"US1LABS0001","32.6061057024373","-93.7129282951355","52.4","2021-09-22",,,"0.00","T,,N",,,,
"US1LABS0001","32.6061057024373","-93.7129282951355","52.4","2021-09-23",,,"0.00",",,N","0.0",",,N",,
"US1LABS0001","32.6061057024373","-93.7129282951355","52.4","2021-09-24",,,"0.00",",,N","0.0",",,N",,
"US1LABS0001","32.6061057024373","-93.7129282951355","52.4","2021-09-25",,,"0.00",",,N","0.0",",,N",,
"US1LABS0001","32.6061057024373","-93.7129282951355","52.4","2021-09-26",,,"0.00",",,N","0.0",",,N",,
"US1LABS0001","32.6061057024373","-93.7129282951355","52.4","2021-09-27",,,"0.00",",,N","0.0",",,N",,
"US1LABS0001","32.6061057024373","-93.7129282951355","52.4","2021-09-28",,,"0.00",",,N","0.0",",,N",,
"US1LABS0001","32.6061057024373","-93.7129282951355","52.4","2021-09-29",,,"0.00","T,,N",,,,
"US1LABS0001","32.6061057024373","-93.7129282951355","52.4","2021-09-30",,,"0.00","T,,N",,,,
"US1LABS0001","32.6061057024373","-93.7129282951355","52.4","2021-10-01",,,"0.00",",,N","0.0",",,N",,
"US1LABS0001","32.6061057024373","-93.7129282951355","52.4","2021-10-02",,,"0.74",",,N",,,,
"US1LABS0001","32.6061057024373","-93.7129282951355","52.4","2021-10-03",,,"0.74",",,N",,,,
"US1LABS0001","32.6061057024373","-93.7129282951355","52.4","2021-10-04",,,"0.00",",,N","0.0",",,N",,
"US1LABS0001","32.6061057024373","-93.7129282951355","52.4","2021-10-05",,,"0.00",",,N","0.0",",,N",,
"US1LABS0001","32.6061057024373","-93.7129282951355","52.4","2021-10-06",,,"0.00",",,N","0.0",",,N",,
"US1LABS0001","32.6061057024373","-93.7129282951355","52.4","2021-10-07",,,"0.00",",,N","0.0",",,N",,
"US1LABS0001","32.6061057024373","-93.7129282951355","52.4","2021-10-08",,,"0.00",",,N","0.0",",,N",,
"US1LABS0001","32.6061057024373","-93.7129282951355","52.4","2021-10-09",,,"0.00",",,N","0.0",",,N",,
"US1LABS0001","32.6061057024373","-93.7129282951355","52.4","2021-10-10",,,"0.00",",,N","0.0",",,N",,
"US1LABS0001","32.6061057024373","-93.7129282951355","52.4","2021-10-11",,,"0.03",",,N",,,,
"US1LABS0001","32.6061057024373","-93.7129282951355","52.4","2021-10-12",,,"0.00",",,N","0.0",",,N",,
"US1LABS0001","32.6061057024373","-93.7129282951355","52.4","2021-10-13",,,"0.02",",,N",,,,
"US1LABS0001","32.6061057024373","-93.7129282951355","52.4","2021-10-14",,,"0.00",",,N","0.0",",,N",,
"US1LABS0001","32.6061057024373","-93.7129282951355","52.4","2021-10-15",,,"0.00","T,,N",,,,
"US1LABS0001","32.6061057024373","-93.7129282951355","52.4","2021-10-16",,,"0.00",",,N","0.0",",,N",,
"US1LABS0001","32.6061057024373","-93.7129282951355","52.4","2021-10-17",,,"0.00",",,N","0.0",",,N",,
"US1LABS0001","32.6061057024373","-93.7129282951355","52.4","2021-10-18",,,"0.00",",,N","0.0",",,N",,
"US1LABS0001","32.6061057024373","-93.7129282951355","52.4","2021-10-19",,,"0.00",",,N","0.0",",,N",,
"US1LABS0001","32.6061057024373","-93.7129282951355","52.4","2021-10-20",,,"0.00",",,N","0.0",",,N",,
"US1LABS0001","32.6061057024373","-93.7129282951355","52.4","2021-10-21",,,"0.00",",,N","0.0",",,N",,
"US1LABS0001","32.6061057024373","-93.7129282951355","52.4","2021-10-22",,,"0.00",",,N","0.0",",,N",,
"US1LABS0001","32.6061057024373","-93.7129282951355","52.4","2021-10-23",,,"0.00",",,N","0.0",",,N",,
"US1LABS0001","32.6061057024373","-93.7129282951355","52.4","2021-10-24",,,"0.00",",,N","0.0",",,N",,
"US1LABS0001","32.6061057024373","-93.7129282951355","52.4","2021-10-25",,,"0.00",",,N","0.0",",,N",,
"US1LABS0001","32.6061057024373","-93.7129282951355","52.4","2021-10-26",,,"0.00",",,N","0.0",",,N",,
"US1LABS0001","32.6061057024373","-93.7129282951355","52.4","2021-10-27",,,"0.00",",,N","0.0",",,N",,
"US1LABS0001","32.6061057024373","-93.7129282951355","52.4","2021-10-28",,,"0.98",",,N",,,,
"US1LABS0001","32.6061057024373","-93.7129282951355","52.4","2021-10-29",,,"0.00",",,N","0.0",",,N",,
"US1LABS0001","32.6061057024373","-93.7129282951355","52.4","2021-10-30",,,"0.00",",,N","0.0",",,N",,
"US1LABS0001","32.6061057024373","-93.7129282951355","52.4","2021-11-01",,,"0.00",",,N","0.0",",,N",,
"US1LABS0001","32.6061057024373","-93.7129282951355","52.4","2021-11-02",,,"0.00",",,N","0.0",",,N",,
"US1LABS0001","32.6061057024373","-93.7129282951355","52.4","2021-11-03",,,"0.18",",,N",,,,
"US1LABS0001","32.6061057024373","-93.7129282951355","52.4","2021-11-04",,,"0.41",",,N",,,,
"US1LABS0001","32.6061057024373","-93.7129282951355","52.4","2021-11-05",,,"0.00",",,N","0.0",",,N",,
"US1LABS0001","32.6061057024373","-93.7129282951355","52.4","2021-11-06",,,"0.00",",,N","0.0",",,N",,
"US1LABS0001","32.6061057024373","-93.7129282951355","52.4","2021-11-07",,,"0.00",",,N","0.0",",,N",,
"US1LABS0001","32.6061057024373","-93.7129282951355","52.4","2021-11-08",,,"0.00",",,N","0.0",",,N",,
"US1LABS0001","32.6061057024373","-93.7129282951355","52.4","2021-11-09",,,"0.00",",,N","0.0",",,N",,
"US1LABS0001","32.6061057024373","-93.7129282951355","52.4","2021-11-10",,,"0.00",",,N","0.0",",,N",,
"US1LABS0001","32.6061057024373","-93.7129282951355","52.4","2021-11-11",,,"0.51",",,N",,,,
"US1LABS0001","32.6061057024373","-93.7129282951355","52.4","2021-11-12",,,"0.00",",,N","0.0",",,N",,
"US1LABS0001","32.6061057024373","-93.7129282951355","52.4","2021-11-13",,,"0.00",",,N","0.0",",,N",,
"US1LABS0001","32.6061057024373","-93.7129282951355","52.4","2021-11-14",,,"0.00",",,N","0.0",",,N",,
"US1LABS0001","32.6061057024373","-93.7129282951355","52.4","2021-11-15",,,"0.00",",,N","0.0",",,N",,
"US1LABS0001","32.6061057024373","-93.7129282951355","52.4","2021-11-16",,,"0.00",",,N","0.0",",,N",,
"US1LABS0001","32.6061057024373","-93.7129282951355","52.4","2021-11-17",,,"0.00",",,N","0.0",",,N",,
"US1LABS0001","32.6061057024373","-93.7129282951355","52.4","2021-11-18",,,"0.00","T,,N",,,,
"US1LABS0001","32.6061057024373","-93.7129282951355","52.4","2021-11-19",,,"0.00",",,N","0.0",",,N",,
"US1LABS0001","32.6061057024373","-93.7129282951355","52.4","2021-11-20",,,"0.00",",,N","0.0",",,N",,
"US1LABS0001","32.6061057024373","-93.7129282951355","52.4","2021-11-21",,,"0.00",",,N","0.0",",,N",,
"US1LABS0001","32.6061057024373","-93.7129282951355","52.4","2021-11-22",,,"0.48",",,N","0.0",",,N",,
"US1LABS0001","32.6061057024373","-93.7129282951355","52.4","2021-11-23",,,"0.00",",,N","0.0",",,N",,
"US1LABS0001","32.6061057024373","-93.7129282951355","52.4","2021-11-24",,,"0.00",",,N","0.0",",,N",,
"US1LABS0001","32.6061057024373","-93.7129282951355","52.4","2021-11-25",,,"0.84",",,N",,,,
"US1LABS0001","32.6061057024373","-93.7129282951355","52.4","2021-11-26",,,"0.03",",,N",,,,
"US1LABS0001","32.6061057024373","-93.7129282951355","52.4","2021-11-27",,,"0.00",",,N","0.0",",,N",,
"US1LABS0001","32.6061057024373","-93.7129282951355","52.4","2021-11-28",,,"0.15",",,N",,,,
"US1MEWS0034","45.025787","-67.102867","57.3","2021-08-01",,,"0.00",",,N","0.0",",,N",,
"US1MEWS0034","45.025787","-67.102867","57.3","2021-08-02",,,"0.00",",,N","0.0",",,N",,
"US1MEWS0034","45.025787","-67.102867","57.3","2021-08-03",,,"0.00",",,N","0.0",",,N",,
"US1MEWS0034","45.025787","-67.102867","57.3","2021-08-04",,,"0.00",",,N","0.0",",,N",,
"US1MEWS0034","45.025787","-67.102867","57.3","2021-08-05",,,"0.55",",,N",,,,
"US1MEWS0034","45.025787","-67.102867","57.3","2021-08-06",,,"1.75",",,N",,,,
"US1MEWS0034","45.025787","-67.102867","57.3","2021-08-07",,,"0.00",",,N","0.0",",,N",,
"US1MEWS0034","45.025787","-67.102867","57.3","2021-08-08",,,"0.00",",,N","0.0",",,N",,
"US1MEWS0034","45.025787","-67.102867","57.3","2021-08-09",,,"0.00",",,N","0.0",",,N",,
"US1MEWS0034","45.025787","-67.102867","57.3","2021-08-10",,,"0.00",",,N","0.0",",,N",,
"US1MEWS0034","45.025787","-67.102867","57.3","2021-08-11",,,"0.00",",,N","0.0",",,N",,
"US1MEWS0034","45.025787","-67.102867","57.3","2021-08-12",,,"0.00","T,,N",,,,
"US1MEWS0034","45.025787","-67.102867","57.3","2021-08-13",,,"0.50",",,N","0.0",",,N",,
"US1MEWS0034","45.025787","-67.102867","57.3","2021-08-14",,,"0.00",",,N","0.0",",,N",,
"US1MEWS0034","45.025787","-67.102867","57.3","2021-08-15",,,"0.00","T,,N",,,,
"US1MEWS0034","45.025787","-67.102867","57.3","2021-08-16",,,"0.00",",,N","0.0",",,N",,
"US1MEWS0034","45.025787","-67.102867","57.3","2021-08-17",,,"0.00",",,N","0.0",",,N",,
"US1MEWS0034","45.025787","-67.102867","57.3","2021-08-18",,,"0.00",",,N","0.0",",,N",,
"US1MEWS0034","45.025787","-67.102867","57.3","2021-08-19",,,"0.20",",,N",,,,
"US1MEWS0034","45.025787","-67.102867","57.3","2021-08-20",,,"0.20",",,N",,,,
"US1MEWS0034","45.025787","-67.102867","57.3","2021-08-21",,,"0.00",",,N","0.0",",,N",,
"US1MEWS0034","45.025787","-67.102867","57.3","2021-08-22",,,"0.05",",,N",,,,
"US1MEWS0034","45.025787","-67.102867","57.3","2021-08-23",,,"0.15",",,N",,,,
"US1MEWS0034","45.025787","-67.102867","57.3","2021-08-24",,,"0.77",",,N",,,,
"US1MEWS0034","45.025787","-67.102867","57.3","2021-08-25",,,"0.00",",,N","0.0",",,N",,
"US1MEWS0034","45.025787","-67.102867","57.3","2021-08-26",,,"0.00",",,N","0.0",",,N",,
"US1MEWS0034","45.025787","-67.102867","57.3","2021-08-27",,,"0.00",",,N","0.0",",,N",,
"US1MEWS0034","45.025787","-67.102867","57.3","2021-08-28",,,"0.00",",,N","0.0",",,N",,
"US1MEWS0034","45.025787","-67.102867","57.3","2021-08-29",,,"0.00",",,N","0.0",",,N",,
"US1MEWS0034","45.025787","-67.102867","57.3","2021-08-30",,,"0.00",",,N","0.0",",,N",,
"US1MEWS0034","45.025787","-67.102867","57.3","2021-08-31",,,"0.00",",,N","0.0",",,N",,
"US1MEWS0034","45.025787","-67.102867","57.3","2021-09-01",,,"0.00",",,N","0.0",",,N",,
"US1MEWS0034","45.025787","-67.102867","57.3","2021-09-02",,,"0.46",",,N",,,,
"US1MEWS0034","45.025787","-67.102867","57.3","2021-09-03",,,"3.52",",,N",,,,
"US1MEWS0034","45.025787","-67.102867","57.3","2021-09-04",,,"0.04",",,N",,,,
"US1MEWS0034","45.025787","-67.102867","57.3","2021-09-05",,,"0.03",",,N",,,,
"US1MEWS0034","45.025787","-67.102867","57.3","2021-09-06",,,"0.02",",,N",,,,
"US1MEWS0034","45.025787","-67.102867","57.3","2021-09-07",,,"0.05",",,N",,,,
"US1MEWS0034","45.025787","-67.102867","57.3","2021-09-08",,,"0.00",",,N","0.0",",,N",,
"US1MEWS0034","45.025787","-67.102867","57.3","2021-09-09",,,"0.00",",,N","0.0",",,N",,
"US1MEWS0034","45.025787","-67.102867","57.3","2021-09-10",,,"0.62",",,N",,,,
"US1MEWS0034","45.025787","-67.102867","57.3","2021-09-11",,,"0.21",",,N",,,,
"US1MEWS0034","45.025787","-67.102867","57.3","2021-09-12",,,"0.00",",,N","0.0",",,N",,
"US1MEWS0034","45.025787","-67.102867","57.3","2021-09-13",,,"0.00",",,N","0.0",",,N",,
"US1MEWS0034","45.025787","-67.102867","57.3","2021-09-14",,,"0.00",",,N","0.0",",,N",,
"US1MEWS0034","45.025787","-67.102867","57.3","2021-09-15",,,"0.00",",,N","0.0",",,N",,
"US1MEWS0034","45.025787","-67.102867","57.3","2021-09-16",,,"0.04",",,N",,,,
"US1MEWS0034","45.025787","-67.102867","57.3","2021-09-17",,,"0.00",",,N","0.0",",,N",,
"US1MEWS0034","45.025787","-67.102867","57.3","2021-09-18",,,"0.00","T,,N",,,,
"US1MEWS0034","45.025787","-67.102867","57.3","2021-09-19",,,"0.00",",,N","0.0",",,N",,
"US1MEWS0034","45.025787","-67.102867","57.3","2021-09-20",,,"0.00",",,N","0.0",",,N",,
"US1MEWS0034","45.025787","-67.102867","57.3","2021-09-21",,,"0.00",",,N","0.0",",,N",,
"US1MEWS0034","45.025787","-67.102867","57.3","2021-09-22",,,"0.00",",,N","0.0",",,N",,
"US1MEWS0034","45.025787","-67.102867","57.3","2021-09-23",,,"0.00",",,N","0.0",",,N",,
"US1MEWS0034","45.025787","-67.102867","57.3","2021-09-24",,,"0.00",",,N","0.0",",,N",,
"US1MEWS0034","45.025787","-67.102867","57.3","2021-09-25",,,"0.06",",,N",,,,
"US1MEWS0034","45.025787","-67.102867","57.3","2021-09-26",,,"1.30",",,N",,,,
"US1MEWS0034","45.025787","-67.102867","57.3","2021-09-27",,,"1.78",",,N",,,,
"US1MEWS0034","45.025787","-67.102867","57.3","2021-09-28",,,"0.00",",,N","0.0",",,N",,
"US1MEWS0034","45.025787","-67.102867","57.3","2021-09-29",,,"0.00",",,N","0.0",",,N",,
"US1MEWS0034","45.025787","-67.102867","57.3","2021-09-30",,,"0.10",",,N",,,,
"US1MEWS0034","45.025787","-67.102867","57.3","2021-10-01",,,"0.01",",,N",,,,
"US1MEWS0034","45.025787","-67.102867","57.3","2021-10-02",,,"0.03",",,N",,,,
"US1MEWS0034","45.025787","-67.102867","57.3","2021-10-03",,,"0.00",",,N","0.0",",,N",,
"US1MEWS0034","45.025787","-67.102867","57.3","2021-10-04",,,"0.00",",,N","0.0",",,N",,
"US1MEWS0034","45.025787","-67.102867","57.3","2021-10-05",,,"0.00",",,N","0.0",",,N",,
"US1MEWS0034","45.025787","-67.102867","57.3","2021-10-06",,,"0.00",",,N","0.0",",,N",,
"US1MEWS0034","45.025787","-67.102867","57.3","2021-10-07",,,"0.00",",,N","0.0",",,N",,
"US1MEWS0034","45.025787","-67.102867","57.3","2021-10-08",,,"0.00",",,N","0.0",",,N",,
"US1MEWS0034","45.025787","-67.102867","57.3","2021-10-09",,,"0.00",",,N","0.0",",,N",,
"US1MEWS0034","45.025787","-67.102867","57.3","2021-10-10",,,"0.00",",,N","0.0",",,N",,
"US1MEWS0034","45.025787","-67.102867","57.3","2021-10-11",,,"0.00",",,N","0.0",",,N",,
"US1MEWS0034","45.025787","-67.102867","57.3","2021-10-12",,,"0.00",",,N","0.0",",,N",,
"US1MEWS0034","45.025787","-67.102867","57.3","2021-10-13",,,"0.00",",,N","0.0",",,N",,
"US1MEWS0034","45.025787","-67.102867","57.3","2021-10-14",,,"0.00",",,N","0.0",",,N",,
"US1MEWS0034","45.025787","-67.102867","57.3","2021-10-15",,,"0.00",",,N","0.0",",,N",,
"US1MEWS0034","45.025787","-67.102867","57.3","2021-10-16",,,"0.07",",,N",,,,
"US1MEWS0034","45.025787","-67.102867","57.3","2021-10-17",,,"0.80",",,N",,,,
"US1MEWS0034","45.025787","-67.102867","57.3","2021-10-18",,,"1.23",",,N",,,,
"US1MEWS0034","45.025787","-67.102867","57.3","2021-10-19",,,"0.00",",,N","0.0",",,N",,
"US1MEWS0034","45.025787","-67.102867","57.3","2021-10-20",,,"0.00",",,N","0.0",",,N",,
"US1MEWS0034","45.025787","-67.102867","57.3","2021-10-21",,,"0.00","T,,N",,,,
"US1MEWS0034","45.025787","-67.102867","57.3","2021-10-22",,,"0.00","T,,N",,,,
"US1MEWS0034","45.025787","-67.102867","57.3","2021-10-23",,,"0.13",",,N",,,,
"US1MEWS0034","45.025787","-67.102867","57.3","2021-10-24",,,"0.04",",,N",,,,
"US1MEWS0034","45.025787","-67.102867","57.3","2021-10-25",,,"0.00",",,N","0.0",",,N",,
"US1MEWS0034","45.025787","-67.102867","57.3","2021-10-26",,,"0.02",",,N",,,,
"US1MEWS0034","45.025787","-67.102867","57.3","2021-10-27",,,"0.05",",,N",,,,
"US1MEWS0034","45.025787","-67.102867","57.3","2021-10-28",,,"0.61",",,N",,,,
"US1MEWS0034","45.025787","-67.102867","57.3","2021-10-29",,,"0.00","T,,N",,,,
"US1MEWS0034","45.025787","-67.102867","57.3","2021-10-30",,,"0.00",",,N","0.0",",,N",,
"US1MEWS0034","45.025787","-67.102867","57.3","2021-10-31",,,"0.55",",,N",,,,
"US1MEWS0034","45.025787","-67.102867","57.3","2021-11-01",,,"1.33",",,N",,,,
"US1MEWS0034","45.025787","-67.102867","57.3","2021-11-02",,,"0.00",",,N","0.0",",,N",,
"US1MEWS0034","45.025787","-67.102867","57.3","2021-11-03",,,"0.00",",,N","0.0",",,N",,
"US1MEWS0034","45.025787","-67.102867","57.3","2021-11-04",,,"0.00",",,N","0.0",",,N",,
"US1MEWS0034","45.025787","-67.102867","57.3","2021-11-05",,,"0.00",",,N","0.0",",,N",,
"US1MEWS0034","45.025787","-67.102867","57.3","2021-11-06",,,"0.00",",,N","0.0",",,N",,
"US1MEWS0034","45.025787","-67.102867","57.3","2021-11-07",,,"0.00",",,N","0.0",",,N",,
"US1MEWS0034","45.025787","-67.102867","57.3","2021-11-08",,,"0.00",",,N","0.0",",,N",,
"US1MEWS0034","45.025787","-67.102867","57.3","2021-11-09",,,"0.00",",,N","0.0",",,N",,
"US1MEWS0034","45.025787","-67.102867","57.3","2021-11-10",,,"0.00",",,N","0.0",",,N",,
"US1MEWS0034","45.025787","-67.102867","57.3","2021-11-11",,,"0.38",",,N",,,,
"US1MEWS0034","45.025787","-67.102867","57.3","2021-11-12",,,"0.00",",,N","0.0",",,N",,
"US1MEWS0034","45.025787","-67.102867","57.3","2021-11-13",,,"1.21",",,N",,,,
"US1MEWS0034","45.025787","-67.102867","57.3","2021-11-14",,,"0.17",",,N",,,,
"US1MEWS0034","45.025787","-67.102867","57.3","2021-11-15",,,"0.37",",,N",,,,
"US1MEWS0034","45.025787","-67.102867","57.3","2021-11-16",,,"0.79",",,N",,,,
"US1MEWS0034","45.025787","-67.102867","57.3","2021-11-17",,,"0.00",",,N","0.0",",,N",,
"US1MEWS0034","45.025787","-67.102867","57.3","2021-11-18",,,"0.28",",,N",,,,
"US1MEWS0034","45.025787","-67.102867","57.3","2021-11-19",,,"0.36",",,N",,,,
"US1MEWS0034","45.025787","-67.102867","57.3","2021-11-20",,,"0.33",",,N",,,,
"US1MEWS0034","45.025787","-67.102867","57.3","2021-11-21",,,"0.00",",,N","0.0",",,N",,
"US1MEWS0034","45.025787","-67.102867","57.3","2021-11-22",,,"0.15",",,N",,,,
"US1MEWS0034","45.025787","-67.102867","57.3","2021-11-23",,,"2.56",",,N",,,,
"US1MEWS0034","45.025787","-67.102867","57.3","2021-11-24",,,"0.00",",,N","0.0",",,N",,
"US1MEWS0034","45.025787","-67.102867","57.3","2021-11-25",,,"0.00",",,N","0.0",",,N",,
"US1MEWS0034","45.025787","-67.102867","57.3","2021-11-26",,,"0.00",",,N","0.0",",,N",,
"US1MEWS0034","45.025787","-67.102867","57.3","2021-11-27",,,"0.16",",,N","4.0",",,N",,
"US1MEWS0034","45.025787","-67.102867","57.3","2021-11-28",,,"0.00",",,N","0.0",",,N",,
"US1MEWS0032","44.821509","-67.156825","10.4","2021-08-03",,,"0.08",",,N",,,,
"US1MEWS0032","44.821509","-67.156825","10.4","2021-08-05",,,"1.23",",,N",,,,
"US1MEWS0032","44.821509","-67.156825","10.4","2021-08-06",,,"0.75",",,N",,,,
"US1MEWS0032","44.821509","-67.156825","10.4","2021-08-13",,,"0.02",",,N",,,,
"US1MEWS0032","44.821509","-67.156825","10.4","2021-08-19",,,"0.03",",,N",,,,
"US1MEWS0032","44.821509","-67.156825","10.4","2021-08-20",,,"0.35",",,N",,,,
"US1MEWS0032","44.821509","-67.156825","10.4","2021-08-23",,,"0.45",",,N",,,,
"US1MEWS0032","44.821509","-67.156825","10.4","2021-08-24",,,"0.40",",,N",,,,
"US1MEWS0032","44.821509","-67.156825","10.4","2021-09-02",,,"1.16",",,N",,,,
"US1MEWS0032","44.821509","-67.156825","10.4","2021-09-06",,,"0.07",",,N",,,,
"US1MEWS0032","44.821509","-67.156825","10.4","2021-09-07",,,"0.07",",,N",,,,
"US1MEWS0032","44.821509","-67.156825","10.4","2021-09-11",,,"0.17",",,N",,,,
"US1MEWS0032","44.821509","-67.156825","10.4","2021-09-14",,,"0.02",",,N",,,,
"US1MEWS0032","44.821509","-67.156825","10.4","2021-09-16",,,"0.08",",,N",,,,
"US1MEWS0032","44.821509","-67.156825","10.4","2021-09-26",,,"0.68",",,N",,,,
"US1MEWS0032","44.821509","-67.156825","10.4","2021-09-27",,,"0.70",",,N",,,,
"US1MEWS0032","44.821509","-67.156825","10.4","2021-09-30",,,"0.17",",,N",,,,
"US1MEWS0032","44.821509","-67.156825","10.4","2021-10-01",,,"0.07",",,N",,,,
"US1MEWS0032","44.821509","-67.156825","10.4","2021-10-16",,,"0.06",",,N",,,,
"US1MEWS0032","44.821509","-67.156825","10.4","2021-10-17",,,"0.53",",,N",,,,
"US1MEWS0032","44.821509","-67.156825","10.4","2021-10-18",,,"0.11",",,N",,,,
"US1MEWS0032","44.821509","-67.156825","10.4","2021-10-20",,,"0.02",",,N",,,,
"US1MEWS0032","44.821509","-67.156825","10.4","2021-10-25",,,"0.07",",,N",,,,
"US1MEWS0032","44.821509","-67.156825","10.4","2021-10-27",,,"0.31",",,N",,,,
"US1MEWS0032","44.821509","-67.156825","10.4","2021-10-28",,,"0.22",",,N",,,,
"US1MEWS0032","44.821509","-67.156825","10.4","2021-10-31",,,"0.83",",,N",,,,
"US1MEWS0032","44.821509","-67.156825","10.4","2021-11-01",,,"0.37",",,N",,,,
"US1MEWS0032","44.821509","-67.156825","10.4","2021-11-10",,,"0.02",",,N",,,,
"US1MEWS0032","44.821509","-67.156825","10.4","2021-11-11",,,"0.34",",,N",,,,
"US1MEWS0032","44.821509","-67.156825","10.4","2021-11-13",,,"0.97",",,N",,,,
"US1MEWS0032","44.821509","-67.156825","10.4","2021-11-14",,,"0.21",",,N",,,,
"US1MEWS0032","44.821509","-67.156825","10.4","2021-11-15",,,"0.12",",,N",,,,
"US1MEWS0032","44.821509","-67.156825","10.4","2021-11-16",,,"0.41",",,N",,,,
"US1MEWS0032","44.821509","-67.156825","10.4","2021-11-18",,,"0.19",",,N",,,,
"US1MEWS0032","44.821509","-67.156825","10.4","2021-11-19",,,"0.29",",,N",,,,
"US1MEWS0032","44.821509","-67.156825","10.4","2021-11-22",,,"0.65",",,N",,,,
"US1MEWS0032","44.821509","-67.156825","10.4","2021-11-23",,,"0.71",",,N",,,,
"US1MEWS0032","44.821509","-67.156825","10.4","2021-11-27",,,"0.87",",,N","2.0",",,N",,
"US1MEWS0032","44.821509","-67.156825","10.4","2021-11-28",,,"0.08",",,N","1.0",",,N",,
"US1MEWS0031","44.91044","-66.985721","18.6","2021-08-01",,,"0.00",",,N","0.0",",,N",,
"US1MEWS0031","44.91044","-66.985721","18.6","2021-08-02",,,"0.02",",,N","0.0",",,N",,
"US1MEWS0031","44.91044","-66.985721","18.6","2021-08-03",,,"0.07",",,N","0.0",",,N",,
"US1MEWS0031","44.91044","-66.985721","18.6","2021-08-04",,,"0.00",",,N","0.0",",,N",,
"US1MEWS0031","44.91044","-66.985721","18.6","2021-08-05",,,"1.41",",,N","0.0",",,N",,
"US1MEWS0031","44.91044","-66.985721","18.6","2021-08-06",,,"0.83",",,N","0.0",",,N",,
"US1MEWS0031","44.91044","-66.985721","18.6","2021-08-07",,,"0.00",",,N","0.0",",,N",,
"US1MEWS0031","44.91044","-66.985721","18.6","2021-08-08",,,"0.00",",,N","0.0",",,N",,
"US1MEWS0031","44.91044","-66.985721","18.6","2021-08-09",,,"0.00",",,N","0.0",",,N",,
"US1MEWS0031","44.91044","-66.985721","18.6","2021-08-10",,,"0.00","T,,N","0.0",",,N",,
"US1MEWS0031","44.91044","-66.985721","18.6","2021-08-11",,,"0.00",",,N","0.0",",,N",,
"US1MEWS0031","44.91044","-66.985721","18.6","2021-08-12",,,"0.03",",,N","0.0",",,N",,
"US1MEWS0031","44.91044","-66.985721","18.6","2021-08-13",,,"0.02",",,N","0.0",",,N",,
"US1MEWS0031","44.91044","-66.985721","18.6","2021-08-14",,,"0.00",",,N","0.0",",,N",,
"US1MEWS0031","44.91044","-66.985721","18.6","2021-08-15",,,"0.00",",,N","0.0",",,N",,
"US1MEWS0031","44.91044","-66.985721","18.6","2021-08-16",,,"0.00",",,N","0.0",",,N",,
"US1MEWS0031","44.91044","-66.985721","18.6","2021-08-17",,,"0.00",",,N","0.0",",,N",,
"US1MEWS0031","44.91044","-66.985721","18.6","2021-08-18",,,"0.00",",,N","0.0",",,N",,
"US1MEWS0031","44.91044","-66.985721","18.6","2021-08-19",,,"0.08",",,N","0.0",",,N",,
"US1MEWS0031","44.91044","-66.985721","18.6","2021-08-20",,,"0.29",",,N","0.0",",,N",,
"US1MEWS0031","44.91044","-66.985721","18.6","2021-08-21",,,"0.00",",,N","0.0",",,N",,
"US1MEWS0031","44.91044","-66.985721","18.6","2021-08-22",,,"0.00","T,,N","0.0",",,N",,
"US1MEWS0031","44.91044","-66.985721","18.6","2021-08-23",,,"0.07",",,N","0.0",",,N",,
"US1MEWS0031","44.91044","-66.985721","18.6","2021-08-24",,,"0.71",",,N","0.0",",,N",,
"US1MEWS0031","44.91044","-66.985721","18.6","2021-08-25",,,"0.00",",,N","0.0",",,N",,
"US1MEWS0031","44.91044","-66.985721","18.6","2021-08-26",,,"0.00",",,N","0.0",",,N",,
"US1MEWS0031","44.91044","-66.985721","18.6","2021-08-27",,,"0.00",",,N","0.0",",,N",,
"US1MEWS0031","44.91044","-66.985721","18.6","2021-08-28",,,"0.00",",,N","0.0",",,N",,
"US1MEWS0031","44.91044","-66.985721","18.6","2021-08-29",,,"0.00",",,N","0.0",",,N",,
"US1MEWS0031","44.91044","-66.985721","18.6","2021-08-30",,,"0.00","T,,N","0.0",",,N",,
"US1MEWS0031","44.91044","-66.985721","18.6","2021-08-31",,,"0.00",",,N","0.0",",,N",,
"US1MEWS0031","44.91044","-66.985721","18.6","2021-09-01",,,"0.00",",,N","0.0",",,N",,
"US1MEWS0031","44.91044","-66.985721","18.6","2021-09-02",,,"1.34",",,N",,,,
"US1MEWS0031","44.91044","-66.985721","18.6","2021-09-03",,,"2.12",",,N","0.0",",,N",,
"US1MEWS0031","44.91044","-66.985721","18.6","2021-09-04",,,"0.08",",,N","0.0",",,N",,
"US1MEWS0031","44.91044","-66.985721","18.6","2021-09-05",,,"0.00",",,N","0.0",",,N",,
"US1MEWS0031","44.91044","-66.985721","18.6","2021-09-06",,,"0.02",",,N","0.0",",,N",,
"US1MEWS0031","44.91044","-66.985721","18.6","2021-09-07",,,"0.07",",,N","0.0",",,N",,
"US1MEWS0031","44.91044","-66.985721","18.6","2021-09-08",,,"0.00",",,N","0.0",",,N",,
"US1MEWS0031","44.91044","-66.985721","18.6","2021-09-09",,,"0.00",",,N","0.0",",,N",,
"US1MEWS0031","44.91044","-66.985721","18.6","2021-09-10",,,"0.66",",,N","0.0",",,N",,
"US1MEWS0031","44.91044","-66.985721","18.6","2021-09-11",,,"0.16",",,N","0.0",",,N",,
"US1MEWS0031","44.91044","-66.985721","18.6","2021-09-12",,,"0.00",",,N","0.0",",,N",,
"US1MEWS0031","44.91044","-66.985721","18.6","2021-09-13",,,"0.00","T,,N","0.0",",,N",,
"US1MEWS0031","44.91044","-66.985721","18.6","2021-09-14",,,"0.00","T,,N","0.0",",,N",,
"US1MEWS0031","44.91044","-66.985721","18.6","2021-09-15",,,"0.00",",,N","0.0",",,N",,
"US1MEWS0031","44.91044","-66.985721","18.6","2021-09-16",,,"0.07",",,N","0.0",",,N",,
"US1MEWS0031","44.91044","-66.985721","18.6","2021-09-17",,,"0.00",",,N","0.0",",,N",,
"US1MEWS0031","44.91044","-66.985721","18.6","2021-09-18",,,"0.02",",,N","0.0",",,N",,
"US1MEWS0031","44.91044","-66.985721","18.6","2021-09-19",,,"0.00",",,N","0.0",",,N",,
"US1MEWS0031","44.91044","-66.985721","18.6","2021-09-20",,,"0.00",",,N","0.0",",,N",,
"US1MEWS0031","44.91044","-66.985721","18.6","2021-09-21",,,"0.00",",,N","0.0",",,N",,
"US1MEWS0031","44.91044","-66.985721","18.6","2021-09-22",,,"0.00",",,N","0.0",",,N",,
"US1MEWS0031","44.91044","-66.985721","18.6","2021-09-23",,,"0.00",",,N","0.0",",,N",,
"US1MEWS0031","44.91044","-66.985721","18.6","2021-09-24",,,"0.00",",,N","0.0",",,N",,
"US1MEWS0031","44.91044","-66.985721","18.6","2021-09-25",,,"0.07",",,N","0.0",",,N",,
"US1MEWS0031","44.91044","-66.985721","18.6","2021-09-26",,,"0.82",",,N","0.0",",,N",,
"US1MEWS0031","44.91044","-66.985721","18.6","2021-09-27",,,"0.57",",,N","0.0",",,N",,
"US1MEWS0031","44.91044","-66.985721","18.6","2021-09-28",,,"0.00",",,N","0.0",",,N",,
"US1MEWS0031","44.91044","-66.985721","18.6","2021-09-29",,,"0.00","T,,N","0.0",",,N",,
"US1MEWS0031","44.91044","-66.985721","18.6","2021-09-30",,,"0.08",",,N","0.0",",,N",,
"US1MEWS0031","44.91044","-66.985721","18.6","2021-10-01",,,"0.01",",,N","0.0",",,N",,
"US1MEWS0031","44.91044","-66.985721","18.6","2021-10-02",,,"0.24",",,N","0.0",",,N",,
"US1MEWS0031","44.91044","-66.985721","18.6","2021-10-03",,,"0.00",",,N","0.0",",,N",,
"US1MEWS0031","44.91044","-66.985721","18.6","2021-10-04",,,"0.00",",,N","0.0",",,N",,
"US1MEWS0031","44.91044","-66.985721","18.6","2021-10-05",,,"0.00",",,N","0.0",",,N",,
"US1MEWS0031","44.91044","-66.985721","18.6","2021-10-06",,,"0.00",",,N","0.0",",,N",,
"US1MEWS0031","44.91044","-66.985721","18.6","2021-10-07",,,"0.00",",,N","0.0",",,N",,
"US1MEWS0031","44.91044","-66.985721","18.6","2021-10-08",,,"0.00",",,N","0.0",",,N",,
"US1MEWS0031","44.91044","-66.985721","18.6","2021-10-09",,,"0.00",",,N","0.0",",,N",,
"US1MEWS0031","44.91044","-66.985721","18.6","2021-10-10",,,"0.00",",,N","0.0",",,N",,
"US1MEWS0031","44.91044","-66.985721","18.6","2021-10-11",,,"0.00",",,N","0.0",",,N",,
"US1MEWS0031","44.91044","-66.985721","18.6","2021-10-12",,,"0.00",",,N","0.0",",,N",,
"US1MEWS0031","44.91044","-66.985721","18.6","2021-10-13",,,"0.00",",,N","0.0",",,N",,
"US1MEWS0031","44.91044","-66.985721","18.6","2021-10-14",,,"0.01",",,N","0.0",",,N",,
"US1MEWS0031","44.91044","-66.985721","18.6","2021-10-15",,,"0.00","T,,N","0.0",",,N",,
"US1MEWS0031","44.91044","-66.985721","18.6","2021-10-16",,,"0.11",",,N","0.0",",,N",,
"US1MEWS0031","44.91044","-66.985721","18.6","2021-10-17",,,"0.58",",,N","0.0",",,N",,
"US1MEWS0031","44.91044","-66.985721","18.6","2021-10-18",,,"0.46",",,N","0.0",",,N",,
"US1MEWS0031","44.91044","-66.985721","18.6","2021-10-19",,,"0.00","T,,N","0.0",",,N",,
"US1MEWS0031","44.91044","-66.985721","18.6","2021-10-20",,,"0.03",",,N","0.0",",,N",,
"US1MEWS0031","44.91044","-66.985721","18.6","2021-10-21",,,"0.00",",,N","0.0",",,N",,
"US1MEWS0031","44.91044","-66.985721","18.6","2021-10-22",,,"0.00","T,,N","0.0",",,N",,
"US1MEWS0031","44.91044","-66.985721","18.6","2021-10-23",,,"0.00","T,,N","0.0",",,N",,
"US1MEWS0031","44.91044","-66.985721","18.6","2021-10-24",,,"0.04",",,N","0.0",",,N",,
"US1MEWS0031","44.91044","-66.985721","18.6","2021-10-25",,,"0.00",",,N","0.0",",,N",,
"US1MEWS0031","44.91044","-66.985721","18.6","2021-10-26",,,"0.06",",,N","0.0",",,N",,
"US1MEWS0031","44.91044","-66.985721","18.6","2021-10-27",,,"0.23",",,N","0.0",",,N",,
"US1MEWS0031","44.91044","-66.985721","18.6","2021-10-28",,,"0.17",",,N","0.0",",,N",,
"US1MEWS0031","44.91044","-66.985721","18.6","2021-10-29",,,"0.00",",,N","0.0",",,N",,
"US1MEWS0031","44.91044","-66.985721","18.6","2021-10-30",,,"0.00",",,N","0.0",",,N",,
"US1MEWS0031","44.91044","-66.985721","18.6","2021-10-31",,,"0.57",",,N","0.0",",,N",,
"US1MEWS0031","44.91044","-66.985721","18.6","2021-11-01",,,"0.62",",,N","0.0",",,N",,
"US1MEWS0031","44.91044","-66.985721","18.6","2021-11-02",,,"0.00",",,N","0.0",",,N",,
"US1MEWS0031","44.91044","-66.985721","18.6","2021-11-03",,,"0.00",",,N","0.0",",,N",,
"US1MEWS0031","44.91044","-66.985721","18.6","2021-11-04",,,"0.00",",,N","0.0",",,N",,
"US1MEWS0031","44.91044","-66.985721","18.6","2021-11-05",,,"0.00",",,N","0.0",",,N",,
"US1MEWS0031","44.91044","-66.985721","18.6","2021-11-06",,,"0.00",",,N","0.0",",,N",,
"US1MEWS0031","44.91044","-66.985721","18.6","2021-11-07",,,"0.00",",,N","0.0",",,N",,
"US1MEWS0031","44.91044","-66.985721","18.6","2021-11-08",,,"0.00",",,N","0.0",",,N",,
"US1MEWS0031","44.91044","-66.985721","18.6","2021-11-09",,,"0.00",",,N","0.0",",,N",,
"US1MEWS0031","44.91044","-66.985721","18.6","2021-11-10",,,"0.00","T,,N","0.0",",,N",,
"US1MEWS0031","44.91044","-66.985721","18.6","2021-11-11",,,"0.28",",,N","0.0",",,N",,
"US1MEWS0031","44.91044","-66.985721","18.6","2021-11-12",,,"0.00",",,N","0.0",",,N",,
"US1MEWS0031","44.91044","-66.985721","18.6","2021-11-13",,,"0.63",",,N","0.0",",,N",,
"US1MEWS0031","44.91044","-66.985721","18.6","2021-11-14",,,"0.22",",,N","0.0",",,N",,
"US1MEWS0031","44.91044","-66.985721","18.6","2021-11-15",,,"0.12",",,N","0.0",",,N",,
"US1MEWS0031","44.91044","-66.985721","18.6","2021-11-16",,,"0.59",",,N","0.0",",,N",,
"US1MEWS0031","44.91044","-66.985721","18.6","2021-11-17",,,"0.00",",,N","0.0",",,N",,
"US1MEWS0031","44.91044","-66.985721","18.6","2021-11-18",,,"0.21",",,N","0.0",",,N",,
"US1MEWS0031","44.91044","-66.985721","18.6","2021-11-19",,,"0.28",",,N","0.0",",,N",,
"US1MEWS0031","44.91044","-66.985721","18.6","2021-11-20",,,"0.03",",,N","0.0",",,N",,
"US1MEWS0031","44.91044","-66.985721","18.6","2021-11-21",,,"0.00",",,N","0.0",",,N",,
"US1MEWS0031","44.91044","-66.985721","18.6","2021-11-22",,,"0.62",",,N","0.0",",,N",,
"US1MEWS0031","44.91044","-66.985721","18.6","2021-11-23",,,"0.68",",,N","0.0",",,N",,
"US1MEWS0031","44.91044","-66.985721","18.6","2021-11-24",,,"0.00",",,N","0.0",",,N",,
"US1MEWS0031","44.91044","-66.985721","18.6","2021-11-25",,,"0.00",",,N","0.0",",,N",,
"US1MEWS0031","44.91044","-66.985721","18.6","2021-11-27",,,"0.72",",,N","2.2",",,N",,
"US1MEWS0031","44.91044","-66.985721","18.6","2021-11-28",,,"0.07",",,N","1.4",",,N",,
"USC00169074","31.2021","-93.5726","55.2","2021-08-01",,,"0.00",",,7,0800","0.0",",,7,0800",,
"USC00169074","31.2021","-93.5726","55.2","2021-08-02",,,"0.00",",,7,0800","0.0",",,7,0800",,
"USC00169074","31.2021","-93.5726","55.2","2021-08-03",,,"0.96",",,7,0800","0.0",",,7,0800",,
"USC00169074","31.2021","-93.5726","55.2","2021-08-04",,,"2.02",",,7,0800","0.0",",,7,0800",,
"USC00169074","31.2021","-93.5726","55.2","2021-08-05",,,"0.03",",,7,0800","0.0",",,7,0800",,
"USC00169074","31.2021","-93.5726","55.2","2021-08-06",,,"0.02",",,7,0800","0.0",",,7,0800",,
"USC00169074","31.2021","-93.5726","55.2","2021-08-07",,,"0.00",",,7,0800","0.0",",,7,0800",,
"USC00169074","31.2021","-93.5726","55.2","2021-08-08",,,"0.86",",,7,0800","0.0",",,7,0800",,
"USC00169074","31.2021","-93.5726","55.2","2021-08-09",,,"0.00",",,7,0800","0.0",",,7,0800",,
"USC00169074","31.2021","-93.5726","55.2","2021-08-10",,,"0.02",",,7,0800","0.0",",,7,0800",,
"USC00169074","31.2021","-93.5726","55.2","2021-08-11",,,"0.00",",,7,0800","0.0",",,7,0800",,
"USC00169074","31.2021","-93.5726","55.2","2021-08-12",,,"0.00",",,7,0800","0.0",",,7,0800",,
"USC00169074","31.2021","-93.5726","55.2","2021-08-13",,,"0.00",",,7,0800","0.0",",,7,0800",,
"USC00169074","31.2021","-93.5726","55.2","2021-08-14",,,"0.00",",,7,0800","0.0",",,7,0800",,
"USC00169074","31.2021","-93.5726","55.2","2021-08-15",,,"0.00",",,7,0800","0.0",",,7,0800",,
"USC00169074","31.2021","-93.5726","55.2","2021-08-16",,,"0.00",",,7,0800","0.0",",,7,0800",,
"USC00169074","31.2021","-93.5726","55.2","2021-08-17",,,"0.00",",,7,0800","0.0",",,7,0800",,
"USC00169074","31.2021","-93.5726","55.2","2021-08-18",,,"0.00",",,7,0800","0.0",",,7,0800",,
"USC00169074","31.2021","-93.5726","55.2","2021-08-19",,,"0.00",",,7,0800","0.0",",,7,0800",,
"USC00169074","31.2021","-93.5726","55.2","2021-08-20",,,"0.00",",,7,0800","0.0",",,7,0800",,
"USC00169074","31.2021","-93.5726","55.2","2021-08-21",,,"0.00",",,7,0800","0.0",",,7,0800",,
"USC00169074","31.2021","-93.5726","55.2","2021-08-22",,,"0.00",",,7,0800","0.0",",,7,0800",,
"USC00169074","31.2021","-93.5726","55.2","2021-08-23",,,"0.00",",,7,0800","0.0",",,7,0800",,
"USC00169074","31.2021","-93.5726","55.2","2021-08-24",,,"0.00",",,7,0800","0.0",",,7,0800",,
"USC00169074","31.2021","-93.5726","55.2","2021-08-25",,,"0.00",",,7,0800","0.0",",,7,0800",,
"USC00169074","31.2021","-93.5726","55.2","2021-08-26",,,"0.79",",,7,0800","0.0",",,7,0800",,
"USC00169074","31.2021","-93.5726","55.2","2021-08-27",,,"0.02",",,7,0800","0.0",",,7,0800",,
"USC00169074","31.2021","-93.5726","55.2","2021-08-28",,,"0.00",",,7,0800","0.0",",,7,0800",,
"USC00169074","31.2021","-93.5726","55.2","2021-08-29",,,"0.03",",,7,0800","0.0",",,7,0800",,
"USC00169074","31.2021","-93.5726","55.2","2021-08-30",,,"0.03",",,7,0800","0.0",",,7,0800",,
"USC00169074","31.2021","-93.5726","55.2","2021-08-31",,,"0.00",",,7,0800","0.0",",,7,0800",,
"USC00169074","31.2021","-93.5726","55.2","2021-09-01",,,"0.00",",,7,0800","0.0",",,7,0800",,
"USC00169074","31.2021","-93.5726","55.2","2021-09-02",,,"0.00",",,7,0800","0.0",",,7,0800",,
"USC00169074","31.2021","-93.5726","55.2","2021-09-03",,,"0.00",",,7,0800","0.0",",,7,0800",,
"USC00169074","31.2021","-93.5726","55.2","2021-09-04",,,"0.00",",,7,0800","0.0",",,7,0800",,
"USC00169074","31.2021","-93.5726","55.2","2021-09-05",,,"0.00",",,7,0800","0.0",",,7,0800",,
"USC00169074","31.2021","-93.5726","55.2","2021-09-06",,,"0.00",",,7,0800","0.0",",,7,0800",,
"USC00169074","31.2021","-93.5726","55.2","2021-09-07",,,"0.17",",,7,0800","0.0",",,7,0800",,
"USC00169074","31.2021","-93.5726","55.2","2021-09-08",,,"0.00",",,7,0800","0.0",",,7,0800",,
"USC00169074","31.2021","-93.5726","55.2","2021-09-09",,,"0.00",",,7,0800","0.0",",,7,0800",,
"USC00169074","31.2021","-93.5726","55.2","2021-09-10",,,"0.00",",,7,0800","0.0",",,7,0800",,
"USC00169074","31.2021","-93.5726","55.2","2021-09-11",,,"0.00",",,7,0800","0.0",",,7,0800",,
"USC00169074","31.2021","-93.5726","55.2","2021-09-12",,,"0.00",",,7,0800","0.0",",,7,0800",,
"USC00169074","31.2021","-93.5726","55.2","2021-09-13",,,"0.00",",,7,0800","0.0",",,7,0800",,
"USC00169074","31.2021","-93.5726","55.2","2021-09-14",,,"0.18",",,7,0800","0.0",",,7,0800",,
"USC00169074","31.2021","-93.5726","55.2","2021-09-15",,,"1.13",",,7,0800","0.0",",,7,0800",,
"USC00169074","31.2021","-93.5726","55.2","2021-09-16",,,"0.00",",,7,0800","0.0",",,7,0800",,
"USC00169074","31.2021","-93.5726","55.2","2021-09-17",,,"0.04",",,7,0800","0.0",",,7,0800",,
"USC00169074","31.2021","-93.5726","55.2","2021-09-18",,,"0.00",",,7,0800","0.0",",,7,0800",,
"USC00169074","31.2021","-93.5726","55.2","2021-09-19",,,"0.00",",,7,0800","0.0",",,7,0800",,
"USC00169074","31.2021","-93.5726","55.2","2021-09-20",,,"0.00",",,7,0800","0.0",",,7,0800",,
"USC00169074","31.2021","-93.5726","55.2","2021-09-21",,,"0.00",",,7,0800","0.0",",,7,0800",,
"USC00169074","31.2021","-93.5726","55.2","2021-09-22",,,"0.32",",,7,0800","0.0",",,7,0800",,
"USC00169074","31.2021","-93.5726","55.2","2021-09-23",,,"0.00",",,7,0800","0.0",",,7,0800",,
"USC00169074","31.2021","-93.5726","55.2","2021-09-24",,,"0.00",",,7,0800","0.0",",,7,0800",,
"USC00169074","31.2021","-93.5726","55.2","2021-09-25",,,"0.00",",,7,0800","0.0",",,7,0800",,
"USC00169074","31.2021","-93.5726","55.2","2021-09-26",,,"0.00",",,7,0800","0.0",",,7,0800",,
"USC00169074","31.2021","-93.5726","55.2","2021-09-27",,,"0.00",",,7,0800","0.0",",,7,0800",,
"USC00169074","31.2021","-93.5726","55.2","2021-09-28",,,"0.49",",,7,0800","0.0",",,7,0800",,
"USC00169074","31.2021","-93.5726","55.2","2021-09-29",,,"2.65",",,7,0800","0.0",",,7,0800",,
"USC00169074","31.2021","-93.5726","55.2","2021-09-30",,,"0.00",",,7,0800","0.0",",,7,0800",,
"USC00169074","31.2021","-93.5726","55.2","2021-10-01",,,"0.08",",,7,0800","0.0",",,7,0800",,
"USC00169074","31.2021","-93.5726","55.2","2021-10-02",,,"0.07",",,7,0800","0.0",",,7,0800",,
"USC00169074","31.2021","-93.5726","55.2","2021-10-03",,,"0.29",",,7,0800","0.0",",,7,0800",,
"USC00169074","31.2021","-93.5726","55.2","2021-10-04",,,"0.00",",,7,0800","0.0",",,7,0800",,
"USC00169074","31.2021","-93.5726","55.2","2021-10-05",,,"0.00",",,7,0800","0.0",",,7,0800",,
"USC00169074","31.2021","-93.5726","55.2","2021-10-06",,,"0.00",",,7,0800","0.0",",,7,0800",,
"USC00169074","31.2021","-93.5726","55.2","2021-10-07",,,"0.00",",,7,0800","0.0",",,7,0800",,
"USC00169074","31.2021","-93.5726","55.2","2021-10-08",,,"0.00",",,7,0800","0.0",",,7,0800",,
"USC00169074","31.2021","-93.5726","55.2","2021-10-09",,,"0.00",",,7,0800","0.0",",,7,0800",,
"USC00169074","31.2021","-93.5726","55.2","2021-10-10",,,"0.00",",,7,0800","0.0",",,7,0800",,
"USC00169074","31.2021","-93.5726","55.2","2021-10-11",,,"0.11",",,7,0800","0.0",",,7,0800",,
"USC00169074","31.2021","-93.5726","55.2","2021-10-12",,,"0.00",",,7,0800","0.0",",,7,0800",,
"USC00169074","31.2021","-93.5726","55.2","2021-10-13",,,"0.00",",,7,0800","0.0",",,7,0800",,
"USC00169074","31.2021","-93.5726","55.2","2021-10-14",,,"0.02",",,7,0800","0.0",",,7,0800",,
"USC00169074","31.2021","-93.5726","55.2","2021-10-15",,,"0.00",",,7,0800","0.0",",,7,0800",,
"USC00169074","31.2021","-93.5726","55.2","2021-10-16",,,"0.00",",,7,0800","0.0",",,7,0800",,
"USC00169074","31.2021","-93.5726","55.2","2021-10-17",,,"0.00",",,7,0800","0.0",",,7,0800",,
"USC00169074","31.2021","-93.5726","55.2","2021-10-18",,,"0.00",",,7,0800","0.0",",,7,0800",,
"USC00169074","31.2021","-93.5726","55.2","2021-10-19",,,"0.00",",,7,0800","0.0",",,7,0800",,
"USC00169074","31.2021","-93.5726","55.2","2021-10-20",,,"0.00",",,7,0800","0.0",",,7,0800",,
"USC00169074","31.2021","-93.5726","55.2","2021-10-21",,,"0.00",",,7,0800","0.0",",,7,0800",,
"USC00169074","31.2021","-93.5726","55.2","2021-10-22",,,"0.00",",,7,0800","0.0",",,7,0800",,
"USC00169074","31.2021","-93.5726","55.2","2021-10-23",,,"0.00",",,7,0800","0.0",",,7,0800",,
"USC00169074","31.2021","-93.5726","55.2","2021-10-24",,,"0.00",",,7,0800","0.0",",,7,0800",,
"USC00169074","31.2021","-93.5726","55.2","2021-10-25",,,"0.00",",,7,0800","0.0",",,7,0800",,
"USC00169074","31.2021","-93.5726","55.2","2021-10-26",,,"0.00",",,7,0800","0.0",",,7,0800",,
"USC00169074","31.2021","-93.5726","55.2","2021-10-27",,,"0.00",",,7,0800","0.0",",,7,0800",,
"USC00169074","31.2021","-93.5726","55.2","2021-10-28",,,"1.25",",,7,0800","0.0",",,7,0800",,
"USC00169074","31.2021","-93.5726","55.2","2021-10-29",,,"0.00",",,7,0800","0.0",",,7,0800",,
"USC00169074","31.2021","-93.5726","55.2","2021-10-30",,,"0.00",",,7,0800","0.0",",,7,0800",,
"USC00169074","31.2021","-93.5726","55.2","2021-10-31",,,"0.00",",,7,0800","0.0",",,7,0800",,
"USC00169074","31.2021","-93.5726","55.2","2021-11-01",,,"0.00",",,H,0800","0.0",",,H,0800",,
"USC00169074","31.2021","-93.5726","55.2","2021-11-02",,,"0.00",",,H,0800","0.0",",,H,0800",,
"USC00169074","31.2021","-93.5726","55.2","2021-11-03",,,"0.00",",,H,0800","0.0",",,H,0800",,
"USC00169074","31.2021","-93.5726","55.2","2021-11-04",,,"0.42",",,H,0800","0.0",",,H,0800",,
"USC00169074","31.2021","-93.5726","55.2","2021-11-08",,,"0.00",",,H,0800","0.0",",,H,0800",,
"USC00169074","31.2021","-93.5726","55.2","2021-11-09",,,"0.00",",,H,0800","0.0",",,H,0800",,
"USC00169074","31.2021","-93.5726","55.2","2021-11-11",,,"0.85",",,H,0800","0.0",",,H,0800",,
"USC00169074","31.2021","-93.5726","55.2","2021-11-15",,,"0.00",",,H,0800","0.0",",,H,0800",,
"USC00169074","31.2021","-93.5726","55.2","2021-11-16",,,"0.00",",,H,0800","0.0",",,H,0800",,
"USC00169074","31.2021","-93.5726","55.2","2021-11-17",,,"0.00",",,H,0800","0.0",",,H,0800",,
"USC00169074","31.2021","-93.5726","55.2","2021-11-18",,,"0.00",",,H,0800","0.0",",,H,0800",,
"USC00169074","31.2021","-93.5726","55.2","2021-11-19",,,"0.00",",,H,0800","0.0",",,H,0800",,
"USC00169074","31.2021","-93.5726","55.2","2021-11-20",,,"0.00",",,H,0800","0.0",",,H,0800",,
"USC00169074","31.2021","-93.5726","55.2","2021-11-21",,,"0.00",",,H,0800","0.0",",,H,0800",,
"USC00169074","31.2021","-93.5726","55.2","2021-11-22",,,"0.04",",,H,0800","0.0",",,H,0800",,
"USC00169074","31.2021","-93.5726","55.2","2021-11-24",,,"0.00",",,H,0800","0.0",",,H,0800",,
"USC00169074","31.2021","-93.5726","55.2","2021-11-25",,,"0.00",",,H,0800","0.0",",,H,0800",,
"USC00169074","31.2021","-93.5726","55.2","2021-11-26",,,"0.13",",,H,0800","0.0",",,H,0800",,
"USC00169074","31.2021","-93.5726","55.2","2021-11-27",,,"0.00",",,H,0800","0.0",",,H,0800",,
"USC00169074","31.2021","-93.5726","55.2","2021-11-28",,,"0.18",",,H,0800","0.0",",,H,0800",,
"USC00173567","44.9466","-69.5456","97.5","2021-08-01",,,"0.00",",,7,0700","0.0",",,7,0700",,
"USC00173567","44.9466","-69.5456","97.5","2021-08-02",,,"0.18",",,7,0700","0.0",",,7,0700",,
"USC00173567","44.9466","-69.5456","97.5","2021-08-03",,,"0.14",",,7,0700","0.0",",,7,0700",,
"USC00173567","44.9466","-69.5456","97.5","2021-08-04",,,"0.00",",,7,0700","0.0",",,7,0700",,
"USC00173567","44.9466","-69.5456","97.5","2021-08-05",,,"0.00",",,7,0700","0.0",",,7,0700",,
"USC00173567","44.9466","-69.5456","97.5","2021-08-06",,,"0.20",",,7,0700","0.0",",,7,0700",,
"USC00173567","44.9466","-69.5456","97.5","2021-08-07",,,"0.00",",,7,0700","0.0",",,7,0700",,
"USC00173567","44.9466","-69.5456","97.5","2021-08-08",,,"0.02",",,7,0700","0.0",",,7,0700",,
"USC00173567","44.9466","-69.5456","97.5","2021-08-09",,,"0.00",",,7,0700","0.0",",,7,0700",,
"USC00173567","44.9466","-69.5456","97.5","2021-08-10",,,"0.00",",,7,0700","0.0",",,7,0700",,
"USC00173567","44.9466","-69.5456","97.5","2021-08-11",,,"0.00",",,7,0700","0.0",",,7,0700",,
"USC00173567","44.9466","-69.5456","97.5","2021-08-12",,,"0.39",",,7,0700","0.0",",,7,0700",,
"USC00173567","44.9466","-69.5456","97.5","2021-08-13",,,"0.45",",,7,0700","0.0",",,7,0700",,
"USC00173567","44.9466","-69.5456","97.5","2021-08-14",,,"0.00",",,7,0700","0.0",",,7,0700",,
"USC00173567","44.9466","-69.5456","97.5","2021-08-15",,,"0.49",",,7,0700","0.0",",,7,0700",,
"USC00173567","44.9466","-69.5456","97.5","2021-08-16",,,"0.00",",,7,0700","0.0",",,7,0700",,
"USC00173567","44.9466","-69.5456","97.5","2021-08-17",,,"0.00",",,7,0700","0.0",",,7,0700",,
"USC00173567","44.9466","-69.5456","97.5","2021-08-18",,,"0.00",",,7,0700","0.0",",,7,0700",,
"USC00173567","44.9466","-69.5456","97.5","2021-08-19",,,"0.13",",,7,0700","0.0",",,7,0700",,
"USC00173567","44.9466","-69.5456","97.5","2021-08-20",,,"0.46",",,7,0700","0.0",",,7,0700",,
"USC00173567","44.9466","-69.5456","97.5","2021-08-21",,,"0.00",",,7,0700","0.0",",,7,0700",,
"USC00173567","44.9466","-69.5456","97.5","2021-08-22",,,"0.00","T,,7,0700","0.0",",,7,0700",,
"USC00173567","44.9466","-69.5456","97.5","2021-08-23",,,"0.11",",,7,0700","0.0",",,7,0700",,
"USC00173567","44.9466","-69.5456","97.5","2021-08-24",,,"0.03",",,7,0700","0.0",",,7,0700",,
"USC00173567","44.9466","-69.5456","97.5","2021-08-25",,,"0.00",",,7,0700","0.0",",,7,0700",,
"USC00173567","44.9466","-69.5456","97.5","2021-08-26",,,"0.00",",,7,0700","0.0",",,7,0700",,
"USC00173567","44.9466","-69.5456","97.5","2021-08-27",,,"0.00",",,7,0700","0.0",",,7,0700",,
"USC00173567","44.9466","-69.5456","97.5","2021-08-28",,,"0.00",",,7,0700","0.0",",,7,0700",,
"USC00173567","44.9466","-69.5456","97.5","2021-08-29",,,"0.12",",,7,0700","0.0",",,7,0700",,
"USC00173567","44.9466","-69.5456","97.5","2021-08-30",,,"0.05",",,7,0700","0.0",",,7,0700",,
"USC00173567","44.9466","-69.5456","97.5","2021-08-31",,,"0.02",",,7,0700","0.0",",,7,0700",,
"USC00173567","44.9466","-69.5456","97.5","2021-09-01",,,"0.00",",,7,0700","0.0",",,7,0700",,
"USC00173567","44.9466","-69.5456","97.5","2021-09-02",,,"0.48",",,7,0700","0.0",",,7,0700",,
"USC00173567","44.9466","-69.5456","97.5","2021-09-03",,,"0.28",",,7,0700","0.0",",,7,0700",,
"USC00173567","44.9466","-69.5456","97.5","2021-09-04",,,"0.04",",,7,0700","0.0",",,7,0700",,
"USC00173567","44.9466","-69.5456","97.5","2021-09-05",,,"0.00",",,7,0700","0.0",",,7,0700",,
"USC00173567","44.9466","-69.5456","97.5","2021-09-06",,,"0.16",",,7,0700","0.0",",,7,0700",,
"USC00173567","44.9466","-69.5456","97.5","2021-09-07",,,"0.25",",,7,0700","0.0",",,7,0700",,
"USC00173567","44.9466","-69.5456","97.5","2021-09-08",,,"0.00",",,7,0700","0.0",",,7,0700",,
"USC00173567","44.9466","-69.5456","97.5","2021-09-09",,,"0.18",",,7,0700","0.0",",,7,0700",,
"USC00173567","44.9466","-69.5456","97.5","2021-09-10",,,"1.67",",,7,0700","0.0",",,7,0700",,
"USC00173567","44.9466","-69.5456","97.5","2021-09-11",,,"0.11",",,7,0700","0.0",",,7,0700",,
"USC00173567","44.9466","-69.5456","97.5","2021-09-12",,,"0.02",",,7,0700","0.0",",,7,0700",,
"USC00173567","44.9466","-69.5456","97.5","2021-09-13",,,"0.00",",,7,0700","0.0",",,7,0700",,
"USC00173567","44.9466","-69.5456","97.5","2021-09-14",,,"0.00",",,7,0700","0.0",",,7,0700",,
"USC00173567","44.9466","-69.5456","97.5","2021-09-15",,,"0.00",",,7,0700","0.0",",,7,0700",,
"USC00173567","44.9466","-69.5456","97.5","2021-09-16",,,"0.49",",,7,0700","0.0",",,7,0700",,
"USC00173567","44.9466","-69.5456","97.5","2021-09-17",,,"0.00",",,7,0700","0.0",",,7,0700",,
"USC00173567","44.9466","-69.5456","97.5","2021-09-18",,,"0.00",",,7,0700","0.0",",,7,0700",,
"USC00173567","44.9466","-69.5456","97.5","2021-09-19",,,"0.35",",,7,0700","0.0",",,7,0700",,
"USC00173567","44.9466","-69.5456","97.5","2021-09-20",,,"0.00",",,7,0700","0.0",",,7,0700",,
"USC00173567","44.9466","-69.5456","97.5","2021-09-21",,,"0.00",",,7,0700","0.0",",,7,0700",,
"USC00173567","44.9466","-69.5456","97.5","2021-09-22",,,"0.02",",,7,0700","0.0",",,7,0700",,
"USC00173567","44.9466","-69.5456","97.5","2021-09-23",,,"0.03",",,7,0700","0.0",",,7,0700",,
"USC00173567","44.9466","-69.5456","97.5","2021-09-24",,,"0.00",",,7,0700","0.0",",,7,0700",,
"USC00173567","44.9466","-69.5456","97.5","2021-09-25",,,"1.10",",,7,0700","0.0",",,7,0700",,
"USC00173567","44.9466","-69.5456","97.5","2021-09-26",,,"1.41",",,7,0700","0.0",",,7,0700",,
"USC00173567","44.9466","-69.5456","97.5","2021-09-27",,,"0.39",",,7,0700","0.0",",,7,0700",,
"USC00173567","44.9466","-69.5456","97.5","2021-09-28",,,"0.03",",,7,0700","0.0",",,7,0700",,
"USC00173567","44.9466","-69.5456","97.5","2021-09-29",,,"0.00",",,7,0700","0.0",",,7,0700",,
"USC00173567","44.9466","-69.5456","97.5","2021-09-30",,,"0.04",",,7,0700","0.0",",,7,0700",,
"USC00173567","44.9466","-69.5456","97.5","2021-10-01",,,"0.04",",,7,0700","0.0",",,7,0700",,
"USC00173567","44.9466","-69.5456","97.5","2021-10-02",,,"0.00",",,7,0700","0.0",",,7,0700",,
"USC00173567","44.9466","-69.5456","97.5","2021-10-03",,,"0.01",",,7,0700","0.0",",,7,0700",,
"USC00173567","44.9466","-69.5456","97.5","2021-10-04",,,"0.00",",,7,0700","0.0",",,7,0700",,
"USC00173567","44.9466","-69.5456","97.5","2021-10-05",,,"0.00",",,7,0700","0.0",",,7,0700",,
"USC00173567","44.9466","-69.5456","97.5","2021-10-06",,,"0.00",",,7,0700","0.0",",,7,0700",,
"USC00173567","44.9466","-69.5456","97.5","2021-10-07",,,"0.00",",,7,0700","0.0",",,7,0700",,
"USC00173567","44.9466","-69.5456","97.5","2021-10-08",,,"0.00",",,7,0700","0.0",",,7,0700",,
"USC00173567","44.9466","-69.5456","97.5","2021-10-09",,,"0.00",",,7,0700","0.0",",,7,0700",,
"USC00173567","44.9466","-69.5456","97.5","2021-10-10",,,"0.00",",,7,0700","0.0",",,7,0700",,
"USC00173567","44.9466","-69.5456","97.5","2021-10-11",,,"0.00",",,7,0700","0.0",",,7,0700",,
"USC00173567","44.9466","-69.5456","97.5","2021-10-12",,,"0.00",",,7,0700","0.0",",,7,0700",,
"USC00173567","44.9466","-69.5456","97.5","2021-10-13",,,"0.00",",,7,0700","0.0",",,7,0700",,
"USC00173567","44.9466","-69.5456","97.5","2021-10-14",,,"0.00",",,7,0700","0.0",",,7,0700",,
"USC00173567","44.9466","-69.5456","97.5","2021-10-15",,,"0.00",",,7,0700","0.0",",,7,0700",,
"USC00173567","44.9466","-69.5456","97.5","2021-10-16",,,"0.08",",,7,0700","0.0",",,7,0700",,
"USC00173567","44.9466","-69.5456","97.5","2021-10-17",,,"0.97",",,7,0700","0.0",",,7,0700",,
"USC00173567","44.9466","-69.5456","97.5","2021-10-18",,,"0.05",",,7,0700","0.0",",,7,0700",,
"USC00173567","44.9466","-69.5456","97.5","2021-10-19",,,"0.00",",,7,0700","0.0",",,7,0700",,
"USC00173567","44.9466","-69.5456","97.5","2021-10-20",,,"0.00",",,7,0700","0.0",",,7,0700",,
"USC00173567","44.9466","-69.5456","97.5","2021-10-21",,,"0.00",",,7,0700","0.0",",,7,0700",,
"USC00173567","44.9466","-69.5456","97.5","2021-10-22",,,"0.03",",,7,0700","0.0",",,7,0700",,
"USC00173567","44.9466","-69.5456","97.5","2021-10-23",,,"0.24",",,7,0700","0.0",",,7,0700",,
"USC00173567","44.9466","-69.5456","97.5","2021-10-24",,,"0.00",",,7,0700","0.0",",,7,0700",,
"USC00173567","44.9466","-69.5456","97.5","2021-10-25",,,"0.00",",,7,0700","0.0",",,7,0700",,
"USC00173567","44.9466","-69.5456","97.5","2021-10-26",,,"0.00",",,7,0700","0.0",",,7,0700",,
"USC00173567","44.9466","-69.5456","97.5","2021-10-27",,,"0.08",",,7,0700","0.0",",,7,0700",,
"USC00173567","44.9466","-69.5456","97.5","2021-10-28",,,"0.00",",,7,0700","0.0",",,7,0700",,
"USC00173567","44.9466","-69.5456","97.5","2021-10-29",,,"0.00",",,7,0700","0.0",",,7,0700",,
"USC00173567","44.9466","-69.5456","97.5","2021-10-30",,,"0.00",",,7,0700","0.0",",,7,0700",,
"USC00173567","44.9466","-69.5456","97.5","2021-10-31",,,"1.85",",,7,0700","0.0",",,7,0700",,
"USC00173567","44.9466","-69.5456","97.5","2021-11-01",,,"0.45",",,H,0700","0.0",",,H,0700",,
"USC00173567","44.9466","-69.5456","97.5","2021-11-02",,,"0.00",",,H,0700","0.0",",,H,0700",,
"USC00173567","44.9466","-69.5456","97.5","2021-11-03",,,"0.00",",,H,0700","0.0",",,H,0700",,
"USC00173567","44.9466","-69.5456","97.5","2021-11-04",,,"0.00",",,H,0700","0.0",",,H,0700",,
"USC00173567","44.9466","-69.5456","97.5","2021-11-05",,,"0.00",",,H,0700","0.0",",,H,0700",,
"USC00173567","44.9466","-69.5456","97.5","2021-11-06",,,"0.00",",,H,0700","0.0",",,H,0700",,
"USC00173567","44.9466","-69.5456","97.5","2021-11-07",,,"0.00",",,H,0700","0.0",",,H,0700",,
"USC00173567","44.9466","-69.5456","97.5","2021-11-08",,,"0.00",",,H,0700","0.0",",,H,0700",,
"USC00173567","44.9466","-69.5456","97.5","2021-11-10",,,"0.00",",,H,0700","0.0",",,H,0700",,
"USC00173567","44.9466","-69.5456","97.5","2021-11-11",,,"0.01",",,H,0700",,,,
"USC00173567","44.9466","-69.5456","97.5","2021-11-12",,,"0.00",",,H,0700",,,,
"USC00173567","44.9466","-69.5456","97.5","2021-11-13",,,"1.30",",,H,0700",,,,
"USC00173567","44.9466","-69.5456","97.5","2021-11-14",,,"0.00",",,H,0700",,,,
"USC00173567","44.9466","-69.5456","97.5","2021-11-15",,,"0.12",",,H,0700","0.0",",,H,0700",,
"USC00173567","44.9466","-69.5456","97.5","2021-11-16",,,"0.05",",,H,0700","0.0",",,H,0700",,
"USC00173567","44.9466","-69.5456","97.5","2021-11-17",,,"0.00",",,H,0700","0.0",",,H,0700",,
"USC00173567","44.9466","-69.5456","97.5","2021-11-18",,,"0.36",",,H,0700","0.0",",,H,0700",,
"USC00173567","44.9466","-69.5456","97.5","2021-11-19",,,"0.23",",,H,0700",,,,
"USC00173567","44.9466","-69.5456","97.5","2021-11-21",,,"0.00",",,H,0700","0.0",",,H,0700",,
"USC00173567","44.9466","-69.5456","97.5","2021-11-22",,,"0.27",",,H,0700",,,,
"USC00173567","44.9466","-69.5456","97.5","2021-11-23",,,"0.13",",,H,0700","0.0",",,H,0700",,
"USC00173567","44.9466","-69.5456","97.5","2021-11-24",,,"0.00",",,H,0700","0.0",",,H,0700",,
"USC00173567","44.9466","-69.5456","97.5","2021-11-25",,,"0.00",",,H,0700","0.0",",,H,0700",,
"USC00173567","44.9466","-69.5456","97.5","2021-11-26",,,"0.00",",,H,0700","0.0",",,H,0700",,
"USC00173567","44.9466","-69.5456","97.5","2021-11-27",,,"0.21",",,H,0700","0.0",",,H,0700",,
"USC00173567","44.9466","-69.5456","97.5","2021-11-28",,,"0.01",",,H,0700","0.0",",,H,0700",,
"US1LABS0019","32.460843","-93.656338","49.1","2021-08-01",,,"0.00",",,N","0.0",",,N",,
"US1LABS0019","32.460843","-93.656338","49.1","2021-08-02",,,"0.08",",,N",,,,
"US1LABS0019","32.460843","-93.656338","49.1","2021-08-03",,,"0.00",",,N","0.0",",,N",,
"US1LABS0019","32.460843","-93.656338","49.1","2021-08-04",,,"0.00",",,N","0.0",",,N",,
"US1LABS0019","32.460843","-93.656338","49.1","2021-08-05",,,"0.00",",,N","0.0",",,N",,
"US1LABS0019","32.460843","-93.656338","49.1","2021-08-06",,,"0.00",",,N","0.0",",,N",,
"US1LABS0019","32.460843","-93.656338","49.1","2021-08-07",,,"0.00",",,N","0.0",",,N",,
"US1LABS0019","32.460843","-93.656338","49.1","2021-08-08",,,"0.00",",,N","0.0",",,N",,
"US1LABS0019","32.460843","-93.656338","49.1","2021-08-09",,,"0.00",",,N","0.0",",,N",,
"US1LABS0019","32.460843","-93.656338","49.1","2021-08-10",,,"0.00",",,N","0.0",",,N",,
"US1LABS0019","32.460843","-93.656338","49.1","2021-08-11",,,"0.00",",,N","0.0",",,N",,
"US1LABS0019","32.460843","-93.656338","49.1","2021-08-12",,,"0.00",",,N","0.0",",,N",,
"US1LABS0019","32.460843","-93.656338","49.1","2021-08-13",,,"0.00",",,N","0.0",",,N",,
"US1LABS0019","32.460843","-93.656338","49.1","2021-08-14",,,"0.00",",,N","0.0",",,N",,
"US1LABS0019","32.460843","-93.656338","49.1","2021-08-15",,,"0.00",",,N","0.0",",,N",,
"US1LABS0019","32.460843","-93.656338","49.1","2021-08-16",,,"2.98",",,N",,,,
"US1LABS0019","32.460843","-93.656338","49.1","2021-08-17",,,"0.22",",,N",,,,
"US1LABS0019","32.460843","-93.656338","49.1","2021-08-18",,,"0.79",",,N",,,,
"US1LABS0019","32.460843","-93.656338","49.1","2021-08-19",,,"1.11",",,N",,,,
"US1LABS0019","32.460843","-93.656338","49.1","2021-08-20",,,"1.36",",,N",,,,
"US1LABS0019","32.460843","-93.656338","49.1","2021-08-21",,,"0.00",",,N","0.0",",,N",,
"US1LABS0019","32.460843","-93.656338","49.1","2021-08-22",,,"0.00",",,N","0.0",",,N",,
"US1LABS0019","32.460843","-93.656338","49.1","2021-08-23",,,"0.00",",,N","0.0",",,N",,
"US1LABS0019","32.460843","-93.656338","49.1","2021-08-24",,,"0.00",",,N","0.0",",,N",,
"US1LABS0019","32.460843","-93.656338","49.1","2021-08-25",,,"0.00",",,N","0.0",",,N",,
"US1LABS0019","32.460843","-93.656338","49.1","2021-08-26",,,"0.00",",,N","0.0",",,N",,
"US1LABS0019","32.460843","-93.656338","49.1","2021-08-27",,,"0.00",",,N","0.0",",,N",,
"US1LABS0019","32.460843","-93.656338","49.1","2021-08-28",,,"0.00",",,N","0.0",",,N",,
"US1LABS0019","32.460843","-93.656338","49.1","2021-08-29",,,"0.50",",,N",,,,
"US1LABS0019","32.460843","-93.656338","49.1","2021-08-30",,,"0.70",",,N",,,,
"US1LABS0019","32.460843","-93.656338","49.1","2021-08-31",,,"0.00",",,N","0.0",",,N",,
"US1LABS0019","32.460843","-93.656338","49.1","2021-09-01",,,"0.06",",,N",,,,
"US1LABS0019","32.460843","-93.656338","49.1","2021-09-02",,,"0.00",",,N","0.0",",,N",,
"US1LABS0019","32.460843","-93.656338","49.1","2021-09-03",,,"0.00",",,N","0.0",",,N",,
"US1LABS0019","32.460843","-93.656338","49.1","2021-09-04",,,"0.00",",,N","0.0",",,N",,
"US1LABS0019","32.460843","-93.656338","49.1","2021-09-05",,,"0.00",",,N","0.0",",,N",,
"US1LABS0019","32.460843","-93.656338","49.1","2021-09-06",,,"0.00",",,N","0.0",",,N",,
"US1LABS0019","32.460843","-93.656338","49.1","2021-09-07",,,"0.00",",,N","0.0",",,N",,
"US1LABS0019","32.460843","-93.656338","49.1","2021-09-08",,,"0.00",",,N","0.0",",,N",,
"US1LABS0019","32.460843","-93.656338","49.1","2021-09-09",,,"0.00",",,N","0.0",",,N",,
"US1LABS0019","32.460843","-93.656338","49.1","2021-09-10",,,"0.00",",,N","0.0",",,N",,
"US1LABS0019","32.460843","-93.656338","49.1","2021-09-11",,,"0.00",",,N","0.0",",,N",,
"US1LABS0019","32.460843","-93.656338","49.1","2021-09-12",,,"0.00",",,N","0.0",",,N",,
"US1LABS0019","32.460843","-93.656338","49.1","2021-09-13",,,"0.00",",,N","0.0",",,N",,
"US1LABS0019","32.460843","-93.656338","49.1","2021-09-14",,,"0.00",",,N","0.0",",,N",,
"US1LABS0019","32.460843","-93.656338","49.1","2021-09-15",,,"0.06",",,N",,,,
"US1LABS0019","32.460843","-93.656338","49.1","2021-09-16",,,"0.00",",,N","0.0",",,N",,
"US1LABS0019","32.460843","-93.656338","49.1","2021-09-17",,,"0.00",",,N","0.0",",,N",,
"US1LABS0019","32.460843","-93.656338","49.1","2021-09-18",,,"0.00",",,N","0.0",",,N",,
"US1LABS0019","32.460843","-93.656338","49.1","2021-09-19",,,"0.13",",,N",,,,
"US1LABS0019","32.460843","-93.656338","49.1","2021-09-20",,,"0.00",",,N","0.0",",,N",,
"US1LABS0019","32.460843","-93.656338","49.1","2021-09-21",,,"0.00",",,N","0.0",",,N",,
"US1LABS0019","32.460843","-93.656338","49.1","2021-09-22",,,"0.00",",,N","0.0",",,N",,
"US1LABS0019","32.460843","-93.656338","49.1","2021-09-23",,,"0.00",",,N","0.0",",,N",,
"US1LABS0019","32.460843","-93.656338","49.1","2021-09-24",,,"0.00",",,N","0.0",",,N",,
"US1LABS0019","32.460843","-93.656338","49.1","2021-09-25",,,"0.00",",,N","0.0",",,N",,
"US1LABS0019","32.460843","-93.656338","49.1","2021-09-26",,,"0.00",",,N","0.0",",,N",,
"US1LABS0019","32.460843","-93.656338","49.1","2021-09-27",,,"0.00",",,N","0.0",",,N",,
"US1LABS0019","32.460843","-93.656338","49.1","2021-09-28",,,"0.00",",,N","0.0",",,N",,
"US1LABS0019","32.460843","-93.656338","49.1","2021-09-29",,,"0.00",",,N","0.0",",,N",,
"US1LABS0019","32.460843","-93.656338","49.1","2021-09-30",,,"0.00",",,N","0.0",",,N",,
"US1LABS0019","32.460843","-93.656338","49.1","2021-10-01",,,"0.00",",,N","0.0",",,N",,
"US1LABS0019","32.460843","-93.656338","49.1","2021-10-02",,,"0.48",",,N",,,,
"US1LABS0019","32.460843","-93.656338","49.1","2021-10-03",,,"0.18",",,N",,,,
"US1LABS0019","32.460843","-93.656338","49.1","2021-10-04",,,"0.00",",,N","0.0",",,N",,
"US1LABS0019","32.460843","-93.656338","49.1","2021-10-05",,,"0.00",",,N","0.0",",,N",,
"US1LABS0019","32.460843","-93.656338","49.1","2021-10-06",,,"0.00",",,N","0.0",",,N",,
"US1LABS0019","32.460843","-93.656338","49.1","2021-10-07",,,"0.00",",,N","0.0",",,N",,
"US1LABS0019","32.460843","-93.656338","49.1","2021-10-08",,,"0.00",",,N","0.0",",,N",,
"US1LABS0019","32.460843","-93.656338","49.1","2021-10-09",,,"0.00",",,N","0.0",",,N",,
"US1LABS0019","32.460843","-93.656338","49.1","2021-10-10",,,"0.00",",,N","0.0",",,N",,
"US1LABS0019","32.460843","-93.656338","49.1","2021-10-11",,,"0.02",",,N",,,,
"US1LABS0019","32.460843","-93.656338","49.1","2021-10-12",,,"0.00",",,N","0.0",",,N",,
"US1LABS0019","32.460843","-93.656338","49.1","2021-10-13",,,"0.18",",,N",,,,
"US1LABS0019","32.460843","-93.656338","49.1","2021-10-14",,,"0.00",",,N","0.0",",,N",,
"US1LABS0019","32.460843","-93.656338","49.1","2021-10-15",,,"0.00",",,N","0.0",",,N",,
"US1LABS0019","32.460843","-93.656338","49.1","2021-10-16",,,"0.00",",,N","0.0",",,N",,
"US1LABS0019","32.460843","-93.656338","49.1","2021-10-17",,,"0.00",",,N","0.0",",,N",,
"US1LABS0019","32.460843","-93.656338","49.1","2021-10-18",,,"0.00",",,N","0.0",",,N",,
"US1LABS0019","32.460843","-93.656338","49.1","2021-10-19",,,"0.00",",,N","0.0",",,N",,
"US1LABS0019","32.460843","-93.656338","49.1","2021-10-20",,,"0.00",",,N","0.0",",,N",,
"US1LABS0019","32.460843","-93.656338","49.1","2021-10-21",,,"0.00",",,N","0.0",",,N",,
"US1LABS0019","32.460843","-93.656338","49.1","2021-10-22",,,"0.00",",,N","0.0",",,N",,
"US1LABS0019","32.460843","-93.656338","49.1","2021-10-23",,,"0.00",",,N","0.0",",,N",,
"US1LABS0019","32.460843","-93.656338","49.1","2021-10-24",,,"0.00",",,N","0.0",",,N",,
"US1LABS0019","32.460843","-93.656338","49.1","2021-10-25",,,"0.00",",,N","0.0",",,N",,
"US1LABS0019","32.460843","-93.656338","49.1","2021-10-26",,,"0.00",",,N","0.0",",,N",,
"US1LABS0019","32.460843","-93.656338","49.1","2021-10-27",,,"0.00",",,N","0.0",",,N",,
"US1LABS0019","32.460843","-93.656338","49.1","2021-10-28",,,"1.02",",,N",,,,
"US1LABS0019","32.460843","-93.656338","49.1","2021-10-29",,,"0.00",",,N","0.0",",,N",,
"US1LABS0019","32.460843","-93.656338","49.1","2021-10-30",,,"0.00",",,N","0.0",",,N",,
"US1LABS0019","32.460843","-93.656338","49.1","2021-10-31",,,"0.00",",,N","0.0",",,N",,
"US1LABS0019","32.460843","-93.656338","49.1","2021-11-01",,,"0.00",",,N","0.0",",,N",,
"US1LABS0019","32.460843","-93.656338","49.1","2021-11-02",,,"0.00",",,N","0.0",",,N",,
"US1LABS0019","32.460843","-93.656338","49.1","2021-11-03",,,"0.00",",,N","0.0",",,N",,
"US1LABS0019","32.460843","-93.656338","49.1","2021-11-04",,,"0.00",",,N","0.0",",,N",,
"US1LABS0019","32.460843","-93.656338","49.1","2021-11-05",,,"0.00",",,N","0.0",",,N",,
"US1LABS0019","32.460843","-93.656338","49.1","2021-11-06",,,"0.00",",,N","0.0",",,N",,
"US1LABS0019","32.460843","-93.656338","49.1","2021-11-07",,,"0.00",",,N","0.0",",,N",,
"US1LABS0019","32.460843","-93.656338","49.1","2021-11-08",,,"0.00",",,N","0.0",",,N",,
"US1LABS0019","32.460843","-93.656338","49.1","2021-11-09",,,"0.00",",,N","0.0",",,N",,
"US1LABS0019","32.460843","-93.656338","49.1","2021-11-10",,,"0.00",",,N","0.0",",,N",,
"US1LABS0019","32.460843","-93.656338","49.1","2021-11-11",,,"0.56",",,N",,,,
"US1LABS0019","32.460843","-93.656338","49.1","2021-11-12",,,"0.00",",,N","0.0",",,N",,
"US1LABS0019","32.460843","-93.656338","49.1","2021-11-13",,,"0.00",",,N","0.0",",,N",,
"US1LABS0019","32.460843","-93.656338","49.1","2021-11-14",,,"0.00",",,N","0.0",",,N",,
"US1LABS0019","32.460843","-93.656338","49.1","2021-11-15",,,"0.00",",,N","0.0",",,N",,
"US1LABS0019","32.460843","-93.656338","49.1","2021-11-16",,,"0.00",",,N","0.0",",,N",,
"US1LABS0019","32.460843","-93.656338","49.1","2021-11-17",,,"0.00",",,N","0.0",",,N",,
"US1LABS0019","32.460843","-93.656338","49.1","2021-11-18",,,"0.00",",,N","0.0",",,N",,
"US1LABS0019","32.460843","-93.656338","49.1","2021-11-19",,,"0.00",",,N","0.0",",,N",,
"US1LABS0019","32.460843","-93.656338","49.1","2021-11-20",,,"0.00",",,N","0.0",",,N",,
"US1LABS0019","32.460843","-93.656338","49.1","2021-11-21",,,"0.00",",,N","0.0",",,N",,
"US1LABS0019","32.460843","-93.656338","49.1","2021-11-22",,,"0.41",",,N",,,,
"US1LABS0019","32.460843","-93.656338","49.1","2021-11-23",,,"0.00",",,N","0.0",",,N",,
"US1LABS0019","32.460843","-93.656338","49.1","2021-11-24",,,"0.00",",,N","0.0",",,N",,
"US1LABS0019","32.460843","-93.656338","49.1","2021-11-25",,,"0.55",",,N",,,,
"US1LABS0019","32.460843","-93.656338","49.1","2021-11-26",,,"0.32",",,N",,,,
"US1LABS0019","32.460843","-93.656338","49.1","2021-11-27",,,"0.00",",,N","0.0",",,N",,
"US1LABS0019","32.460843","-93.656338","49.1","2021-11-28",,,"0.04",",,N",,,,
"USW00053865","30.34333","-89.82222","8.2","2021-08-01","2.68",",,W","0.00","T,,W,2400",,,,
"USW00053865","30.34333","-89.82222","8.2","2021-08-02","2.46",",,W","0.68",",,W,2400",,,,
"USW00053865","30.34333","-89.82222","8.2","2021-08-03","2.24",",,W","0.00","T,,W,2400",,,,
"USW00053865","30.34333","-89.82222","8.2","2021-08-04","5.82",",,W","0.00",",,W,2400",,,,
"USW00053865","30.34333","-89.82222","8.2","2021-08-05","2.46",",,W","0.00",",,W,2400",,,,
"USW00053865","30.34333","-89.82222","8.2","2021-08-06","1.12",",,W","0.00",",,W,2400",,,,
"USW00053865","30.34333","-89.82222","8.2","2021-08-07","1.57",",,W","0.00",",,W,2400",,,,
"USW00053865","30.34333","-89.82222","8.2","2021-08-08","3.80",",,W","0.00","T,,W,2400",,,,
"USW00053865","30.34333","-89.82222","8.2","2021-08-09","2.91",",,W","0.00",",,W,2400",,,,
"USW00053865","30.34333","-89.82222","8.2","2021-08-10","1.12",",,W","0.08",",,W,2400",,,,
"USW00053865","30.34333","-89.82222","8.2","2021-08-11","2.68",",,W","1.79",",,W,2400",,,,
"USW00053865","30.34333","-89.82222","8.2","2021-08-12","2.24",",,W","1.46",",,W,2400",,,,
"USW00053865","30.34333","-89.82222","8.2","2021-08-13","1.79",",,W","0.21",",,W,2400",,,,
"USW00053865","30.34333","-89.82222","8.2","2021-08-14","4.03",",,W","0.00",",,W,2400",,,,
"USW00053865","30.34333","-89.82222","8.2","2021-08-15","3.36",",,W","0.00",",,W,2400",,,,
"USW00053865","30.34333","-89.82222","8.2","2021-08-16","4.70",",,W","0.00",",,W,2400",,,,
"USW00053865","30.34333","-89.82222","8.2","2021-08-17","2.46",",,W","0.00","T,,W,2400",,,,
"USW00053865","30.34333","-89.82222","8.2","2021-08-18","3.13",",,W","0.00","T,,W,2400",,,,
"USW00053865","30.34333","-89.82222","8.2","2021-08-19","3.58",",,W","0.00",",,W,2400",,,,
"USW00053865","30.34333","-89.82222","8.2","2021-08-20","2.24",",,W","0.00",",,W,2400",,,,
"USW00053865","30.34333","-89.82222","8.2","2021-08-21","2.91",",,W","0.00",",,W,2400",,,,
"USW00053865","30.34333","-89.82222","8.2","2021-08-22","2.24",",,W","0.00",",,W,2400",,,,
"USW00053865","30.34333","-89.82222","8.2","2021-08-23","2.91",",,W","0.18",",,W,2400",,,,
"USW00053865","30.34333","-89.82222","8.2","2021-08-24","3.58",",,W","0.00",",,W,2400",,,,
"USW00053865","30.34333","-89.82222","8.2","2021-08-25","2.91",",,W","0.63",",,W,2400",,,,
"USW00053865","30.34333","-89.82222","8.2","2021-08-26","3.58",",,W","0.31",",,W,2400",,,,
"USW00053865","30.34333","-89.82222","8.2","2021-08-27","5.59",",,W","0.99",",,W,2400",,,,
"USW00053865","30.34333","-89.82222","8.2","2021-08-28","5.14",",,W","0.00","T,,W,2400",,,,
"USW00053865","30.34333","-89.82222","8.2","2021-08-29","18.12",",,W","9.25",",,W,2400",,,,
"USW00053865","30.34333","-89.82222","8.2","2021-08-30","14.54",",,W","0.95",",,W,2400",,,,
"USW00053865","30.34333","-89.82222","8.2","2021-08-31","4.47",",,W","0.49",",,W,2400",,,,
"USW00053865","30.34333","-89.82222","8.2","2021-09-01","3.13",",,W","0.09",",,W,2400",,,,
"USW00053865","30.34333","-89.82222","8.2","2021-09-02","1.12",",,W","0.34",",,W,2400",,,,
"USW00053865","30.34333","-89.82222","8.2","2021-09-03","2.68",",,W","0.00",",,W,2400",,,,
"USW00053865","30.34333","-89.82222","8.2","2021-09-04","2.24",",,W","0.00",",,W,2400",,,,
"USW00053865","30.34333","-89.82222","8.2","2021-09-05","1.79",",,W","0.13",",,W,2400",,,,
"USW00053865","30.34333","-89.82222","8.2","2021-09-06","2.46",",,W","0.17",",,W,2400",,,,
"USW00053865","30.34333","-89.82222","8.2","2021-09-07","1.34",",,W","0.87",",,W,2400",,,,
"USW00053865","30.34333","-89.82222","8.2","2021-09-08","2.01",",,W","0.00",",,W,2400",,,,
"USW00053865","30.34333","-89.82222","8.2","2021-09-09","4.92",",,W","0.00",",,W,2400",,,,
"USW00053865","30.34333","-89.82222","8.2","2021-09-10","3.13",",,W","0.00",",,W,2400",,,,
"USW00053865","30.34333","-89.82222","8.2","2021-09-11","3.58",",,W","0.00","T,,W,2400",,,,
"USW00053865","30.34333","-89.82222","8.2","2021-09-12","5.59",",,W","0.02",",,W,2400",,,,
"USW00053865","30.34333","-89.82222","8.2","2021-09-13","4.70",",,W","0.00","T,,W,2400",,,,
"USW00053865","30.34333","-89.82222","8.2","2021-09-14","5.59",",,W","1.50",",,W,2400",,,,
"USW00053865","30.34333","-89.82222","8.2","2021-09-15","6.93",",,W","1.73",",,W,2400",,,,
"USW00053865","30.34333","-89.82222","8.2","2021-09-16","6.71",",,W","0.00","T,,W,2400",,,,
"USW00053865","30.34333","-89.82222","8.2","2021-09-17","5.37",",,W","0.03",",,W,2400",,,,
"USW00053865","30.34333","-89.82222","8.2","2021-09-18","2.91",",,W","0.01",",,W,2400",,,,
"USW00053865","30.34333","-89.82222","8.2","2021-09-19","2.68",",,W","0.02",",,W,2400",,,,
"USW00053865","30.34333","-89.82222","8.2","2021-09-20","3.58",",,W","0.00","T,,W,2400",,,,
"USW00053865","30.34333","-89.82222","8.2","2021-09-21","2.01",",,W","0.09",",,W,2400",,,,
"USW00053865","30.34333","-89.82222","8.2","2021-09-22","9.17",",,W","0.00",",,W,2400",,,,
"USW00053865","30.34333","-89.82222","8.2","2021-09-23","4.25",",,W","0.00",",,W,2400",,,,
"USW00053865","30.34333","-89.82222","8.2","2021-09-24","2.46",",,W","0.00",",,W,2400",,,,
"USW00053865","30.34333","-89.82222","8.2","2021-09-25","3.13",",,W","0.00",",,W,2400",,,,
"USW00053865","30.34333","-89.82222","8.2","2021-09-26","2.24",",,W","0.00",",,W,2400",,,,
"USW00053865","30.34333","-89.82222","8.2","2021-09-27","3.36",",,W","0.00",",,W,2400",,,,
"USW00053865","30.34333","-89.82222","8.2","2021-09-28","3.36",",,W","1.14",",,W,2400",,,,
"USW00053865","30.34333","-89.82222","8.2","2021-09-29","5.82",",,W","0.01",",,W,2400",,,,
"USW00053865","30.34333","-89.82222","8.2","2021-09-30","4.47",",,W","0.00",",,W,2400",,,,
"USW00053865","30.34333","-89.82222","8.2","2021-10-01","5.14",",,W","0.00",",,W,2400","0.0",",,W",,
"USW00053865","30.34333","-89.82222","8.2","2021-10-02","3.80",",,W","0.16",",,W,2400","0.0",",,W",,
"USW00053865","30.34333","-89.82222","8.2","2021-10-03","4.25",",,W","0.00","T,,W,2400",,,,
"USW00053865","30.34333","-89.82222","8.2","2021-10-04","3.13",",,W","0.06",",,W,2400",,,,
"USW00053865","30.34333","-89.82222","8.2","2021-10-05","2.46",",,W","0.00",",,W,2400",,,,
"USW00053865","30.34333","-89.82222","8.2","2021-10-06","3.13",",,W","0.00",",,W,2400",,,,
"USW00053865","30.34333","-89.82222","8.2","2021-10-07","2.46",",,W","0.00",",,W,2400",,,,
"USW00053865","30.34333","-89.82222","8.2","2021-10-08","3.13",",,W","0.00",",,W,2400",,,,
"USW00053865","30.34333","-89.82222","8.2","2021-10-09","1.79",",,W","0.00",",,W,2400",,,,
"USW00053865","30.34333","-89.82222","8.2","2021-10-10","4.03",",,W","0.00",",,W,2400","0.0",",,W",,
"USW00053865","30.34333","-89.82222","8.2","2021-10-11","4.70",",,W","0.00",",,W,2400","0.0",",,W",,
"USW00053865","30.34333","-89.82222","8.2","2021-10-12","3.13",",,W","0.00",",,W,2400","0.0",",,W",,
"USW00053865","30.34333","-89.82222","8.2","2021-10-13","3.80",",,W","0.00",",,W,2400","0.0",",,W",,
"USW00053865","30.34333","-89.82222","8.2","2021-10-14","4.03",",,W","0.00",",,W,2400","0.0",",,W",,
"USW00053865","30.34333","-89.82222","8.2","2021-10-15","2.46",",,W","0.00",",,W,2400",,,,
"USW00053865","30.34333","-89.82222","8.2","2021-10-16","10.29",",,W","0.00","T,,W,2400",,,,
"USW00053865","30.34333","-89.82222","8.2","2021-10-17","4.92",",,W","0.00",",,W,2400",,,,
"USW00053865","30.34333","-89.82222","8.2","2021-10-18","3.36",",,W","0.00",",,W,2400",,,,
"USW00053865","30.34333","-89.82222","8.2","2021-10-19","3.80",",,W","0.00",",,W,2400",,,,
"USW00053865","30.34333","-89.82222","8.2","2021-10-20","4.92",",,W","0.00","T,,W,2400",,,,
"USW00053865","30.34333","-89.82222","8.2","2021-10-21","1.79",",,W","0.00",",,W,2400","0.0",",,W",,
"USW00053865","30.34333","-89.82222","8.2","2021-10-22","2.46",",,W","0.00",",,W,2400","0.0",",,W",,
"USW00053865","30.34333","-89.82222","8.2","2021-10-23","3.80",",,W","0.00",",,W,2400","0.0",",,W",,
"USW00053865","30.34333","-89.82222","8.2","2021-10-24","4.25",",,W","0.00","T,,W,2400","0.0",",,W",,
"USW00053865","30.34333","-89.82222","8.2","2021-10-25","2.01",",,W","0.00",",,W,2400","0.0",",,W",,
"USW00053865","30.34333","-89.82222","8.2","2021-10-26","2.68",",,W","0.00",",,W,2400","0.0",",,W",,
"USW00053865","30.34333","-89.82222","8.2","2021-10-27","7.16",",,W","1.17",",,W,2400",,,,
"USW00053865","30.34333","-89.82222","8.2","2021-10-28","6.49",",,W","0.00",",,W,2400","0.0",",,W",,
"USW00053865","30.34333","-89.82222","8.2","2021-10-29","4.70",",,W","0.00",",,W,2400","0.0",",,W",,
"USW00053865","30.34333","-89.82222","8.2","2021-10-30","2.68",",,W","0.00",",,W,2400",,,,
"USW00053865","30.34333","-89.82222","8.2","2021-10-31","1.34",",,W","0.00",",,W,2400",,,,
"USW00053865","30.34333","-89.82222","8.2","2021-11-01","2.01",",,W","0.00",",,W,2400",,,,
"USW00053865","30.34333","-89.82222","8.2","2021-11-02","3.58",",,W","0.00",",,W,2400",,,,
"USW00053865","30.34333","-89.82222","8.2","2021-11-03","3.80",",,W","0.00",",,W,2400","0.0",",,W",,
"USW00053865","30.34333","-89.82222","8.2","2021-11-04","9.40",",,W","0.00",",,W,2400","0.0",",,W",,
"USW00053865","30.34333","-89.82222","8.2","2021-11-05","6.26",",,W","0.00",",,W,2400","0.0",",,W",,
"USW00053865","30.34333","-89.82222","8.2","2021-11-06","5.59",",,W","0.00",",,W,2400","0.0",",,W",,
"USW00053865","30.34333","-89.82222","8.2","2021-11-07","2.68",",,W","0.00",",,W,2400",,,,
"USW00053865","30.34333","-89.82222","8.2","2021-11-08","2.24",",,W","0.00",",,W,2400",,,,
"USW00053865","30.34333","-89.82222","8.2","2021-11-09","1.34",",,W","0.00",",,W,2400",,,,
"USW00053865","30.34333","-89.82222","8.2","2021-11-10","3.58",",,W","0.00",",,W,2400",,,,
"USW00053865","30.34333","-89.82222","8.2","2021-11-11","2.68",",,W","0.00",",,W,2400",,,,
"USW00053865","30.34333","-89.82222","8.2","2021-11-12","3.13",",,W","0.00",",,W,2400","0.0",",,W",,
"USW00053865","30.34333","-89.82222","8.2","2021-11-13","4.70",",,W","0.00",",,W,2400",,,,
"USW00053865","30.34333","-89.82222","8.2","2021-11-14","1.79",",,W","0.00",",,W,2400",,,,
"USW00053865","30.34333","-89.82222","8.2","2021-11-15","1.57",",,W","0.00",",,W,2400",,,,
"USW00053865","30.34333","-89.82222","8.2","2021-11-16","2.46",",,W","0.00",",,W,2400",,,,
"USW00053865","30.34333","-89.82222","8.2","2021-11-17","5.82",",,W","0.00",",,W,2400","0.0",",,W",,
"USW00053865","30.34333","-89.82222","8.2","2021-11-18","6.71",",,W","0.00","T,,W,2400","0.0",",,W",,
"USW00053865","30.34333","-89.82222","8.2","2021-11-19","8.05",",,W","0.00",",,W,2400","0.0",",,W",,
"USW00053865","30.34333","-89.82222","8.2","2021-11-20","3.58",",,W","0.00",",,W,2400","0.0",",,W",,
"USW00053865","30.34333","-89.82222","8.2","2021-11-21","2.91",",,W","0.04",",,W,2400",,,,
"USW00053865","30.34333","-89.82222","8.2","2021-11-22","5.59",",,W","0.32",",,W,2400",,,,
"USW00053865","30.34333","-89.82222","8.2","2021-11-23","2.91",",,W","0.00",",,W,2400",,,,
"USW00053865","30.34333","-89.82222","8.2","2021-11-24","4.70",",,W","0.00",",,W,2400",,,,
"USW00053865","30.34333","-89.82222","8.2","2021-11-25","3.36",",,W","0.03",",,W,2400",,,,
"USW00053865","30.34333","-89.82222","8.2","2021-11-26","7.83",",,W","0.00",",,W,2400",,,,
"USW00053865","30.34333","-89.82222","8.2","2021-11-27","1.34",",,W","0.00","T,,W,2400",,,,
"USW00053865","30.34333","-89.82222","8.2","2021-11-28","2.01",",,W","0.04",",,W,2400",,,,
"US1LABS0017","32.53295","-93.70074","50.0","2021-08-02",,,"1.29",",,N",,,,
"US1LABS0017","32.53295","-93.70074","50.0","2021-08-03",,,"1.68",",,N",,,,
"US1LABS0017","32.53295","-93.70074","50.0","2021-08-16",,,"0.19",",,N",,,,
"US1LABS0017","32.53295","-93.70074","50.0","2021-08-17",,,"0.14",",,N",,,,
"US1LABS0017","32.53295","-93.70074","50.0","2021-08-18",,,"1.42",",,N",,,,
"US1LABS0017","32.53295","-93.70074","50.0","2021-08-19",,,"1.30",",,N",,,,
"US1LABS0017","32.53295","-93.70074","50.0","2021-08-20",,,"0.07",",,N",,,,
"US1LABS0017","32.53295","-93.70074","50.0","2021-08-29",,,"0.61",",,N",,,,
"US1LABS0017","32.53295","-93.70074","50.0","2021-08-30",,,"0.23",",,N",,,,
"US1LABS0017","32.53295","-93.70074","50.0","2021-10-02",,,"0.20",",,N",,,,
"US1LABS0017","32.53295","-93.70074","50.0","2021-10-28",,,"1.00",",,N",,,,
"US1LABS0017","32.53295","-93.70074","50.0","2021-11-11",,,"0.96",",,N",,,,
"US1LABS0017","32.53295","-93.70074","50.0","2021-11-22",,,"0.90",",,N",,,,
"US1LABS0017","32.53295","-93.70074","50.0","2021-11-25",,,"0.82",",,N",,,,
"US1LABS0017","32.53295","-93.70074","50.0","2021-11-28",,,"0.17",",,N",,,,
"USW00053988","31.0217","-92.9107","94.5","2021-08-01","1.12",",,W","0.15",",,W",,,,
"USW00053988","31.0217","-92.9107","94.5","2021-08-03","1.34",",,W","0.00","T,,W",,,,
"USW00053988","31.0217","-92.9107","94.5","2021-08-04","2.01",",,W","0.00",",,W",,,,
"USW00053988","31.0217","-92.9107","94.5","2021-08-05","0.22",",,W","0.00",",,W",,,,
"USW00053988","31.0217","-92.9107","94.5","2021-08-06","0.22",",,W","0.00",",,W",,,,
"USW00053988","31.0217","-92.9107","94.5","2021-08-07","0.45",",,W","0.00","T,,W",,,,
"USW00053988","31.0217","-92.9107","94.5","2021-08-08","1.12",",,W","0.00","T,,W",,,,
"USW00053988","31.0217","-92.9107","94.5","2021-08-09","1.34",",,W","0.03",",,W",,,,
"USW00053988","31.0217","-92.9107","94.5","2021-08-10","0.89",",,W","0.00",",,W",,,,
"USW00053988","31.0217","-92.9107","94.5","2021-08-11","1.12",",,W","0.00",",,W",,,,
"USW00053988","31.0217","-92.9107","94.5","2021-08-12","0.89",",,W",,,,,,
"USW00053988","31.0217","-92.9107","94.5","2021-08-13","0.89",",,W","0.29",",,W",,,,
"USW00053988","31.0217","-92.9107","94.5","2021-08-14","0.67",",,W","0.00","T,,W",,,,
"USW00053988","31.0217","-92.9107","94.5","2021-08-15","1.57",",,W","0.00","T,,W",,,,
"USW00053988","31.0217","-92.9107","94.5","2021-08-16","0.67",",,W","0.05",",,W",,,,
"USW00053988","31.0217","-92.9107","94.5","2021-08-17","0.89",",,W","0.00","T,,W",,,,
"USW00053988","31.0217","-92.9107","94.5","2021-08-18","0.67",",,W","0.00","T,,W",,,,
"USW00053988","31.0217","-92.9107","94.5","2021-08-19","1.12",",,W","0.40",",,W",,,,
"USW00053988","31.0217","-92.9107","94.5","2021-08-20","1.34",",,W","0.00","T,,W",,,,
"USW00053988","31.0217","-92.9107","94.5","2021-08-21","1.12",",,W","0.00","T,,W",,,,
"USW00053988","31.0217","-92.9107","94.5","2021-08-22","0.45",",,W","0.00","T,,W",,,,
"USW00053988","31.0217","-92.9107","94.5","2021-08-23","0.67",",,W","0.01",",,W",,,,
"USW00053988","31.0217","-92.9107","94.5","2021-08-24","0.67",",,W","0.39",",,W",,,,
"USW00053988","31.0217","-92.9107","94.5","2021-08-25","0.89",",,W","0.00","T,,W",,,,
"USW00053988","31.0217","-92.9107","94.5","2021-08-26","1.57",",,W","0.82",",,W",,,,
"USW00053988","31.0217","-92.9107","94.5","2021-08-27","2.46",",,W","0.00","T,,W",,,,
"USW00053988","31.0217","-92.9107","94.5","2021-08-28","1.79",",,W","0.03",",,W",,,,
"USW00053988","31.0217","-92.9107","94.5","2021-08-29","3.80",",,W","0.09",",,W",,,,
"USW00053988","31.0217","-92.9107","94.5","2021-08-30","2.68",",,W","0.04",",,W",,,,
"USW00053988","31.0217","-92.9107","94.5","2021-08-31","0.89",",,W","0.00","T,,W",,,,
"USW00053988","31.0217","-92.9107","94.5","2021-09-01","0.89",",,W","0.00","T,,W",,,,
"USW00053988","31.0217","-92.9107","94.5","2021-09-02","0.67",",,W","0.07",",,W",,,,
"USW00053988","31.0217","-92.9107","94.5","2021-09-03","0.22",",,W","0.96",",,W",,,,
"USW00053988","31.0217","-92.9107","94.5","2021-09-04","0.45",",,W","0.02",",,W",,,,
"USW00053988","31.0217","-92.9107","94.5","2021-09-05","1.57",",,W","0.02",",,W",,,,
"USW00053988","31.0217","-92.9107","94.5","2021-09-06","1.12",",,W","0.30",",,W",,,,
"USW00053988","31.0217","-92.9107","94.5","2021-09-07","0.89",",,W","0.00",",,W",,,,
"USW00053988","31.0217","-92.9107","94.5","2021-09-08","0.89",",,W","0.00",",,W",,,,
"USW00053988","31.0217","-92.9107","94.5","2021-09-09","1.57",",,W","0.00",",,W",,,,
"USW00053988","31.0217","-92.9107","94.5","2021-09-10","1.34",",,W","0.00",",,W",,,,
"USW00053988","31.0217","-92.9107","94.5","2021-09-11","0.67",",,W","0.00",",,W",,,,
"USW00053988","31.0217","-92.9107","94.5","2021-09-12","2.24",",,W","0.00",",,W",,,,
"USW00053988","31.0217","-92.9107","94.5","2021-09-13","2.68",",,W","0.00","T,,W",,,,
"USW00053988","31.0217","-92.9107","94.5","2021-09-14",,,"4.28",",,W",,,,
"USW00053988","31.0217","-92.9107","94.5","2021-09-15","4.47",",,W","0.71",",,W",,,,
"USW00053988","31.0217","-92.9107","94.5","2021-09-16","2.68",",,W","0.06",",,W",,,,
"USW00053988","31.0217","-92.9107","94.5","2021-09-17","0.45",",,W","0.05",",,W",,,,
"USW00053988","31.0217","-92.9107","94.5","2021-09-18","0.67",",,W","0.05",",,W",,,,
"USW00053988","31.0217","-92.9107","94.5","2021-09-19","0.22",",,W","0.12",",,W",,,,
"USW00053988","31.0217","-92.9107","94.5","2021-09-20","0.22",",,W","0.00",",,W",,,,
"USW00053988","31.0217","-92.9107","94.5","2021-09-22","3.80",",,W","0.00","T,,W",,,,
"USW00053988","31.0217","-92.9107","94.5","2021-09-23","0.89",",,W","0.00","T,,W",,,,
"USW00053988","31.0217","-92.9107","94.5","2021-09-24","1.12",",,W","0.00","T,,W",,,,
"USW00053988","31.0217","-92.9107","94.5","2021-09-25","0.67",",,W","0.00",",,W",,,,
"USW00053988","31.0217","-92.9107","94.5","2021-09-26","0.89",",,W","0.00",",,W",,,,
"USW00053988","31.0217","-92.9107","94.5","2021-09-27","1.12",",,W","0.00",",,W",,,,
"USW00053988","31.0217","-92.9107","94.5","2021-09-28","1.34",",,W","1.45",",,W",,,,
"USW00053988","31.0217","-92.9107","94.5","2021-09-29","0.89",",,W","0.11",",,W",,,,
"USW00053988","31.0217","-92.9107","94.5","2021-09-30","1.57",",,W","0.12",",,W",,,,
"USW00053988","31.0217","-92.9107","94.5","2021-10-01","0.89",",,W","0.01",",,W",,,,
"USW00053988","31.0217","-92.9107","94.5","2021-10-02","1.12",",,W","0.00",",,W",,,,
"USW00053988","31.0217","-92.9107","94.5","2021-10-03","0.45",",,W","0.00","T,,W",,,,
"USW00053988","31.0217","-92.9107","94.5","2021-10-04","1.12",",,W","0.00",",,W",,,,
"USW00053988","31.0217","-92.9107","94.5","2021-10-05","1.12",",,W","0.00","T,,W",,,,
"USW00053988","31.0217","-92.9107","94.5","2021-10-06","0.89",",,W","0.00","T,,W",,,,
"USW00053988","31.0217","-92.9107","94.5","2021-10-07","0.67",",,W",,,,,,
"USW00053988","31.0217","-92.9107","94.5","2021-10-08","0.89",",,W","0.00",",,W",,,,
"USW00053988","31.0217","-92.9107","94.5","2021-10-09","0.67",",,W","0.00",",,W",,,,
"USW00053988","31.0217","-92.9107","94.5","2021-10-10","2.01",",,W","0.00",",,W",,,,
"USW00053988","31.0217","-92.9107","94.5","2021-10-11","2.24",",,W","0.02",",,W",,,,
"USW00053988","31.0217","-92.9107","94.5","2021-10-12","1.57",",,W","0.23",",,W",,,,
"USW00053988","31.0217","-92.9107","94.5","2021-10-13","1.34",",,W","0.00",",,W",,,,
"USW00053988","31.0217","-92.9107","94.5","2021-10-14","0.89",",,W",,,,,,
"USW00053988","31.0217","-92.9107","94.5","2021-10-15","2.24",",,W","0.00",",,W",,,,
"USW00053988","31.0217","-92.9107","94.5","2021-10-16","3.80",",,W","0.00",",,W",,,,
"USW00053988","31.0217","-92.9107","94.5","2021-10-17","1.12",",,W","0.00",",,W",,,,
"USW00053988","31.0217","-92.9107","94.5","2021-10-18","0.89",",,W","0.00","T,,W",,,,
"USW00053988","31.0217","-92.9107","94.5","2021-10-19","0.89",",,W","0.00",",,W",,,,
"USW00053988","31.0217","-92.9107","94.5","2021-10-20","0.22",",,W","0.00",",,W",,,,
"USW00053988","31.0217","-92.9107","94.5","2021-10-21","0.22",",,W","0.01",",,W",,,,
"USW00053988","31.0217","-92.9107","94.5","2021-10-22","1.79",",,W","0.00",",,W",,,,
"USW00053988","31.0217","-92.9107","94.5","2021-10-23","1.57",",,W","0.00",",,W",,,,
"USW00053988","31.0217","-92.9107","94.5","2021-10-24","2.46",",,W","0.00","T,,W",,,,
"USW00053988","31.0217","-92.9107","94.5","2021-10-25","1.12",",,W","0.01",",,W",,,,
"USW00053988","31.0217","-92.9107","94.5","2021-10-26","1.12",",,W","0.00",",,W",,,,
"USW00053988","31.0217","-92.9107","94.5","2021-10-27","2.46",",,W","1.20",",,W",,,,
"USW00053988","31.0217","-92.9107","94.5","2021-10-28",,,"0.00",",,W",,,,
"USW00053988","31.0217","-92.9107","94.5","2021-10-29",,,"0.00",",,W",,,,
"USW00053988","31.0217","-92.9107","94.5","2021-10-30","1.12",",,W","0.00","T,,W",,,,
"USW00053988","31.0217","-92.9107","94.5","2021-10-31","0.67",",,W","0.00","T,,W",,,,
"USW00053988","31.0217","-92.9107","94.5","2021-11-01","0.22",",,W","0.00","T,,W",,,,
"USW00053988","31.0217","-92.9107","94.5","2021-11-02","1.79",",,W","0.00","T,,W",,,,
"USW00053988","31.0217","-92.9107","94.5","2021-11-03","2.46",",,W","0.37",",,W",,,,
"USW00053988","31.0217","-92.9107","94.5","2021-11-04","3.13",",,W","0.00",",,W",,,,
"USW00053988","31.0217","-92.9107","94.5","2021-11-05","1.79",",,W","0.00",",,W",,,,
"USW00053988","31.0217","-92.9107","94.5","2021-11-06","0.89",",,W","0.00","T,,W",,,,
"USW00053988","31.0217","-92.9107","94.5","2021-11-07","0.22",",,W","0.00","T,,W",,,,
"USW00053988","31.0217","-92.9107","94.5","2021-11-08","0.67",",,W","0.00","T,,W",,,,
"USW00053988","31.0217","-92.9107","94.5","2021-11-09","0.45",",,W","0.00","T,,W",,,,
"USW00053988","31.0217","-92.9107","94.5","2021-11-10","1.34",",,W","0.00","T,,W",,,,
"USW00053988","31.0217","-92.9107","94.5","2021-11-11","1.12",",,W","0.77",",,W",,,,
"USW00053988","31.0217","-92.9107","94.5","2021-11-12","1.57",",,W","0.00","T,,W",,,,
"USW00053988","31.0217","-92.9107","94.5","2021-11-13","1.34",",,W","0.00",",,W",,,,
"USW00053988","31.0217","-92.9107","94.5","2021-11-14","1.12",",,W","0.00",",,W",,,,
"USW00053988","31.0217","-92.9107","94.5","2021-11-15","0.45",",,W","0.00","T,,W",,,,
"USW00053988","31.0217","-92.9107","94.5","2021-11-16","1.57",",,W","0.00","T,,W",,,,
"USW00053988","31.0217","-92.9107","94.5","2021-11-17","2.01",",,W","0.00",",,W",,,,
"USW00053988","31.0217","-92.9107","94.5","2021-11-18","3.58",",,W","0.00","T,,W",,,,
"USW00053988","31.0217","-92.9107","94.5","2021-11-19","1.79",",,W","0.00","T,,W",,,,
"USW00053988","31.0217","-92.9107","94.5","2021-11-20","0.89",",,W","0.00","T,,W",,,,
"USW00053988","31.0217","-92.9107","94.5","2021-11-21","0.89",",,W","0.03",",,W",,,,
"USW00053988","31.0217","-92.9107","94.5","2021-11-22","2.68",",,W","0.00",",,W",,,,
"USW00053988","31.0217","-92.9107","94.5","2021-11-23","0.22",",,W",,,,,,
"USW00053988","31.0217","-92.9107","94.5","2021-11-24","2.68",",,W","0.00","T,,W",,,,
"USW00053988","31.0217","-92.9107","94.5","2021-11-25","1.34",",,W","0.05",",,W",,,,
"USW00053988","31.0217","-92.9107","94.5","2021-11-26","2.46",",,W","0.00","T,,W",,,,
"USW00053988","31.0217","-92.9107","94.5","2021-11-27","0.00",",,W","0.05",",,W",,,,
"USW00053988","31.0217","-92.9107","94.5","2021-11-28","0.00",",,W","0.10",",,W",,,,
"USW00012916","29.99691","-90.27751","1.2","2021-08-01","4.25",",,W","0.00","T,,W,2400",,,"85","H,,S"
"USW00012916","29.99691","-90.27751","1.2","2021-08-02","2.68",",,W","1.00",",,W,2400",,,"82","H,,S"
"USW00012916","29.99691","-90.27751","1.2","2021-08-03","3.58",",,W","0.83",",,W,2400",,,"81","H,,S"
"USW00012916","29.99691","-90.27751","1.2","2021-08-04","6.93",",,W","0.01",",,W,2400",,,"83","H,,S"
"USW00012916","29.99691","-90.27751","1.2","2021-08-05","3.58",",,W","0.00",",,W,2400",,,"84","H,,S"
"USW00012916","29.99691","-90.27751","1.2","2021-08-06","2.24",",,W","0.00",",,W,2400",,,"81","H,,S"
"USW00012916","29.99691","-90.27751","1.2","2021-08-07","3.36",",,W","0.00",",,W,2400",,,"85","H,,S"
"USW00012916","29.99691","-90.27751","1.2","2021-08-08","3.80",",,W","0.01",",,W,2400",,,"85","H,,S"
"USW00012916","29.99691","-90.27751","1.2","2021-08-09","3.80",",,W","0.00","T,,W,2400",,,"86","H,,S"
"USW00012916","29.99691","-90.27751","1.2","2021-08-10","2.91",",,W","0.04",",,W,2400",,,"85","H,,S"
"USW00012916","29.99691","-90.27751","1.2","2021-08-11","3.58",",,W","0.01",",,W,2400",,,"84","H,,S"
"USW00012916","29.99691","-90.27751","1.2","2021-08-12","4.03",",,W","0.00",",,W,2400",,,"83","H,,S"
"USW00012916","29.99691","-90.27751","1.2","2021-08-13","2.91",",,W","1.52",",,W,2400",,,"81","H,,S"
"USW00012916","29.99691","-90.27751","1.2","2021-08-14","3.36",",,W","0.00",",,W,2400",,,"84","H,,S"
"USW00012916","29.99691","-90.27751","1.2","2021-08-15","4.25",",,W","0.21",",,W,2400",,,"85","H,,S"
"USW00012916","29.99691","-90.27751","1.2","2021-08-16","5.82",",,W","0.00",",,W,2400",,,"86","H,,S"
"USW00012916","29.99691","-90.27751","1.2","2021-08-17","4.47",",,W","0.00","T,,W,2400",,,"86","H,,S"
"USW00012916","29.99691","-90.27751","1.2","2021-08-18","6.26",",,W","0.00",",,W,2400",,,"87","H,,S"
"USW00012916","29.99691","-90.27751","1.2","2021-08-19","4.47",",,W","0.60",",,W,2400",,,"87","H,,S"
"USW00012916","29.99691","-90.27751","1.2","2021-08-20","4.92",",,W","0.00",",,W,2400",,,"87","H,,S"
"USW00012916","29.99691","-90.27751","1.2","2021-08-21","3.58",",,W","0.00",",,W,2400",,,"86","H,,S"
"USW00012916","29.99691","-90.27751","1.2","2021-08-22","4.25",",,W","0.00",",,W,2400",,,"87","H,,S"
"USW00012916","29.99691","-90.27751","1.2","2021-08-23","5.82",",,W",,,,,"87","H,,S"
"USW00012916","29.99691","-90.27751","1.2","2021-08-24","6.04",",,W","0.00",",,W,2400",,,"87","H,,S"
"USW00012916","29.99691","-90.27751","1.2","2021-08-25","3.80",",,W",,,,,"85","H,,S"
"USW00012916","29.99691","-90.27751","1.2","2021-08-26","6.26",",,W","0.45",",,W,2400",,,"82","H,,S"
"USW00012916","29.99691","-90.27751","1.2","2021-08-27","8.95",",,W","0.07",",,W,2400",,,"80","H,,S"
"USW00012916","29.99691","-90.27751","1.2","2021-08-28","10.07",",,W","0.00","T,,W,2400",,,"82","H,,S"
"USW00012916","29.99691","-90.27751","1.2","2021-08-29","31.76",",,W","4.73",",,W,2400",,,"81","H,,S"
"USW00012916","29.99691","-90.27751","1.2","2021-08-30","16.78",",,W","0.00","T,,W,2400",,,"81","H,,S"
"USW00012916","29.99691","-90.27751","1.2","2021-08-31","7.16",",,W","0.13",",,W,2400",,,"83","H,,S"
"USW00012916","29.99691","-90.27751","1.2","2021-09-01","5.37",",,W","0.00",",,W,2400",,,"81","H,,S"
"USW00012916","29.99691","-90.27751","1.2","2021-09-02","3.80",",,W","0.00",",,W,2400",,,"82","H,,S"
"USW00012916","29.99691","-90.27751","1.2","2021-09-03","4.70",",,W","0.00",",,W,2400",,,"84","H,,S"
"USW00012916","29.99691","-90.27751","1.2","2021-09-04","3.80",",,W","0.00",",,W,2400",,,"85","H,,S"
"USW00012916","29.99691","-90.27751","1.2","2021-09-05","4.47",",,W","0.00",",,W,2400",,,"84","H,,S"
"USW00012916","29.99691","-90.27751","1.2","2021-09-06","3.58",",,W","0.07",",,W,2400",,,"81","H,,S"
"USW00012916","29.99691","-90.27751","1.2","2021-09-07","3.58",",,W","0.00","T,,W,2400",,,"81","H,,S"
"USW00012916","29.99691","-90.27751","1.2","2021-09-08","2.46",",,W","0.00",",,W,2400",,,"81","H,,S"
"USW00012916","29.99691","-90.27751","1.2","2021-09-09","7.61",",,W","0.00",",,W,2400",,,"81","H,,S"
"USW00012916","29.99691","-90.27751","1.2","2021-09-10","6.71",",,W","0.00",",,W,2400",,,"80","H,,S"
"USW00012916","29.99691","-90.27751","1.2","2021-09-11","6.26",",,W","0.02",",,W,2400",,,"78","H,,S"
"USW00012916","29.99691","-90.27751","1.2","2021-09-12","8.50",",,W","0.42",",,W,2400",,,"79","H,,S"
"USW00012916","29.99691","-90.27751","1.2","2021-09-13","9.40",",,W","0.01",",,W,2400",,,"80","H,,S"
"USW00012916","29.99691","-90.27751","1.2","2021-09-14","12.30",",,W","1.88",",,W,2400",,,"79","H,,S"
"USW00012916","29.99691","-90.27751","1.2","2021-09-15","8.72",",,W","3.13",",,W,2400",,,"77","H,,S"
"USW00012916","29.99691","-90.27751","1.2","2021-09-16","8.72",",,W","0.00","T,,W,2400",,,"81","H,,S"
"USW00012916","29.99691","-90.27751","1.2","2021-09-17","8.05",",,W","0.78",",,W,2400",,,"80","H,,S"
"USW00012916","29.99691","-90.27751","1.2","2021-09-18","5.14",",,W","1.02",",,W,2400",,,"78","H,,S"
"USW00012916","29.99691","-90.27751","1.2","2021-09-19","5.14",",,W","0.07",",,W,2400",,,"79","H,,S"
"USW00012916","29.99691","-90.27751","1.2","2021-09-20","4.92",",,W","0.12",",,W,2400",,,"80","H,,S"
"USW00012916","29.99691","-90.27751","1.2","2021-09-21","3.58",",,W","0.21",",,W,2400",,,"81","H,,S"
"USW00012916","29.99691","-90.27751","1.2","2021-09-22","12.53",",,W","0.00",",,W,2400",,,"78","H,,S"
"USW00012916","29.99691","-90.27751","1.2","2021-09-23","9.17",",,W","0.00",",,W,2400",,,"73","H,,S"
"USW00012916","29.99691","-90.27751","1.2","2021-09-24","4.92",",,W","0.00",",,W,2400",,,"72","H,,S"
"USW00012916","29.99691","-90.27751","1.2","2021-09-25","3.80",",,W","0.00",",,W,2400",,,"71","H,,S"
"USW00012916","29.99691","-90.27751","1.2","2021-09-26","4.47",",,W","0.00",",,W,2400",,,"72","H,,S"
"USW00012916","29.99691","-90.27751","1.2","2021-09-27","6.49",",,W","0.00",",,W,2400",,,"76","H,,S"
"USW00012916","29.99691","-90.27751","1.2","2021-09-28","7.61",",,W","0.20",",,W,2400",,,"79","H,,S"
"USW00012916","29.99691","-90.27751","1.2","2021-09-29","6.04",",,W","0.55",",,W,2400",,,"75","H,,S"
"USW00012916","29.99691","-90.27751","1.2","2021-09-30","5.14",",,W","0.90",",,W,2400",,,"76","H,,S"
"USW00012916","29.99691","-90.27751","1.2","2021-10-01","9.17",",,W","0.00",",,W,2400","0.0",",,W","79","H,,S"
"USW00012916","29.99691","-90.27751","1.2","2021-10-02","6.04",",,W","0.11",",,W,2400","0.0",",,W","79","H,,S"
"USW00012916","29.99691","-90.27751","1.2","2021-10-03","3.58",",,W","1.20",",,W,2400","0.0",",,W","77","H,,S"
"USW00012916","29.99691","-90.27751","1.2","2021-10-04","3.80",",,W","0.15",",,W,2400","0.0",",,W","78","H,,S"
"USW00012916","29.99691","-90.27751","1.2","2021-10-05","3.36",",,W","0.00",",,W,2400","0.0",",,W","76","H,,S"
"USW00012916","29.99691","-90.27751","1.2","2021-10-06","3.36",",,W","0.00",",,W,2400","0.0",",,W","77","H,,S"
"USW00012916","29.99691","-90.27751","1.2","2021-10-07","3.58",",,W",,,"0.0",",,W","78","H,,S"
"USW00012916","29.99691","-90.27751","1.2","2021-10-08","2.68",",,W","0.00",",,W,2400","0.0",",,W","79","H,,S"
"USW00012916","29.99691","-90.27751","1.2","2021-10-09","3.80",",,W","0.00",",,W,2400","0.0",",,W","77","H,,S"
"USW00012916","29.99691","-90.27751","1.2","2021-10-10","6.93",",,W","0.00",",,W,2400","0.0",",,W","77","H,,S"
"USW00012916","29.99691","-90.27751","1.2","2021-10-11","7.83",",,W","0.00",",,W,2400","0.0",",,W","79","H,,S"
"USW00012916","29.99691","-90.27751","1.2","2021-10-12","7.16",",,W","0.00",",,W,2400","0.0",",,W","80","H,,S"
"USW00012916","29.99691","-90.27751","1.2","2021-10-13","9.17",",,W","0.00",",,W,2400","0.0",",,W","79","H,,S"
"USW00012916","29.99691","-90.27751","1.2","2021-10-14","7.16",",,W","0.00","T,,W,2400","0.0",",,W","80","H,,S"
"USW00012916","29.99691","-90.27751","1.2","2021-10-15","5.82",",,W","0.00","T,,W,2400","0.0",",,W","80","H,,S"
"USW00012916","29.99691","-90.27751","1.2","2021-10-16","11.41",",,W",,,"0.0",",,W","75","H,,S"
"USW00012916","29.99691","-90.27751","1.2","2021-10-17","10.51",",,W","0.00",",,W,2400","0.0",",,W","67","H,,S"
"USW00012916","29.99691","-90.27751","1.2","2021-10-18","7.38",",,W","0.00",",,W,2400","0.0",",,W","68","H,,S"
"USW00012916","29.99691","-90.27751","1.2","2021-10-19","7.38",",,W","0.00",",,W,2400","0.0",",,W","70","H,,S"
"USW00012916","29.99691","-90.27751","1.2","2021-10-20","10.07",",,W","0.00",",,W,2400","0.0",",,W","77","H,,S"
"USW00012916","29.99691","-90.27751","1.2","2021-10-21","3.58",",,W","0.00",",,W,2400","0.0",",,W","78","H,,S"
"USW00012916","29.99691","-90.27751","1.2","2021-10-22","3.13",",,W","0.00",",,W,2400","0.0",",,W","78","H,,S"
"USW00012916","29.99691","-90.27751","1.2","2021-10-23","7.61",",,W","0.00",",,W,2400","0.0",",,W","77","H,,S"
"USW00012916","29.99691","-90.27751","1.2","2021-10-24","9.40",",,W","0.00","T,,W,2400","0.0",",,W","78","H,,S"
"USW00012916","29.99691","-90.27751","1.2","2021-10-25","3.80",",,W","0.00",",,W,2400","0.0",",,W","78","H,,S"
"USW00012916","29.99691","-90.27751","1.2","2021-10-26","6.04",",,W","0.00",",,W,2400","0.0",",,W","76","H,,S"
"USW00012916","29.99691","-90.27751","1.2","2021-10-27","12.53",",,W","0.98",",,W,2400","0.0",",,W","75","H,,S"
"USW00012916","29.99691","-90.27751","1.2","2021-10-28","13.65",",,W","0.00",",,W,2400","0.0",",,W","69","H,,S"
"USW00012916","29.99691","-90.27751","1.2","2021-10-29","13.87",",,W","0.00",",,W,2400","0.0",",,W","63","H,,S"
"USW00012916","29.99691","-90.27751","1.2","2021-10-30","5.59",",,W","0.00",",,W,2400","0.0",",,W","59","H,,S"
"USW00012916","29.99691","-90.27751","1.2","2021-10-31","2.24",",,W","0.00",",,W,2400","0.0",",,W","62","H,,S"
"USW00012916","29.99691","-90.27751","1.2","2021-11-01","2.68",",,W","0.00",",,W,2400","0.0",",,W","65","H,,S"
"USW00012916","29.99691","-90.27751","1.2","2021-11-02","5.59",",,W","0.00",",,W,2400","0.0",",,W","64","H,,S"
"USW00012916","29.99691","-90.27751","1.2","2021-11-03","6.93",",,W","0.00",",,W,2400","0.0",",,W","64","H,,S"
"USW00012916","29.99691","-90.27751","1.2","2021-11-04","9.62",",,W","0.00",",,W,2400","0.0",",,W","61","H,,S"
"USW00012916","29.99691","-90.27751","1.2","2021-11-05","8.05",",,W","0.00",",,W,2400","0.0",",,W","58","H,,S"
"USW00012916","29.99691","-90.27751","1.2","2021-11-06","7.16",",,W","0.00",",,W,2400","0.0",",,W","59","H,,S"
"USW00012916","29.99691","-90.27751","1.2","2021-11-07","3.13",",,W","0.00",",,W,2400","0.0",",,W","58","H,,S"
"USW00012916","29.99691","-90.27751","1.2","2021-11-08","2.01",",,W","0.00",",,W,2400","0.0",",,W","58","H,,S"
"USW00012916","29.99691","-90.27751","1.2","2021-11-09","1.79",",,W","0.00",",,W,2400","0.0",",,W","60","H,,S"
"USW00012916","29.99691","-90.27751","1.2","2021-11-10","7.83",",,W","0.00",",,W,2400","0.0",",,W","66","H,,S"
"USW00012916","29.99691","-90.27751","1.2","2021-11-11","7.61",",,W","0.00",",,W,2400","0.0",",,W","70","H,,S"
"USW00012916","29.99691","-90.27751","1.2","2021-11-12","6.26",",,W","0.00",",,W,2400","0.0",",,W","66","H,,S"
"USW00012916","29.99691","-90.27751","1.2","2021-11-13","10.96",",,W","0.00",",,W,2400","0.0",",,W","59","H,,S"
"USW00012916","29.99691","-90.27751","1.2","2021-11-14","3.36",",,W","0.00",",,W,2400","0.0",",,W","54","H,,S"
"USW00012916","29.99691","-90.27751","1.2","2021-11-15","2.46",",,W",,,,,"59","H,,S"
"USW00012916","29.99691","-90.27751","1.2","2021-11-16","5.59",",,W","0.00",",,W,2400","0.0",",,W","65","H,,S"
"USW00012916","29.99691","-90.27751","1.2","2021-11-17","9.84",",,W","0.00",",,W,2400","0.0",",,W","70","H,,S"
"USW00012916","29.99691","-90.27751","1.2","2021-11-18","7.83",",,W","0.17",",,W,2400","0.0",",,W","69","H,,S"
"USW00012916","29.99691","-90.27751","1.2","2021-11-19","10.29",",,W","0.00",",,W,2400","0.0",",,W","57","H,,S"
"USW00012916","29.99691","-90.27751","1.2","2021-11-20","5.59",",,W","0.00",",,W,2400","0.0",",,W","61","H,,S"
"USW00012916","29.99691","-90.27751","1.2","2021-11-21","4.25",",,W","0.00",",,W,2400","0.0",",,W","67","H,,S"
"USW00012916","29.99691","-90.27751","1.2","2021-11-22","8.50",",,W","0.29",",,W,2400","0.0",",,W","66","H,,S"
"USW00012916","29.99691","-90.27751","1.2","2021-11-23","5.59",",,W","0.00",",,W,2400","0.0",",,W","56","H,,S"
"USW00012916","29.99691","-90.27751","1.2","2021-11-24","7.38",",,W","0.00",",,W,2400","0.0",",,W","57","H,,S"
"USW00012916","29.99691","-90.27751","1.2","2021-11-25","7.38",",,W","0.04",",,W,2400",,,"67","H,,S"
"USW00012916","29.99691","-90.27751","1.2","2021-11-26","9.62",",,W","0.00",",,D,2400","0.0",",,D","60","H,,S"
"USW00012916","29.99691","-90.27751","1.2","2021-11-27","2.91",",,W","0.00","T,,D,2400",,,"54","H,,S"
"USW00012916","29.99691","-90.27751","1.2","2021-11-28","4.47",",,W","0.02",",,D,2400","0.0",",,D","56","H,,S"
"US1MEWS0025","44.886773","-67.136843","16.2","2021-08-05",,,"1.78",",,N",,,,
"US1MEWS0025","44.886773","-67.136843","16.2","2021-08-12",,,"0.06",",,N",,,,
"US1MEWS0025","44.886773","-67.136843","16.2","2021-08-19",,,"0.10",",,N",,,,
"US1MEWS0025","44.886773","-67.136843","16.2","2021-08-20",,,"0.20",",,N",,,,
"US1MEWS0025","44.886773","-67.136843","16.2","2021-08-24",,,"0.31",",,N",,,,
"US1MEWS0025","44.886773","-67.136843","16.2","2021-09-05",,,"0.11",",,N",,,,
"US1MEWS0025","44.886773","-67.136843","16.2","2021-09-09",,,"0.09",",,N",,,,
"US1MEWS0025","44.886773","-67.136843","16.2","2021-09-10",,,"0.85",",,N",,,,
"US1MEWS0025","44.886773","-67.136843","16.2","2021-09-11",,,"0.04",",,N",,,,
"US1MEWS0025","44.886773","-67.136843","16.2","2021-09-26",,,"1.25",",,N",,,,
"US1MEWS0025","44.886773","-67.136843","16.2","2021-09-30",,,"0.36",",,N",,,,
"US1MEWS0025","44.886773","-67.136843","16.2","2021-10-02",,,"0.06",",,N",,,,
"US1MEWS0025","44.886773","-67.136843","16.2","2021-10-14",,,"0.02",",,N",,,,
"US1MEWS0025","44.886773","-67.136843","16.2","2021-10-16",,,"0.45",",,N",,,,
"US1MEWS0025","44.886773","-67.136843","16.2","2021-10-17",,,"0.31",",,N",,,,
"US1MEWS0025","44.886773","-67.136843","16.2","2021-10-22",,,"0.07",",,N",,,,
"US1MEWS0025","44.886773","-67.136843","16.2","2021-10-25",,,"0.06",",,N",,,,
"US1MEWS0025","44.886773","-67.136843","16.2","2021-10-27",,,"0.47",",,N",,,,
"US1MEWS0025","44.886773","-67.136843","16.2","2021-10-31",,,"1.23",",,N",,,,
"US1MEWS0025","44.886773","-67.136843","16.2","2021-11-13",,,"1.17",",,N",,,,
"US1MEWS0025","44.886773","-67.136843","16.2","2021-11-14",,,"0.26",",,N",,,,
"US1MEWS0025","44.886773","-67.136843","16.2","2021-11-19",,,"0.50",",,N",,,,
"USC00160007","29.9688","-92.1169","3.0","2021-08-01",,,"0.00","T,,7,0800",,,,
"USC00160007","29.9688","-92.1169","3.0","2021-08-02",,,"0.00",",,7,0800",,,,
"USC00160007","29.9688","-92.1169","3.0","2021-08-03",,,"0.56",",,7,0800",,,,
"USC00160007","29.9688","-92.1169","3.0","2021-08-04",,,"0.00","T,,7,0800",,,,
"USC00160007","29.9688","-92.1169","3.0","2021-08-05",,,"0.00",",,7,0800",,,,
"USC00160007","29.9688","-92.1169","3.0","2021-08-06",,,"0.00",",,7,0800",,,,
"USC00160007","29.9688","-92.1169","3.0","2021-08-07",,,"0.00",",,7,0800",,,,
"USC00160007","29.9688","-92.1169","3.0","2021-08-08",,,"0.00",",,7,0800",,,,
"USC00160007","29.9688","-92.1169","3.0","2021-08-09",,,"0.42",",,7,0800",,,,
"USC00160007","29.9688","-92.1169","3.0","2021-08-10",,,"1.08",",,7,0800",,,,
"USC00160007","29.9688","-92.1169","3.0","2021-08-11",,,"0.01",",,7,0800",,,,
"USC00160007","29.9688","-92.1169","3.0","2021-08-12",,,"1.31",",,7,0800",,,,
"USC00160007","29.9688","-92.1169","3.0","2021-08-13",,,"0.10",",,7,0800",,,,
"USC00160007","29.9688","-92.1169","3.0","2021-08-14",,,"0.11",",,7,0800",,,,
"USC00160007","29.9688","-92.1169","3.0","2021-08-15",,,"0.00",",,7,0800",,,,
"USC00160007","29.9688","-92.1169","3.0","2021-08-16",,,"1.04",",,7,0800",,,,
"USC00160007","29.9688","-92.1169","3.0","2021-08-17",,,"0.00",",,7,0800",,,,
"USC00160007","29.9688","-92.1169","3.0","2021-08-18",,,"0.07",",,7,0800",,,,
"USC00160007","29.9688","-92.1169","3.0","2021-08-19",,,"0.23",",,7,0800",,,,
"USC00160007","29.9688","-92.1169","3.0","2021-08-20",,,"0.03",",,7,0800",,,,
"USC00160007","29.9688","-92.1169","3.0","2021-08-21",,,"0.00",",,7,0800",,,,
"USC00160007","29.9688","-92.1169","3.0","2021-08-22",,,"0.00",",,7,0800",,,,
"USC00160007","29.9688","-92.1169","3.0","2021-08-23",,,"0.00",",,7,0800",,,,
"USC00160007","29.9688","-92.1169","3.0","2021-08-24",,,"0.00",",,7,0800",,,,
"USC00160007","29.9688","-92.1169","3.0","2021-08-25",,,"0.32",",,7,0800",,,,
"USC00160007","29.9688","-92.1169","3.0","2021-08-26",,,"0.27",",,7,0800",,,,
"USC00160007","29.9688","-92.1169","3.0","2021-08-27",,,"2.12",",,7,0800",,,,
"USC00160007","29.9688","-92.1169","3.0","2021-08-28",,,"0.49",",,7,0800",,,,
"USC00160007","29.9688","-92.1169","3.0","2021-08-29",,,"0.15",",,7,0800",,,,
"USC00160007","29.9688","-92.1169","3.0","2021-08-30",,,"0.00","T,,7,0800",,,,
"USC00160007","29.9688","-92.1169","3.0","2021-08-31",,,"0.00",",,7,0800",,,,
"USC00160007","29.9688","-92.1169","3.0","2021-09-01",,,"0.00",",,7,0800",,,,
"USC00160007","29.9688","-92.1169","3.0","2021-09-02",,,"0.86",",,7,0800",,,,
"USC00160007","29.9688","-92.1169","3.0","2021-09-03",,,"0.00",",,7,0800",,,,
"USC00160007","29.9688","-92.1169","3.0","2021-09-04",,,"0.00",",,7,0800",,,,
"USC00160007","29.9688","-92.1169","3.0","2021-09-05",,,"0.32",",,7,0800",,,,
"USC00160007","29.9688","-92.1169","3.0","2021-09-06",,,"0.00",",,7,0800",,,,
"USC00160007","29.9688","-92.1169","3.0","2021-09-07",,,"1.45",",,7,0800",,,,
"USC00160007","29.9688","-92.1169","3.0","2021-09-08",,,"0.00",",,7,0800",,,,
"USC00160007","29.9688","-92.1169","3.0","2021-09-09",,,"0.00",",,7,0800",,,,
"USC00160007","29.9688","-92.1169","3.0","2021-09-10",,,"0.00",",,7,0800",,,,
"USC00160007","29.9688","-92.1169","3.0","2021-09-11",,,"0.00",",,7,0800",,,,
"USC00160007","29.9688","-92.1169","3.0","2021-09-12",,,"0.00",",,7,0800",,,,
"USC00160007","29.9688","-92.1169","3.0","2021-09-13",,,"0.64",",,7,0800",,,,
"USC00160007","29.9688","-92.1169","3.0","2021-09-14",,,"2.18",",,7,0800",,,,
"USC00160007","29.9688","-92.1169","3.0","2021-09-15",,,"0.88",",,7,0800",,,,
"USC00160007","29.9688","-92.1169","3.0","2021-09-16",,,"0.05",",,7,0800",,,,
"USC00160007","29.9688","-92.1169","3.0","2021-09-17",,,"0.05",",,7,0800",,,,
"USC00160007","29.9688","-92.1169","3.0","2021-09-18",,,"0.00",",,7,0800",,,,
"USC00160007","29.9688","-92.1169","3.0","2021-09-19",,,"0.00",",,7,0800",,,,
"USC00160007","29.9688","-92.1169","3.0","2021-09-20",,,"0.05",",,7,0800",,,,
"USC00160007","29.9688","-92.1169","3.0","2021-09-21",,,"0.20",",,7,0800",,,,
"USC00160007","29.9688","-92.1169","3.0","2021-09-22",,,"0.02",",,7,0800",,,,
"USC00160007","29.9688","-92.1169","3.0","2021-09-23",,,"0.00",",,7,0800",,,,
"USC00160007","29.9688","-92.1169","3.0","2021-09-24",,,"0.00",",,7,0800",,,,
"USC00160007","29.9688","-92.1169","3.0","2021-09-25",,,"0.00",",,7,0800",,,,
"USC00160007","29.9688","-92.1169","3.0","2021-09-26",,,"0.00",",,7,0800",,,,
"USC00160007","29.9688","-92.1169","3.0","2021-09-27",,,"0.00",",,7,0800",,,,
"USC00160007","29.9688","-92.1169","3.0","2021-09-28",,,"0.19",",,7,0800",,,,
"USC00160007","29.9688","-92.1169","3.0","2021-09-29",,,"2.40",",,7,0800",,,,
"USC00160007","29.9688","-92.1169","3.0","2021-09-30",,,"0.26",",,7,0800",,,,
"USC00160007","29.9688","-92.1169","3.0","2021-10-01",,,"0.87",",,7,0800",,,,
"USC00160007","29.9688","-92.1169","3.0","2021-10-02",,,"0.05",",,7,0800",,,,
"USC00160007","29.9688","-92.1169","3.0","2021-10-03",,,"0.00",",,7,0800",,,,
"USC00160007","29.9688","-92.1169","3.0","2021-10-04",,,"0.00",",,7,0800",,,,
"USC00160007","29.9688","-92.1169","3.0","2021-10-05",,,"0.00",",,7,0800",,,,
"USC00160007","29.9688","-92.1169","3.0","2021-10-06",,,"0.00",",,7,0800",,,,
"USC00160007","29.9688","-92.1169","3.0","2021-10-07",,,"0.00",",,7,0800",,,,
"USC00160007","29.9688","-92.1169","3.0","2021-10-08",,,"0.00",",,7,0800",,,,
"USC00160007","29.9688","-92.1169","3.0","2021-10-09",,,"0.00",",,7,0800",,,,
"USC00160007","29.9688","-92.1169","3.0","2021-10-10",,,"0.00",",,7,0800",,,,
"USC00160007","29.9688","-92.1169","3.0","2021-10-11",,,"0.00",",,7,0800",,,,
"USC00160007","29.9688","-92.1169","3.0","2021-10-12",,,"0.12",",,7,0800",,,,
"USC00160007","29.9688","-92.1169","3.0","2021-10-13",,,"0.00",",,7,0800",,,,
"USC00160007","29.9688","-92.1169","3.0","2021-10-14",,,"0.00",",,7,0800",,,,
"USC00160007","29.9688","-92.1169","3.0","2021-10-15",,,"0.05",",,7,0800",,,,
"USC00160007","29.9688","-92.1169","3.0","2021-10-16",,,"0.00",",,7,0800",,,,
"USC00160007","29.9688","-92.1169","3.0","2021-10-17",,,"0.00",",,7,0800",,,,
"USC00160007","29.9688","-92.1169","3.0","2021-10-18",,,"0.00",",,7,0800",,,,
"USC00160007","29.9688","-92.1169","3.0","2021-10-19",,,"0.00",",,7,0800",,,,
"USC00160007","29.9688","-92.1169","3.0","2021-10-20",,,"0.00",",,7,0800",,,,
"USC00160007","29.9688","-92.1169","3.0","2021-10-21",,,"0.00",",,7,0800",,,,
"USC00160007","29.9688","-92.1169","3.0","2021-10-22",,,"0.00",",,7,0800",,,,
"USC00160007","29.9688","-92.1169","3.0","2021-10-23",,,"0.00",",,7,0800",,,,
"USC00160007","29.9688","-92.1169","3.0","2021-10-24",,,"0.22",",,7,0800",,,,
"USC00160007","29.9688","-92.1169","3.0","2021-10-25",,,"0.00",",,7,0800",,,,
"USC00160007","29.9688","-92.1169","3.0","2021-10-26",,,"0.02",",,7,0800",,,,
"USC00160007","29.9688","-92.1169","3.0","2021-10-27",,,"0.00",",,7,0800",,,,
"USC00160007","29.9688","-92.1169","3.0","2021-10-28",,,"2.26",",,7,0800",,,,
"USC00160007","29.9688","-92.1169","3.0","2021-10-29",,,"0.00",",,7,0800",,,,
"USC00160007","29.9688","-92.1169","3.0","2021-10-30",,,"0.00",",,7,0800",,,,
"USC00160007","29.9688","-92.1169","3.0","2021-10-31",,,"0.00",",,7,0800",,,,
"USC00160007","29.9688","-92.1169","3.0","2021-11-01",,,"0.00",",,H,0800",,,,
"USC00160007","29.9688","-92.1169","3.0","2021-11-02",,,"0.00",",,H,0800",,,,
"USC00160007","29.9688","-92.1169","3.0","2021-11-03",,,"0.00",",,H,0800",,,,
"USC00160007","29.9688","-92.1169","3.0","2021-11-04",,,"0.00",",,H,0800",,,,
"USC00160007","29.9688","-92.1169","3.0","2021-11-05",,,"0.00",",,H,0800",,,,
"USC00160007","29.9688","-92.1169","3.0","2021-11-06",,,"0.00",",,H,0800",,,,
"USC00160007","29.9688","-92.1169","3.0","2021-11-07",,,"0.00",",,H,0800",,,,
"USC00160007","29.9688","-92.1169","3.0","2021-11-08",,,"0.00",",,H,0800",,,,
"USC00160007","29.9688","-92.1169","3.0","2021-11-09",,,"0.00",",,H,0800",,,,
"USC00160007","29.9688","-92.1169","3.0","2021-11-10",,,"0.00",",,H,0800",,,,
"USC00160007","29.9688","-92.1169","3.0","2021-11-12",,,"0.07",",,H,0800",,,,
"USC00160007","29.9688","-92.1169","3.0","2021-11-13",,,"0.00",",,H,0800",,,,
"USC00160007","29.9688","-92.1169","3.0","2021-11-14",,,"0.00",",,H,0800",,,,
"USC00160007","29.9688","-92.1169","3.0","2021-11-15",,,"0.00",",,H,0800",,,,
"USC00160007","29.9688","-92.1169","3.0","2021-11-16",,,"0.00",",,H,0800",,,,
"USC00160007","29.9688","-92.1169","3.0","2021-11-17",,,"0.00",",,H,0800",,,,
"USC00160007","29.9688","-92.1169","3.0","2021-11-18",,,"0.01",",,H,0800",,,,
"USC00160007","29.9688","-92.1169","3.0","2021-11-19",,,"0.00",",,H,0800",,,,
"USC00160007","29.9688","-92.1169","3.0","2021-11-20",,,"0.00",",,H,0800",,,,
"USC00160007","29.9688","-92.1169","3.0","2021-11-21",,,"0.00",",,H,0800",,,,
"USC00160007","29.9688","-92.1169","3.0","2021-11-22",,,"0.04",",,H,0800",,,,
"USC00160007","29.9688","-92.1169","3.0","2021-11-23",,,"0.00",",,H,0800",,,,
"USC00160007","29.9688","-92.1169","3.0","2021-11-24",,,"0.00",",,H,0800",,,,
"USC00160007","29.9688","-92.1169","3.0","2021-11-25",,,"0.00",",,H,0800",,,,
"USC00160007","29.9688","-92.1169","3.0","2021-11-26",,,"0.41",",,H,0800",,,,
"USC00160007","29.9688","-92.1169","3.0","2021-11-27",,,"0.00",",,H,0800",,,,
"USC00160007","29.9688","-92.1169","3.0","2021-11-28",,,"0.43",",,H,0800",,,,
"USC00176706","44.81877","-70.38664","349.0","2021-08-01",,,"0.00",",,7,0700","0.0",",,7,0700",,
"USC00176706","44.81877","-70.38664","349.0","2021-08-02",,,"0.26",",,7,0700","0.0",",,7,0700",,
"USC00176706","44.81877","-70.38664","349.0","2021-08-03",,,"0.00",",,7,0700","0.0",",,7,0700",,
"USC00176706","44.81877","-70.38664","349.0","2021-08-04",,,"0.00",",,7,0700","0.0",",,7,0700",,
"USC00176706","44.81877","-70.38664","349.0","2021-08-05",,,"0.00",",,7,0700","0.0",",,7,0700",,
"USC00176706","44.81877","-70.38664","349.0","2021-08-06",,,"0.11",",,7,0700","0.0",",,7,0700",,
"USC00176706","44.81877","-70.38664","349.0","2021-08-07",,,"0.00",",,7,0700","0.0",",,7,0700",,
"USC00176706","44.81877","-70.38664","349.0","2021-08-08",,,"0.00","T,,7,0700","0.0",",,7,0700",,
"USC00176706","44.81877","-70.38664","349.0","2021-08-09",,,"0.31",",,7,0700","0.0",",,7,0700",,
"USC00176706","44.81877","-70.38664","349.0","2021-08-10",,,"0.00",",,7,0700","0.0",",,7,0700",,
"USC00176706","44.81877","-70.38664","349.0","2021-08-11",,,"0.10",",,7,0700","0.0",",,7,0700",,
"USC00176706","44.81877","-70.38664","349.0","2021-08-12",,,"0.28",",,7,0700","0.0",",,7,0700",,
"USC00176706","44.81877","-70.38664","349.0","2021-08-13",,,"0.37",",,7,0700","0.0",",,7,0700",,
"USC00176706","44.81877","-70.38664","349.0","2021-08-14",,,"0.00",",,7,0700","0.0",",,7,0700",,
"USC00176706","44.81877","-70.38664","349.0","2021-08-15",,,"0.52",",,7,0700","0.0",",,7,0700",,
"USC00176706","44.81877","-70.38664","349.0","2021-08-16",,,"0.00",",,7,0700","0.0",",,7,0700",,
"USC00176706","44.81877","-70.38664","349.0","2021-08-17",,,"0.00",",,7,0700","0.0",",,7,0700",,
"USC00176706","44.81877","-70.38664","349.0","2021-08-18",,,"0.04",",,7,0700","0.0",",,7,0700",,
"USC00176706","44.81877","-70.38664","349.0","2021-08-19",,,"0.02",",,7,0700","0.0",",,7,0700",,
"USC00176706","44.81877","-70.38664","349.0","2021-08-20",,,"0.09",",,7,0700","0.0",",,7,0700",,
"USC00176706","44.81877","-70.38664","349.0","2021-08-21",,,"0.00",",,7,0700","0.0",",,7,0700",,
"USC00176706","44.81877","-70.38664","349.0","2021-08-22",,,"0.02",",,7,0700","0.0",",,7,0700",,
"USC00176706","44.81877","-70.38664","349.0","2021-08-23",,,"0.50",",,7,0700","0.0",",,7,0700",,
"USC00176706","44.81877","-70.38664","349.0","2021-08-24",,,"0.06",",,7,0700","0.0",",,7,0700",,
"USC00176706","44.81877","-70.38664","349.0","2021-08-25",,,"0.00",",,7,0700","0.0",",,7,0700",,
"USC00176706","44.81877","-70.38664","349.0","2021-08-26",,,"0.00",",,7,0700","0.0",",,7,0700",,
"USC00176706","44.81877","-70.38664","349.0","2021-08-27",,,"0.00",",,7,0700","0.0",",,7,0700",,
"USC00176706","44.81877","-70.38664","349.0","2021-08-28",,,"0.00",",,7,0700","0.0",",,7,0700",,
"USC00176706","44.81877","-70.38664","349.0","2021-08-29",,,"0.18",",,7,0700","0.0",",,7,0700",,
"USC00176706","44.81877","-70.38664","349.0","2021-08-30",,,"0.05",",,7,0700","0.0",",,7,0700",,
"USC00176706","44.81877","-70.38664","349.0","2021-08-31",,,"0.14",",,7,0700","0.0",",,7,0700",,
"USC00176706","44.81877","-70.38664","349.0","2021-09-01",,,"0.00",",,H,0700","0.0",",,H,0700",,
"USC00176706","44.81877","-70.38664","349.0","2021-09-02",,,"0.45",",,H,0700","0.0",",,H,0700",,
"USC00176706","44.81877","-70.38664","349.0","2021-09-03",,,"0.00",",,H,0700","0.0",",,H,0700",,
"USC00176706","44.81877","-70.38664","349.0","2021-09-04",,,"0.00",",,H,0700","0.0",",,H,0700",,
"USC00176706","44.81877","-70.38664","349.0","2021-09-05",,,"0.00",",,H,0700","0.0",",,H,0700",,
"USC00176706","44.81877","-70.38664","349.0","2021-09-06",,,"0.45",",,H,0700","0.0",",,H,0700",,
"USC00176706","44.81877","-70.38664","349.0","2021-09-07",,,"0.17",",,H,0700","0.0",",,H,0700",,
"USC00176706","44.81877","-70.38664","349.0","2021-09-08",,,"0.00",",,H,0700","0.0",",,H,0700",,
"USC00176706","44.81877","-70.38664","349.0","2021-09-09",,,"0.25",",,H,0700","0.0",",,H,0700",,
"USC00176706","44.81877","-70.38664","349.0","2021-09-10",,,"1.29",",,H,0700","0.0",",,H,0700",,
"USC00176706","44.81877","-70.38664","349.0","2021-09-11",,,"0.00",",,H,0700","0.0",",,H,0700",,
"USC00176706","44.81877","-70.38664","349.0","2021-09-12",,,"0.00",",,H,0700","0.0",",,H,0700",,
"USC00176706","44.81877","-70.38664","349.0","2021-09-13",,,"0.00",",,H,0700","0.0",",,H,0700",,
"USC00176706","44.81877","-70.38664","349.0","2021-09-14",,,"0.00",",,H,0700","0.0",",,H,0700",,
"USC00176706","44.81877","-70.38664","349.0","2021-09-15",,,"0.00",",,H,0700","0.0",",,H,0700",,
"USC00176706","44.81877","-70.38664","349.0","2021-09-16",,,"0.66",",,H,0700","0.0",",,H,0700",,
"USC00176706","44.81877","-70.38664","349.0","2021-09-17",,,"0.00",",,H,0700","0.0",",,H,0700",,
"USC00176706","44.81877","-70.38664","349.0","2021-09-18",,,"0.00",",,H,0700","0.0",",,H,0700",,
"USC00176706","44.81877","-70.38664","349.0","2021-09-20",,,,,,,,
"USC00176706","44.81877","-70.38664","349.0","2021-09-21",,,"0.00",",,H,0700","0.0",",,H,0700",,
"USC00176706","44.81877","-70.38664","349.0","2021-09-22",,,"0.01",",,H,0700","0.0",",,H,0700",,
"USC00176706","44.81877","-70.38664","349.0","2021-09-23",,,"0.38",",,H,0700","0.0",",,H,0700",,
"USC00176706","44.81877","-70.38664","349.0","2021-09-24",,,"0.03",",,H,0700","0.0",",,H,0700",,
"USC00176706","44.81877","-70.38664","349.0","2021-09-25",,,"0.65",",,H,0700","0.0",",,H,0700",,
"USC00176706","44.81877","-70.38664","349.0","2021-09-26",,,"0.02",",,H,0700","0.0",",,H,0700",,
"USC00176706","44.81877","-70.38664","349.0","2021-09-27",,,"0.00",",,H,0700","0.0",",,H,0700",,
"USC00176706","44.81877","-70.38664","349.0","2021-09-28",,,"0.27",",,H,0700","0.0",",,H,0700",,
"USC00176706","44.81877","-70.38664","349.0","2021-09-29",,,"0.00",",,H,0700","0.0",",,H,0700",,
"USC00176706","44.81877","-70.38664","349.0","2021-09-30",,,"0.16",",,H,0700","0.0",",,H,0700",,
"USC00176706","44.81877","-70.38664","349.0","2021-10-01",,,"0.02",",,H,0700","0.0",",,H,0700",,
"USC00176706","44.81877","-70.38664","349.0","2021-10-02",,,"0.00",",,H,0700","0.0",",,H,0700",,
"USC00176706","44.81877","-70.38664","349.0","2021-10-03",,,"0.03",",,H,0700","0.0",",,H,0700",,
"USC00176706","44.81877","-70.38664","349.0","2021-10-04",,,"0.00",",,H,0700","0.0",",,H,0700",,
"USC00176706","44.81877","-70.38664","349.0","2021-10-05",,,"0.00",",,H,0700","0.0",",,H,0700",,
"USC00176706","44.81877","-70.38664","349.0","2021-10-06",,,"0.00",",,H,0700","0.0",",,H,0700",,
"USC00176706","44.81877","-70.38664","349.0","2021-10-07",,,"0.00",",,H,0700","0.0",",,H,0700",,
"USC00176706","44.81877","-70.38664","349.0","2021-10-08",,,"0.00",",,H,0700","0.0",",,H,0700",,
"USC00176706","44.81877","-70.38664","349.0","2021-10-09",,,"0.05",",,H,0700","0.0",",,H,0700",,
"USC00176706","44.81877","-70.38664","349.0","2021-10-10",,,"0.00",",,H,0700","0.0",",,H,0700",,
"USC00176706","44.81877","-70.38664","349.0","2021-10-11",,,"0.00",",,H,0700","0.0",",,H,0700",,
"USC00176706","44.81877","-70.38664","349.0","2021-10-12",,,"0.00",",,H,0700","0.0",",,H,0700",,
"USC00176706","44.81877","-70.38664","349.0","2021-10-13",,,"0.00",",,H,0700","0.0",",,H,0700",,
"USC00176706","44.81877","-70.38664","349.0","2021-10-14",,,"0.00",",,H,0700","0.0",",,H,0700",,
"USC00176706","44.81877","-70.38664","349.0","2021-10-15",,,"0.00",",,H,0700","0.0",",,H,0700",,
"USC00176706","44.81877","-70.38664","349.0","2021-10-16",,,"0.11",",,H,0700","0.0",",,H,0700",,
"USC00176706","44.81877","-70.38664","349.0","2021-10-17",,,"0.95",",,H,0700","0.0",",,H,0700",,
"USC00176706","44.81877","-70.38664","349.0","2021-10-19",,,"0.00",",,H,0700","0.0",",,H,0700",,
"USC00176706","44.81877","-70.38664","349.0","2021-10-20",,,"0.00",",,H,0700","0.0",",,H,0700",,
"USC00176706","44.81877","-70.38664","349.0","2021-10-21",,,"0.12",",,H,0700","0.0",",,H,0700",,
"USC00176706","44.81877","-70.38664","349.0","2021-10-22",,,"0.25",",,H,0700","0.0",",,H,0700",,
"USC00176706","44.81877","-70.38664","349.0","2021-10-23",,,"0.00",",,H,0700","0.0",",,H,0700",,
"USC00176706","44.81877","-70.38664","349.0","2021-10-24",,,"0.00",",,H,0700","0.0",",,H,0700",,
"USC00176706","44.81877","-70.38664","349.0","2021-10-25",,,"0.00",",,H,0700","0.0",",,H,0700",,
"USC00176706","44.81877","-70.38664","349.0","2021-10-26",,,"0.15",",,H,0700","0.0",",,H,0700",,
"USC00176706","44.81877","-70.38664","349.0","2021-10-27",,,"0.20",",,H,0700","0.0",",,H,0700",,
"USC00176706","44.81877","-70.38664","349.0","2021-10-28",,,"0.00",",,H,0700","0.0",",,H,0700",,
"USC00176706","44.81877","-70.38664","349.0","2021-10-29",,,"0.00",",,H,0700","0.0",",,H,0700",,
"USC00176706","44.81877","-70.38664","349.0","2021-10-31",,,,,,,,
"USC00176706","44.81877","-70.38664","349.0","2021-11-01",,,"0.59",",,H,0700","0.0",",,H,0700",,
"USC00176706","44.81877","-70.38664","349.0","2021-11-02",,,"0.00",",,H,0700","0.0",",,H,0700",,
"USC00176706","44.81877","-70.38664","349.0","2021-11-03",,,"0.00",",,H,0700","0.0",",,H,0700",,
"USC00176706","44.81877","-70.38664","349.0","2021-11-04",,,"0.00",",,H,0700","0.0",",,H,0700",,
"USC00176706","44.81877","-70.38664","349.0","2021-11-06",,,"0.00",",,H,0700","0.0",",,H,0700",,
"USC00176706","44.81877","-70.38664","349.0","2021-11-07",,,"0.00",",,H,0700","0.0",",,H,0700",,
"USC00176706","44.81877","-70.38664","349.0","2021-11-09",,,"0.00",",,H,0700","0.0",",,H,0700",,
"USC00176706","44.81877","-70.38664","349.0","2021-11-10",,,"0.02",",,H,0700","0.0",",,H,0700",,
"USC00176706","44.81877","-70.38664","349.0","2021-11-11",,,"0.00",",,H,0700","0.0",",,H,0700",,
"USC00176706","44.81877","-70.38664","349.0","2021-11-12",,,"0.00",",,H,0700","0.0",",,H,0700",,
"USC00176706","44.81877","-70.38664","349.0","2021-11-13",,,"1.25",",,H,0700","0.0",",,H,0700",,
"USC00176706","44.81877","-70.38664","349.0","2021-11-14",,,"0.06",",,H,0700","0.0",",,H,0700",,
"USC00176706","44.81877","-70.38664","349.0","2021-11-15",,,"0.16",",,H,0700","1.9",",,H,0700",,
"USC00176706","44.81877","-70.38664","349.0","2021-11-16",,,"0.00",",,H,0700","0.0",",,H,0700",,
"USC00176706","44.81877","-70.38664","349.0","2021-11-17",,,"0.00",",,H,0700","0.0",",,H,0700",,
"USC00176706","44.81877","-70.38664","349.0","2021-11-18",,,"0.10",",,H,0700","0.0",",,H,0700",,
"USC00176706","44.81877","-70.38664","349.0","2021-11-19",,,"0.00",",,H,0700","0.0",",,H,0700",,
"USC00176706","44.81877","-70.38664","349.0","2021-11-20",,,"0.10",",,H,0700","0.1",",,H,0700",,
"USC00176706","44.81877","-70.38664","349.0","2021-11-21",,,"0.00",",,H,0700","0.0",",,H,0700",,
"USC00176706","44.81877","-70.38664","349.0","2021-11-22",,,"0.21",",,H,0700","0.0",",,H,0700",,
"USC00176706","44.81877","-70.38664","349.0","2021-11-23",,,"0.00",",,H,0700","0.0",",,H,0700",,
"USC00176706","44.81877","-70.38664","349.0","2021-11-24",,,"0.00",",,H,0700","0.0",",,H,0700",,
"USC00176706","44.81877","-70.38664","349.0","2021-11-25",,,"0.00",",,H,0700","0.0",",,H,0700",,
"USC00176706","44.81877","-70.38664","349.0","2021-11-26",,,"0.00",",,H,0700","0.0",",,H,0700",,
"USC00176706","44.81877","-70.38664","349.0","2021-11-27",,,"0.24",",,H,0700","0.9",",,H,0700",,
"USC00176706","44.81877","-70.38664","349.0","2021-11-28",,,"0.00",",,H,0700","0.0",",,H,0700",,
"US1MECM0143","43.7201","-70.2871","38.1","2021-08-01",,,"0.00",",,N","0.0",",,N",,
"US1MECM0143","43.7201","-70.2871","38.1","2021-08-02",,,"0.03",",,N","0.0",",,N",,
"US1MECM0143","43.7201","-70.2871","38.1","2021-08-03",,,"0.00",",,N","0.0",",,N",,
"US1MECM0143","43.7201","-70.2871","38.1","2021-08-04",,,"0.00",",,N","0.0",",,N",,
"US1MECM0143","43.7201","-70.2871","38.1","2021-08-05",,,"0.27",",,N","0.0",",,N",,
"US1MECM0143","43.7201","-70.2871","38.1","2021-08-06",,,"0.33",",,N","0.0",",,N",,
"US1MECM0143","43.7201","-70.2871","38.1","2021-08-07",,,"0.00",",,N","0.0",",,N",,
"US1MECM0143","43.7201","-70.2871","38.1","2021-08-08",,,"0.00",",,N","0.0",",,N",,
"US1MECM0143","43.7201","-70.2871","38.1","2021-08-09",,,"0.00",",,N","0.0",",,N",,
"US1MECM0143","43.7201","-70.2871","38.1","2021-08-10",,,"0.02",",,N","0.0",",,N",,
"US1MECM0143","43.7201","-70.2871","38.1","2021-08-12",,,,,,,,
"US1MECM0143","43.7201","-70.2871","38.1","2021-08-13",,,"0.00",",,N","0.0",",,N",,
"US1MECM0143","43.7201","-70.2871","38.1","2021-08-14",,,"0.00",",,N","0.0",",,N",,
"US1MECM0143","43.7201","-70.2871","38.1","2021-08-15",,,"0.00",",,N","0.0",",,N",,
"US1MECM0143","43.7201","-70.2871","38.1","2021-08-16",,,"0.00",",,N","0.0",",,N",,
"US1MECM0143","43.7201","-70.2871","38.1","2021-08-17",,,"0.00",",,N","0.0",",,N",,
"US1MECM0143","43.7201","-70.2871","38.1","2021-08-18",,,"0.00","T,,N","0.0",",,N",,
"US1MECM0143","43.7201","-70.2871","38.1","2021-08-19",,,"0.00","T,,N","0.0",",,N",,
"US1MECM0143","43.7201","-70.2871","38.1","2021-08-20",,,"0.82",",,N","0.0",",,N",,
"US1MECM0143","43.7201","-70.2871","38.1","2021-08-21",,,"0.00",",,N","0.0",",,N",,
"US1MECM0143","43.7201","-70.2871","38.1","2021-08-22",,,"0.01",",,N","0.0",",,N",,
"US1MECM0143","43.7201","-70.2871","38.1","2021-08-23",,,"0.42",",,N","0.0",",,N",,
"US1MECM0143","43.7201","-70.2871","38.1","2021-08-24",,,"0.08",",,N","0.0",",,N",,
"US1MECM0143","43.7201","-70.2871","38.1","2021-08-25",,,"0.00",",,N","0.0",",,N",,
"US1MECM0143","43.7201","-70.2871","38.1","2021-08-26",,,"0.00",",,N","0.0",",,N",,
"US1MECM0143","43.7201","-70.2871","38.1","2021-08-27",,,"0.00",",,N","0.0",",,N",,
"US1MECM0143","43.7201","-70.2871","38.1","2021-09-10",,,,,,,,
"US1MECM0143","43.7201","-70.2871","38.1","2021-09-11",,,"0.02",",,N","0.0",",,N",,
"US1MECM0143","43.7201","-70.2871","38.1","2021-09-12",,,"0.00",",,N","0.0",",,N",,
"US1MECM0143","43.7201","-70.2871","38.1","2021-09-13",,,"0.02",",,N","0.0",",,N",,
"US1MECM0143","43.7201","-70.2871","38.1","2021-09-14",,,"0.00",",,N","0.0",",,N",,
"US1MECM0143","43.7201","-70.2871","38.1","2021-09-15",,,"0.00",",,N","0.0",",,N",,
"US1MECM0143","43.7201","-70.2871","38.1","2021-09-16",,,"0.29",",,N","0.0",",,N",,
"US1MECM0143","43.7201","-70.2871","38.1","2021-09-17",,,"0.00",",,N","0.0",",,N",,
"US1MECM0143","43.7201","-70.2871","38.1","2021-09-18",,,"0.02",",,N","0.0",",,N",,
"US1MECM0143","43.7201","-70.2871","38.1","2021-09-19",,,"0.40",",,N","0.0",",,N",,
"US1MECM0143","43.7201","-70.2871","38.1","2021-09-20",,,"0.00",",,N","0.0",",,N",,
"US1MECM0143","43.7201","-70.2871","38.1","2021-09-21",,,"0.00",",,N","0.0",",,N",,
"US1MECM0143","43.7201","-70.2871","38.1","2021-09-22",,,"0.00","T,,N","0.0",",,N",,
"US1MECM0143","43.7201","-70.2871","38.1","2021-09-23",,,"0.00","T,,N","0.0",",,N",,
"US1MECM0143","43.7201","-70.2871","38.1","2021-09-24",,,"0.01",",,N","0.0",",,N",,
"US1MECM0143","43.7201","-70.2871","38.1","2021-09-25",,,"0.24",",,N","0.0",",,N",,
"US1MECM0143","43.7201","-70.2871","38.1","2021-09-26",,,"0.39",",,N","0.0",",,N",,
"US1MECM0143","43.7201","-70.2871","38.1","2021-09-27",,,"0.09",",,N","0.0",",,N",,
"US1MECM0143","43.7201","-70.2871","38.1","2021-09-28",,,"0.00",",,N","0.0",",,N",,
"US1MECM0143","43.7201","-70.2871","38.1","2021-09-29",,,"0.00","T,,N","0.0",",,N",,
"US1MECM0143","43.7201","-70.2871","38.1","2021-09-30",,,"0.04",",,N","0.0",",,N",,
"US1MECM0143","43.7201","-70.2871","38.1","2021-10-01",,,"0.03",",,N","0.0",",,N",,
"US1MECM0143","43.7201","-70.2871","38.1","2021-10-02",,,"0.01",",,N","0.0",",,N",,
"US1MECM0143","43.7201","-70.2871","38.1","2021-10-03",,,"0.02",",,N","0.0",",,N",,
"US1MECM0143","43.7201","-70.2871","38.1","2021-10-04",,,"0.04",",,N","0.0",",,N",,
"US1MECM0143","43.7201","-70.2871","38.1","2021-10-05",,,"0.00","T,,N","0.0",",,N",,
"US1MECM0143","43.7201","-70.2871","38.1","2021-10-06",,,"0.00",",,N","0.0",",,N",,
"US1MECM0143","43.7201","-70.2871","38.1","2021-10-07",,,"0.00",",,N","0.0",",,N",,
"US1MECM0143","43.7201","-70.2871","38.1","2021-10-08",,,"0.00",",,N","0.0",",,N",,
"US1MECM0143","43.7201","-70.2871","38.1","2021-10-09",,,"0.00",",,N","0.0",",,N",,
"US1MECM0143","43.7201","-70.2871","38.1","2021-10-10",,,"0.00",",,N","0.0",",,N",,
"US1MECM0143","43.7201","-70.2871","38.1","2021-10-11",,,"0.00",",,N","0.0",",,N",,
"US1MECM0143","43.7201","-70.2871","38.1","2021-10-12",,,"0.00",",,N","0.0",",,N",,
"US1MECM0143","43.7201","-70.2871","38.1","2021-10-13",,,"0.00",",,N","0.0",",,N",,
"US1MECM0143","43.7201","-70.2871","38.1","2021-10-14",,,"0.00",",,N","0.0",",,N",,
"US1MECM0143","43.7201","-70.2871","38.1","2021-10-15",,,"0.00",",,N","0.0",",,N",,
"US1MECM0143","43.7201","-70.2871","38.1","2021-10-17",,,,,,,,
"US1MECM0143","43.7201","-70.2871","38.1","2021-10-18",,,"0.00",",,N","0.0",",,N",,
"US1MECM0143","43.7201","-70.2871","38.1","2021-10-19",,,"0.01",",,N","0.0",",,N",,
"US1MECM0143","43.7201","-70.2871","38.1","2021-10-20",,,"0.00",",,N","0.0",",,N",,
"US1MECM0143","43.7201","-70.2871","38.1","2021-10-21",,,"0.00",",,N","0.0",",,N",,
"US1MECM0143","43.7201","-70.2871","38.1","2021-10-22",,,"0.02",",,N","0.0",",,N",,
"US1MECM0143","43.7201","-70.2871","38.1","2021-10-23",,,"0.01",",,N","0.0",",,N",,
"US1MECM0143","43.7201","-70.2871","38.1","2021-10-24",,,"0.00",",,N","0.0",",,N",,
"US1MECM0143","43.7201","-70.2871","38.1","2021-10-25",,,"0.03",",,N","0.0",",,N",,
"US1MECM0143","43.7201","-70.2871","38.1","2021-10-26",,,"0.22",",,N","0.0",",,N",,
"US1MECM0143","43.7201","-70.2871","38.1","2021-10-27",,,"0.69",",,N","0.0",",,N",,
"US1MECM0143","43.7201","-70.2871","38.1","2021-10-28",,,"0.15",",,N","0.0",",,N",,
"US1MECM0143","43.7201","-70.2871","38.1","2021-10-29",,,"0.00",",,N","0.0",",,N",,
"US1MECM0143","43.7201","-70.2871","38.1","2021-10-30",,,"0.06",",,N","0.0",",,N",,
"US1MECM0143","43.7201","-70.2871","38.1","2021-10-31",,,"4.05",",,N","0.0",",,N",,
"US1MECM0143","43.7201","-70.2871","38.1","2021-11-01",,,"0.02",",,N","0.0",",,N",,
"US1MECM0143","43.7201","-70.2871","38.1","2021-11-02",,,"0.00",",,N","0.0",",,N",,
"US1MECM0143","43.7201","-70.2871","38.1","2021-11-03",,,"0.00","T,,N","0.0",",,N",,
"US1MECM0143","43.7201","-70.2871","38.1","2021-11-04",,,"0.00","T,,N","0.0",",,N",,
"US1MECM0143","43.7201","-70.2871","38.1","2021-11-05",,,"0.00",",,N","0.0",",,N",,
"US1MECM0143","43.7201","-70.2871","38.1","2021-11-06",,,"0.00",",,N","0.0",",,N",,
"US1MECM0143","43.7201","-70.2871","38.1","2021-11-07",,,"0.00",",,N","0.0",",,N",,
"US1MECM0143","43.7201","-70.2871","38.1","2021-11-08",,,"0.00",",,N","0.0",",,N",,
"US1MECM0143","43.7201","-70.2871","38.1","2021-11-09",,,"0.00",",,N","0.0",",,N",,
"US1MECM0143","43.7201","-70.2871","38.1","2021-11-10",,,"0.06",",,N","0.0",",,N",,
"US1MECM0143","43.7201","-70.2871","38.1","2021-11-11",,,"0.01",",,N","0.0",",,N",,
"US1MECM0143","43.7201","-70.2871","38.1","2021-11-12",,,"0.00","T,,N","0.0",",,N",,
"US1MECM0143","43.7201","-70.2871","38.1","2021-11-13",,,"1.38",",,N","0.0",",,N",,
"US1MECM0143","43.7201","-70.2871","38.1","2021-11-14",,,"0.49",",,N","0.0",",,N",,
"US1MECM0143","43.7201","-70.2871","38.1","2021-11-15",,,"0.16",",,N","0.0",",,N",,
"US1MECM0143","43.7201","-70.2871","38.1","2021-11-16",,,"0.00","T,,N","0.0",",,N",,
"US1MECM0143","43.7201","-70.2871","38.1","2021-11-17",,,"0.00","T,,N","0.0",",,N",,
"US1MECM0143","43.7201","-70.2871","38.1","2021-11-18",,,"0.01",",,N","0.0",",,N",,
"US1MECM0143","43.7201","-70.2871","38.1","2021-11-19",,,"0.27",",,N","0.0",",,N",,
"US1MECM0143","43.7201","-70.2871","38.1","2021-11-20",,,"0.00","T,,N","0.0",",,N",,
"US1MECM0143","43.7201","-70.2871","38.1","2021-11-21",,,"0.00",",,N","0.0",",,N",,
"US1MECM0143","43.7201","-70.2871","38.1","2021-11-22",,,"0.47",",,N","0.0",",,N",,
"US1MECM0143","43.7201","-70.2871","38.1","2021-11-23",,,"0.00","T,,N","0.0",",,N",,
"US1MECM0143","43.7201","-70.2871","38.1","2021-11-24",,,"0.00",",,N","0.0",",,N",,
"US1MECM0143","43.7201","-70.2871","38.1","2021-11-25",,,"0.00",",,N","0.0",",,N",,
"US1MECM0143","43.7201","-70.2871","38.1","2021-11-26",,,"0.00",",,N","0.0",",,N",,
"US1MECM0143","43.7201","-70.2871","38.1","2021-11-27",,,"0.38",",,N","0.0","T,,N",,
"US1MECM0143","43.7201","-70.2871","38.1","2021-11-28",,,"0.00",",,N","0.0",",,N",,
"USC00171131","43.22411","-70.63882","46.3","2021-08-01",,,"0.00",",,7,0700","0.0",",,7,0700",,
"USC00171131","43.22411","-70.63882","46.3","2021-08-02",,,"0.00","T,,7,0700","0.0",",,7,0700",,
"USC00171131","43.22411","-70.63882","46.3","2021-08-03",,,"0.00",",,7,0700","0.0",",,7,0700",,
"USC00171131","43.22411","-70.63882","46.3","2021-08-04",,,"0.00",",,7,0700","0.0",",,7,0700",,
"USC00171131","43.22411","-70.63882","46.3","2021-08-05",,,"0.32",",,7,0700","0.0",",,7,0700",,
"USC00171131","43.22411","-70.63882","46.3","2021-08-06",,,"0.36",",,7,0700","0.0",",,7,0700",,
"USC00171131","43.22411","-70.63882","46.3","2021-08-07",,,"0.00",",,7,0700","0.0",",,7,0700",,
"USC00171131","43.22411","-70.63882","46.3","2021-08-08",,,"0.00",",,7,0700","0.0",",,7,0700",,
"USC00171131","43.22411","-70.63882","46.3","2021-08-09",,,"0.00",",,7,0700","0.0",",,7,0700",,
"USC00171131","43.22411","-70.63882","46.3","2021-08-10",,,"0.01",",,7,0700","0.0",",,7,0700",,
"USC00171131","43.22411","-70.63882","46.3","2021-08-11",,,"0.00","T,,7,0700","0.0",",,7,0700",,
"USC00171131","43.22411","-70.63882","46.3","2021-08-12",,,"0.00",",,7,0700","0.0",",,7,0700",,
"USC00171131","43.22411","-70.63882","46.3","2021-08-13",,,"0.00",",,7,0700","0.0",",,7,0700",,
"USC00171131","43.22411","-70.63882","46.3","2021-08-14",,,"0.00",",,7,0700","0.0",",,7,0700",,
"USC00171131","43.22411","-70.63882","46.3","2021-08-15",,,"0.00",",,7,0700","0.0",",,7,0700",,
"USC00171131","43.22411","-70.63882","46.3","2021-08-16",,,"0.00",",,7,0700","0.0",",,7,0700",,
"USC00171131","43.22411","-70.63882","46.3","2021-08-17",,,"0.00",",,7,0700","0.0",",,7,0700",,
"USC00171131","43.22411","-70.63882","46.3","2021-08-18",,,"0.00",",,7,0700","0.0",",,7,0700",,
"USC00171131","43.22411","-70.63882","46.3","2021-08-19",,,"0.00",",,7,0700","0.0",",,7,0700",,
"USC00171131","43.22411","-70.63882","46.3","2021-08-20",,,"1.60",",,7,0700","0.0",",,7,0700",,
"USC00171131","43.22411","-70.63882","46.3","2021-08-21",,,"0.00",",,7,0700","0.0",",,7,0700",,
"USC00171131","43.22411","-70.63882","46.3","2021-08-22",,,"0.02",",,7,0700","0.0",",,7,0700",,
"USC00171131","43.22411","-70.63882","46.3","2021-08-23",,,"1.01",",,7,0700","0.0",",,7,0700",,
"USC00171131","43.22411","-70.63882","46.3","2021-08-24",,,"1.47",",,7,0700","0.0",",,7,0700",,
"USC00171131","43.22411","-70.63882","46.3","2021-08-25",,,"0.00",",,7,0700","0.0",",,7,0700",,
"USC00171131","43.22411","-70.63882","46.3","2021-08-26",,,"0.00",",,7,0700","0.0",",,7,0700",,
"USC00171131","43.22411","-70.63882","46.3","2021-08-27",,,"0.00",",,7,0700","0.0",",,7,0700",,
"USC00171131","43.22411","-70.63882","46.3","2021-08-28",,,"0.00",",,7,0700","0.0",",,7,0700",,
"USC00171131","43.22411","-70.63882","46.3","2021-08-29",,,"0.00","T,,7,0700","0.0",",,7,0700",,
"USC00171131","43.22411","-70.63882","46.3","2021-08-30",,,"0.00","T,,7,0700","0.0",",,7,0700",,
"USC00171131","43.22411","-70.63882","46.3","2021-08-31",,,"0.00",",,7,0700","0.0",",,7,0700",,
"USC00171131","43.22411","-70.63882","46.3","2021-09-01",,,"0.00",",,7,0700","0.0",",,7,0700",,
"USC00171131","43.22411","-70.63882","46.3","2021-09-02",,,"2.44",",,7,0700","0.0",",,7,0700",,
"USC00171131","43.22411","-70.63882","46.3","2021-09-03",,,"0.02",",,7,0700","0.0",",,7,0700",,
"USC00171131","43.22411","-70.63882","46.3","2021-09-04",,,"0.00","T,,7,0700","0.0",",,7,0700",,
"USC00171131","43.22411","-70.63882","46.3","2021-09-05",,,"0.00","T,,7,0700","0.0",",,7,0700",,
"USC00171131","43.22411","-70.63882","46.3","2021-09-06",,,"0.18",",,7,0700","0.0",",,7,0700",,
"USC00171131","43.22411","-70.63882","46.3","2021-09-07",,,"0.02",",,7,0700","0.0",",,7,0700",,
"USC00171131","43.22411","-70.63882","46.3","2021-09-08",,,"0.00",",,7,0700","0.0",",,7,0700",,
"USC00171131","43.22411","-70.63882","46.3","2021-09-09",,,"0.15",",,7,0700","0.0",",,7,0700",,
"USC00171131","43.22411","-70.63882","46.3","2021-09-10",,,"0.80",",,7,0700","0.0",",,7,0700",,
"USC00171131","43.22411","-70.63882","46.3","2021-09-11",,,"0.01",",,7,0700","0.0",",,7,0700",,
"USC00171131","43.22411","-70.63882","46.3","2021-09-12",,,"0.00",",,7,0700","0.0",",,7,0700",,
"USC00171131","43.22411","-70.63882","46.3","2021-09-13",,,"0.13",",,7,0700","0.0",",,7,0700",,
"USC00171131","43.22411","-70.63882","46.3","2021-09-14",,,"0.00",",,7,0700","0.0",",,7,0700",,
"USC00171131","43.22411","-70.63882","46.3","2021-09-15",,,"0.00",",,7,0700","0.0",",,7,0700",,
"USC00171131","43.22411","-70.63882","46.3","2021-09-16",,,"0.35",",,7,0700","0.0",",,7,0700",,
"USC00171131","43.22411","-70.63882","46.3","2021-09-17",,,"0.00",",,7,0700","0.0",",,7,0700",,
"USC00171131","43.22411","-70.63882","46.3","2021-09-18",,,"0.00","T,,7,0700","0.0",",,7,0700",,
"USC00171131","43.22411","-70.63882","46.3","2021-09-19",,,"0.10",",,7,0700","0.0",",,7,0700",,
"USC00171131","43.22411","-70.63882","46.3","2021-09-20",,,"0.00",",,7,0700","0.0",",,7,0700",,
"USC00171131","43.22411","-70.63882","46.3","2021-09-21",,,"0.00",",,7,0700","0.0",",,7,0700",,
"USC00171131","43.22411","-70.63882","46.3","2021-09-22",,,"0.00","T,,7,0700","0.0",",,7,0700",,
"USC00171131","43.22411","-70.63882","46.3","2021-09-23",,,"0.00","T,,7,0700","0.0",",,7,0700",,
"USC00171131","43.22411","-70.63882","46.3","2021-09-24",,,"0.00","T,,7,0700","0.0",",,7,0700",,
"USC00171131","43.22411","-70.63882","46.3","2021-09-25",,,"0.06",",,7,0700","0.0",",,7,0700",,
"USC00171131","43.22411","-70.63882","46.3","2021-09-26",,,"0.18",",,7,0700","0.0",",,7,0700",,
"USC00171131","43.22411","-70.63882","46.3","2021-09-27",,,"0.09",",,7,0700","0.0",",,7,0700",,
"USC00171131","43.22411","-70.63882","46.3","2021-09-28",,,"0.00",",,7,0700","0.0",",,7,0700",,
"USC00171131","43.22411","-70.63882","46.3","2021-09-29",,,"0.02",",,7,0700","0.0",",,7,0700",,
"USC00171131","43.22411","-70.63882","46.3","2021-09-30",,,"0.00",",,7,0700","0.0",",,7,0700",,
"USC00171131","43.22411","-70.63882","46.3","2021-10-01",,,"0.07",",,7,0700","0.0",",,7,0700",,
"USC00171131","43.22411","-70.63882","46.3","2021-10-02",,,"0.00",",,7,0700","0.0",",,7,0700",,
"USC00171131","43.22411","-70.63882","46.3","2021-10-03",,,"0.00",",,7,0700","0.0",",,7,0700",,
"USC00171131","43.22411","-70.63882","46.3","2021-10-04",,,"0.10",",,7,0700","0.0",",,7,0700",,
"USC00171131","43.22411","-70.63882","46.3","2021-10-05",,,"0.32",",,7,0700","0.0",",,7,0700",,
"USC00171131","43.22411","-70.63882","46.3","2021-10-06",,,"0.00",",,7,0700","0.0",",,7,0700",,
"USC00171131","43.22411","-70.63882","46.3","2021-10-07",,,"0.00",",,7,0700","0.0",",,7,0700",,
"USC00171131","43.22411","-70.63882","46.3","2021-10-08",,,"0.00",",,7,0700","0.0",",,7,0700",,
"USC00171131","43.22411","-70.63882","46.3","2021-10-09",,,"0.00",",,7,0700","0.0",",,7,0700",,
"USC00171131","43.22411","-70.63882","46.3","2021-10-10",,,"0.00",",,7,0700","0.0",",,7,0700",,
"USC00171131","43.22411","-70.63882","46.3","2021-10-11",,,"0.00",",,7,0700","0.0",",,7,0700",,
"USC00171131","43.22411","-70.63882","46.3","2021-10-12",,,"0.00",",,7,0700","0.0",",,7,0700",,
"USC00171131","43.22411","-70.63882","46.3","2021-10-13",,,"0.00",",,7,0700","0.0",",,7,0700",,
"USC00171131","43.22411","-70.63882","46.3","2021-10-14",,,"0.00",",,7,0700","0.0",",,7,0700",,
"USC00171131","43.22411","-70.63882","46.3","2021-10-15",,,"0.00",",,7,0700","0.0",",,7,0700",,
"USC00171131","43.22411","-70.63882","46.3","2021-10-16",,,"0.00","T,,7,0700","0.0",",,7,0700",,
"USC00171131","43.22411","-70.63882","46.3","2021-10-17",,,"0.40",",,7,0700","0.0",",,7,0700",,
"USC00171131","43.22411","-70.63882","46.3","2021-10-18",,,"0.00",",,7,0700","0.0",",,7,0700",,
"USC00171131","43.22411","-70.63882","46.3","2021-10-19",,,"0.00",",,7,0700","0.0",",,7,0700",,
"USC00171131","43.22411","-70.63882","46.3","2021-10-20",,,"0.00",",,7,0700","0.0",",,7,0700",,
"USC00171131","43.22411","-70.63882","46.3","2021-10-21",,,"0.00",",,7,0700","0.0",",,7,0700",,
"USC00171131","43.22411","-70.63882","46.3","2021-10-22",,,"0.00",",,7,0700","0.0",",,7,0700",,
"USC00171131","43.22411","-70.63882","46.3","2021-10-23",,,"0.00",",,7,0700","0.0",",,7,0700",,
"USC00171131","43.22411","-70.63882","46.3","2021-10-24",,,"0.00",",,7,0700","0.0",",,7,0700",,
"USC00171131","43.22411","-70.63882","46.3","2021-10-25",,,"0.04",",,7,0700","0.0",",,7,0700",,
"USC00171131","43.22411","-70.63882","46.3","2021-10-26",,,"0.30",",,7,0700","0.0",",,7,0700",,
"USC00171131","43.22411","-70.63882","46.3","2021-10-27",,,"1.41",",,7,0700","0.0",",,7,0700",,
"USC00171131","43.22411","-70.63882","46.3","2021-10-28",,,"0.27",",,7,0700","0.0",",,7,0700",,
"USC00171131","43.22411","-70.63882","46.3","2021-10-29",,,"0.00",",,7,0700","0.0",",,7,0700",,
"USC00171131","43.22411","-70.63882","46.3","2021-10-30",,,"0.07",",,7,0700","0.0",",,7,0700",,
"USC00171131","43.22411","-70.63882","46.3","2021-10-31",,,"5.87",",,7,0700","0.0",",,7,0700",,
"USC00171131","43.22411","-70.63882","46.3","2021-11-01",,,"0.00",",,H,0700","0.0",",,H,0700",,
"USC00171131","43.22411","-70.63882","46.3","2021-11-02",,,"0.00",",,H,0700","0.0",",,H,0700",,
"USC00171131","43.22411","-70.63882","46.3","2021-11-03",,,"0.00",",,H,0700","0.0",",,H,0700",,
"USC00171131","43.22411","-70.63882","46.3","2021-11-04",,,"0.00",",,H,0700","0.0",",,H,0700",,
"USC00171131","43.22411","-70.63882","46.3","2021-11-05",,,"0.00",",,H,0700","0.0",",,H,0700",,
"USC00171131","43.22411","-70.63882","46.3","2021-11-06",,,"0.00",",,H,0700","0.0",",,H,0700",,
"USC00171131","43.22411","-70.63882","46.3","2021-11-07",,,"0.00",",,H,0700","0.0",",,H,0700",,
"USC00171131","43.22411","-70.63882","46.3","2021-11-08",,,"0.00",",,H,0700","0.0",",,H,0700",,
"USC00171131","43.22411","-70.63882","46.3","2021-11-09",,,"0.00",",,H,0700","0.0",",,H,0700",,
"USC00171131","43.22411","-70.63882","46.3","2021-11-10",,,"0.00",",,H,0700","0.0",",,H,0700",,
"USC00171131","43.22411","-70.63882","46.3","2021-11-11",,,"0.08",",,H,0700","0.0",",,H,0700",,
"USC00171131","43.22411","-70.63882","46.3","2021-11-12",,,"0.00",",,H,0700","0.0",",,H,0700",,
"USC00171131","43.22411","-70.63882","46.3","2021-11-13",,,"1.45",",,H,0700","0.0",",,H,0700",,
"USC00171131","43.22411","-70.63882","46.3","2021-11-14",,,"0.29",",,H,0700","0.0",",,H,0700",,
"USC00171131","43.22411","-70.63882","46.3","2021-11-15",,,"0.12",",,H,0700","0.0",",,H,0700",,
"USC00171131","43.22411","-70.63882","46.3","2021-11-16",,,"0.00",",,H,0700","0.0",",,H,0700",,
"USC00171131","43.22411","-70.63882","46.3","2021-11-17",,,"0.00",",,H,0700","0.0",",,H,0700",,
"USC00171131","43.22411","-70.63882","46.3","2021-11-18",,,"0.00",",,H,0700","0.0",",,H,0700",,
"USC00171131","43.22411","-70.63882","46.3","2021-11-19",,,"0.15",",,H,0700","0.0",",,H,0700",,
"USC00171131","43.22411","-70.63882","46.3","2021-11-20",,,"0.00",",,H,0700","0.0",",,H,0700",,
"USC00171131","43.22411","-70.63882","46.3","2021-11-21",,,"0.00",",,H,0700","0.0",",,H,0700",,
"USC00171131","43.22411","-70.63882","46.3","2021-11-22",,,"0.35",",,H,0700","0.0",",,H,0700",,
"USC00171131","43.22411","-70.63882","46.3","2021-11-23",,,"0.13",",,H,0700","0.0",",,H,0700",,
"USC00171131","43.22411","-70.63882","46.3","2021-11-24",,,"0.00",",,H,0700","0.0",",,H,0700",,
"USC00171131","43.22411","-70.63882","46.3","2021-11-25",,,"0.00",",,H,0700","0.0",",,H,0700",,
"USC00171131","43.22411","-70.63882","46.3","2021-11-26",,,"0.00",",,H,0700","0.0",",,H,0700",,
"USC00171131","43.22411","-70.63882","46.3","2021-11-27",,,"0.27",",,H,0700","0.0",",,H,0700",,
"USC00171131","43.22411","-70.63882","46.3","2021-11-28",,,"0.00",",,H,0700","0.0",",,H,0700",,
"USC00168094","32.3625","-93.14","84.4","2021-08-01",,,"0.00",",,7,1300","0.0",",,7",,
"USC00168094","32.3625","-93.14","84.4","2021-08-02",,,"0.67",",,7,1300","0.0",",,7",,
"USC00168094","32.3625","-93.14","84.4","2021-08-03",,,"0.06",",,7,1300","0.0",",,7",,
"USC00168094","32.3625","-93.14","84.4","2021-08-04",,,"0.00",",,7,1300","0.0",",,7",,
"USC00168094","32.3625","-93.14","84.4","2021-08-05",,,"0.00",",,7,1300","0.0",",,7",,
"USC00168094","32.3625","-93.14","84.4","2021-08-06",,,"0.00",",,7,1300","0.0",",,7",,
"USC00168094","32.3625","-93.14","84.4","2021-08-07",,,"0.00",",,7,1300","0.0",",,7",,
"USC00168094","32.3625","-93.14","84.4","2021-08-08",,,"0.00",",,7,1300","0.0",",,7",,
"USC00168094","32.3625","-93.14","84.4","2021-08-09",,,"0.00",",,7,1300","0.0",",,7",,
"USC00168094","32.3625","-93.14","84.4","2021-08-10",,,"0.00",",,7,1300","0.0",",,7",,
"USC00168094","32.3625","-93.14","84.4","2021-08-11",,,"0.00",",,7,1300","0.0",",,7",,
"USC00168094","32.3625","-93.14","84.4","2021-08-12",,,"0.00",",,7,1300","0.0",",,7",,
"USC00168094","32.3625","-93.14","84.4","2021-08-13",,,"0.00",",,7,1300","0.0",",,7",,
"USC00168094","32.3625","-93.14","84.4","2021-08-14",,,"0.00",",,7,1300","0.0",",,7",,
"USC00168094","32.3625","-93.14","84.4","2021-08-15",,,"0.00",",,7,1300","0.0",",,7",,
"USC00168094","32.3625","-93.14","84.4","2021-08-16",,,"0.07",",,7,1300","0.0",",,7",,
"USC00168094","32.3625","-93.14","84.4","2021-08-17",,,"0.00",",,7,1300","0.0",",,7",,
"USC00168094","32.3625","-93.14","84.4","2021-08-18",,,"0.55",",,7,1300","0.0",",,7",,
"USC00168094","32.3625","-93.14","84.4","2021-08-19",,,"1.03",",,7,1300","0.0",",,7",,
"USC00168094","32.3625","-93.14","84.4","2021-08-20",,,"0.52",",,7,1300","0.0",",,7",,
"USC00168094","32.3625","-93.14","84.4","2021-08-21",,,"0.00",",,7,1300","0.0",",,7",,
"USC00168094","32.3625","-93.14","84.4","2021-08-22",,,"0.00",",,7,1300","0.0",",,7",,
"USC00168094","32.3625","-93.14","84.4","2021-08-23",,,"0.00",",,7,1300","0.0",",,7",,
"USC00168094","32.3625","-93.14","84.4","2021-08-24",,,"0.00",",,7,1300","0.0",",,7",,
"USC00168094","32.3625","-93.14","84.4","2021-08-25",,,"0.00",",,7,1300","0.0",",,7",,
"USC00168094","32.3625","-93.14","84.4","2021-08-26",,,"0.13",",,7,1300","0.0",",,7",,
"USC00168094","32.3625","-93.14","84.4","2021-08-27",,,"0.00",",,7,1300","0.0",",,7",,
"USC00168094","32.3625","-93.14","84.4","2021-08-28",,,"0.00",",,7,1300","0.0",",,7",,
"USC00168094","32.3625","-93.14","84.4","2021-08-29",,,"0.00",",,7,1300","0.0",",,7",,
"USC00168094","32.3625","-93.14","84.4","2021-08-30",,,"0.00",",,7,1300","0.0",",,7",,
"USC00168094","32.3625","-93.14","84.4","2021-08-31",,,"0.00",",,7,1300","0.0",",,7",,
"USC00168094","32.3625","-93.14","84.4","2021-09-01",,,"0.00",",,7,1300","0.0",",,7",,
"USC00168094","32.3625","-93.14","84.4","2021-09-02",,,"0.00",",,7,1300","0.0",",,7",,
"USC00168094","32.3625","-93.14","84.4","2021-09-03",,,"0.00",",,7,1300","0.0",",,7",,
"USC00168094","32.3625","-93.14","84.4","2021-09-04",,,"0.00",",,7,1300","0.0",",,7",,
"USC00168094","32.3625","-93.14","84.4","2021-09-05",,,"0.00",",,7,1300","0.0",",,7",,
"USC00168094","32.3625","-93.14","84.4","2021-09-06",,,"0.00",",,7,1300","0.0",",,7",,
"USC00168094","32.3625","-93.14","84.4","2021-09-07",,,"0.00",",,7,1300","0.0",",,7",,
"USC00168094","32.3625","-93.14","84.4","2021-09-08",,,"0.00",",,7,1300","0.0",",,7",,
"USC00168094","32.3625","-93.14","84.4","2021-09-09",,,"0.00",",,7,1300","0.0",",,7",,
"USC00168094","32.3625","-93.14","84.4","2021-09-10",,,"0.00",",,7,1300","0.0",",,7",,
"USC00168094","32.3625","-93.14","84.4","2021-09-11",,,"0.00",",,7,1300","0.0",",,7",,
"USC00168094","32.3625","-93.14","84.4","2021-09-12",,,"0.00",",,7,1300","0.0",",,7",,
"USC00168094","32.3625","-93.14","84.4","2021-09-13",,,"0.00",",,7,1300","0.0",",,7",,
"USC00168094","32.3625","-93.14","84.4","2021-09-14",,,"0.16",",,7,1300","0.0",",,7",,
"USC00168094","32.3625","-93.14","84.4","2021-09-15",,,"0.00",",,7,1300","0.0",",,7",,
"USC00168094","32.3625","-93.14","84.4","2021-09-16",,,"0.00",",,7,1300","0.0",",,7",,
"USC00168094","32.3625","-93.14","84.4","2021-09-17",,,"0.00",",,7,1300","0.0",",,7",,
"USC00168094","32.3625","-93.14","84.4","2021-09-18",,,"0.37",",,7,1300","0.0",",,7",,
"USC00168094","32.3625","-93.14","84.4","2021-09-19",,,"0.03",",,7,1300","0.0",",,7",,
"USC00168094","32.3625","-93.14","84.4","2021-09-20",,,"0.14",",,7,1300","0.0",",,7",,
"USC00168094","32.3625","-93.14","84.4","2021-09-21",,,"0.00",",,7,1300","0.0",",,7",,
"USC00168094","32.3625","-93.14","84.4","2021-09-22",,,"0.08",",,7,1300","0.0",",,7",,
"USC00168094","32.3625","-93.14","84.4","2021-09-23",,,"0.00",",,7,1300","0.0",",,7",,
"USC00168094","32.3625","-93.14","84.4","2021-09-24",,,"0.00",",,7,1300","0.0",",,7",,
"USC00168094","32.3625","-93.14","84.4","2021-09-25",,,"0.00",",,7,1300","0.0",",,7",,
"USC00168094","32.3625","-93.14","84.4","2021-09-26",,,"0.00",",,7,1300","0.0",",,7",,
"USC00168094","32.3625","-93.14","84.4","2021-09-27",,,"0.00",",,7,1300","0.0",",,7",,
"USC00168094","32.3625","-93.14","84.4","2021-09-28",,,"0.00",",,7,1300","0.0",",,7",,
"USC00168094","32.3625","-93.14","84.4","2021-09-29",,,"0.00",",,7,1300","0.0",",,7",,
"USC00168094","32.3625","-93.14","84.4","2021-09-30",,,"0.15",",,7,1300","0.0",",,7",,
"USC00168094","32.3625","-93.14","84.4","2021-10-01",,,"0.00",",,7,1300","0.0",",,7",,
"USC00168094","32.3625","-93.14","84.4","2021-10-02",,,"0.68",",,7,1300","0.0",",,7",,
"USC00168094","32.3625","-93.14","84.4","2021-10-03",,,"0.00",",,7,1300","0.0",",,7",,
"USC00168094","32.3625","-93.14","84.4","2021-10-04",,,"0.46",",,7,1300","0.0",",,7",,
"USC00168094","32.3625","-93.14","84.4","2021-10-05",,,"0.00",",,7,1300","0.0",",,7",,
"USC00168094","32.3625","-93.14","84.4","2021-10-06",,,"0.00",",,7,1300","0.0",",,7",,
"USC00168094","32.3625","-93.14","84.4","2021-10-07",,,"0.00",",,7,1300","0.0",",,7",,
"USC00168094","32.3625","-93.14","84.4","2021-10-08",,,"0.00",",,7,1300","0.0",",,7",,
"USC00168094","32.3625","-93.14","84.4","2021-10-09",,,"0.00",",,7,1300","0.0",",,7",,
"USC00168094","32.3625","-93.14","84.4","2021-10-10",,,"0.00",",,7,1300","0.0",",,7",,
"USC00168094","32.3625","-93.14","84.4","2021-10-11",,,"0.30",",,7,1300","0.0",",,7",,
"USC00168094","32.3625","-93.14","84.4","2021-10-12",,,"0.00",",,7,1300","0.0",",,7",,
"USC00168094","32.3625","-93.14","84.4","2021-10-13",,,"0.05",",,7,1300","0.0",",,7",,
"USC00168094","32.3625","-93.14","84.4","2021-10-14",,,"0.00",",,7,1300","0.0",",,7",,
"USC00168094","32.3625","-93.14","84.4","2021-10-15",,,"0.00",",,7,1300","0.0",",,7",,
"USC00168094","32.3625","-93.14","84.4","2021-10-16",,,"0.00",",,7,1300","0.0",",,7",,
"USC00168094","32.3625","-93.14","84.4","2021-10-17",,,"0.00",",,7,1300","0.0",",,7",,
"USC00168094","32.3625","-93.14","84.4","2021-10-18",,,"0.00",",,7,1300","0.0",",,7",,
"USC00168094","32.3625","-93.14","84.4","2021-10-19",,,"0.00",",,7,1300","0.0",",,7",,
"USC00168094","32.3625","-93.14","84.4","2021-10-20",,,"0.00",",,7,1300","0.0",",,7",,
"USC00168094","32.3625","-93.14","84.4","2021-10-21",,,"0.00",",,7,1300","0.0",",,7",,
"USC00168094","32.3625","-93.14","84.4","2021-10-22",,,"0.00",",,7,1300","0.0",",,7",,
"USC00168094","32.3625","-93.14","84.4","2021-10-23",,,"0.00",",,7,1300","0.0",",,7",,
"USC00168094","32.3625","-93.14","84.4","2021-10-24",,,"0.00",",,7,1300","0.0",",,7",,
"USC00168094","32.3625","-93.14","84.4","2021-10-25",,,"0.00",",,7,1300","0.0",",,7",,
"USC00168094","32.3625","-93.14","84.4","2021-10-26",,,"0.00",",,7,1300","0.0",",,7",,
"USC00168094","32.3625","-93.14","84.4","2021-10-27",,,"0.00",",,7,1300","0.0",",,7",,
"USC00168094","32.3625","-93.14","84.4","2021-10-28",,,"0.46",",,7,1300","0.0",",,7",,
"USC00168094","32.3625","-93.14","84.4","2021-10-29",,,"0.00",",,7,1300","0.0",",,7",,
"USC00168094","32.3625","-93.14","84.4","2021-10-30",,,"0.00",",,7,1300","0.0",",,7",,
"USC00168094","32.3625","-93.14","84.4","2021-10-31",,,"0.00",",,7,1300","0.0",",,7",,
"USC00168094","32.3625","-93.14","84.4","2021-11-01",,,"0.00",",,H,1300","0.0",",,H",,
"USC00168094","32.3625","-93.14","84.4","2021-11-02",,,"0.00",",,H,1300","0.0",",,H",,
"USC00168094","32.3625","-93.14","84.4","2021-11-03",,,"0.03",",,H,1300","0.0",",,H",,
"USC00168094","32.3625","-93.14","84.4","2021-11-07",,,"0.00",",,H,1300","0.0",",,H",,
"USC00168094","32.3625","-93.14","84.4","2021-11-08",,,"0.00",",,H,1300","0.0",",,H",,
"USC00168094","32.3625","-93.14","84.4","2021-11-09",,,"0.00",",,H,1300","0.0",",,H",,
"USC00168094","32.3625","-93.14","84.4","2021-11-10",,,"0.00",",,H,1300","0.0",",,H",,
"USC00168094","32.3625","-93.14","84.4","2021-11-13",,,,,,,,
"USC00168094","32.3625","-93.14","84.4","2021-11-14",,,"0.00",",,H,1300","0.0",",,H",,
"USC00168094","32.3625","-93.14","84.4","2021-11-15",,,"0.00",",,H,1300","0.0",",,H",,
"USC00168094","32.3625","-93.14","84.4","2021-11-20",,,"0.00",",,H,1300","0.0",",,H",,
"USC00168094","32.3625","-93.14","84.4","2021-11-21",,,"0.00",",,H,1300","0.0",",,H",,
"USC00168094","32.3625","-93.14","84.4","2021-11-22",,,"0.12",",,H,1300","0.0",",,H",,
"USC00168094","32.3625","-93.14","84.4","2021-11-27",,,"0.81",",,H,1300","0.0",",,H",,
"USC00168094","32.3625","-93.14","84.4","2021-11-28",,,"0.00",",,H,1300","0.0",",,H",,
"USC00175736","44.6352","-70.0002","146.3","2021-08-01",,,"0.00",",,7,0700","0.0",",,7,0700",,
"USC00175736","44.6352","-70.0002","146.3","2021-08-02",,,"0.16",",,7,0700","0.0",",,7,0700",,
"USC00175736","44.6352","-70.0002","146.3","2021-08-03",,,"0.05",",,7,0700","0.0",",,7,0700",,
"USC00175736","44.6352","-70.0002","146.3","2021-08-04",,,"0.00",",,7,0700","0.0",",,7,0700",,
"USC00175736","44.6352","-70.0002","146.3","2021-08-05",,,"0.00",",,7,0700","0.0",",,7,0700",,
"USC00175736","44.6352","-70.0002","146.3","2021-08-06",,,"0.14",",,7,0700","0.0",",,7,0700",,
"USC00175736","44.6352","-70.0002","146.3","2021-08-07",,,"0.00",",,7,0700","0.0",",,7,0700",,
"USC00175736","44.6352","-70.0002","146.3","2021-08-08",,,"0.00",",,7,0700","0.0",",,7,0700",,
"USC00175736","44.6352","-70.0002","146.3","2021-08-09",,,"0.00",",,7,0700","0.0",",,7,0700",,
"USC00175736","44.6352","-70.0002","146.3","2021-08-10",,,"0.00",",,7,0700","0.0",",,7,0700",,
"USC00175736","44.6352","-70.0002","146.3","2021-08-11",,,"0.00",",,7,0700","0.0",",,7,0700",,
"USC00175736","44.6352","-70.0002","146.3","2021-08-12",,,"0.15",",,7,0700","0.0",",,7,0700",,
"USC00175736","44.6352","-70.0002","146.3","2021-08-13",,,"0.00",",,7,0700","0.0",",,7,0700",,
"USC00175736","44.6352","-70.0002","146.3","2021-08-14",,,"0.00",",,7,0700","0.0",",,7,0700",,
"USC00175736","44.6352","-70.0002","146.3","2021-08-15",,,"0.85",",,7,0700","0.0",",,7,0700",,
"USC00175736","44.6352","-70.0002","146.3","2021-08-16",,,"0.00",",,7,0700","0.0",",,7,0700",,
"USC00175736","44.6352","-70.0002","146.3","2021-08-17",,,"0.00",",,7,0700","0.0",",,7,0700",,
"USC00175736","44.6352","-70.0002","146.3","2021-08-18",,,"0.00",",,7,0700","0.0",",,7,0700",,
"USC00175736","44.6352","-70.0002","146.3","2021-08-19",,,"0.10",",,7,0700","0.0",",,7,0700",,
"USC00175736","44.6352","-70.0002","146.3","2021-08-20",,,"0.86",",,7,0700","0.0",",,7,0700",,
"USC00175736","44.6352","-70.0002","146.3","2021-08-21",,,"0.00",",,7,0700","0.0",",,7,0700",,
"USC00175736","44.6352","-70.0002","146.3","2021-08-22",,,"0.00","T,,7,0700","0.0",",,7,0700",,
"USC00175736","44.6352","-70.0002","146.3","2021-08-23",,,"0.36",",,7,0700","0.0",",,7,0700",,
"USC00175736","44.6352","-70.0002","146.3","2021-08-24",,,"0.06",",,7,0700","0.0",",,7,0700",,
"USC00175736","44.6352","-70.0002","146.3","2021-08-25",,,"0.00",",,7,0700","0.0",",,7,0700",,
"USC00175736","44.6352","-70.0002","146.3","2021-08-26",,,"0.00",",,7,0700","0.0",",,7,0700",,
"USC00175736","44.6352","-70.0002","146.3","2021-08-27",,,"0.00",",,7,0700","0.0",",,7,0700",,
"USC00175736","44.6352","-70.0002","146.3","2021-08-28",,,"0.00",",,7,0700","0.0",",,7,0700",,
"USC00175736","44.6352","-70.0002","146.3","2021-08-29",,,"0.23",",,7,0700","0.0",",,7,0700",,
"USC00175736","44.6352","-70.0002","146.3","2021-08-30",,,"0.04",",,7,0700","0.0",",,7,0700",,
"USC00175736","44.6352","-70.0002","146.3","2021-08-31",,,"0.35",",,7,0700","0.0",",,7,0700",,
"USC00175736","44.6352","-70.0002","146.3","2021-09-01",,,"0.00",",,7,0700","0.0",",,7,0700",,
"USC00175736","44.6352","-70.0002","146.3","2021-09-02",,,"0.82",",,7,0700","0.0",",,7,0700",,
"USC00175736","44.6352","-70.0002","146.3","2021-09-03",,,"0.02",",,7,0700","0.0",",,7,0700",,
"USC00175736","44.6352","-70.0002","146.3","2021-09-04",,,"0.04",",,7,0700","0.0",",,7,0700",,
"USC00175736","44.6352","-70.0002","146.3","2021-09-05",,,"0.00",",,7,0700","0.0",",,7,0700",,
"USC00175736","44.6352","-70.0002","146.3","2021-09-06",,,"0.20",",,7,0700","0.0",",,7,0700",,
"USC00175736","44.6352","-70.0002","146.3","2021-09-07",,,"0.64",",,7,0700","0.0",",,7,0700",,
"USC00175736","44.6352","-70.0002","146.3","2021-09-08",,,"0.00",",,7,0700","0.0",",,7,0700",,
"USC00175736","44.6352","-70.0002","146.3","2021-09-09",,,"0.17",",,7,0700","0.0",",,7,0700",,
"USC00175736","44.6352","-70.0002","146.3","2021-09-10",,,"1.46",",,7,0700","0.0",",,7,0700",,
"USC00175736","44.6352","-70.0002","146.3","2021-09-11",,,"0.00",",,7,0700","0.0",",,7,0700",,
"USC00175736","44.6352","-70.0002","146.3","2021-09-12",,,"0.00",",,7,0700","0.0",",,7,0700",,
"USC00175736","44.6352","-70.0002","146.3","2021-09-13",,,"0.00",",,7,0700","0.0",",,7,0700",,
"USC00175736","44.6352","-70.0002","146.3","2021-09-14",,,"0.00",",,7,0700","0.0",",,7,0700",,
"USC00175736","44.6352","-70.0002","146.3","2021-09-15",,,"0.00",",,7,0700","0.0",",,7,0700",,
"USC00175736","44.6352","-70.0002","146.3","2021-09-16",,,"1.02",",,7,0700","0.0",",,7,0700",,
"USC00175736","44.6352","-70.0002","146.3","2021-09-17",,,"0.00",",,7,0700","0.0",",,7,0700",,
"USC00175736","44.6352","-70.0002","146.3","2021-09-18",,,"0.00",",,7,0700","0.0",",,7,0700",,
"USC00175736","44.6352","-70.0002","146.3","2021-09-19",,,"0.14",",,7,0700","0.0",",,7,0700",,
"USC00175736","44.6352","-70.0002","146.3","2021-09-20",,,"0.00",",,7,0700","0.0",",,7,0700",,
"USC00175736","44.6352","-70.0002","146.3","2021-09-21",,,"0.00",",,7,0700","0.0",",,7,0700",,
"USC00175736","44.6352","-70.0002","146.3","2021-09-22",,,"0.00",",,7,0700","0.0",",,7,0700",,
"USC00175736","44.6352","-70.0002","146.3","2021-09-23",,,"0.00","T,,7,0700","0.0",",,7,0700",,
"USC00175736","44.6352","-70.0002","146.3","2021-09-24",,,"0.03",",,7,0700","0.0",",,7,0700",,
"USC00175736","44.6352","-70.0002","146.3","2021-09-25",,,"0.55",",,7,0700","0.0",",,7,0700",,
"USC00175736","44.6352","-70.0002","146.3","2021-09-26",,,"0.45",",,7,0700","0.0",",,7,0700",,
"USC00175736","44.6352","-70.0002","146.3","2021-09-27",,,"0.00",",,7,0700","0.0",",,7,0700",,
"USC00175736","44.6352","-70.0002","146.3","2021-09-28",,,"0.00",",,7,0700","0.0",",,7,0700",,
"USC00175736","44.6352","-70.0002","146.3","2021-09-29",,,"0.00",",,7,0700","0.0",",,7,0700",,
"USC00175736","44.6352","-70.0002","146.3","2021-09-30",,,"0.46",",,7,0700","0.0",",,7,0700",,
"USC00175736","44.6352","-70.0002","146.3","2021-10-01",,,"0.07",",,H,0700","0.0",",,H,0700",,
"USC00175736","44.6352","-70.0002","146.3","2021-10-02",,,"0.00",",,H,0700","0.0",",,H,0700",,
"USC00175736","44.6352","-70.0002","146.3","2021-10-03",,,"0.00",",,H,0700","0.0",",,H,0700",,
"USC00175736","44.6352","-70.0002","146.3","2021-10-04",,,"0.04",",,H,0700","0.0",",,H,0700",,
"USC00175736","44.6352","-70.0002","146.3","2021-10-05",,,"0.00",",,H,0700","0.0",",,H,0700",,
"USC00175736","44.6352","-70.0002","146.3","2021-10-06",,,"0.00",",,H,0700","0.0",",,H,0700",,
"USC00175736","44.6352","-70.0002","146.3","2021-10-07",,,"0.00",",,H,0700","0.0",",,H,0700",,
"USC00175736","44.6352","-70.0002","146.3","2021-10-08",,,"0.00",",,H,0700","0.0",",,H,0700",,
"USC00175736","44.6352","-70.0002","146.3","2021-10-09",,,"0.00",",,H,0700","0.0",",,H,0700",,
"USC00175736","44.6352","-70.0002","146.3","2021-10-10",,,"0.00",",,H,0700","0.0",",,H,0700",,
"USC00175736","44.6352","-70.0002","146.3","2021-10-11",,,"0.00",",,H,0700","0.0",",,H,0700",,
"USC00175736","44.6352","-70.0002","146.3","2021-10-12",,,"0.00",",,H,0700","0.0",",,H,0700",,
"USC00175736","44.6352","-70.0002","146.3","2021-10-13",,,"0.00",",,H,0700","0.0",",,H,0700",,
"USC00175736","44.6352","-70.0002","146.3","2021-10-14",,,"0.00",",,H,0700","0.0",",,H,0700",,
"USC00175736","44.6352","-70.0002","146.3","2021-10-15",,,"0.00",",,H,0700","0.0",",,H,0700",,
"USC00175736","44.6352","-70.0002","146.3","2021-10-16",,,"0.23",",,H,0700","0.0",",,H,0700",,
"USC00175736","44.6352","-70.0002","146.3","2021-10-17",,,"0.67",",,H,0700","0.0",",,H,0700",,
"USC00175736","44.6352","-70.0002","146.3","2021-10-18",,,"0.00",",,H,0700","0.0",",,H,0700",,
"USC00175736","44.6352","-70.0002","146.3","2021-10-19",,,"0.00",",,H,0700","0.0",",,H,0700",,
"USC00175736","44.6352","-70.0002","146.3","2021-10-20",,,"0.00",",,H,0700","0.0",",,H,0700",,
"USC00175736","44.6352","-70.0002","146.3","2021-10-21",,,"0.05",",,H,0700","0.0",",,H,0700",,
"USC00175736","44.6352","-70.0002","146.3","2021-10-22",,,"0.09",",,H,0700",,,,
"USC00175736","44.6352","-70.0002","146.3","2021-10-23",,,"0.00",",,H,0700","0.0",",,H,0700",,
"USC00175736","44.6352","-70.0002","146.3","2021-10-24",,,"0.00",",,H,0700","0.0",",,H,0700",,
"USC00175736","44.6352","-70.0002","146.3","2021-10-25",,,"0.00",",,H,0700","0.0",",,H,0700",,
"USC00175736","44.6352","-70.0002","146.3","2021-10-26",,,"0.18",",,H,0700","0.0",",,H,0700",,
"USC00175736","44.6352","-70.0002","146.3","2021-10-27",,,"0.38",",,H,0700","0.0",",,H,0700",,
"USC00175736","44.6352","-70.0002","146.3","2021-10-28",,,"0.00",",,H,0700","0.0",",,H,0700",,
"USC00175736","44.6352","-70.0002","146.3","2021-10-29",,,"0.00",",,H,0700","0.0",",,H,0700",,
"USC00175736","44.6352","-70.0002","146.3","2021-10-30",,,"0.00",",,H,0700","0.0",",,H,0700",,
"USC00175736","44.6352","-70.0002","146.3","2021-10-31",,,"2.03",",,H,0700","0.0",",,H,0700",,
"USC00175736","44.6352","-70.0002","146.3","2021-11-01",,,"0.52",",,H,0700","0.0",",,H,0700",,
"USC00175736","44.6352","-70.0002","146.3","2021-11-02",,,"0.00",",,H,0700","0.0",",,H,0700",,
"USC00175736","44.6352","-70.0002","146.3","2021-11-03",,,"0.00",",,H,0700","0.0",",,H,0700",,
"USC00175736","44.6352","-70.0002","146.3","2021-11-04",,,"0.00",",,H,0700","0.0",",,H,0700",,
"USC00175736","44.6352","-70.0002","146.3","2021-11-05",,,"0.00",",,H,0700","0.0",",,H,0700",,
"USC00175736","44.6352","-70.0002","146.3","2021-11-06",,,"0.00",",,H,0700","0.0",",,H,0700",,
"USC00175736","44.6352","-70.0002","146.3","2021-11-07",,,"0.00",",,H,0700","0.0",",,H,0700",,
"USC00175736","44.6352","-70.0002","146.3","2021-11-08",,,"0.00",",,H,0700","0.0",",,H,0700",,
"USC00175736","44.6352","-70.0002","146.3","2021-11-09",,,"0.00",",,H,0700","0.0",",,H,0700",,
"USC00175736","44.6352","-70.0002","146.3","2021-11-10",,,"0.00",",,H,0700","0.0",",,H,0700",,
"USC00175736","44.6352","-70.0002","146.3","2021-11-11",,,"0.03",",,H,0700","0.0",",,H,0700",,
"USC00175736","44.6352","-70.0002","146.3","2021-11-12",,,"0.00",",,H,0700","0.0",",,H,0700",,
"USC00175736","44.6352","-70.0002","146.3","2021-11-13",,,"1.49",",,H,0700","0.0",",,H,0700",,
"USC00175736","44.6352","-70.0002","146.3","2021-11-14",,,"0.06",",,H,0700","0.0",",,H,0700",,
"USC00175736","44.6352","-70.0002","146.3","2021-11-15",,,"0.17",",,H,0700","0.0",",,H,0700",,
"USC00175736","44.6352","-70.0002","146.3","2021-11-16",,,"0.00",",,H,0700","0.0",",,H,0700",,
"USC00175736","44.6352","-70.0002","146.3","2021-11-17",,,"0.00",",,H,0700","0.0",",,H,0700",,
"USC00175736","44.6352","-70.0002","146.3","2021-11-18",,,"0.12",",,H,0700","0.0",",,H,0700",,
"USC00175736","44.6352","-70.0002","146.3","2021-11-19",,,"0.17",",,H,0700","0.0",",,H,0700",,
"USC00175736","44.6352","-70.0002","146.3","2021-11-20",,,"0.00",",,H,0700","0.0",",,H,0700",,
"USC00175736","44.6352","-70.0002","146.3","2021-11-21",,,"0.00",",,H,0700","0.0",",,H,0700",,
"USC00175736","44.6352","-70.0002","146.3","2021-11-22",,,"0.14",",,H,0700","0.0",",,H,0700",,
"USC00175736","44.6352","-70.0002","146.3","2021-11-23",,,"0.12",",,H,0700","0.0",",,H,0700",,
"USC00175736","44.6352","-70.0002","146.3","2021-11-24",,,"0.00",",,H,0700","0.0",",,H,0700",,
"USC00175736","44.6352","-70.0002","146.3","2021-11-25",,,"0.00",",,H,0700","0.0",",,H,0700",,
"USC00175736","44.6352","-70.0002","146.3","2021-11-26",,,"0.00",",,H,0700","0.0",",,H,0700",,
"USC00175736","44.6352","-70.0002","146.3","2021-11-27",,,"0.26",",,H,0700","0.0",",,H,0700",,
"USC00175736","44.6352","-70.0002","146.3","2021-11-28",,,"0.00",",,H,0700","0.0",",,H,0700",,
"US1MECM0138","43.87733","-70.0465","55.5","2021-08-01",,,"0.00",",,N","0.0",",,N",,
"US1MECM0138","43.87733","-70.0465","55.5","2021-08-05",,,,,,,,
"US1MECM0138","43.87733","-70.0465","55.5","2021-08-06",,,"0.00","T,,N",,,,
"US1MECM0138","43.87733","-70.0465","55.5","2021-08-07",,,"0.00",",,N","0.0",",,N",,
"US1MECM0138","43.87733","-70.0465","55.5","2021-08-08",,,"0.00",",,N","0.0",",,N",,
"US1MECM0138","43.87733","-70.0465","55.5","2021-08-09",,,"0.00",",,N","0.0",",,N",,
"US1MECM0138","43.87733","-70.0465","55.5","2021-08-10",,,"0.01",",,N",,,,
"US1MECM0138","43.87733","-70.0465","55.5","2021-08-11",,,"0.00",",,N","0.0",",,N",,
"US1MECM0138","43.87733","-70.0465","55.5","2021-08-12",,,"0.00","T,,N",,,,
"US1MECM0138","43.87733","-70.0465","55.5","2021-08-13",,,"0.00",",,N","0.0",",,N",,
"US1MECM0138","43.87733","-70.0465","55.5","2021-08-14",,,"0.00",",,N","0.0",",,N",,
"US1MECM0138","43.87733","-70.0465","55.5","2021-08-16",,,,,,,,
"US1MECM0138","43.87733","-70.0465","55.5","2021-08-17",,,"0.00",",,N","0.0",",,N",,
"US1MECM0138","43.87733","-70.0465","55.5","2021-08-18",,,"0.00","T,,N",,,,
"US1MECM0138","43.87733","-70.0465","55.5","2021-08-19",,,"0.00","T,,N",,,,
"US1MECM0138","43.87733","-70.0465","55.5","2021-08-20",,,"1.11",",,N",,,,
"US1MECM0138","43.87733","-70.0465","55.5","2021-08-21",,,"0.00",",,N","0.0",",,N",,
"US1MECM0138","43.87733","-70.0465","55.5","2021-08-22",,,"0.01",",,N",,,,
"US1MECM0138","43.87733","-70.0465","55.5","2021-08-23",,,"0.19",",,N",,,,
"US1MECM0138","43.87733","-70.0465","55.5","2021-08-24",,,"0.07",",,N",,,,
"US1MECM0138","43.87733","-70.0465","55.5","2021-08-25",,,"0.00",",,N","0.0",",,N",,
"US1MECM0138","43.87733","-70.0465","55.5","2021-08-26",,,"0.00",",,N","0.0",",,N",,
"US1MECM0138","43.87733","-70.0465","55.5","2021-08-27",,,"0.00",",,N","0.0",",,N",,
"US1MECM0138","43.87733","-70.0465","55.5","2021-08-29",,,,,,,,
"US1MECM0138","43.87733","-70.0465","55.5","2021-08-30",,,"0.00",",,N","0.0",",,N",,
"US1MECM0138","43.87733","-70.0465","55.5","2021-08-31",,,"0.21",",,N",,,,
"US1MECM0138","43.87733","-70.0465","55.5","2021-09-01",,,"0.00",",,N","0.0",",,N",,
"US1MECM0138","43.87733","-70.0465","55.5","2021-09-02",,,"1.38",",,N",,,,
"US1MECM0138","43.87733","-70.0465","55.5","2021-09-03",,,"0.00","T,,N",,,,
"US1MECM0138","43.87733","-70.0465","55.5","2021-09-06",,,,,,,,
"US1MECM0138","43.87733","-70.0465","55.5","2021-09-07",,,"0.11",",,N",,,,
"US1MECM0138","43.87733","-70.0465","55.5","2021-09-08",,,"0.00",",,N","0.0",",,N",,
"US1MECM0138","43.87733","-70.0465","55.5","2021-09-09",,,"0.01",",,N",,,,
"US1MECM0138","43.87733","-70.0465","55.5","2021-09-10",,,"0.83",",,N",,,,
"US1MECM0138","43.87733","-70.0465","55.5","2021-09-11",,,"0.07",",,N",,,,
"US1MECM0138","43.87733","-70.0465","55.5","2021-09-12",,,"0.00",",,N","0.0",",,N",,
"US1MECM0138","43.87733","-70.0465","55.5","2021-09-13",,,"0.00","T,,N",,,,
"US1MECM0138","43.87733","-70.0465","55.5","2021-09-14",,,"0.00",",,N","0.0",",,N",,
"US1MECM0138","43.87733","-70.0465","55.5","2021-09-15",,,"0.00",",,N","0.0",",,N",,
"US1MECM0138","43.87733","-70.0465","55.5","2021-09-16",,,"0.22",",,N",,,,
"US1MECM0138","43.87733","-70.0465","55.5","2021-09-17",,,"0.00",",,N","0.0",",,N",,
"US1MECM0138","43.87733","-70.0465","55.5","2021-09-18",,,"0.00","T,,N",,,,
"US1MECM0138","43.87733","-70.0465","55.5","2021-09-19",,,"0.02",",,N","0.0",",,N",,
"US1MECM0138","43.87733","-70.0465","55.5","2021-09-20",,,"0.00",",,N","0.0",",,N",,
"US1MECM0138","43.87733","-70.0465","55.5","2021-09-21",,,"0.00",",,N","0.0",",,N",,
"US1MECM0138","43.87733","-70.0465","55.5","2021-09-22",,,"0.00","T,,N",,,,
"US1MECM0138","43.87733","-70.0465","55.5","2021-09-23",,,"0.00",",,N","0.0",",,N",,
"US1MECM0138","43.87733","-70.0465","55.5","2021-09-24",,,"0.00","T,,N",,,,
"US1MECM0138","43.87733","-70.0465","55.5","2021-09-25",,,"0.36",",,N",,,,
"US1MECM0138","43.87733","-70.0465","55.5","2021-09-26",,,"1.24",",,N",,,,
"US1MECM0138","43.87733","-70.0465","55.5","2021-09-27",,,"0.37",",,N",,,,
"US1MECM0138","43.87733","-70.0465","55.5","2021-09-28",,,"0.00","T,,N",,,,
"US1MECM0138","43.87733","-70.0465","55.5","2021-09-29",,,"0.00","T,,N",,,,
"US1MECM0138","43.87733","-70.0465","55.5","2021-09-30",,,"0.01",",,N",,,,
"US1MECM0138","43.87733","-70.0465","55.5","2021-10-01",,,"0.21",",,N",,,,
"US1MECM0138","43.87733","-70.0465","55.5","2021-10-02",,,"0.00","T,,N",,,,
"US1MECM0138","43.87733","-70.0465","55.5","2021-10-03",,,"0.01",",,N",,,,
"US1MECM0138","43.87733","-70.0465","55.5","2021-10-04",,,"0.10",",,N",,,,
"US1MECM0138","43.87733","-70.0465","55.5","2021-10-05",,,"0.00",",,N","0.0",",,N",,
"US1MECM0138","43.87733","-70.0465","55.5","2021-10-06",,,"0.00",",,N","0.0",",,N",,
"US1MECM0138","43.87733","-70.0465","55.5","2021-10-07",,,"0.00",",,N","0.0",",,N",,
"US1MECM0138","43.87733","-70.0465","55.5","2021-10-08",,,"0.00",",,N","0.0",",,N",,
"US1MECM0138","43.87733","-70.0465","55.5","2021-10-09",,,"0.00",",,N","0.0",",,N",,
"US1MECM0138","43.87733","-70.0465","55.5","2021-10-10",,,"0.00",",,N","0.0",",,N",,
"US1MECM0138","43.87733","-70.0465","55.5","2021-10-12",,,"0.00",",,N","0.0",",,N",,
"US1MECM0138","43.87733","-70.0465","55.5","2021-10-13",,,"0.00",",,N","0.0",",,N",,
"US1MECM0138","43.87733","-70.0465","55.5","2021-10-14",,,"0.00",",,N","0.0",",,N",,
"US1MECM0138","43.87733","-70.0465","55.5","2021-10-15",,,"0.00",",,N","0.0",",,N",,
"US1MECM0138","43.87733","-70.0465","55.5","2021-10-17",,,,,,,,
"US1MECM0138","43.87733","-70.0465","55.5","2021-10-18",,,"0.00",",,N","0.0",",,N",,
"US1MECM0138","43.87733","-70.0465","55.5","2021-10-19",,,"0.00",",,N","0.0",",,N",,
"US1MECM0138","43.87733","-70.0465","55.5","2021-10-20",,,"0.00","T,,N",,,,
"US1MECM0138","43.87733","-70.0465","55.5","2021-10-21",,,"0.00",",,N","0.0",",,N",,
"US1MECM0138","43.87733","-70.0465","55.5","2021-10-22",,,"0.02",",,N",,,,
"US1MECM0138","43.87733","-70.0465","55.5","2021-10-23",,,"0.00","T,,N",,,,
"US1MECM0138","43.87733","-70.0465","55.5","2021-10-24",,,"0.00",",,N","0.0",",,N",,
"US1MECM0138","43.87733","-70.0465","55.5","2021-10-25",,,"0.00","T,,N",,,,
"US1MECM0138","43.87733","-70.0465","55.5","2021-10-26",,,"0.34",",,N",,,,
"US1MECM0138","43.87733","-70.0465","55.5","2021-10-27",,,"0.71",",,N",,,,
"US1MECM0138","43.87733","-70.0465","55.5","2021-10-28",,,"0.15",",,N",,,,
"US1MECM0138","43.87733","-70.0465","55.5","2021-10-29",,,"0.00",",,N","0.0",",,N",,
"US1MECM0138","43.87733","-70.0465","55.5","2021-10-30",,,"0.01",",,N",,,,
"US1MECM0138","43.87733","-70.0465","55.5","2021-10-31",,,"3.71",",,N",,,,
"US1MECM0138","43.87733","-70.0465","55.5","2021-11-01",,,"0.03",",,N",,,,
"US1MECM0138","43.87733","-70.0465","55.5","2021-11-02",,,"0.00",",,N","0.0",",,N",,
"US1MECM0138","43.87733","-70.0465","55.5","2021-11-03",,,"0.00",",,N","0.0",",,N",,
"US1MECM0138","43.87733","-70.0465","55.5","2021-11-04",,,"0.00",",,N","0.0",",,N",,
"US1MECM0138","43.87733","-70.0465","55.5","2021-11-05",,,"0.00",",,N","0.0",",,N",,
"US1MECM0138","43.87733","-70.0465","55.5","2021-11-06",,,"0.00",",,N","0.0",",,N",,
"US1MECM0138","43.87733","-70.0465","55.5","2021-11-07",,,"0.00",",,N","0.0",",,N",,
"US1MECM0138","43.87733","-70.0465","55.5","2021-11-08",,,"0.00",",,N","0.0",",,N",,
"US1MECM0138","43.87733","-70.0465","55.5","2021-11-09",,,"0.00",",,N","0.0",",,N",,
"US1MECM0138","43.87733","-70.0465","55.5","2021-11-10",,,"0.08",",,N",,,,
"US1MECM0138","43.87733","-70.0465","55.5","2021-11-11",,,"0.06",",,N",,,,
"US1MECM0138","43.87733","-70.0465","55.5","2021-11-12",,,"0.00",",,N","0.0",",,N",,
"US1MECM0138","43.87733","-70.0465","55.5","2021-11-13",,,"1.50",",,N",,,,
"US1MECM0138","43.87733","-70.0465","55.5","2021-11-14",,,"0.22",",,N",,,,
"US1MECM0138","43.87733","-70.0465","55.5","2021-11-15",,,"0.20",",,N",,,,
"US1MECM0138","43.87733","-70.0465","55.5","2021-11-16",,,"0.04",",,N","0.0","T,,N",,
"US1MECM0138","43.87733","-70.0465","55.5","2021-11-17",,,"0.00",",,N","0.0",",,N",,
"US1MECM0138","43.87733","-70.0465","55.5","2021-11-18",,,"0.08",",,N",,,,
"US1MECM0138","43.87733","-70.0465","55.5","2021-11-19",,,"0.24",",,N",,,,
"US1MECM0138","43.87733","-70.0465","55.5","2021-11-20",,,"0.00","T,,N",,,,
"US1MECM0138","43.87733","-70.0465","55.5","2021-11-21",,,"0.00",",,N","0.0",",,N",,
"US1MECM0138","43.87733","-70.0465","55.5","2021-11-22",,,"0.53",",,N",,,,
"US1MECM0138","43.87733","-70.0465","55.5","2021-11-23",,,"0.09",",,N",,,,
"US1MECM0138","43.87733","-70.0465","55.5","2021-11-24",,,"0.00",",,N","0.0",",,N",,
"US1MECM0138","43.87733","-70.0465","55.5","2021-11-25",,,"0.00",",,N","0.0",",,N",,
"US1MECM0138","43.87733","-70.0465","55.5","2021-11-26",,,"0.00",",,N","0.0",",,N",,
"US1MECM0138","43.87733","-70.0465","55.5","2021-11-27",,,"0.50",",,N","0.0","T,,N",,
"US1MECM0138","43.87733","-70.0465","55.5","2021-11-28",,,"0.00",",,N","0.0",",,N",,
"USC00165920","31.1288","-92.065","25.9","2021-08-03",,,"0.30",",,7,0800",,,,
"USC00165920","31.1288","-92.065","25.9","2021-08-04",,,"0.23",",,7,0800",,,,
"USC00165920","31.1288","-92.065","25.9","2021-08-19",,,"0.82",",,7,0800",,,,
"USC00165920","31.1288","-92.065","25.9","2021-08-20",,,"0.64",",,7,0800",,,,
"USC00165920","31.1288","-92.065","25.9","2021-08-29",,,"0.24",",,7,0800",,,,
"USC00165920","31.1288","-92.065","25.9","2021-08-31",,,"0.20",",,7,0800",,,,
"USC00165920","31.1288","-92.065","25.9","2021-09-06",,,"2.80",",,7,0800",,,,
"USC00165920","31.1288","-92.065","25.9","2021-09-15",,,"6.60",",,7,0800",,,,
"USC00165920","31.1288","-92.065","25.9","2021-09-16",,,"1.83",",,7,0800",,,,
"USC00165920","31.1288","-92.065","25.9","2021-09-17",,,"0.35",",,7,0800",,,,
"USC00165920","31.1288","-92.065","25.9","2021-09-22",,,"0.07",",,7,0800",,,,
"USC00165920","31.1288","-92.065","25.9","2021-10-03",,,"2.38",",,7,0800",,,,
"USC00165920","31.1288","-92.065","25.9","2021-10-28",,,"1.15",",,7,0800",,,,
"USC00165920","31.1288","-92.065","25.9","2021-11-04",,,"0.30",",,H,0800",,,,
"US1MECM0137","43.900347","-70.308834","83.5","2021-08-01",,,"0.00",",,N","0.0",",,N",,
"US1MECM0137","43.900347","-70.308834","83.5","2021-08-02",,,"0.11",",,N",,,,
"US1MECM0137","43.900347","-70.308834","83.5","2021-08-03",,,"0.00",",,N","0.0",",,N",,
"US1MECM0137","43.900347","-70.308834","83.5","2021-08-04",,,"0.00",",,N","0.0",",,N",,
"US1MECM0137","43.900347","-70.308834","83.5","2021-08-05",,,"0.07",",,N",,,,
"US1MECM0137","43.900347","-70.308834","83.5","2021-08-06",,,"0.25",",,N",,,,
"US1MECM0137","43.900347","-70.308834","83.5","2021-08-07",,,"0.00",",,N","0.0",",,N",,
"US1MECM0137","43.900347","-70.308834","83.5","2021-08-08",,,"0.00",",,N","0.0",",,N",,
"US1MECM0137","43.900347","-70.308834","83.5","2021-08-09",,,"0.00",",,N","0.0",",,N",,
"US1MECM0137","43.900347","-70.308834","83.5","2021-08-10",,,"0.01",",,N",,,,
"US1MECM0137","43.900347","-70.308834","83.5","2021-08-11",,,"0.00",",,N","0.0",",,N",,
"US1MECM0137","43.900347","-70.308834","83.5","2021-08-12",,,"0.00",",,N","0.0",",,N",,
"US1MECM0137","43.900347","-70.308834","83.5","2021-08-14",,,"0.00",",,N","0.0",",,N",,
"US1MECM0137","43.900347","-70.308834","83.5","2021-08-15",,,"0.00",",,N","0.0",",,N",,
"US1MECM0137","43.900347","-70.308834","83.5","2021-08-16",,,"0.00",",,N","0.0",",,N",,
"US1MECM0137","43.900347","-70.308834","83.5","2021-08-17",,,"0.00",",,N","0.0",",,N",,
"US1MECM0137","43.900347","-70.308834","83.5","2021-08-18",,,"0.00","T,,N",,,,
"US1MECM0137","43.900347","-70.308834","83.5","2021-08-19",,,"0.00","T,,N",,,,
"US1MECM0137","43.900347","-70.308834","83.5","2021-08-20",,,"0.42",",,N",,,,
"US1MECM0137","43.900347","-70.308834","83.5","2021-08-26",,,"0.00",",,N","0.0",",,N",,
"US1MECM0137","43.900347","-70.308834","83.5","2021-08-27",,,"0.00",",,N","0.0",",,N",,
"US1MECM0137","43.900347","-70.308834","83.5","2021-08-28",,,"0.00",",,N","0.0",",,N",,
"US1MECM0137","43.900347","-70.308834","83.5","2021-08-29",,,"0.00","T,,N",,,,
"US1MECM0137","43.900347","-70.308834","83.5","2021-08-30",,,"0.00",",,N","0.0",",,N",,
"US1MECM0137","43.900347","-70.308834","83.5","2021-09-01",,,"0.00",",,N","0.0",",,N",,
"US1MECM0137","43.900347","-70.308834","83.5","2021-09-02",,,"1.29",",,N",,,,
"US1MECM0137","43.900347","-70.308834","83.5","2021-09-03",,,"0.04",",,N",,,,
"US1MECM0137","43.900347","-70.308834","83.5","2021-09-04",,,"0.00","T,,N",,,,
"US1MECM0137","43.900347","-70.308834","83.5","2021-09-05",,,"0.00",",,N","0.0",",,N",,
"US1MECM0137","43.900347","-70.308834","83.5","2021-09-06",,,"0.12",",,N",,,,
"US1MECM0137","43.900347","-70.308834","83.5","2021-09-07",,,"0.13",",,N",,,,
"US1MECM0137","43.900347","-70.308834","83.5","2021-09-08",,,"0.00",",,N","0.0",",,N",,
"US1MECM0137","43.900347","-70.308834","83.5","2021-09-09",,,"0.14",",,N",,,,
"US1MECM0137","43.900347","-70.308834","83.5","2021-09-10",,,"1.18",",,N",,,,
"US1MECM0137","43.900347","-70.308834","83.5","2021-09-11",,,"0.00",",,N","0.0",",,N",,
"US1MECM0137","43.900347","-70.308834","83.5","2021-09-12",,,"0.00","T,,N",,,,
"US1MECM0137","43.900347","-70.308834","83.5","2021-09-13",,,"0.00",",,N","0.0",",,N",,
"US1MECM0137","43.900347","-70.308834","83.5","2021-09-14",,,"0.00",",,N","0.0",",,N",,
"US1MECM0137","43.900347","-70.308834","83.5","2021-09-15",,,"0.00",",,N",,,,
"US1MECM0137","43.900347","-70.308834","83.5","2021-09-16",,,"0.37",",,N",,,,
"US1MECM0137","43.900347","-70.308834","83.5","2021-09-17",,,"0.00",",,N","0.0",",,N",,
"US1MECM0137","43.900347","-70.308834","83.5","2021-09-18",,,"0.02",",,N",,,,
"US1MECM0137","43.900347","-70.308834","83.5","2021-09-19",,,"0.09",",,N",,,,
"US1MECM0137","43.900347","-70.308834","83.5","2021-09-20",,,"0.00",",,N","0.0",",,N",,
"US1MECM0137","43.900347","-70.308834","83.5","2021-09-21",,,"0.00",",,N","0.0",",,N",,
"US1MECM0137","43.900347","-70.308834","83.5","2021-09-22",,,"0.02",",,N",,,,
"US1MECM0137","43.900347","-70.308834","83.5","2021-09-23",,,"0.00","T,,N",,,,
"US1MECM0137","43.900347","-70.308834","83.5","2021-09-24",,,"0.02",",,N",,,,
"US1MECM0137","43.900347","-70.308834","83.5","2021-09-25",,,"0.44",",,N",,,,
"US1MECM0137","43.900347","-70.308834","83.5","2021-09-26",,,"0.17",",,N",,,,
"US1MECM0137","43.900347","-70.308834","83.5","2021-09-27",,,"0.23",",,N",,,,
"US1MECM0137","43.900347","-70.308834","83.5","2021-09-28",,,"0.01",",,N",,,,
"US1MECM0137","43.900347","-70.308834","83.5","2021-09-29",,,"0.00",",,N","0.0",",,N",,
"US1MECM0137","43.900347","-70.308834","83.5","2021-09-30",,,"0.00","T,,N",,,,
"US1MECM0137","43.900347","-70.308834","83.5","2021-10-01",,,"0.07",",,N","0.0",",,N",,
"US1MECM0137","43.900347","-70.308834","83.5","2021-10-02",,,"0.00",",,N","0.0",",,N",,
"US1MECM0137","43.900347","-70.308834","83.5","2021-10-03",,,"0.03",",,N","0.0",",,N",,
"US1MECM0137","43.900347","-70.308834","83.5","2021-10-04",,,"0.11",",,N","0.0",",,N",,
"US1MECM0137","43.900347","-70.308834","83.5","2021-10-05",,,"0.00",",,N","0.0",",,N",,
"US1MECM0137","43.900347","-70.308834","83.5","2021-10-06",,,"0.00",",,N","0.0",",,N",,
"US1MECM0137","43.900347","-70.308834","83.5","2021-10-07",,,"0.00",",,N","0.0",",,N",,
"US1MECM0137","43.900347","-70.308834","83.5","2021-10-08",,,"0.00",",,N","0.0",",,N",,
"US1MECM0137","43.900347","-70.308834","83.5","2021-10-09",,,"0.00",",,N","0.0",",,N",,
"US1MECM0137","43.900347","-70.308834","83.5","2021-10-10",,,"0.00",",,N","0.0",",,N",,
"US1MECM0137","43.900347","-70.308834","83.5","2021-10-11",,,"0.00",",,N","0.0",",,N",,
"US1MECM0137","43.900347","-70.308834","83.5","2021-10-12",,,"0.00",",,N","0.0",",,N",,
"US1MECM0137","43.900347","-70.308834","83.5","2021-10-13",,,"0.00",",,N","0.0",",,N",,
"US1MECM0137","43.900347","-70.308834","83.5","2021-10-14",,,"0.00",",,N","0.0",",,N",,
"US1MECM0137","43.900347","-70.308834","83.5","2021-10-15",,,"0.00",",,N","0.0",",,N",,
"US1MECM0137","43.900347","-70.308834","83.5","2021-10-16",,,"0.87",",,N","0.0",",,N",,
"US1MECM0137","43.900347","-70.308834","83.5","2021-10-17",,,"0.40",",,N","0.0",",,N",,
"US1MECM0137","43.900347","-70.308834","83.5","2021-10-18",,,"0.00",",,N","0.0",",,N",,
"US1MECM0137","43.900347","-70.308834","83.5","2021-10-19",,,"0.00",",,N","0.0",",,N",,
"US1MECM0137","43.900347","-70.308834","83.5","2021-10-20",,,"0.00",",,N","0.0",",,N",,
"US1MECM0137","43.900347","-70.308834","83.5","2021-10-21",,,"0.00",",,N","0.0",",,N",,
"US1MECM0137","43.900347","-70.308834","83.5","2021-10-22",,,"0.01",",,N","0.0",",,N",,
"US1MECM0137","43.900347","-70.308834","83.5","2021-10-23",,,"0.00","T,,N","0.0",",,N",,
"US1MECM0137","43.900347","-70.308834","83.5","2021-10-24",,,"0.00",",,N","0.0",",,N",,
"US1MECM0137","43.900347","-70.308834","83.5","2021-10-25",,,"0.00","T,,N","0.0",",,N",,
"US1MECM0137","43.900347","-70.308834","83.5","2021-10-26",,,"0.38",",,N","0.0",",,N",,
"US1MECM0137","43.900347","-70.308834","83.5","2021-10-27",,,"0.75",",,N","0.0",",,N",,
"US1MECM0137","43.900347","-70.308834","83.5","2021-10-28",,,"0.25",",,N","0.0",",,N",,
"US1MECM0137","43.900347","-70.308834","83.5","2021-10-29",,,"0.00",",,N","0.0",",,N",,
"US1MECM0137","43.900347","-70.308834","83.5","2021-10-30",,,"0.01",",,N","0.0",",,N",,
"US1MECM0137","43.900347","-70.308834","83.5","2021-10-31",,,"3.00",",,N","0.0",",,N",,
"US1MECM0137","43.900347","-70.308834","83.5","2021-11-01",,,"0.18",",,N","0.0",",,N",,
"US1MECM0137","43.900347","-70.308834","83.5","2021-11-02",,,"0.00",",,N","0.0",",,N",,
"US1MECM0137","43.900347","-70.308834","83.5","2021-11-03",,,"0.00",",,N","0.0",",,N",,
"US1MECM0137","43.900347","-70.308834","83.5","2021-11-04",,,"0.00",",,N","0.0",",,N",,
"US1MECM0137","43.900347","-70.308834","83.5","2021-11-05",,,"0.00",",,N","0.0",",,N",,
"US1MECM0137","43.900347","-70.308834","83.5","2021-11-06",,,"0.00",",,N","0.0",",,N",,
"US1MECM0137","43.900347","-70.308834","83.5","2021-11-07",,,"0.00",",,N","0.0",",,N",,
"US1MECM0137","43.900347","-70.308834","83.5","2021-11-08",,,"0.00",",,N","0.0",",,N",,
"US1MECM0137","43.900347","-70.308834","83.5","2021-11-09",,,"0.00",",,N","0.0",",,N",,
"US1MECM0137","43.900347","-70.308834","83.5","2021-11-10",,,"0.02",",,N","0.0",",,N",,
"US1MECM0137","43.900347","-70.308834","83.5","2021-11-11",,,"0.03",",,N","0.0",",,N",,
"US1MECM0137","43.900347","-70.308834","83.5","2021-11-12",,,"0.00",",,N","0.0",",,N",,
"US1MECM0137","43.900347","-70.308834","83.5","2021-11-13",,,"1.80",",,N","0.0",",,N",,
"US1MECM0137","43.900347","-70.308834","83.5","2021-11-14",,,"0.33",",,N","0.0",",,N",,
"US1MECM0137","43.900347","-70.308834","83.5","2021-11-15",,,"0.16",",,N","0.0",",,N",,
"US1MECM0137","43.900347","-70.308834","83.5","2021-11-16",,,"0.00","T,,N","0.0","T,,N",,
"US1MECM0137","43.900347","-70.308834","83.5","2021-11-17",,,"0.00","T,,N","0.0","T,,N",,
"US1MECM0137","43.900347","-70.308834","83.5","2021-11-18",,,"0.09",",,N","0.0",",,N",,
"US1MECM0137","43.900347","-70.308834","83.5","2021-11-19",,,"0.23",",,N","0.0",",,N",,
"US1MECM0137","43.900347","-70.308834","83.5","2021-11-20",,,"0.00","T,,N","0.0","T,,N",,
"US1MECM0137","43.900347","-70.308834","83.5","2021-11-21",,,"0.00",",,N","0.0",",,N",,
"US1MECM0137","43.900347","-70.308834","83.5","2021-11-22",,,"0.15",",,N","0.0",",,N",,
"US1MECM0137","43.900347","-70.308834","83.5","2021-11-23",,,"0.06",",,N","0.0",",,N",,
"US1MECM0137","43.900347","-70.308834","83.5","2021-11-24",,,"0.00",",,N","0.0",",,N",,
"US1MECM0137","43.900347","-70.308834","83.5","2021-11-25",,,"0.00",",,N","0.0",",,N",,
"US1MECM0137","43.900347","-70.308834","83.5","2021-11-26",,,"0.00",",,N","0.0",",,N",,
"US1MECM0137","43.900347","-70.308834","83.5","2021-11-27",,,"0.32",",,N","0.2",",,N",,
"US1MECM0137","43.900347","-70.308834","83.5","2021-11-28",,,"0.00",",,N","0.0",",,N",,
"USC00161565","30.198","-91.1255","7.6","2021-08-01",,,"0.00",",,7,2400",,,,
"USC00161565","30.198","-91.1255","7.6","2021-08-02",,,"1.52",",,7,2400",,,,
"USC00161565","30.198","-91.1255","7.6","2021-08-03",,,"1.78",",,7,2400",,,,
"USC00161565","30.198","-91.1255","7.6","2021-08-04",,,"0.00",",,7,2400",,,,
"USC00161565","30.198","-91.1255","7.6","2021-08-05",,,"0.00",",,7,2400",,,,
"USC00161565","30.198","-91.1255","7.6","2021-08-06",,,"0.00",",,7,2400",,,,
"USC00161565","30.198","-91.1255","7.6","2021-08-07",,,"0.00",",,7,2400",,,,
"USC00161565","30.198","-91.1255","7.6","2021-08-08",,,"0.00",",,7,2400",,,,
"USC00161565","30.198","-91.1255","7.6","2021-08-09",,,"0.03",",,7,2400",,,,
"USC00161565","30.198","-91.1255","7.6","2021-08-10",,,"0.02",",,7,2400",,,,
"USC00161565","30.198","-91.1255","7.6","2021-08-11",,,"0.09",",,7,2400",,,,
"USC00161565","30.198","-91.1255","7.6","2021-08-12",,,"2.39",",,7,2400",,,,
"USC00161565","30.198","-91.1255","7.6","2021-08-13",,,"0.00",",,7,2400",,,,
"USC00161565","30.198","-91.1255","7.6","2021-08-14",,,"0.00",",,7,2400",,,,
"USC00161565","30.198","-91.1255","7.6","2021-08-15",,,"0.00",",,7,2400",,,,
"USC00161565","30.198","-91.1255","7.6","2021-08-16",,,"0.00",",,7,2400",,,,
"USC00161565","30.198","-91.1255","7.6","2021-08-17",,,"0.00",",,7,2400",,,,
"USC00161565","30.198","-91.1255","7.6","2021-08-18",,,"0.02",",,7,2400",,,,
"USC00161565","30.198","-91.1255","7.6","2021-08-19",,,"0.00",",,7,2400",,,,
"USC00161565","30.198","-91.1255","7.6","2021-08-20",,,"0.00",",,7,2400",,,,
"USC00161565","30.198","-91.1255","7.6","2021-08-21",,,"0.00",",,7,2400",,,,
"USC00161565","30.198","-91.1255","7.6","2021-08-22",,,"0.00",",,7,2400",,,,
"USC00161565","30.198","-91.1255","7.6","2021-08-23",,,"0.00",",,7,2400",,,,
"USC00161565","30.198","-91.1255","7.6","2021-08-24",,,"0.50",",,7,2400",,,,
"USC00161565","30.198","-91.1255","7.6","2021-08-25",,,"0.20",",,7,2400",,,,
"USC00161565","30.198","-91.1255","7.6","2021-08-26",,,"0.02",",,7,2400",,,,
"USC00161565","30.198","-91.1255","7.6","2021-08-27",,,"0.37",",,7,2400",,,,
"USC00161565","30.198","-91.1255","7.6","2021-08-28",,,"0.14",",,7,2400",,,,
"USC00161565","30.198","-91.1255","7.6","2021-08-29",,,"1.42",",,7,2400",,,,
"USC00161565","30.198","-91.1255","7.6","2021-08-30",,,"0.36",",,7,2400",,,,
"USC00161565","30.198","-91.1255","7.6","2021-08-31",,,"0.00",",,7,2400",,,,
"USC00161565","30.198","-91.1255","7.6","2021-09-01",,,"0.01",",,7,2400",,,,
"USC00161565","30.198","-91.1255","7.6","2021-09-02",,,"0.10",",,7,2400",,,,
"USC00161565","30.198","-91.1255","7.6","2021-09-03",,,"0.00",",,7,2400",,,,
"USC00161565","30.198","-91.1255","7.6","2021-09-04",,,"0.00",",,7,2400",,,,
"USC00161565","30.198","-91.1255","7.6","2021-09-05",,,"0.00",",,7,2400",,,,
"USC00161565","30.198","-91.1255","7.6","2021-09-06",,,"0.08",",,7,2400",,,,
"USC00161565","30.198","-91.1255","7.6","2021-09-07",,,"0.77",",,7,2400",,,,
"USC00161565","30.198","-91.1255","7.6","2021-09-08",,,"0.00",",,7,2400",,,,
"USC00161565","30.198","-91.1255","7.6","2021-09-09",,,"0.00",",,7,2400",,,,
"USC00161565","30.198","-91.1255","7.6","2021-09-10",,,"0.00",",,7,2400",,,,
"USC00161565","30.198","-91.1255","7.6","2021-09-11",,,"0.00",",,7,2400",,,,
"USC00161565","30.198","-91.1255","7.6","2021-09-12",,,"0.30",",,7,2400",,,,
"USC00161565","30.198","-91.1255","7.6","2021-09-13",,,"0.32",",,7,2400",,,,
"USC00161565","30.198","-91.1255","7.6","2021-09-14",,,"3.65",",,7,2400",,,,
"USC00161565","30.198","-91.1255","7.6","2021-09-15",,,"1.80",",,7,2400",,,,
"USC00161565","30.198","-91.1255","7.6","2021-09-16",,,"0.17",",,7,2400",,,,
"USC00161565","30.198","-91.1255","7.6","2021-09-17",,,"0.00",",,7,2400",,,,
"USC00161565","30.198","-91.1255","7.6","2021-09-18",,,"0.26",",,7,2400",,,,
"USC00161565","30.198","-91.1255","7.6","2021-09-19",,,"0.00",",,7,2400",,,,
"USC00161565","30.198","-91.1255","7.6","2021-09-20",,,"0.00",",,7,2400",,,,
"USC00161565","30.198","-91.1255","7.6","2021-09-21",,,"0.00",",,7,2400",,,,
"USC00161565","30.198","-91.1255","7.6","2021-09-22",,,"0.30",",,7,2400",,,,
"USC00161565","30.198","-91.1255","7.6","2021-09-23",,,"0.00",",,7,2400",,,,
"USC00161565","30.198","-91.1255","7.6","2021-09-24",,,"0.00",",,7,2400",,,,
"USC00161565","30.198","-91.1255","7.6","2021-09-25",,,"0.00",",,7,2400",,,,
"USC00161565","30.198","-91.1255","7.6","2021-09-26",,,"0.00",",,7,2400",,,,
"USC00161565","30.198","-91.1255","7.6","2021-09-27",,,"0.15",",,7,2400",,,,
"USC00161565","30.198","-91.1255","7.6","2021-09-28",,,"0.30",",,7,2400",,,,
"USC00161565","30.198","-91.1255","7.6","2021-09-29",,,"0.27",",,7,2400",,,,
"USC00161565","30.198","-91.1255","7.6","2021-09-30",,,"2.30",",,7,2400",,,,
"USC00161565","30.198","-91.1255","7.6","2021-10-01",,,"0.90",",,H,2400",,,,
"USC00161565","30.198","-91.1255","7.6","2021-10-02",,,"0.03",",,H,2400",,,,
"USC00161565","30.198","-91.1255","7.6","2021-10-03",,,"0.00",",,H,2400",,,,
"USC00161565","30.198","-91.1255","7.6","2021-10-04",,,"0.00",",,H,2400",,,,
"USC00161565","30.198","-91.1255","7.6","2021-10-05",,,"0.18",",,H,2400",,,,
"USC00161565","30.198","-91.1255","7.6","2021-10-06",,,"0.00",",,H,2400",,,,
"USC00161565","30.198","-91.1255","7.6","2021-10-07",,,"0.00",",,H,2400",,,,
"USC00161565","30.198","-91.1255","7.6","2021-10-09",,,"0.00",",,H,2400",,,,
"USC00161565","30.198","-91.1255","7.6","2021-10-10",,,"0.00",",,H,2400",,,,
"USC00161565","30.198","-91.1255","7.6","2021-10-11",,,"0.00",",,H,2400",,,,
"USC00161565","30.198","-91.1255","7.6","2021-10-12",,,"0.00",",,H,2400",,,,
"USC00161565","30.198","-91.1255","7.6","2021-10-13",,,"0.00",",,H,2400",,,,
"USC00161565","30.198","-91.1255","7.6","2021-10-14",,,"0.00",",,H,2400",,,,
"USC00161565","30.198","-91.1255","7.6","2021-10-15",,,,,,,,
"USC00161565","30.198","-91.1255","7.6","2021-10-16",,,"0.21",",,H,2400",,,,
"USC00161565","30.198","-91.1255","7.6","2021-10-17",,,"0.00",",,H,2400",,,,
"USC00161565","30.198","-91.1255","7.6","2021-10-18",,,"0.00",",,H,2400",,,,
"USC00161565","30.198","-91.1255","7.6","2021-10-19",,,"0.00",",,H,2400",,,,
"USC00161565","30.198","-91.1255","7.6","2021-10-20",,,"0.30",",,H,2400",,,,
"USC00161565","30.198","-91.1255","7.6","2021-10-21",,,"0.00",",,H,2400",,,,
"USC00161565","30.198","-91.1255","7.6","2021-10-23",,,,,,,,
"USC00161565","30.198","-91.1255","7.6","2021-10-24",,,"0.08",",,H,2400",,,,
"USC00161565","30.198","-91.1255","7.6","2021-10-25",,,"0.00",",,H,2400",,,,
"USC00161565","30.198","-91.1255","7.6","2021-10-26",,,"0.00",",,H,2400",,,,
"USC00161565","30.198","-91.1255","7.6","2021-10-27",,,"2.03",",,H,2400",,,,
"USC00161565","30.198","-91.1255","7.6","2021-10-28",,,"0.00",",,H,2400",,,,
"USC00161565","30.198","-91.1255","7.6","2021-10-30",,,"0.00",",,H,2400",,,,
"USC00161565","30.198","-91.1255","7.6","2021-10-31",,,"0.00",",,H,2400",,,,
"USC00161565","30.198","-91.1255","7.6","2021-11-01",,,"0.00",",,H,2400",,,,
"USC00161565","30.198","-91.1255","7.6","2021-11-02",,,"0.00",",,H,2400",,,,
"USC00161565","30.198","-91.1255","7.6","2021-11-03",,,"0.00",",,H,2400",,,,
"USC00161565","30.198","-91.1255","7.6","2021-11-04",,,"0.00",",,H,2400",,,,
"USC00161565","30.198","-91.1255","7.6","2021-11-05",,,"0.00",",,H,2400",,,,
"USC00161565","30.198","-91.1255","7.6","2021-11-06",,,"0.00",",,H,2400",,,,
"USC00161565","30.198","-91.1255","7.6","2021-11-07",,,"0.00",",,H,2400",,,,
"USC00161565","30.198","-91.1255","7.6","2021-11-08",,,"0.00",",,H,2400",,,,
"USC00161565","30.198","-91.1255","7.6","2021-11-09",,,"0.00",",,H,2400",,,,
"USC00161565","30.198","-91.1255","7.6","2021-11-10",,,"0.00",",,H,2400",,,,
"USC00161565","30.198","-91.1255","7.6","2021-11-12",,,,,,,,
"USC00161565","30.198","-91.1255","7.6","2021-11-13",,,"0.00",",,H,2400",,,,
"USC00161565","30.198","-91.1255","7.6","2021-11-14",,,"0.00",",,H,2400",,,,
"USC00161565","30.198","-91.1255","7.6","2021-11-15",,,"0.00",",,H,2400",,,,
"USC00161565","30.198","-91.1255","7.6","2021-11-16",,,"0.00",",,H,2400",,,,
"USC00161565","30.198","-91.1255","7.6","2021-11-17",,,"0.00",",,H,2400",,,,
"USC00161565","30.198","-91.1255","7.6","2021-11-18",,,"0.00",",,H,2400",,,,
"USC00161565","30.198","-91.1255","7.6","2021-11-20",,,"0.00",",,H,2400",,,,
"USC00161565","30.198","-91.1255","7.6","2021-11-21",,,"0.00",",,H,2400",,,,
"USC00161565","30.198","-91.1255","7.6","2021-11-22",,,"0.20",",,H,2400",,,,
"USC00161565","30.198","-91.1255","7.6","2021-11-23",,,"0.00",",,H,2400",,,,
"USC00161565","30.198","-91.1255","7.6","2021-11-27",,,"0.07",",,H,2400",,,,
"USC00161565","30.198","-91.1255","7.6","2021-11-28",,,"0.08",",,H,2400",,,,
"US1MECM0018","43.702877","-70.305483","19.2","2021-08-01",,,"0.00",",,N","0.0",",,N",,
"US1MECM0018","43.702877","-70.305483","19.2","2021-08-02",,,"0.03",",,N","0.0",",,N",,
"US1MECM0018","43.702877","-70.305483","19.2","2021-08-03",,,"0.00",",,N","0.0",",,N",,
"US1MECM0018","43.702877","-70.305483","19.2","2021-08-04",,,"0.00",",,N","0.0",",,N",,
"US1MECM0018","43.702877","-70.305483","19.2","2021-08-06",,,,,,,,
"US1MECM0018","43.702877","-70.305483","19.2","2021-08-07",,,"0.00",",,N","0.0",",,N",,
"US1MECM0018","43.702877","-70.305483","19.2","2021-08-08",,,"0.00",",,N","0.0",",,N",,
"US1MECM0018","43.702877","-70.305483","19.2","2021-08-09",,,"0.00",",,N","0.0",",,N",,
"US1MECM0018","43.702877","-70.305483","19.2","2021-08-10",,,"0.02",",,N","0.0",",,N",,
"US1MECM0018","43.702877","-70.305483","19.2","2021-08-11",,,"0.00","T,,N","0.0",",,N",,
"US1MECM0018","43.702877","-70.305483","19.2","2021-08-12",,,"0.00","T,,N","0.0",",,N",,
"US1MECM0018","43.702877","-70.305483","19.2","2021-08-13",,,"0.00",",,N","0.0",",,N",,
"US1MECM0018","43.702877","-70.305483","19.2","2021-08-14",,,"0.00",",,N","0.0",",,N",,
"US1MECM0018","43.702877","-70.305483","19.2","2021-08-15",,,"0.01",",,N","0.0",",,N",,
"US1MECM0018","43.702877","-70.305483","19.2","2021-08-16",,,"0.00",",,N","0.0",",,N",,
"US1MECM0018","43.702877","-70.305483","19.2","2021-08-17",,,"0.00",",,N","0.0",",,N",,
"US1MECM0018","43.702877","-70.305483","19.2","2021-08-18",,,"0.00",",,N","0.0",",,N",,
"US1MECM0018","43.702877","-70.305483","19.2","2021-08-19",,,"0.00","T,,N","0.0",",,N",,
"US1MECM0018","43.702877","-70.305483","19.2","2021-08-20",,,"0.79",",,N","0.0",",,N",,
"US1MECM0018","43.702877","-70.305483","19.2","2021-08-21",,,"0.00",",,N","0.0",",,N",,
"US1MECM0018","43.702877","-70.305483","19.2","2021-08-22",,,"0.00",",,N","0.0",",,N",,
"US1MECM0018","43.702877","-70.305483","19.2","2021-08-23",,,"0.53",",,N","0.0",",,N",,
"US1MECM0018","43.702877","-70.305483","19.2","2021-08-24",,,"0.08",",,N","0.0",",,N",,
"US1MECM0018","43.702877","-70.305483","19.2","2021-08-25",,,"0.00",",,N","0.0",",,N",,
"US1MECM0018","43.702877","-70.305483","19.2","2021-08-26",,,"0.00",",,N","0.0",",,N",,
"US1MECM0018","43.702877","-70.305483","19.2","2021-08-27",,,"0.00",",,N","0.0",",,N",,
"US1MECM0018","43.702877","-70.305483","19.2","2021-08-28",,,"0.00",",,N","0.0",",,N",,
"US1MECM0018","43.702877","-70.305483","19.2","2021-08-29",,,"0.00","T,,N","0.0",",,N",,
"US1MECM0018","43.702877","-70.305483","19.2","2021-08-30",,,"0.00",",,N","0.0",",,N",,
"US1MECM0018","43.702877","-70.305483","19.2","2021-08-31",,,"0.12",",,N","0.0",",,N",,
"US1MECM0018","43.702877","-70.305483","19.2","2021-09-01",,,"0.00",",,N","0.0",",,N",,
"US1MECM0018","43.702877","-70.305483","19.2","2021-09-02",,,"1.73",",,N","0.0",",,N",,
"US1MECM0018","43.702877","-70.305483","19.2","2021-09-03",,,"0.02",",,N","0.0",",,N",,
"US1MECM0018","43.702877","-70.305483","19.2","2021-09-04",,,"0.00",",,N","0.0",",,N",,
"US1MECM0018","43.702877","-70.305483","19.2","2021-09-05",,,"0.00",",,N","0.0",",,N",,
"US1MECM0018","43.702877","-70.305483","19.2","2021-09-06",,,"0.19",",,N","0.0",",,N",,
"US1MECM0018","43.702877","-70.305483","19.2","2021-09-07",,,"0.01",",,N","0.0",",,N",,
"US1MECM0018","43.702877","-70.305483","19.2","2021-09-08",,,"0.00",",,N","0.0",",,N",,
"US1MECM0018","43.702877","-70.305483","19.2","2021-09-09",,,"0.01",",,N","0.0",",,N",,
"US1MECM0018","43.702877","-70.305483","19.2","2021-09-10",,,"0.96",",,N","0.0",",,N",,
"US1MECM0018","43.702877","-70.305483","19.2","2021-09-11",,,"0.01",",,N","0.0",",,N",,
"US1MECM0018","43.702877","-70.305483","19.2","2021-09-12",,,"0.00",",,N","0.0",",,N",,
"US1MECM0018","43.702877","-70.305483","19.2","2021-09-13",,,"0.02",",,N","0.0",",,N",,
"US1MECM0018","43.702877","-70.305483","19.2","2021-09-14",,,"0.01",",,N","0.0",",,N",,
"US1MECM0018","43.702877","-70.305483","19.2","2021-09-15",,,"0.00",",,N","0.0",",,N",,
"US1MECM0018","43.702877","-70.305483","19.2","2021-09-16",,,"0.24",",,N","0.0",",,N",,
"US1MECM0018","43.702877","-70.305483","19.2","2021-09-17",,,"0.01",",,N","0.0",",,N",,
"US1MECM0018","43.702877","-70.305483","19.2","2021-09-18",,,"0.01",",,N","0.0",",,N",,
"US1MECM0018","43.702877","-70.305483","19.2","2021-09-19",,,"0.39",",,N","0.0",",,N",,
"US1MECM0018","43.702877","-70.305483","19.2","2021-09-20",,,"0.00",",,N","0.0",",,N",,
"US1MECM0018","43.702877","-70.305483","19.2","2021-09-21",,,"0.00",",,N","0.0",",,N",,
"US1MECM0018","43.702877","-70.305483","19.2","2021-09-22",,,"0.00",",,N","0.0",",,N",,
"US1MECM0018","43.702877","-70.305483","19.2","2021-09-23",,,"0.01",",,N","0.0",",,N",,
"US1MECM0018","43.702877","-70.305483","19.2","2021-09-24",,,"0.00",",,N","0.0",",,N",,
"US1MECM0018","43.702877","-70.305483","19.2","2021-09-25",,,"0.30",",,N","0.0",",,N",,
"US1MECM0018","43.702877","-70.305483","19.2","2021-09-26",,,"0.19",",,N","0.0",",,N",,
"US1MECM0018","43.702877","-70.305483","19.2","2021-09-27",,,"0.24",",,N","0.0",",,N",,
"US1MECM0018","43.702877","-70.305483","19.2","2021-09-28",,,"0.01",",,N","0.0",",,N",,
"US1MECM0018","43.702877","-70.305483","19.2","2021-09-29",,,"0.00","T,,N","0.0",",,N",,
"US1MECM0018","43.702877","-70.305483","19.2","2021-09-30",,,"0.00","T,,N","0.0",",,N",,
"US1MECM0018","43.702877","-70.305483","19.2","2021-10-01",,,"0.04",",,N","0.0",",,N",,
"US1MECM0018","43.702877","-70.305483","19.2","2021-10-02",,,"0.01",",,N","0.0",",,N",,
"US1MECM0018","43.702877","-70.305483","19.2","2021-10-03",,,"0.02",",,N","0.0",",,N",,
"US1MECM0018","43.702877","-70.305483","19.2","2021-10-04",,,"0.04",",,N","0.0",",,N",,
"US1MECM0018","43.702877","-70.305483","19.2","2021-10-05",,,"0.01",",,N","0.0",",,N",,
"US1MECM0018","43.702877","-70.305483","19.2","2021-10-06",,,"0.00",",,N","0.0",",,N",,
"US1MECM0018","43.702877","-70.305483","19.2","2021-10-07",,,"0.00",",,N","0.0",",,N",,
"US1MECM0018","43.702877","-70.305483","19.2","2021-10-08",,,"0.00",",,N","0.0",",,N",,
"US1MECM0018","43.702877","-70.305483","19.2","2021-10-09",,,"0.00",",,N","0.0",",,N",,
"US1MECM0018","43.702877","-70.305483","19.2","2021-10-10",,,"0.00",",,N","0.0",",,N",,
"US1MECM0018","43.702877","-70.305483","19.2","2021-10-11",,,"0.00",",,N","0.0",",,N",,
"US1MECM0018","43.702877","-70.305483","19.2","2021-10-12",,,"0.00",",,N","0.0",",,N",,
"US1MECM0018","43.702877","-70.305483","19.2","2021-10-13",,,"0.00",",,N","0.0",",,N",,
"US1MECM0018","43.702877","-70.305483","19.2","2021-10-14",,,"0.00",",,N","0.0",",,N",,
"US1MECM0018","43.702877","-70.305483","19.2","2021-10-15",,,"0.00",",,N","0.0",",,N",,
"US1MECM0018","43.702877","-70.305483","19.2","2021-10-16",,,"0.99",",,N","0.0",",,N",,
"US1MECM0018","43.702877","-70.305483","19.2","2021-10-18",,,,,,,,
"US1MECM0018","43.702877","-70.305483","19.2","2021-10-19",,,"0.02",",,N","0.0",",,N",,
"US1MECM0018","43.702877","-70.305483","19.2","2021-10-20",,,"0.00",",,N","0.0",",,N",,
"US1MECM0018","43.702877","-70.305483","19.2","2021-10-21",,,"0.00",",,N","0.0",",,N",,
"US1MECM0018","43.702877","-70.305483","19.2","2021-10-22",,,"0.02",",,N","0.0",",,N",,
"US1MECM0018","43.702877","-70.305483","19.2","2021-10-23",,,"0.01",",,N","0.0",",,N",,
"US1MECM0018","43.702877","-70.305483","19.2","2021-10-24",,,"0.00",",,N","0.0",",,N",,
"US1MECM0018","43.702877","-70.305483","19.2","2021-10-25",,,"0.02",",,N","0.0",",,N",,
"US1MECM0018","43.702877","-70.305483","19.2","2021-10-26",,,"0.28",",,N","0.0",",,N",,
"US1MECM0018","43.702877","-70.305483","19.2","2021-10-27",,,"0.72",",,N","0.0",",,N",,
"US1MECM0018","43.702877","-70.305483","19.2","2021-10-28",,,"0.18",",,N","0.0",",,N",,
"US1MECM0018","43.702877","-70.305483","19.2","2021-10-29",,,"0.00",",,N","0.0",",,N",,
"US1MECM0018","43.702877","-70.305483","19.2","2021-10-30",,,"0.05",",,N","0.0",",,N",,
"US1MECM0018","43.702877","-70.305483","19.2","2021-10-31",,,"3.66",",,N","0.0",",,N",,
"US1MECM0018","43.702877","-70.305483","19.2","2021-11-01",,,"0.06",",,N","0.0",",,N",,
"US1MECM0018","43.702877","-70.305483","19.2","2021-11-02",,,"0.00",",,N","0.0",",,N",,
"US1MECM0018","43.702877","-70.305483","19.2","2021-11-03",,,"0.00","T,,N","0.0",",,N",,
"US1MECM0018","43.702877","-70.305483","19.2","2021-11-04",,,"0.00","T,,N","0.0",",,N",,
"US1MECM0018","43.702877","-70.305483","19.2","2021-11-05",,,"0.00",",,N","0.0",",,N",,
"US1MECM0018","43.702877","-70.305483","19.2","2021-11-06",,,"0.00",",,N","0.0",",,N",,
"US1MECM0018","43.702877","-70.305483","19.2","2021-11-07",,,"0.00",",,N","0.0",",,N",,
"US1MECM0018","43.702877","-70.305483","19.2","2021-11-08",,,"0.00",",,N","0.0",",,N",,
"US1MECM0018","43.702877","-70.305483","19.2","2021-11-09",,,"0.00",",,N","0.0",",,N",,
"US1MECM0018","43.702877","-70.305483","19.2","2021-11-10",,,"0.04",",,N","0.0",",,N",,
"US1MECM0018","43.702877","-70.305483","19.2","2021-11-11",,,"0.03",",,N","0.0",",,N",,
"US1MECM0018","43.702877","-70.305483","19.2","2021-11-12",,,"0.00",",,N","0.0",",,N",,
"US1MECM0018","43.702877","-70.305483","19.2","2021-11-13",,,"1.46",",,N","0.0",",,N",,
"US1MECM0018","43.702877","-70.305483","19.2","2021-11-14",,,"0.46",",,N","0.0",",,N",,
"US1MECM0018","43.702877","-70.305483","19.2","2021-11-15",,,"0.16",",,N","0.0",",,N",,
"US1MECM0018","43.702877","-70.305483","19.2","2021-11-16",,,"0.00",",,N","0.0",",,N",,
"US1MECM0018","43.702877","-70.305483","19.2","2021-11-17",,,"0.00",",,N","0.0",",,N",,
"US1MECM0018","43.702877","-70.305483","19.2","2021-11-18",,,"0.01",",,N","0.0",",,N",,
"US1MECM0018","43.702877","-70.305483","19.2","2021-11-19",,,"0.29",",,N","0.0",",,N",,
"US1MECM0018","43.702877","-70.305483","19.2","2021-11-20",,,"0.00",",,N","0.0",",,N",,
"US1MECM0018","43.702877","-70.305483","19.2","2021-11-21",,,"0.01",",,N","0.0",",,N",,
"US1MECM0018","43.702877","-70.305483","19.2","2021-11-22",,,"0.38",",,N","0.0",",,N",,
"US1MECM0018","43.702877","-70.305483","19.2","2021-11-23",,,"0.10",",,N","0.0",",,N",,
"US1MECM0018","43.702877","-70.305483","19.2","2021-11-24",,,"0.00",",,N","0.0",",,N",,
"US1MECM0018","43.702877","-70.305483","19.2","2021-11-25",,,"0.00",",,N","0.0",",,N",,
"US1MECM0018","43.702877","-70.305483","19.2","2021-11-27",,,,,,,,
"US1MECM0018","43.702877","-70.305483","19.2","2021-11-28",,,"0.00",",,N","0.0",",,N",,
"US1MECM0139","44.037233","-70.7063","141.7","2021-08-01",,,"0.00",",,N","0.0",",,N",,
"US1MECM0139","44.037233","-70.7063","141.7","2021-08-02",,,"0.88",",,N",,,,
"US1MECM0139","44.037233","-70.7063","141.7","2021-08-03",,,"0.00",",,N","0.0",",,N",,
"US1MECM0139","44.037233","-70.7063","141.7","2021-08-04",,,"0.00",",,N","0.0",",,N",,
"US1MECM0139","44.037233","-70.7063","141.7","2021-08-06",,,,,,,,
"US1MECM0139","44.037233","-70.7063","141.7","2021-08-08",,,"0.00",",,N","0.0",",,N",,
"US1MECM0139","44.037233","-70.7063","141.7","2021-08-09",,,"0.00",",,N","0.0",",,N",,
"US1MECM0139","44.037233","-70.7063","141.7","2021-08-10",,,"0.00",",,N","0.0",",,N",,
"US1MECM0139","44.037233","-70.7063","141.7","2021-08-11",,,"0.00",",,N","0.0",",,N",,
"US1MECM0139","44.037233","-70.7063","141.7","2021-08-12",,,"0.15",",,N",,,,
"US1MECM0139","44.037233","-70.7063","141.7","2021-08-13",,,"0.00",",,N","0.0",",,N",,
"US1MECM0139","44.037233","-70.7063","141.7","2021-08-14",,,"0.00",",,N","0.0",",,N",,
"US1MECM0139","44.037233","-70.7063","141.7","2021-08-15",,,"0.10",",,N",,,,
"US1MECM0139","44.037233","-70.7063","141.7","2021-08-17",,,"0.00",",,N","0.0",",,N",,
"US1MECM0139","44.037233","-70.7063","141.7","2021-08-18",,,"0.03",",,N",,,,
"US1MECM0139","44.037233","-70.7063","141.7","2021-08-19",,,"0.00",",,N","0.0",",,N",,
"US1MECM0139","44.037233","-70.7063","141.7","2021-08-20",,,"0.26",",,N",,,,
"US1MECM0139","44.037233","-70.7063","141.7","2021-08-21",,,"0.00",",,N","0.0",",,N",,
"US1MECM0139","44.037233","-70.7063","141.7","2021-08-22",,,"0.25",",,N",,,,
"US1MECM0139","44.037233","-70.7063","141.7","2021-08-23",,,"0.32",",,N",,,,
"US1MECM0139","44.037233","-70.7063","141.7","2021-08-25",,,,,,,,
"US1MECM0139","44.037233","-70.7063","141.7","2021-08-26",,,"0.00",",,N","0.0",",,N",,
"US1MECM0139","44.037233","-70.7063","141.7","2021-08-28",,,,,,,,
"US1MECM0139","44.037233","-70.7063","141.7","2021-08-29",,,"0.07",",,N",,,,
"US1MECM0139","44.037233","-70.7063","141.7","2021-08-30",,,"0.00",",,N","0.0",",,N",,
"US1MECM0139","44.037233","-70.7063","141.7","2021-08-31",,,"0.00",",,N","0.0",",,N",,
"US1MECM0139","44.037233","-70.7063","141.7","2021-09-01",,,"0.00",",,N","0.0",",,N",,
"US1MECM0139","44.037233","-70.7063","141.7","2021-09-03",,,,,,,,
"US1MECM0139","44.037233","-70.7063","141.7","2021-09-04",,,"0.00","T,,N",,,,
"US1MECM0139","44.037233","-70.7063","141.7","2021-09-06",,,"0.02",",,N",,,,
"US1MECM0139","44.037233","-70.7063","141.7","2021-09-07",,,"0.37",",,N",,,,
"US1MECM0139","44.037233","-70.7063","141.7","2021-09-08",,,"0.00",",,N","0.0",",,N",,
"US1MECM0139","44.037233","-70.7063","141.7","2021-09-09",,,"0.38",",,N",,,,
"US1MECM0139","44.037233","-70.7063","141.7","2021-09-10",,,"0.95",",,N",,,,
"US1MECM0139","44.037233","-70.7063","141.7","2021-09-11",,,"0.00",",,N","0.0",",,N",,
"US1MECM0139","44.037233","-70.7063","141.7","2021-09-12",,,"0.00","T,,N",,,,
"US1MECM0139","44.037233","-70.7063","141.7","2021-09-13",,,"0.00","T,,N",,,,
"US1MECM0139","44.037233","-70.7063","141.7","2021-09-14",,,"0.00",",,N","0.0",",,N",,
"US1MECM0139","44.037233","-70.7063","141.7","2021-09-15",,,"0.00",",,N","0.0",",,N",,
"US1MECM0139","44.037233","-70.7063","141.7","2021-09-16",,,"0.39",",,N",,,,
"US1MECM0139","44.037233","-70.7063","141.7","2021-09-17",,,"0.00",",,N","0.0",",,N",,
"US1MECM0139","44.037233","-70.7063","141.7","2021-09-18",,,"0.02",",,N",,,,
"US1MECM0139","44.037233","-70.7063","141.7","2021-09-19",,,"0.00","T,,N",,,,
"US1MECM0139","44.037233","-70.7063","141.7","2021-09-20",,,"0.00",",,N","0.0",",,N",,
"US1MECM0139","44.037233","-70.7063","141.7","2021-09-21",,,"0.00",",,N","0.0",",,N",,
"US1MECM0139","44.037233","-70.7063","141.7","2021-09-22",,,"0.02",",,N",,,,
"US1MECM0139","44.037233","-70.7063","141.7","2021-09-23",,,"0.01",",,N",,,,
"US1MECM0139","44.037233","-70.7063","141.7","2021-09-24",,,"0.03",",,N",,,,
"US1MECM0139","44.037233","-70.7063","141.7","2021-09-25",,,"0.29",",,N",,,,
"US1MECM0139","44.037233","-70.7063","141.7","2021-09-27",,,,,,,,
"US1MECM0139","44.037233","-70.7063","141.7","2021-09-28",,,"0.00",",,N","0.0",",,N",,
"US1MECM0139","44.037233","-70.7063","141.7","2021-09-29",,,"0.00",",,N","0.0",",,N",,
"US1MECM0139","44.037233","-70.7063","141.7","2021-09-30",,,"0.00","T,,N",,,,
"US1MECM0139","44.037233","-70.7063","141.7","2021-10-01",,,"0.03",",,N",,,,
"US1MECM0139","44.037233","-70.7063","141.7","2021-10-04",,,,,,,,
"US1MECM0139","44.037233","-70.7063","141.7","2021-10-05",,,"0.00",",,N","0.0",",,N",,
"US1MECM0139","44.037233","-70.7063","141.7","2021-10-06",,,"0.00",",,N","0.0",",,N",,
"US1MECM0139","44.037233","-70.7063","141.7","2021-10-08",,,,,,,,
"US1MECM0139","44.037233","-70.7063","141.7","2021-10-13",,,"0.00",",,N","0.0",",,N",,
"US1MECM0139","44.037233","-70.7063","141.7","2021-10-14",,,"0.00",",,N","0.0",",,N",,
"US1MECM0139","44.037233","-70.7063","141.7","2021-10-15",,,"0.00",",,N","0.0",",,N",,
"US1MECM0139","44.037233","-70.7063","141.7","2021-10-17",,,,,,,,
"US1MECM0139","44.037233","-70.7063","141.7","2021-10-24",,,,,,,,
"US1MECM0139","44.037233","-70.7063","141.7","2021-10-26",,,,,,,,
"US1MECM0139","44.037233","-70.7063","141.7","2021-10-27",,,"0.79",",,N",,,,
"US1MECM0139","44.037233","-70.7063","141.7","2021-10-28",,,"0.00",",,N","0.0",",,N",,
"US1MECM0139","44.037233","-70.7063","141.7","2021-10-31",,,,,,,,
"US1MECM0139","44.037233","-70.7063","141.7","2021-11-02",,,"0.00",",,N","0.0",",,N",,
"US1MECM0139","44.037233","-70.7063","141.7","2021-11-03",,,"0.00",",,N","0.0",",,N",,
"US1MECM0139","44.037233","-70.7063","141.7","2021-11-07",,,,,,,,
"US1MECM0139","44.037233","-70.7063","141.7","2021-11-11",,,,,,,,
"US1MECM0139","44.037233","-70.7063","141.7","2021-11-12",,,"0.00",",,N","0.0",",,N",,
"US1MECM0139","44.037233","-70.7063","141.7","2021-11-13",,,"1.25",",,N",,,,
"US1MECM0139","44.037233","-70.7063","141.7","2021-11-14",,,"0.48",",,N",,,,
"US1MECM0139","44.037233","-70.7063","141.7","2021-11-16",,,,,,,,
"US1MECM0139","44.037233","-70.7063","141.7","2021-11-23",,,,,,,,
"US1MECM0139","44.037233","-70.7063","141.7","2021-11-24",,,"0.00",",,N","0.0",",,N",,
"US1MECM0139","44.037233","-70.7063","141.7","2021-11-26",,,,,,,,
"US1MECM0139","44.037233","-70.7063","141.7","2021-11-27",,,"0.17",",,N",,,,
"US1MECM0139","44.037233","-70.7063","141.7","2021-11-28",,,"0.00",",,N","0.0",",,N",,
"US1MESM0045","45.07098","-69.698607","319.1","2021-08-01",,,"0.00",",,N","0.0",",,N",,
"US1MESM0045","45.07098","-69.698607","319.1","2021-08-02",,,"0.19",",,N",,,,
"US1MESM0045","45.07098","-69.698607","319.1","2021-08-03",,,"0.04",",,N",,,,
"US1MESM0045","45.07098","-69.698607","319.1","2021-08-04",,,"0.00",",,N","0.0",",,N",,
"US1MESM0045","45.07098","-69.698607","319.1","2021-08-06",,,"0.26",",,N",,,,
"US1MESM0045","45.07098","-69.698607","319.1","2021-08-08",,,"0.00",",,N","0.0",",,N",,
"US1MESM0045","45.07098","-69.698607","319.1","2021-08-09",,,"0.13",",,N",,,,
"US1MESM0045","45.07098","-69.698607","319.1","2021-08-10",,,"0.01",",,N",,,,
"US1MESM0045","45.07098","-69.698607","319.1","2021-08-11",,,"0.01",",,N",,,,
"US1MESM0045","45.07098","-69.698607","319.1","2021-08-12",,,"0.00","T,,N",,,,
"US1MESM0045","45.07098","-69.698607","319.1","2021-08-13",,,"0.32",",,N",,,,
"US1MESM0045","45.07098","-69.698607","319.1","2021-08-15",,,"0.62",",,N",,,,
"US1MESM0045","45.07098","-69.698607","319.1","2021-08-17",,,"0.00",",,N","0.0",",,N",,
"US1MESM0045","45.07098","-69.698607","319.1","2021-08-18",,,"0.06",",,N",,,,
"US1MESM0045","45.07098","-69.698607","319.1","2021-08-20",,,"0.14",",,N",,,,
"US1MESM0045","45.07098","-69.698607","319.1","2021-08-22",,,"0.00","T,,N",,,,
"US1MESM0045","45.07098","-69.698607","319.1","2021-08-23",,,"0.19",",,N",,,,
"US1MESM0045","45.07098","-69.698607","319.1","2021-08-24",,,"0.07",",,N",,,,
"US1MESM0045","45.07098","-69.698607","319.1","2021-08-26",,,"0.00",",,N","0.0",",,N",,
"US1MESM0045","45.07098","-69.698607","319.1","2021-08-27",,,"0.00",",,N","0.0",",,N",,
"US1MESM0045","45.07098","-69.698607","319.1","2021-08-28",,,"0.00",",,N","0.0",",,N",,
"US1MESM0045","45.07098","-69.698607","319.1","2021-08-29",,,"0.13",",,N",,,,
"US1MESM0045","45.07098","-69.698607","319.1","2021-08-31",,,"0.00","T,,N",,,,
"US1MESM0045","45.07098","-69.698607","319.1","2021-09-01",,,"0.00",",,N","0.0",",,N",,
"US1MESM0045","45.07098","-69.698607","319.1","2021-09-02",,,"0.44",",,N",,,,
"US1MESM0045","45.07098","-69.698607","319.1","2021-09-03",,,"0.05",",,N",,,,
"US1MESM0045","45.07098","-69.698607","319.1","2021-09-04",,,"0.10",",,N",,,,
"US1MESM0045","45.07098","-69.698607","319.1","2021-09-05",,,"0.00",",,N","0.0",",,N",,
"US1MESM0045","45.07098","-69.698607","319.1","2021-09-06",,,"0.36",",,N",,,,
"US1MESM0045","45.07098","-69.698607","319.1","2021-09-07",,,"1.78",",,N",,,,
"US1MESM0045","45.07098","-69.698607","319.1","2021-09-08",,,"0.00",",,N","0.0",",,N",,
"US1MESM0045","45.07098","-69.698607","319.1","2021-09-09",,,"0.23",",,N",,,,
"US1MESM0045","45.07098","-69.698607","319.1","2021-09-10",,,"2.28",",,N",,,,
"US1MESM0045","45.07098","-69.698607","319.1","2021-09-11",,,"0.02",",,N",,,,
"US1MESM0045","45.07098","-69.698607","319.1","2021-09-12",,,"0.00",",,N","0.0",",,N",,
"US1MESM0045","45.07098","-69.698607","319.1","2021-09-16",,,"0.70",",,N",,,,
"US1MESM0045","45.07098","-69.698607","319.1","2021-09-19",,,"0.44",",,N",,,,
"US1MESM0045","45.07098","-69.698607","319.1","2021-09-21",,,"0.00",",,N","0.0",",,N",,
"US1MESM0045","45.07098","-69.698607","319.1","2021-09-22",,,"0.00",",,N","0.0",",,N",,
"US1MESM0045","45.07098","-69.698607","319.1","2021-09-23",,,"0.03",",,N",,,,
"US1MESM0045","45.07098","-69.698607","319.1","2021-09-24",,,"0.01",",,N",,,,
"US1MESM0045","45.07098","-69.698607","319.1","2021-09-25",,,"1.12",",,N",,,,
"US1MESM0045","45.07098","-69.698607","319.1","2021-09-26",,,"0.93",",,N",,,,
"US1MESM0045","45.07098","-69.698607","319.1","2021-09-27",,,"0.19",",,N",,,,
"US1MESM0045","45.07098","-69.698607","319.1","2021-09-28",,,"0.04",",,N","0.0",",,N",,
"US1MESM0045","45.07098","-69.698607","319.1","2021-09-29",,,"0.00",",,N","0.0",",,N",,
"US1MESM0045","45.07098","-69.698607","319.1","2021-09-30",,,"0.16",",,N",,,,
"US1MESM0045","45.07098","-69.698607","319.1","2021-10-01",,,"0.00","T,,N",,,,
"US1MESM0045","45.07098","-69.698607","319.1","2021-10-02",,,"0.00","T,,N",,,,
"US1MESM0045","45.07098","-69.698607","319.1","2021-10-03",,,"0.00","T,,N",,,,
"US1MESM0045","45.07098","-69.698607","319.1","2021-10-05",,,"0.00",",,N","0.0",",,N",,
"US1MESM0045","45.07098","-69.698607","319.1","2021-10-06",,,"0.00",",,N","0.0",",,N",,
"US1MESM0045","45.07098","-69.698607","319.1","2021-10-07",,,"0.00",",,N","0.0",",,N",,
"US1MESM0045","45.07098","-69.698607","319.1","2021-10-08",,,"0.00",",,N","0.0",",,N",,
"US1MESM0045","45.07098","-69.698607","319.1","2021-10-09",,,"0.00",",,N","0.0",",,N",,
"US1MESM0045","45.07098","-69.698607","319.1","2021-10-12",,,"0.00",",,N","0.0",",,N",,
"US1MESM0045","45.07098","-69.698607","319.1","2021-10-13",,,"0.00",",,N","0.0",",,N",,
"US1MESM0045","45.07098","-69.698607","319.1","2021-10-14",,,"0.00",",,N","0.0",",,N",,
"US1MESM0045","45.07098","-69.698607","319.1","2021-10-15",,,"0.00",",,N","0.0",",,N",,
"US1MESM0045","45.07098","-69.698607","319.1","2021-10-16",,,"0.17",",,N",,,,
"US1MESM0045","45.07098","-69.698607","319.1","2021-10-17",,,"0.94",",,N",,,,
"US1MESM0045","45.07098","-69.698607","319.1","2021-10-18",,,"0.02",",,N",,,,
"US1MESM0045","45.07098","-69.698607","319.1","2021-10-19",,,"0.00","T,,N",,,,
"US1MESM0045","45.07098","-69.698607","319.1","2021-10-20",,,"0.05",",,N","0.0",",,N",,
"US1MESM0045","45.07098","-69.698607","319.1","2021-10-22",,,"0.06",",,N","0.0",",,N",,
"US1MESM0045","45.07098","-69.698607","319.1","2021-10-23",,,"0.21",",,N","0.0",",,N",,
"US1MESM0045","45.07098","-69.698607","319.1","2021-10-25",,,"0.00",",,N","0.0",",,N",,
"US1MESM0045","45.07098","-69.698607","319.1","2021-10-26",,,"0.06",",,N","0.0",",,N",,
"US1MESM0045","45.07098","-69.698607","319.1","2021-10-29",,,"0.00",",,N","0.0",",,N",,
"US1MESM0045","45.07098","-69.698607","319.1","2021-10-30",,,"0.00","T,,N","0.0",",,N",,
"US1MESM0045","45.07098","-69.698607","319.1","2021-10-31",,,"1.75",",,N","0.0",",,N",,
"US1MESM0045","45.07098","-69.698607","319.1","2021-11-01",,,"0.65",",,N","0.0",",,N",,
"US1MESM0045","45.07098","-69.698607","319.1","2021-11-02",,,"0.00","T,,N","0.0",",,N",,
"US1MESM0045","45.07098","-69.698607","319.1","2021-11-04",,,"0.00","T,,N","0.0","T,,N",,
"US1MESM0045","45.07098","-69.698607","319.1","2021-11-07",,,"0.00",",,N","0.0",",,N",,
"US1MESM0045","45.07098","-69.698607","319.1","2021-11-08",,,"0.00",",,N","0.0",",,N",,
"US1MESM0045","45.07098","-69.698607","319.1","2021-11-10",,,"0.00","T,,N","0.0",",,N",,
"US1MESM0045","45.07098","-69.698607","319.1","2021-11-12",,,"0.00",",,N","0.0",",,N",,
"US1MESM0045","45.07098","-69.698607","319.1","2021-11-13",,,"1.35",",,N","0.0",",,N",,
"US1MESM0045","45.07098","-69.698607","319.1","2021-11-14",,,"0.01",",,N","0.0",",,N",,
"US1MESM0045","45.07098","-69.698607","319.1","2021-11-15",,,"0.13",",,N","1.3",",,N",,
"US1MESM0045","45.07098","-69.698607","319.1","2021-11-16",,,"0.01",",,N","0.0","T,,N",,
"US1MESM0045","45.07098","-69.698607","319.1","2021-11-17",,,"0.00","T,,N","0.0","T,,N",,
"US1MESM0045","45.07098","-69.698607","319.1","2021-11-18",,,"0.35",",,N","0.0","T,,N",,
"US1MESM0045","45.07098","-69.698607","319.1","2021-11-19",,,"0.17",",,N","0.0","T,,N",,
"US1MESM0045","45.07098","-69.698607","319.1","2021-11-20",,,"0.00","T,,N","0.0","T,,N",,
"US1MESM0045","45.07098","-69.698607","319.1","2021-11-21",,,"0.00",",,N","0.0",",,N",,
"US1MESM0045","45.07098","-69.698607","319.1","2021-11-22",,,"0.27",",,N","0.0",",,N",,
"US1MESM0045","45.07098","-69.698607","319.1","2021-11-23",,,"0.25",",,N","0.0",",,N",,
"US1MESM0045","45.07098","-69.698607","319.1","2021-11-24",,,"0.00",",,N","0.0",",,N",,
"US1MESM0045","45.07098","-69.698607","319.1","2021-11-27",,,"0.23",",,N","2.0",",,N",,
"US1MESM0045","45.07098","-69.698607","319.1","2021-11-28",,,"0.00","T,,N","0.0","T,,N",,
"USC00162534","30.0719","-91.0278","9.1","2021-08-01",,,"0.13",",,7,0800",,,,
"USC00162534","30.0719","-91.0278","9.1","2021-08-02",,,"0.40",",,7,0800",,,,
"USC00162534","30.0719","-91.0278","9.1","2021-08-03",,,"0.46",",,7,0800",,,,
"USC00162534","30.0719","-91.0278","9.1","2021-08-04",,,"0.15",",,7,0800",,,,
"USC00162534","30.0719","-91.0278","9.1","2021-08-05",,,"0.00",",,7,0800",,,,
"USC00162534","30.0719","-91.0278","9.1","2021-08-06",,,"0.00",",,7,0800",,,,
"USC00162534","30.0719","-91.0278","9.1","2021-08-07",,,"0.00",",,7,0800",,,,
"USC00162534","30.0719","-91.0278","9.1","2021-08-08",,,"0.00",",,7,0800",,,,
"USC00162534","30.0719","-91.0278","9.1","2021-08-09",,,"0.15",",,7,0800",,,,
"USC00162534","30.0719","-91.0278","9.1","2021-08-10",,,"1.17",",,7,0800",,,,
"USC00162534","30.0719","-91.0278","9.1","2021-08-11",,,"0.02",",,7,0800",,,,
"USC00162534","30.0719","-91.0278","9.1","2021-08-12",,,"0.02",",,7,0800",,,,
"USC00162534","30.0719","-91.0278","9.1","2021-08-13",,,"0.61",",,7,0800",,,,
"USC00162534","30.0719","-91.0278","9.1","2021-08-14",,,"0.34",",,7,0800",,,,
"USC00162534","30.0719","-91.0278","9.1","2021-08-15",,,"0.00",",,7,0800",,,,
"USC00162534","30.0719","-91.0278","9.1","2021-08-16",,,"0.63",",,7,0800",,,,
"USC00162534","30.0719","-91.0278","9.1","2021-08-17",,,"0.00",",,7,0800",,,,
"USC00162534","30.0719","-91.0278","9.1","2021-08-18",,,"0.00",",,7,0800",,,,
"USC00162534","30.0719","-91.0278","9.1","2021-08-19",,,"0.25",",,7,0800",,,,
"USC00162534","30.0719","-91.0278","9.1","2021-08-20",,,"0.05",",,7,0800",,,,
"USC00162534","30.0719","-91.0278","9.1","2021-08-21",,,"0.00",",,7,0800",,,,
"USC00162534","30.0719","-91.0278","9.1","2021-08-22",,,"0.00",",,7,0800",,,,
"USC00162534","30.0719","-91.0278","9.1","2021-08-23",,,"0.00",",,7,0800",,,,
"USC00162534","30.0719","-91.0278","9.1","2021-08-24",,,"0.02",",,7,0800",,,,
"USC00162534","30.0719","-91.0278","9.1","2021-08-25",,,"0.05",",,7,0800",,,,
"USC00162534","30.0719","-91.0278","9.1","2021-08-26",,,"0.01",",,7,0800",,,,
"USC00162534","30.0719","-91.0278","9.1","2021-08-27",,,"0.17",",,7,0800",,,,
"USC00162534","30.0719","-91.0278","9.1","2021-08-28",,,"0.35",",,7,0800",,,,
"USC00162534","30.0719","-91.0278","9.1","2021-08-29",,,"0.03",",,7,0800",,,,
"USC00162534","30.0719","-91.0278","9.1","2021-08-30",,,"3.03",",,7,0800",,,,
"USC00162534","30.0719","-91.0278","9.1","2021-08-31",,,"0.03",",,7,0800",,,,
"USC00162534","30.0719","-91.0278","9.1","2021-09-01",,,"0.00","T,,7,0800",,,,
"USC00162534","30.0719","-91.0278","9.1","2021-09-02",,,"0.00",",,7,0800",,,,
"USC00162534","30.0719","-91.0278","9.1","2021-09-03",,,"0.00",",,7,0800",,,,
"USC00162534","30.0719","-91.0278","9.1","2021-09-04",,,"0.00",",,7,0800",,,,
"USC00162534","30.0719","-91.0278","9.1","2021-09-05",,,"0.00",",,7,0800",,,,
"USC00162534","30.0719","-91.0278","9.1","2021-09-06",,,"0.00",",,7,0800",,,,
"USC00162534","30.0719","-91.0278","9.1","2021-09-07",,,"0.00",",,7,0800",,,,
"USC00162534","30.0719","-91.0278","9.1","2021-09-08",,,"2.86",",,7,0800",,,,
"USC00162534","30.0719","-91.0278","9.1","2021-09-09",,,"0.00",",,7,0800",,,,
"USC00162534","30.0719","-91.0278","9.1","2021-09-10",,,"0.00",",,7,0800",,,,
"USC00162534","30.0719","-91.0278","9.1","2021-09-11",,,"0.00",",,7,0800",,,,
"USC00162534","30.0719","-91.0278","9.1","2021-09-12",,,"0.00",",,7,0800",,,,
"USC00162534","30.0719","-91.0278","9.1","2021-09-13",,,"0.06",",,7,0800",,,,
"USC00162534","30.0719","-91.0278","9.1","2021-09-14",,,"0.15",",,7,0800",,,,
"USC00162534","30.0719","-91.0278","9.1","2021-09-15",,,"5.84",",,7,0800",,,,
"USC00162534","30.0719","-91.0278","9.1","2021-09-16",,,"0.73",",,7,0800",,,,
"USC00162534","30.0719","-91.0278","9.1","2021-09-17",,,"0.00",",,7,0800",,,,
"USC00162534","30.0719","-91.0278","9.1","2021-09-18",,,"0.00",",,7,0800",,,,
"USC00162534","30.0719","-91.0278","9.1","2021-09-19",,,"0.04",",,7,0800",,,,
"USC00162534","30.0719","-91.0278","9.1","2021-09-20",,,"0.02",",,7,0800",,,,
"USC00162534","30.0719","-91.0278","9.1","2021-09-21",,,"0.03",",,7,0800",,,,
"USC00162534","30.0719","-91.0278","9.1","2021-09-22",,,"0.00",",,7,0800",,,,
"USC00162534","30.0719","-91.0278","9.1","2021-09-23",,,"0.00",",,7,0800",,,,
"USC00162534","30.0719","-91.0278","9.1","2021-09-24",,,"0.00",",,7,0800",,,,
"USC00162534","30.0719","-91.0278","9.1","2021-09-25",,,"0.00",",,7,0800",,,,
"USC00162534","30.0719","-91.0278","9.1","2021-09-26",,,"0.00",",,7,0800",,,,
"USC00162534","30.0719","-91.0278","9.1","2021-09-27",,,"0.00",",,7,0800",,,,
"USC00162534","30.0719","-91.0278","9.1","2021-09-28",,,"0.00",",,7,0800",,,,
"USC00162534","30.0719","-91.0278","9.1","2021-09-29",,,"0.26",",,7,0800",,,,
"USC00162534","30.0719","-91.0278","9.1","2021-09-30",,,"1.56",",,7,0800",,,,
"USC00162534","30.0719","-91.0278","9.1","2021-10-01",,,"0.66",",,H,0800",,,,
"USC00162534","30.0719","-91.0278","9.1","2021-10-02",,,"0.55",",,H,0800",,,,
"USC00162534","30.0719","-91.0278","9.1","2021-10-03",,,"0.07",",,H,0800",,,,
"USC00162534","30.0719","-91.0278","9.1","2021-10-04",,,"0.19",",,H,0800",,,,
"USC00162534","30.0719","-91.0278","9.1","2021-10-05",,,"0.00",",,H,0800",,,,
"USC00162534","30.0719","-91.0278","9.1","2021-10-06",,,"0.00",",,H,0800",,,,
"USC00162534","30.0719","-91.0278","9.1","2021-10-07",,,"0.00",",,H,0800",,,,
"USC00162534","30.0719","-91.0278","9.1","2021-10-08",,,"0.00",",,H,0800",,,,
"USC00162534","30.0719","-91.0278","9.1","2021-10-09",,,"0.00",",,H,0800",,,,
"USC00162534","30.0719","-91.0278","9.1","2021-10-10",,,"0.00",",,H,0800",,,,
"USC00162534","30.0719","-91.0278","9.1","2021-10-11",,,"0.00",",,H,0800",,,,
"USC00162534","30.0719","-91.0278","9.1","2021-10-12",,,"0.00",",,H,0800",,,,
"USC00162534","30.0719","-91.0278","9.1","2021-10-13",,,"0.00",",,H,0800",,,,
"USC00162534","30.0719","-91.0278","9.1","2021-10-14",,,"0.00",",,H,0800",,,,
"USC00162534","30.0719","-91.0278","9.1","2021-10-15",,,"0.00",",,H,0800",,,,
"USC00162534","30.0719","-91.0278","9.1","2021-10-16",,,"0.31",",,H,0800",,,,
"USC00162534","30.0719","-91.0278","9.1","2021-10-17",,,"0.00",",,H,0800",,,,
"USC00162534","30.0719","-91.0278","9.1","2021-10-18",,,"0.00",",,H,0800",,,,
"USC00162534","30.0719","-91.0278","9.1","2021-10-19",,,"0.00",",,H,0800",,,,
"USC00162534","30.0719","-91.0278","9.1","2021-10-20",,,"0.00",",,H,0800",,,,
"USC00162534","30.0719","-91.0278","9.1","2021-10-21",,,"0.03",",,H,0800",,,,
"USC00162534","30.0719","-91.0278","9.1","2021-10-22",,,"0.00",",,H,0800",,,,
"USC00162534","30.0719","-91.0278","9.1","2021-10-23",,,"0.00",",,H,0800",,,,
"USC00162534","30.0719","-91.0278","9.1","2021-10-24",,,"0.00",",,H,0800",,,,
"USC00162534","30.0719","-91.0278","9.1","2021-10-25",,,"0.11",",,H,0800",,,,
"USC00162534","30.0719","-91.0278","9.1","2021-10-26",,,"0.00",",,H,0800",,,,
"USC00162534","30.0719","-91.0278","9.1","2021-10-27",,,"0.00",",,H,0800",,,,
"USC00162534","30.0719","-91.0278","9.1","2021-10-28",,,"0.91",",,H,0800",,,,
"USC00162534","30.0719","-91.0278","9.1","2021-10-29",,,"0.00",",,H,0800",,,,
"USC00162534","30.0719","-91.0278","9.1","2021-10-30",,,"0.00",",,H,0800",,,,
"USC00162534","30.0719","-91.0278","9.1","2021-10-31",,,"0.00",",,H,0800",,,,
"USC00162534","30.0719","-91.0278","9.1","2021-11-01",,,"0.00",",,H,0800",,,,
"USC00162534","30.0719","-91.0278","9.1","2021-11-02",,,"0.00",",,H,0800",,,,
"USC00162534","30.0719","-91.0278","9.1","2021-11-03",,,"0.00",",,H,0800",,,,
"USC00162534","30.0719","-91.0278","9.1","2021-11-04",,,"0.00",",,H,0800",,,,
"USC00162534","30.0719","-91.0278","9.1","2021-11-05",,,"0.00",",,H,0800",,,,
"USC00162534","30.0719","-91.0278","9.1","2021-11-06",,,"0.00",",,H,0800",,,,
"USC00162534","30.0719","-91.0278","9.1","2021-11-07",,,"0.00",",,H,0800",,,,
"USC00162534","30.0719","-91.0278","9.1","2021-11-08",,,"0.00",",,H,0800",,,,
"USC00162534","30.0719","-91.0278","9.1","2021-11-09",,,"0.00",",,H,0800",,,,
"USC00162534","30.0719","-91.0278","9.1","2021-11-10",,,"0.00",",,H,0800",,,,
"USC00162534","30.0719","-91.0278","9.1","2021-11-11",,,"0.00",",,H,0800",,,,
"USC00162534","30.0719","-91.0278","9.1","2021-11-12",,,"0.08",",,H,0800",,,,
"USC00162534","30.0719","-91.0278","9.1","2021-11-13",,,"0.00",",,H,0800",,,,
"USC00162534","30.0719","-91.0278","9.1","2021-11-14",,,"0.00",",,H,0800",,,,
"USC00162534","30.0719","-91.0278","9.1","2021-11-15",,,"0.00",",,H,0800",,,,
"USC00162534","30.0719","-91.0278","9.1","2021-11-16",,,"0.00",",,H,0800",,,,
"USC00162534","30.0719","-91.0278","9.1","2021-11-17",,,"0.00",",,H,0800",,,,
"USC00162534","30.0719","-91.0278","9.1","2021-11-18",,,"0.11",",,H,0800",,,,
"USC00162534","30.0719","-91.0278","9.1","2021-11-19",,,"2.01",",,H,0800",,,,
"USC00162534","30.0719","-91.0278","9.1","2021-11-20",,,"0.00",",,H,0800",,,,
"USC00162534","30.0719","-91.0278","9.1","2021-11-21",,,"0.00",",,H,0800",,,,
"USC00162534","30.0719","-91.0278","9.1","2021-11-22",,,"0.01",",,H,0800",,,,
"USC00162534","30.0719","-91.0278","9.1","2021-11-23",,,"0.00",",,H,0800",,,,
"USC00162534","30.0719","-91.0278","9.1","2021-11-24",,,"0.00",",,H,0800",,,,
"USC00162534","30.0719","-91.0278","9.1","2021-11-25",,,"0.00",",,H,0800",,,,
"USC00162534","30.0719","-91.0278","9.1","2021-11-26",,,"0.03",",,H,0800",,,,
"USC00162534","30.0719","-91.0278","9.1","2021-11-27",,,"0.00",",,H,0800",,,,
"USC00162534","30.0719","-91.0278","9.1","2021-11-28",,,"0.07",",,H,0800",,,,
"US1MEWS0010","44.909473","-67.126765","21.9","2021-08-01",,,"0.00",",,N","0.0",",,N",,
"US1MEWS0010","44.909473","-67.126765","21.9","2021-08-02",,,"0.00","T,,N",,,,
"US1MEWS0010","44.909473","-67.126765","21.9","2021-08-03",,,"0.05",",,N",,,,
"US1MEWS0010","44.909473","-67.126765","21.9","2021-08-04",,,"0.01",",,N",,,,
"US1MEWS0010","44.909473","-67.126765","21.9","2021-08-05",,,"0.58",",,N",,,,
"US1MEWS0010","44.909473","-67.126765","21.9","2021-08-06",,,"1.34",",,N",,,,
"US1MEWS0010","44.909473","-67.126765","21.9","2021-08-07",,,"0.02",",,N",,,,
"US1MEWS0010","44.909473","-67.126765","21.9","2021-08-08",,,"0.00",",,N","0.0",",,N",,
"US1MEWS0010","44.909473","-67.126765","21.9","2021-08-09",,,"0.00",",,N","0.0",",,N",,
"US1MEWS0010","44.909473","-67.126765","21.9","2021-08-10",,,"0.01",",,N",,,,
"US1MEWS0010","44.909473","-67.126765","21.9","2021-08-11",,,"0.00",",,N","0.0",",,N",,
"US1MEWS0010","44.909473","-67.126765","21.9","2021-08-12",,,"0.02",",,N",,,,
"US1MEWS0010","44.909473","-67.126765","21.9","2021-08-13",,,"0.10",",,N",,,,
"US1MEWS0010","44.909473","-67.126765","21.9","2021-08-15",,,"0.00",",,N","0.0",",,N",,
"US1MEWS0010","44.909473","-67.126765","21.9","2021-08-16",,,"0.00",",,N","0.0",",,N",,
"US1MEWS0010","44.909473","-67.126765","21.9","2021-08-17",,,"0.00",",,N","0.0",",,N",,
"US1MEWS0010","44.909473","-67.126765","21.9","2021-08-18",,,"0.00",",,N","0.0",",,N",,
"US1MEWS0010","44.909473","-67.126765","21.9","2021-08-19",,,"0.11",",,N",,,,
"US1MEWS0010","44.909473","-67.126765","21.9","2021-08-20",,,"0.21",",,N",,,,
"US1MEWS0010","44.909473","-67.126765","21.9","2021-08-21",,,"0.01",",,N",,,,
"US1MEWS0010","44.909473","-67.126765","21.9","2021-08-22",,,"0.01",",,N",,,,
"US1MEWS0010","44.909473","-67.126765","21.9","2021-08-23",,,"0.12",",,N",,,,
"US1MEWS0010","44.909473","-67.126765","21.9","2021-08-24",,,"0.26",",,N",,,,
"US1MEWS0010","44.909473","-67.126765","21.9","2021-08-25",,,"0.00","T,,N",,,,
"US1MEWS0010","44.909473","-67.126765","21.9","2021-08-26",,,"0.00","T,,N",,,,
"US1MEWS0010","44.909473","-67.126765","21.9","2021-08-29",,,,,,,,
"US1MEWS0010","44.909473","-67.126765","21.9","2021-08-30",,,"0.00","T,,N",,,,
"US1MEWS0010","44.909473","-67.126765","21.9","2021-08-31",,,"0.00","T,,N",,,,
"US1MEWS0010","44.909473","-67.126765","21.9","2021-09-01",,,"0.00",",,N","0.0",",,N",,
"US1MEWS0010","44.909473","-67.126765","21.9","2021-09-03",,,,,,,,
"US1MEWS0010","44.909473","-67.126765","21.9","2021-09-04",,,"0.12",",,N",,,,
"US1MEWS0010","44.909473","-67.126765","21.9","2021-09-05",,,"0.00",",,N","0.0",",,N",,
"US1MEWS0010","44.909473","-67.126765","21.9","2021-09-07",,,"0.04",",,N",,,,
"US1MEWS0010","44.909473","-67.126765","21.9","2021-09-08",,,"0.00",",,N","0.0",",,N",,
"US1MEWS0010","44.909473","-67.126765","21.9","2021-09-09",,,"0.00",",,N","0.0",",,N",,
"US1MEWS0010","44.909473","-67.126765","21.9","2021-09-10",,,"0.65",",,N",,,,
"US1MEWS0010","44.909473","-67.126765","21.9","2021-09-11",,,"0.24",",,N",,,,
"US1MEWS0010","44.909473","-67.126765","21.9","2021-09-12",,,"0.00","T,,N",,,,
"US1MEWS0010","44.909473","-67.126765","21.9","2021-09-13",,,"0.01",",,N",,,,
"US1MEWS0010","44.909473","-67.126765","21.9","2021-09-14",,,"0.00",",,N","0.0",",,N",,
"US1MEWS0010","44.909473","-67.126765","21.9","2021-09-15",,,"0.00","T,,N",,,,
"US1MEWS0010","44.909473","-67.126765","21.9","2021-09-16",,,"0.05",",,N",,,,
"US1MEWS0010","44.909473","-67.126765","21.9","2021-09-17",,,"0.00",",,N","0.0",",,N",,
"US1MEWS0010","44.909473","-67.126765","21.9","2021-09-18",,,"0.02",",,N",,,,
"US1MEWS0010","44.909473","-67.126765","21.9","2021-09-19",,,"0.00",",,N","0.0",",,N",,
"US1MEWS0010","44.909473","-67.126765","21.9","2021-09-20",,,"0.00",",,N","0.0",",,N",,
"US1MEWS0010","44.909473","-67.126765","21.9","2021-09-21",,,"0.00",",,N","0.0",",,N",,
"US1MEWS0010","44.909473","-67.126765","21.9","2021-09-23",,,"0.00",",,N","0.0",",,N",,
"US1MEWS0010","44.909473","-67.126765","21.9","2021-09-25",,,,,,,,
"US1MEWS0010","44.909473","-67.126765","21.9","2021-09-26",,,"1.31",",,N",,,,
"US1MEWS0010","44.909473","-67.126765","21.9","2021-09-27",,,"0.71",",,N",,,,
"US1MEWS0010","44.909473","-67.126765","21.9","2021-09-28",,,"0.01",",,N",,,,
"US1MEWS0010","44.909473","-67.126765","21.9","2021-09-29",,,"0.01",",,N",,,,
"US1MEWS0010","44.909473","-67.126765","21.9","2021-09-30",,,"0.29",",,N",,,,
"US1MEWS0010","44.909473","-67.126765","21.9","2021-10-01",,,"0.02",",,N",,,,
"US1MEWS0010","44.909473","-67.126765","21.9","2021-10-02",,,"0.02",",,N",,,,
"US1MEWS0010","44.909473","-67.126765","21.9","2021-10-03",,,"0.00",",,N","0.0",",,N",,
"US1MEWS0010","44.909473","-67.126765","21.9","2021-10-04",,,"0.00",",,N","0.0",",,N",,
"US1MEWS0010","44.909473","-67.126765","21.9","2021-10-05",,,"0.00",",,N","0.0",",,N",,
"US1MEWS0010","44.909473","-67.126765","21.9","2021-10-06",,,"0.00",",,N","0.0",",,N",,
"US1MEWS0010","44.909473","-67.126765","21.9","2021-10-07",,,"0.00",",,N","0.0",",,N",,
"US1MEWS0010","44.909473","-67.126765","21.9","2021-10-08",,,"0.00",",,N","0.0",",,N",,
"US1MEWS0010","44.909473","-67.126765","21.9","2021-10-10",,,"0.00",",,N","0.0",",,N",,
"US1MEWS0010","44.909473","-67.126765","21.9","2021-10-12",,,"0.00",",,N","0.0",",,N",,
"US1MEWS0010","44.909473","-67.126765","21.9","2021-10-14",,,"0.00",",,N","0.0",",,N",,
"US1MEWS0010","44.909473","-67.126765","21.9","2021-10-15",,,"0.00","T,,N",,,,
"US1MEWS0010","44.909473","-67.126765","21.9","2021-10-16",,,"0.10",",,N",,,,
"US1MEWS0010","44.909473","-67.126765","21.9","2021-10-17",,,"0.54",",,N",,,,
"US1MEWS0010","44.909473","-67.126765","21.9","2021-10-18",,,"0.20",",,N",,,,
"US1MEWS0010","44.909473","-67.126765","21.9","2021-10-19",,,"0.00","T,,N",,,,
"US1MEWS0010","44.909473","-67.126765","21.9","2021-10-20",,,"0.03",",,N",,,,
"US1MEWS0010","44.909473","-67.126765","21.9","2021-10-21",,,"0.00","T,,N",,,,
"US1MEWS0010","44.909473","-67.126765","21.9","2021-10-22",,,"0.01",",,N",,,,
"US1MEWS0010","44.909473","-67.126765","21.9","2021-10-24",,,"0.02",",,N",,,,
"US1MEWS0010","44.909473","-67.126765","21.9","2021-10-25",,,"0.00","T,,N",,,,
"US1MEWS0010","44.909473","-67.126765","21.9","2021-10-26",,,"0.05",",,N",,,,
"US1MEWS0010","44.909473","-67.126765","21.9","2021-10-27",,,"0.27",",,N",,,,
"US1MEWS0010","44.909473","-67.126765","21.9","2021-10-28",,,"0.28",",,N",,,,
"US1MEWS0010","44.909473","-67.126765","21.9","2021-10-29",,,"0.00","T,,N",,,,
"US1MEWS0010","44.909473","-67.126765","21.9","2021-10-31",,,"0.43",",,N",,,,
"US1MEWS0010","44.909473","-67.126765","21.9","2021-11-01",,,"0.86",",,N",,,,
"US1MEWS0010","44.909473","-67.126765","21.9","2021-11-05",,,,,,,,
"US1MEWS0010","44.909473","-67.126765","21.9","2021-11-06",,,"0.00",",,N","0.0",",,N",,
"US1MEWS0010","44.909473","-67.126765","21.9","2021-11-08",,,"0.00",",,N","0.0",",,N",,
"US1MEWS0010","44.909473","-67.126765","21.9","2021-11-09",,,"0.00",",,N","0.0",",,N",,
"US1MEWS0010","44.909473","-67.126765","21.9","2021-11-10",,,"0.00",",,N","0.0",",,N",,
"US1MEWS0010","44.909473","-67.126765","21.9","2021-11-11",,,"0.32",",,N",,,,
"US1MEWS0010","44.909473","-67.126765","21.9","2021-11-13",,,,,,,,
"US1MEWS0010","44.909473","-67.126765","21.9","2021-11-15",,,"0.05",",,N",,,,
"US1MEWS0010","44.909473","-67.126765","21.9","2021-11-16",,,"0.43",",,N",,,,
"US1MEWS0010","44.909473","-67.126765","21.9","2021-11-17",,,"0.00",",,N","0.0",",,N",,
"US1MEWS0010","44.909473","-67.126765","21.9","2021-11-18",,,"0.20",",,N",,,,
"US1MEWS0010","44.909473","-67.126765","21.9","2021-11-19",,,"0.29",",,N",,,,
"US1MEWS0010","44.909473","-67.126765","21.9","2021-11-20",,,"0.07",",,N",,,,
"US1MEWS0010","44.909473","-67.126765","21.9","2021-11-21",,,"0.00",",,N","0.0",",,N",,
"US1MEWS0010","44.909473","-67.126765","21.9","2021-11-22",,,"0.53",",,N",,,,
"US1MEWS0010","44.909473","-67.126765","21.9","2021-11-23",,,"0.71",",,N",,,,
"US1MEWS0010","44.909473","-67.126765","21.9","2021-11-24",,,"0.00",",,N","0.0",",,N",,
"US1MEWS0011","44.775633","-67.217733","23.5","2021-08-01",,,"0.01",",,N",,,,
"US1MEWS0011","44.775633","-67.217733","23.5","2021-08-02",,,"0.01",",,N",,,,
"US1MEWS0011","44.775633","-67.217733","23.5","2021-08-03",,,"0.06",",,N",,,,
"US1MEWS0011","44.775633","-67.217733","23.5","2021-08-04",,,"0.00","T,,N",,,,
"US1MEWS0011","44.775633","-67.217733","23.5","2021-08-05",,,"1.35",",,N",,,,
"US1MEWS0011","44.775633","-67.217733","23.5","2021-08-06",,,"0.86",",,N",,,,
"US1MEWS0011","44.775633","-67.217733","23.5","2021-08-07",,,"0.01",",,N",,,,
"US1MEWS0011","44.775633","-67.217733","23.5","2021-08-08",,,"0.00","T,,N",,,,
"US1MEWS0011","44.775633","-67.217733","23.5","2021-08-09",,,"0.00",",,N","0.0",",,N",,
"US1MEWS0011","44.775633","-67.217733","23.5","2021-08-10",,,"0.00",",,N","0.0",",,N",,
"US1MEWS0011","44.775633","-67.217733","23.5","2021-08-15",,,,,,,,
"US1MEWS0011","44.775633","-67.217733","23.5","2021-08-16",,,"0.00",",,N","0.0",",,N",,
"US1MEWS0011","44.775633","-67.217733","23.5","2021-08-17",,,"0.00",",,N","0.0",",,N",,
"US1MEWS0011","44.775633","-67.217733","23.5","2021-08-18",,,"0.00",",,N","0.0",",,N",,
"US1MEWS0011","44.775633","-67.217733","23.5","2021-08-19",,,"0.05",",,N",,,,
"US1MEWS0011","44.775633","-67.217733","23.5","2021-08-20",,,"0.34",",,N",,,,
"US1MEWS0011","44.775633","-67.217733","23.5","2021-08-23",,,,,,,,
"US1MEWS0011","44.775633","-67.217733","23.5","2021-08-24",,,"0.19",",,N",,,,
"US1MEWS0011","44.775633","-67.217733","23.5","2021-08-25",,,"0.00","T,,N",,,,
"US1MEWS0011","44.775633","-67.217733","23.5","2021-08-26",,,"0.00","T,,N",,,,
"US1MEWS0011","44.775633","-67.217733","23.5","2021-08-27",,,"0.00",",,N","0.0",",,N",,
"US1MEWS0011","44.775633","-67.217733","23.5","2021-08-28",,,"0.00",",,N","0.0",",,N",,
"US1MEWS0011","44.775633","-67.217733","23.5","2021-08-29",,,"0.00",",,N","0.0",",,N",,
"US1MEWS0011","44.775633","-67.217733","23.5","2021-08-30",,,"0.15",",,N",,,,
"US1MEWS0011","44.775633","-67.217733","23.5","2021-08-31",,,"0.01",",,N",,,,
"US1MEWS0011","44.775633","-67.217733","23.5","2021-09-01",,,"0.00",",,N","0.0",",,N",,
"US1MEWS0011","44.775633","-67.217733","23.5","2021-09-02",,,"1.03",",,N",,,,
"US1MEWS0011","44.775633","-67.217733","23.5","2021-09-03",,,"2.58",",,N",,,,
"US1MEWS0011","44.775633","-67.217733","23.5","2021-09-04",,,"0.01",",,N",,,,
"US1MEWS0011","44.775633","-67.217733","23.5","2021-09-05",,,"0.00","T,,N",,,,
"US1MEWS0011","44.775633","-67.217733","23.5","2021-09-07",,,"0.03",",,N",,,,
"US1MEWS0011","44.775633","-67.217733","23.5","2021-09-08",,,"0.01",",,N",,,,
"US1MEWS0011","44.775633","-67.217733","23.5","2021-09-09",,,"0.00","T,,N",,,,
"US1MEWS0011","44.775633","-67.217733","23.5","2021-09-10",,,"0.68",",,N",,,,
"US1MEWS0011","44.775633","-67.217733","23.5","2021-09-11",,,"0.19",",,N",,,,
"US1MEWS0011","44.775633","-67.217733","23.5","2021-09-12",,,"0.01",",,N",,,,
"US1MEWS0011","44.775633","-67.217733","23.5","2021-09-13",,,"0.01",",,N",,,,
"US1MEWS0011","44.775633","-67.217733","23.5","2021-09-14",,,"0.00","T,,N",,,,
"US1MEWS0011","44.775633","-67.217733","23.5","2021-09-15",,,"0.00",",,N","0.0",",,N",,
"US1MEWS0011","44.775633","-67.217733","23.5","2021-09-16",,,"0.02",",,N",,,,
"US1MEWS0011","44.775633","-67.217733","23.5","2021-09-17",,,"0.00","T,,N",,,,
"US1MEWS0011","44.775633","-67.217733","23.5","2021-09-18",,,"0.01",",,N",,,,
"US1MEWS0011","44.775633","-67.217733","23.5","2021-09-19",,,"0.00",",,N","0.0",",,N",,
"US1MEWS0011","44.775633","-67.217733","23.5","2021-09-20",,,"0.00",",,N","0.0",",,N",,
"US1MEWS0011","44.775633","-67.217733","23.5","2021-09-21",,,"0.00",",,N","0.0",",,N",,
"US1MEWS0011","44.775633","-67.217733","23.5","2021-09-22",,,"0.00",",,N","0.0",",,N",,
"US1MEWS0011","44.775633","-67.217733","23.5","2021-09-23",,,"0.00","T,,N",,,,
"US1MEWS0011","44.775633","-67.217733","23.5","2021-09-24",,,"0.01",",,N",,,,
"US1MEWS0011","44.775633","-67.217733","23.5","2021-09-25",,,"0.00",",,N","0.0",",,N",,
"US1MEWS0011","44.775633","-67.217733","23.5","2021-09-26",,,"0.43",",,N",,,,
"US1MEWS0011","44.775633","-67.217733","23.5","2021-09-27",,,"1.00",",,N",,,,
"US1MEWS0011","44.775633","-67.217733","23.5","2021-09-28",,,"0.01",",,N",,,,
"US1MEWS0011","44.775633","-67.217733","23.5","2021-09-29",,,"0.00","T,,N",,,,
"US1MEWS0011","44.775633","-67.217733","23.5","2021-09-30",,,"0.33",",,N",,,,
"US1MEWS0011","44.775633","-67.217733","23.5","2021-10-01",,,"0.04",",,N",,,,
"US1MEWS0011","44.775633","-67.217733","23.5","2021-10-02",,,"0.11",",,N",,,,
"US1MEWS0011","44.775633","-67.217733","23.5","2021-10-03",,,"0.01",",,N",,,,
"US1MEWS0011","44.775633","-67.217733","23.5","2021-10-04",,,"0.00","T,,N",,,,
"US1MEWS0011","44.775633","-67.217733","23.5","2021-10-05",,,"0.00","T,,N",,,,
"US1MEWS0011","44.775633","-67.217733","23.5","2021-10-06",,,"0.00",",,N","0.0",",,N",,
"US1MEWS0011","44.775633","-67.217733","23.5","2021-10-07",,,"0.00","T,,N",,,,
"US1MEWS0011","44.775633","-67.217733","23.5","2021-10-08",,,"0.00",",,N","0.0",",,N",,
"US1MEWS0011","44.775633","-67.217733","23.5","2021-10-09",,,"0.00",",,N","0.0",",,N",,
"US1MEWS0011","44.775633","-67.217733","23.5","2021-10-10",,,"0.00",",,N","0.0",",,N",,
"US1MEWS0011","44.775633","-67.217733","23.5","2021-10-11",,,"0.00",",,N","0.0",",,N",,
"US1MEWS0011","44.775633","-67.217733","23.5","2021-10-12",,,"0.00",",,N","0.0",",,N",,
"US1MEWS0011","44.775633","-67.217733","23.5","2021-10-13",,,"0.00",",,N","0.0",",,N",,
"US1MEWS0011","44.775633","-67.217733","23.5","2021-10-14",,,"0.00",",,N","0.0",",,N",,
"US1MEWS0011","44.775633","-67.217733","23.5","2021-10-15",,,"0.00",",,N","0.0",",,N",,
"US1MEWS0011","44.775633","-67.217733","23.5","2021-10-16",,,"0.05",",,N",,,,
"US1MEWS0011","44.775633","-67.217733","23.5","2021-10-17",,,"0.38",",,N",,,,
"US1MEWS0011","44.775633","-67.217733","23.5","2021-10-18",,,"0.12",",,N",,,,
"US1MEWS0011","44.775633","-67.217733","23.5","2021-10-19",,,"0.01",",,N",,,,
"US1MEWS0011","44.775633","-67.217733","23.5","2021-10-20",,,"0.03",",,N",,,,
"US1MEWS0011","44.775633","-67.217733","23.5","2021-10-21",,,"0.00","T,,N",,,,
"US1MEWS0011","44.775633","-67.217733","23.5","2021-10-22",,,"0.01",",,N",,,,
"US1MEWS0011","44.775633","-67.217733","23.5","2021-10-23",,,"0.00","T,,N",,,,
"US1MEWS0011","44.775633","-67.217733","23.5","2021-10-24",,,"0.01",",,N",,,,
"US1MEWS0011","44.775633","-67.217733","23.5","2021-10-25",,,"0.00",",,N","0.0",",,N",,
"US1MEWS0011","44.775633","-67.217733","23.5","2021-10-26",,,"0.06",",,N",,,,
"US1MEWS0011","44.775633","-67.217733","23.5","2021-10-27",,,"0.25",",,N",,,,
"US1MEWS0011","44.775633","-67.217733","23.5","2021-10-28",,,"0.18",",,N",,,,
"US1MEWS0011","44.775633","-67.217733","23.5","2021-10-29",,,"0.01",",,N",,,,
"US1MEWS0011","44.775633","-67.217733","23.5","2021-10-30",,,"0.00",",,N","0.0",",,N",,
"US1MEWS0011","44.775633","-67.217733","23.5","2021-10-31",,,"0.85",",,N",,,,
"US1MEWS0011","44.775633","-67.217733","23.5","2021-11-01",,,"0.19",",,N",,,,
"US1MEWS0011","44.775633","-67.217733","23.5","2021-11-02",,,"0.01",",,N",,,,
"US1MEWS0011","44.775633","-67.217733","23.5","2021-11-03",,,"0.00",",,N","0.0",",,N",,
"US1MEWS0011","44.775633","-67.217733","23.5","2021-11-04",,,"0.00",",,N","0.0",",,N",,
"US1MEWS0011","44.775633","-67.217733","23.5","2021-11-05",,,"0.00",",,N","0.0",",,N",,
"US1MEWS0011","44.775633","-67.217733","23.5","2021-11-06",,,"0.00",",,N","0.0",",,N",,
"US1MEWS0011","44.775633","-67.217733","23.5","2021-11-07",,,"0.00",",,N","0.0",",,N",,
"US1MEWS0011","44.775633","-67.217733","23.5","2021-11-08",,,"0.00",",,N","0.0",",,N",,
"US1MEWS0011","44.775633","-67.217733","23.5","2021-11-09",,,"0.00",",,N","0.0",",,N",,
"US1MEWS0011","44.775633","-67.217733","23.5","2021-11-10",,,"0.00","T,,N",,,,
"US1MEWS0011","44.775633","-67.217733","23.5","2021-11-11",,,"0.30",",,N",,,,
"US1MEWS0011","44.775633","-67.217733","23.5","2021-11-12",,,"0.00",",,N","0.0",",,N",,
"US1MEWS0011","44.775633","-67.217733","23.5","2021-11-13",,,"0.65",",,N",,,,
"US1MEWS0011","44.775633","-67.217733","23.5","2021-11-14",,,"0.19",",,N",,,,
"US1MEWS0011","44.775633","-67.217733","23.5","2021-11-15",,,"0.02",",,N",,,,
"US1MEWS0011","44.775633","-67.217733","23.5","2021-11-16",,,"0.64",",,N",,,,
"US1MEWS0011","44.775633","-67.217733","23.5","2021-11-17",,,"0.00",",,N","0.0",",,N",,
"US1MEWS0011","44.775633","-67.217733","23.5","2021-11-18",,,"0.15",",,N",,,,
"US1MEWS0011","44.775633","-67.217733","23.5","2021-11-19",,,"0.26",",,N",,,,
"US1MEWS0011","44.775633","-67.217733","23.5","2021-11-20",,,"0.06",",,N",,,,
"US1MEWS0011","44.775633","-67.217733","23.5","2021-11-21",,,"0.00",",,N","0.0",",,N",,
"US1MECM0133","43.71756","-70.559235","112.8","2021-08-01",,,"0.00",",,N","0.0",",,N",,
"US1MECM0133","43.71756","-70.559235","112.8","2021-08-02",,,"0.12",",,N",,,,
"US1MECM0133","43.71756","-70.559235","112.8","2021-08-03",,,"0.00",",,N","0.0",",,N",,
"US1MECM0133","43.71756","-70.559235","112.8","2021-08-04",,,"0.00",",,N","0.0",",,N",,
"US1MECM0133","43.71756","-70.559235","112.8","2021-08-05",,,"0.06",",,N",,,,
"US1MECM0133","43.71756","-70.559235","112.8","2021-08-06",,,"0.34",",,N",,,,
"US1MECM0133","43.71756","-70.559235","112.8","2021-08-07",,,"0.00",",,N","0.0",",,N",,
"US1MECM0133","43.71756","-70.559235","112.8","2021-08-08",,,"0.00",",,N","0.0",",,N",,
"US1MECM0133","43.71756","-70.559235","112.8","2021-08-09",,,"0.00",",,N","0.0",",,N",,
"US1MECM0133","43.71756","-70.559235","112.8","2021-08-10",,,"0.00",",,N","0.0",",,N",,
"US1MECM0133","43.71756","-70.559235","112.8","2021-08-11",,,"0.00",",,N","0.0",",,N",,
"US1MECM0133","43.71756","-70.559235","112.8","2021-08-12",,,"0.00",",,N","0.0",",,N",,
"US1MECM0133","43.71756","-70.559235","112.8","2021-08-13",,,"0.00",",,N","0.0",",,N",,
"US1MECM0133","43.71756","-70.559235","112.8","2021-08-14",,,"0.00",",,N","0.0",",,N",,
"US1MECM0133","43.71756","-70.559235","112.8","2021-08-15",,,"0.00",",,N","0.0",",,N",,
"US1MECM0133","43.71756","-70.559235","112.8","2021-08-16",,,"0.00","T,,N",,,,
"US1MECM0133","43.71756","-70.559235","112.8","2021-08-17",,,"0.00",",,N","0.0",",,N",,
"US1MECM0133","43.71756","-70.559235","112.8","2021-08-18",,,"0.00",",,N","0.0",",,N",,
"US1MECM0133","43.71756","-70.559235","112.8","2021-08-19",,,"0.02",",,N",,,,
"US1MECM0133","43.71756","-70.559235","112.8","2021-08-20",,,"0.89",",,N",,,,
"US1MECM0133","43.71756","-70.559235","112.8","2021-08-21",,,"0.00",",,N","0.0",",,N",,
"US1MECM0133","43.71756","-70.559235","112.8","2021-08-22",,,"0.00",",,N","0.0",",,N",,
"US1MECM0133","43.71756","-70.559235","112.8","2021-08-23",,,"0.65",",,N",,,,
"US1MECM0133","43.71756","-70.559235","112.8","2021-08-24",,,"0.00",",,N","0.0",",,N",,
"US1MECM0133","43.71756","-70.559235","112.8","2021-08-25",,,"0.00",",,N","0.0",",,N",,
"US1MECM0133","43.71756","-70.559235","112.8","2021-08-26",,,"0.00",",,N","0.0",",,N",,
"US1MECM0133","43.71756","-70.559235","112.8","2021-08-27",,,"0.00",",,N","0.0",",,N",,
"US1MECM0133","43.71756","-70.559235","112.8","2021-08-28",,,"0.00",",,N","0.0",",,N",,
"US1MECM0133","43.71756","-70.559235","112.8","2021-08-29",,,"0.00",",,N","0.0",",,N",,
"US1MECM0133","43.71756","-70.559235","112.8","2021-08-30",,,"0.00",",,N","0.0",",,N",,
"US1MECM0133","43.71756","-70.559235","112.8","2021-08-31",,,"0.11",",,N",,,,
"US1MECM0133","43.71756","-70.559235","112.8","2021-09-02",,,"1.84",",,N",,,,
"US1MECM0133","43.71756","-70.559235","112.8","2021-09-03",,,"0.02",",,N",,,,
"US1MECM0133","43.71756","-70.559235","112.8","2021-09-04",,,"0.00",",,N","0.0",",,N",,
"US1MECM0133","43.71756","-70.559235","112.8","2021-09-05",,,"0.00",",,N","0.0",",,N",,
"US1MECM0133","43.71756","-70.559235","112.8","2021-09-06",,,"0.16",",,N",,,,
"US1MECM0133","43.71756","-70.559235","112.8","2021-09-08",,,"0.00",",,N","0.0",",,N",,
"US1MECM0133","43.71756","-70.559235","112.8","2021-09-10",,,"2.48",",,N",,,,
"US1MECM0133","43.71756","-70.559235","112.8","2021-09-11",,,"0.02",",,N",,,,
"US1MECM0133","43.71756","-70.559235","112.8","2021-09-12",,,"0.00",",,N","0.0",",,N",,
"US1MECM0133","43.71756","-70.559235","112.8","2021-09-13",,,"0.01",",,N",,,,
"US1MECM0133","43.71756","-70.559235","112.8","2021-09-14",,,"0.00","T,,N",,,,
"US1MECM0133","43.71756","-70.559235","112.8","2021-09-15",,,"0.00",",,N","0.0",",,N",,
"US1MECM0133","43.71756","-70.559235","112.8","2021-09-16",,,"0.30",",,N",,,,
"US1MECM0133","43.71756","-70.559235","112.8","2021-09-17",,,"0.00",",,N","0.0",",,N",,
"US1MECM0133","43.71756","-70.559235","112.8","2021-09-18",,,"0.01",",,N",,,,
"US1MECM0133","43.71756","-70.559235","112.8","2021-09-19",,,"0.16",",,N",,,,
"US1MECM0133","43.71756","-70.559235","112.8","2021-09-20",,,"0.00",",,N","0.0",",,N",,
"US1MECM0133","43.71756","-70.559235","112.8","2021-09-21",,,"0.00",",,N","0.0",",,N",,
"US1MECM0133","43.71756","-70.559235","112.8","2021-09-22",,,"0.01",",,N",,,,
"US1MECM0133","43.71756","-70.559235","112.8","2021-09-23",,,"0.00","T,,N",,,,
"US1MECM0133","43.71756","-70.559235","112.8","2021-09-24",,,"0.02",",,N",,,,
"US1MECM0133","43.71756","-70.559235","112.8","2021-09-25",,,"0.49",",,N",,,,
"US1MECM0133","43.71756","-70.559235","112.8","2021-09-26",,,"0.20",",,N",,,,
"US1MECM0133","43.71756","-70.559235","112.8","2021-09-27",,,"0.07",",,N",,,,
"US1MECM0133","43.71756","-70.559235","112.8","2021-09-28",,,"0.00",",,N","0.0",",,N",,
"US1MECM0133","43.71756","-70.559235","112.8","2021-09-29",,,"0.01",",,N",,,,
"US1MECM0133","43.71756","-70.559235","112.8","2021-09-30",,,"0.00",",,N","0.0",",,N",,
"US1MECM0133","43.71756","-70.559235","112.8","2021-10-01",,,"0.08",",,N",,,,
"US1MECM0133","43.71756","-70.559235","112.8","2021-10-03",,,"0.03",",,N",,,,
"US1MECM0133","43.71756","-70.559235","112.8","2021-10-04",,,"0.05",",,N",,,,
"US1MECM0133","43.71756","-70.559235","112.8","2021-10-10",,,"0.00",",,N","0.0",",,N",,
"US1MECM0133","43.71756","-70.559235","112.8","2021-10-11",,,"0.00",",,N","0.0",",,N",,
"US1MECM0133","43.71756","-70.559235","112.8","2021-10-12",,,"0.00",",,N","0.0",",,N",,
"US1MECM0133","43.71756","-70.559235","112.8","2021-10-13",,,"0.00",",,N","0.0",",,N",,
"US1MECM0133","43.71756","-70.559235","112.8","2021-10-14",,,"0.00",",,N","0.0",",,N",,
"US1MECM0133","43.71756","-70.559235","112.8","2021-10-15",,,"0.00",",,N","0.0",",,N",,
"US1MECM0133","43.71756","-70.559235","112.8","2021-10-16",,,"1.27",",,N",,,,
"US1MECM0133","43.71756","-70.559235","112.8","2021-10-17",,,"0.34",",,N",,,,
"US1MECM0133","43.71756","-70.559235","112.8","2021-10-18",,,"0.00",",,N","0.0",",,N",,
"US1MECM0133","43.71756","-70.559235","112.8","2021-10-19",,,"0.17",",,N",,,,
"US1MECM0133","43.71756","-70.559235","112.8","2021-10-20",,,"0.00",",,N","0.0",",,N",,
"US1MECM0133","43.71756","-70.559235","112.8","2021-10-21",,,"0.00",",,N","0.0",",,N",,
"US1MECM0133","43.71756","-70.559235","112.8","2021-10-22",,,"0.02",",,N",,,,
"US1MECM0133","43.71756","-70.559235","112.8","2021-10-23",,,"0.00",",,N","0.0",",,N",,
"US1MECM0133","43.71756","-70.559235","112.8","2021-10-24",,,"0.00",",,N","0.0",",,N",,
"US1MECM0133","43.71756","-70.559235","112.8","2021-10-25",,,"0.02",",,N",,,,
"US1MECM0133","43.71756","-70.559235","112.8","2021-10-27",,,"1.15",",,N",,,,
"US1MECM0133","43.71756","-70.559235","112.8","2021-10-28",,,"0.17",",,N",,,,
"US1MECM0133","43.71756","-70.559235","112.8","2021-10-29",,,"0.00",",,N","0.0",",,N",,
"US1MECM0133","43.71756","-70.559235","112.8","2021-10-30",,,"0.04",",,N",,,,
"US1MECM0133","43.71756","-70.559235","112.8","2021-10-31",,,"4.08",",,N",,,,
"US1MECM0133","43.71756","-70.559235","112.8","2021-11-01",,,"0.14",",,N",,,,
"US1MECM0133","43.71756","-70.559235","112.8","2021-11-02",,,"0.00",",,N","0.0",",,N",,
"US1MECM0133","43.71756","-70.559235","112.8","2021-11-03",,,"0.00",",,N","0.0",",,N",,
"US1MECM0133","43.71756","-70.559235","112.8","2021-11-04",,,"0.01",",,N",,,,
"US1MECM0133","43.71756","-70.559235","112.8","2021-11-05",,,"0.00",",,N","0.0",",,N",,
"US1MECM0133","43.71756","-70.559235","112.8","2021-11-06",,,"0.00",",,N","0.0",",,N",,
"US1MECM0133","43.71756","-70.559235","112.8","2021-11-07",,,"0.00",",,N","0.0",",,N",,
"US1MECM0133","43.71756","-70.559235","112.8","2021-11-08",,,"0.00",",,N","0.0",",,N",,
"US1MECM0133","43.71756","-70.559235","112.8","2021-11-09",,,"0.00",",,N","0.0",",,N",,
"US1MECM0133","43.71756","-70.559235","112.8","2021-11-10",,,"0.02",",,N",,,,
"US1MECM0133","43.71756","-70.559235","112.8","2021-11-11",,,"0.02",",,N",,,,
"US1MECM0133","43.71756","-70.559235","112.8","2021-11-12",,,"0.00",",,N","0.0",",,N",,
"US1MECM0133","43.71756","-70.559235","112.8","2021-11-13",,,"1.72",",,N",,,,
"US1MECM0133","43.71756","-70.559235","112.8","2021-11-14",,,"0.51",",,N",,,,
"US1MECM0133","43.71756","-70.559235","112.8","2021-11-15",,,"0.20",",,N",,,,
"US1MECM0133","43.71756","-70.559235","112.8","2021-11-16",,,"0.00","T,,N",,,,
"US1MECM0133","43.71756","-70.559235","112.8","2021-11-17",,,"0.00","T,,N",,,,
"US1MECM0133","43.71756","-70.559235","112.8","2021-11-18",,,"0.01",",,N",,,,
"US1MECM0133","43.71756","-70.559235","112.8","2021-11-19",,,"0.28",",,N",,,,
"US1MECM0133","43.71756","-70.559235","112.8","2021-11-20",,,"0.00",",,N","0.0",",,N",,
"US1MECM0133","43.71756","-70.559235","112.8","2021-11-21",,,"0.08",",,N",,,,
"US1MECM0133","43.71756","-70.559235","112.8","2021-11-22",,,"0.18",",,N",,,,
"US1MECM0133","43.71756","-70.559235","112.8","2021-11-23",,,"0.00",",,N","0.0",",,N",,
"US1MECM0133","43.71756","-70.559235","112.8","2021-11-24",,,"0.00",",,N","0.0",",,N",,
"US1MECM0133","43.71756","-70.559235","112.8","2021-11-25",,,"0.00",",,N","0.0",",,N",,
"US1MECM0133","43.71756","-70.559235","112.8","2021-11-26",,,"0.00",",,N","0.0",",,N",,
"US1MECM0133","43.71756","-70.559235","112.8","2021-11-27",,,"0.36",",,N","0.6",",,N",,
"US1LAMD0001","32.383799","-91.179959","24.1","2021-08-02",,,"2.35",",,N",,,,
"US1LAMD0001","32.383799","-91.179959","24.1","2021-08-03",,,"0.25",",,N",,,,
"US1LAMD0001","32.383799","-91.179959","24.1","2021-08-04",,,"0.00","T,,N",,,,
"US1LAMD0001","32.383799","-91.179959","24.1","2021-08-05",,,"0.00",",,N","0.0",",,N",,
"US1LAMD0001","32.383799","-91.179959","24.1","2021-08-06",,,"0.00",",,N","0.0",",,N",,
"US1LAMD0001","32.383799","-91.179959","24.1","2021-08-09",,,,,,,,
"US1LAMD0001","32.383799","-91.179959","24.1","2021-08-10",,,"0.07",",,N",,,,
"US1LAMD0001","32.383799","-91.179959","24.1","2021-08-11",,,"0.00",",,N","0.0",",,N",,
"US1LAMD0001","32.383799","-91.179959","24.1","2021-08-12",,,"0.00",",,N","0.0",",,N",,
"US1LAMD0001","32.383799","-91.179959","24.1","2021-08-13",,,"0.00",",,N","0.0",",,N",,
"US1LAMD0001","32.383799","-91.179959","24.1","2021-08-16",,,,,,,,
"US1LAMD0001","32.383799","-91.179959","24.1","2021-08-17",,,"0.00",",,N","0.0",",,N",,
"US1LAMD0001","32.383799","-91.179959","24.1","2021-08-18",,,"0.07",",,N",,,,
"US1LAMD0001","32.383799","-91.179959","24.1","2021-08-19",,,"0.10",",,N",,,,
"US1LAMD0001","32.383799","-91.179959","24.1","2021-08-20",,,"0.06",",,N",,,,
"US1LAMD0001","32.383799","-91.179959","24.1","2021-08-23",,,,,,,,
"US1LAMD0001","32.383799","-91.179959","24.1","2021-08-24",,,"0.00",",,N","0.0",",,N",,
"US1LAMD0001","32.383799","-91.179959","24.1","2021-08-27",,,"0.00",",,N","0.0",",,N",,
"US1LAMD0001","32.383799","-91.179959","24.1","2021-08-30",,,,,,,,
"US1LAMD0001","32.383799","-91.179959","24.1","2021-08-31",,,"0.18",",,N",,,,
"US1LAMD0001","32.383799","-91.179959","24.1","2021-09-01",,,"0.00",",,N","0.0",",,N",,
"US1LAMD0001","32.383799","-91.179959","24.1","2021-09-02",,,"1.25",",,N",,,,
"US1LAMD0001","32.383799","-91.179959","24.1","2021-09-03",,,"0.00",",,N","0.0",",,N",,
"US1LAMD0001","32.383799","-91.179959","24.1","2021-09-07",,,,,,,,
"US1LAMD0001","32.383799","-91.179959","24.1","2021-09-08",,,"0.00",",,N","0.0",",,N",,
"US1LAMD0001","32.383799","-91.179959","24.1","2021-09-09",,,"0.00",",,N","0.0",",,N",,
"US1LAMD0001","32.383799","-91.179959","24.1","2021-09-10",,,"0.00",",,N","0.0",",,N",,
"US1LAMD0001","32.383799","-91.179959","24.1","2021-09-13",,,,,,,,
"US1LAMD0001","32.383799","-91.179959","24.1","2021-09-14",,,"0.00",",,N","0.0",",,N",,
"US1LAMD0001","32.383799","-91.179959","24.1","2021-09-15",,,"0.39",",,N",,,,
"US1LAMD0001","32.383799","-91.179959","24.1","2021-09-16",,,"0.00","T,,N",,,,
"US1LAMD0001","32.383799","-91.179959","24.1","2021-09-17",,,"0.00",",,N","0.0",",,N",,
"US1LAMD0001","32.383799","-91.179959","24.1","2021-09-20",,,,,,,,
"US1LAMD0001","32.383799","-91.179959","24.1","2021-09-21",,,"0.00","T,,N",,,,
"US1LAMD0001","32.383799","-91.179959","24.1","2021-09-22",,,"0.20",",,N",,,,
"US1LAMD0001","32.383799","-91.179959","24.1","2021-09-24",,,"0.00","T,,N",,,,
"US1LAMD0001","32.383799","-91.179959","24.1","2021-09-27",,,,,,,,
"US1LAMD0001","32.383799","-91.179959","24.1","2021-09-28",,,"0.00",",,N","0.0",",,N",,
"US1LAMD0001","32.383799","-91.179959","24.1","2021-09-29",,,"0.00",",,N","0.0",",,N",,
"US1LAMD0001","32.383799","-91.179959","24.1","2021-09-30",,,"0.03",",,N",,,,
"US1LAMD0001","32.383799","-91.179959","24.1","2021-10-04",,,,,,,,
"US1LAMD0001","32.383799","-91.179959","24.1","2021-10-05",,,"0.02",",,N",,,,
"US1LAMD0001","32.383799","-91.179959","24.1","2021-10-06",,,"0.00",",,N","0.0",",,N",,
"US1LAMD0001","32.383799","-91.179959","24.1","2021-10-07",,,"0.00",",,N","0.0",",,N",,
"US1LAMD0001","32.383799","-91.179959","24.1","2021-10-08",,,"0.00",",,N","0.0",",,N",,
"US1LAMD0001","32.383799","-91.179959","24.1","2021-10-12",,,,,,,,
"US1LAMD0001","32.383799","-91.179959","24.1","2021-10-13",,,"0.00",",,N","0.0",",,N",,
"US1LAMD0001","32.383799","-91.179959","24.1","2021-10-14",,,"0.00",",,N","0.0",",,N",,
"US1LAMD0001","32.383799","-91.179959","24.1","2021-10-18",,,,,,,,
"US1LAMD0001","32.383799","-91.179959","24.1","2021-10-19",,,"0.00",",,N","0.0",",,N",,
"US1LAMD0001","32.383799","-91.179959","24.1","2021-10-20",,,"0.00",",,N","0.0",",,N",,
"US1LAMD0001","32.383799","-91.179959","24.1","2021-10-21",,,"0.07",",,N",,,,
"US1LAMD0001","32.383799","-91.179959","24.1","2021-10-22",,,"0.00",",,N","0.0",",,N",,
"US1LAMD0001","32.383799","-91.179959","24.1","2021-10-25",,,,,,,,
"US1LAMD0001","32.383799","-91.179959","24.1","2021-10-26",,,"0.00",",,N","0.0",",,N",,
"US1LAMD0001","32.383799","-91.179959","24.1","2021-10-27",,,"0.00",",,N","0.0",",,N",,
"US1LAMD0001","32.383799","-91.179959","24.1","2021-10-28",,,"0.87",",,N",,,,
"US1LAMD0001","32.383799","-91.179959","24.1","2021-10-29",,,"0.05",",,N",,,,
"US1LAMD0001","32.383799","-91.179959","24.1","2021-11-01",,,,,,,,
"US1LAMD0001","32.383799","-91.179959","24.1","2021-11-02",,,"0.00",",,N","0.0",",,N",,
"US1LAMD0001","32.383799","-91.179959","24.1","2021-11-03",,,"0.00",",,N","0.0",",,N",,
"US1LAMD0001","32.383799","-91.179959","24.1","2021-11-04",,,"0.08",",,N",,,,
"US1LAMD0001","32.383799","-91.179959","24.1","2021-11-05",,,"0.00","T,,N",,,,
"US1LAMD0001","32.383799","-91.179959","24.1","2021-11-08",,,,,,,,
"US1LAMD0001","32.383799","-91.179959","24.1","2021-11-09",,,"0.00",",,N","0.0",",,N",,
"US1LAMD0001","32.383799","-91.179959","24.1","2021-11-10",,,"0.00",",,N","0.0",",,N",,
"US1LAMD0001","32.383799","-91.179959","24.1","2021-11-12",,,,,,,,
"US1LAMD0001","32.383799","-91.179959","24.1","2021-11-15",,,"0.00",",L,N","0.0",",,N",,
"US1LAMD0001","32.383799","-91.179959","24.1","2021-11-16",,,"0.00",",,N","0.0",",,N",,
"US1LAMD0001","32.383799","-91.179959","24.1","2021-11-17",,,"0.00",",,N","0.0",",,N",,
"US1LAMD0001","32.383799","-91.179959","24.1","2021-11-18",,,"0.02",",,N",,,,
"US1LAMD0001","32.383799","-91.179959","24.1","2021-11-19",,,"0.24",",,N",,,,
"US1LAMD0001","32.383799","-91.179959","24.1","2021-11-22",,,,,,,,
"US1LAMD0001","32.383799","-91.179959","24.1","2021-11-23",,,"0.00",",,N","0.0",",,N",,
"US1LAMD0001","32.383799","-91.179959","24.1","2021-11-24",,,"0.00","T,,N",,,,
"US1MECM0015","43.866833","-70.150667","38.7","2021-08-01",,,"0.00",",,N","0.0",",,N",,
"US1MECM0015","43.866833","-70.150667","38.7","2021-08-02",,,"0.02",",,N",,,,
"US1MECM0015","43.866833","-70.150667","38.7","2021-08-03",,,"0.00",",,N","0.0",",,N",,
"US1MECM0015","43.866833","-70.150667","38.7","2021-08-04",,,"0.00",",,N","0.0",",,N",,
"US1MECM0015","43.866833","-70.150667","38.7","2021-08-05",,,"0.21",",,N",,,,
"US1MECM0015","43.866833","-70.150667","38.7","2021-08-06",,,"0.36",",,N",,,,
"US1MECM0015","43.866833","-70.150667","38.7","2021-08-07",,,"0.00",",,N","0.0",",,N",,
"US1MECM0015","43.866833","-70.150667","38.7","2021-08-08",,,"0.00",",,N","0.0",",,N",,
"US1MECM0015","43.866833","-70.150667","38.7","2021-08-09",,,"0.00",",,N","0.0",",,N",,
"US1MECM0015","43.866833","-70.150667","38.7","2021-08-10",,,"0.00",",,N","0.0",",,N",,
"US1MECM0015","43.866833","-70.150667","38.7","2021-08-11",,,"0.00",",,N","0.0",",,N",,
"US1MECM0015","43.866833","-70.150667","38.7","2021-08-12",,,"0.00",",,N","0.0",",,N",,
"US1MECM0015","43.866833","-70.150667","38.7","2021-08-13",,,"0.00",",,N","0.0",",,N",,
"US1MECM0015","43.866833","-70.150667","38.7","2021-08-14",,,"0.00",",,N","0.0",",,N",,
"US1MECM0015","43.866833","-70.150667","38.7","2021-08-15",,,"0.00",",,N","0.0",",,N",,
"US1MECM0015","43.866833","-70.150667","38.7","2021-08-16",,,"0.00",",,N","0.0",",,N",,
"US1MECM0015","43.866833","-70.150667","38.7","2021-08-17",,,"0.00",",,N","0.0",",,N",,
"US1MECM0015","43.866833","-70.150667","38.7","2021-08-18",,,"0.00",",,N","0.0",",,N",,
"US1MECM0015","43.866833","-70.150667","38.7","2021-08-19",,,"0.00",",,N","0.0",",,N",,
"US1MECM0015","43.866833","-70.150667","38.7","2021-08-20",,,"0.95",",,N",,,,
"US1MECM0015","43.866833","-70.150667","38.7","2021-08-21",,,"0.00",",,N","0.0",",,N",,
"US1MECM0015","43.866833","-70.150667","38.7","2021-08-22",,,"0.00",",,N","0.0",",,N",,
"US1MECM0015","43.866833","-70.150667","38.7","2021-08-27",,,,,,,,
"US1MECM0015","43.866833","-70.150667","38.7","2021-08-28",,,"0.00",",,N","0.0",",,N",,
"US1MECM0015","43.866833","-70.150667","38.7","2021-08-29",,,"0.01",",,N",,,,
"US1MECM0015","43.866833","-70.150667","38.7","2021-08-30",,,"0.00",",,N","0.0",",,N",,
"US1MECM0015","43.866833","-70.150667","38.7","2021-09-01",,,"0.00",",,N","0.0",",,N",,
"US1MECM0015","43.866833","-70.150667","38.7","2021-09-02",,,"1.43",",,N",,,,
"US1MECM0015","43.866833","-70.150667","38.7","2021-09-03",,,"0.04",",,N",,,,
"US1MECM0015","43.866833","-70.150667","38.7","2021-09-04",,,"0.00",",,N","0.0",",,N",,
"US1MECM0015","43.866833","-70.150667","38.7","2021-09-05",,,"0.00",",,N","0.0",",,N",,
"US1MECM0015","43.866833","-70.150667","38.7","2021-09-06",,,"0.11",",,N",,,,
"US1MECM0015","43.866833","-70.150667","38.7","2021-09-07",,,"0.20",",,N",,,,
"US1MECM0015","43.866833","-70.150667","38.7","2021-09-27",,,,,,,,
"US1MECM0015","43.866833","-70.150667","38.7","2021-09-28",,,"0.00",",,N","0.0",",,N",,
"US1MECM0015","43.866833","-70.150667","38.7","2021-09-29",,,"0.00",",,N","0.0",",,N",,
"US1MECM0015","43.866833","-70.150667","38.7","2021-09-30",,,"0.03",",,N",,,,
"US1MECM0015","43.866833","-70.150667","38.7","2021-10-01",,,"0.04",",,N",,,,
"US1MECM0015","43.866833","-70.150667","38.7","2021-10-02",,,"0.00",",,N","0.0",",,N",,
"US1MECM0015","43.866833","-70.150667","38.7","2021-10-03",,,"0.04",",,N",,,,
"US1MECM0015","43.866833","-70.150667","38.7","2021-10-04",,,"0.12",",,N",,,,
"US1MECM0015","43.866833","-70.150667","38.7","2021-10-05",,,"0.00","T,,N",,,,
"US1MECM0015","43.866833","-70.150667","38.7","2021-10-06",,,"0.00",",,N","0.0",",,N",,
"US1MECM0015","43.866833","-70.150667","38.7","2021-10-07",,,"0.00",",,N","0.0",",,N",,
"US1MECM0015","43.866833","-70.150667","38.7","2021-10-08",,,"0.00",",,N","0.0",",,N",,
"US1MECM0015","43.866833","-70.150667","38.7","2021-10-09",,,"0.00",",,N","0.0",",,N",,
"US1MECM0015","43.866833","-70.150667","38.7","2021-10-10",,,"0.00",",,N","0.0",",,N",,
"US1MECM0015","43.866833","-70.150667","38.7","2021-10-11",,,"0.00",",,N","0.0",",,N",,
"US1MECM0015","43.866833","-70.150667","38.7","2021-10-12",,,"0.00",",,N","0.0",",,N",,
"US1MECM0015","43.866833","-70.150667","38.7","2021-10-13",,,"0.00",",,N","0.0",",,N",,
"US1MECM0015","43.866833","-70.150667","38.7","2021-10-14",,,"0.00",",,N","0.0",",,N",,
"US1MECM0015","43.866833","-70.150667","38.7","2021-10-16",,,"0.72",",,N",,,,
"US1MECM0015","43.866833","-70.150667","38.7","2021-10-18",,,"0.00",",,N","0.0",",,N",,
"US1MECM0015","43.866833","-70.150667","38.7","2021-10-19",,,"0.00",",,N","0.0",",,N",,
"US1MECM0015","43.866833","-70.150667","38.7","2021-10-20",,,"0.00",",,N","0.0",",,N",,
"US1MECM0015","43.866833","-70.150667","38.7","2021-10-21",,,"0.00",",,N","0.0",",,N",,
"US1MECM0015","43.866833","-70.150667","38.7","2021-10-22",,,"0.02",",,N",,,,
"US1MECM0015","43.866833","-70.150667","38.7","2021-10-23",,,"0.00",",,N","0.0",",,N",,
"US1MECM0015","43.866833","-70.150667","38.7","2021-10-24",,,"0.00",",,N","0.0",",,N",,
"US1MECM0015","43.866833","-70.150667","38.7","2021-10-25",,,"0.01",",,N",,,,
"US1MECM0015","43.866833","-70.150667","38.7","2021-10-26",,,"0.37",",,N",,,,
"US1MECM0015","43.866833","-70.150667","38.7","2021-10-27",,,"0.75",",,N",,,,
"US1MECM0015","43.866833","-70.150667","38.7","2021-10-28",,,"0.20",",,N",,,,
"US1MECM0015","43.866833","-70.150667","38.7","2021-10-29",,,"0.00",",,N","0.0",",,N",,
"US1MECM0015","43.866833","-70.150667","38.7","2021-10-30",,,"0.05",",,N",,,,
"US1MECM0015","43.866833","-70.150667","38.7","2021-10-31",,,"4.05",",,N",,,,
"US1MECM0015","43.866833","-70.150667","38.7","2021-11-01",,,"0.00",",,N","0.0",",,N",,
"US1MECM0015","43.866833","-70.150667","38.7","2021-11-02",,,"0.00",",,N","0.0",",,N",,
"US1MECM0015","43.866833","-70.150667","38.7","2021-11-03",,,"0.00",",,N","0.0",",,N",,
"US1MECM0015","43.866833","-70.150667","38.7","2021-11-04",,,"0.00",",,N","0.0",",,N",,
"US1MECM0015","43.866833","-70.150667","38.7","2021-11-05",,,"0.00",",,N","0.0",",,N",,
"US1MECM0015","43.866833","-70.150667","38.7","2021-11-06",,,"0.00",",,N","0.0",",,N",,
"US1MECM0015","43.866833","-70.150667","38.7","2021-11-07",,,"0.00",",,N","0.0",",,N",,
"US1MECM0015","43.866833","-70.150667","38.7","2021-11-08",,,"0.00",",,N","0.0",",,N",,
"US1MECM0015","43.866833","-70.150667","38.7","2021-11-09",,,"0.00",",,N","0.0",",,N",,
"US1MECM0015","43.866833","-70.150667","38.7","2021-11-10",,,"0.10",",,N",,,,
"US1MECM0015","43.866833","-70.150667","38.7","2021-11-11",,,"0.04",",,N",,,,
"US1MECM0015","43.866833","-70.150667","38.7","2021-11-12",,,"0.00",",,N","0.0",",,N",,
"US1MECM0015","43.866833","-70.150667","38.7","2021-11-13",,,"1.57",",,N",,,,
"US1MECM0015","43.866833","-70.150667","38.7","2021-11-14",,,"0.37",",,N",,,,
"US1MECM0015","43.866833","-70.150667","38.7","2021-11-16",,,"0.00",",,N","0.0",",,N",,
"US1MECM0015","43.866833","-70.150667","38.7","2021-11-17",,,"0.00",",,N","0.0",",,N",,
"US1MECM0015","43.866833","-70.150667","38.7","2021-11-18",,,"0.12",",,N",,,,
"US1MECM0015","43.866833","-70.150667","38.7","2021-11-19",,,"0.24",",,N",,,,
"US1MECM0015","43.866833","-70.150667","38.7","2021-11-20",,,"0.00",",,N","0.0",",,N",,
"US1MECM0015","43.866833","-70.150667","38.7","2021-11-21",,,"0.00",",,N","0.0",",,N",,
"US1MECM0015","43.866833","-70.150667","38.7","2021-11-22",,,"0.38",",,N",,,,
"USC00165926","29.7852","-90.1158","0.9","2021-08-01",,,,,,,,
"USC00165926","29.7852","-90.1158","0.9","2021-08-02",,,,,,,,
"USC00165926","29.7852","-90.1158","0.9","2021-08-03",,,,,,,,
"USC00165926","29.7852","-90.1158","0.9","2021-08-04",,,,,,,,
"USC00165926","29.7852","-90.1158","0.9","2021-08-05",,,,,,,,
"USC00165926","29.7852","-90.1158","0.9","2021-08-06",,,"0.00","T,,7,0800",,,,
"USC00165926","29.7852","-90.1158","0.9","2021-08-07",,,,,,,,
"USC00165926","29.7852","-90.1158","0.9","2021-08-08",,,,,,,,
"USC00165926","29.7852","-90.1158","0.9","2021-08-09",,,,,,,,
"USC00165926","29.7852","-90.1158","0.9","2021-08-10",,,,,,,,
"USC00165926","29.7852","-90.1158","0.9","2021-08-11",,,,,,,,
"USC00165926","29.7852","-90.1158","0.9","2021-08-12",,,,,,,,
"USC00165926","29.7852","-90.1158","0.9","2021-08-13",,,,,,,,
"USC00165926","29.7852","-90.1158","0.9","2021-08-14",,,,,,,,
"USC00165926","29.7852","-90.1158","0.9","2021-08-15",,,,,,,,
"USC00165926","29.7852","-90.1158","0.9","2021-08-16",,,,,,,,
"USC00165926","29.7852","-90.1158","0.9","2021-08-17",,,,,,,,
"USC00165926","29.7852","-90.1158","0.9","2021-08-18",,,,,,,,
"USC00165926","29.7852","-90.1158","0.9","2021-08-19",,,,,,,,
"USC00165926","29.7852","-90.1158","0.9","2021-08-20",,,,,,,,
"USC00165926","29.7852","-90.1158","0.9","2021-08-21",,,,,,,,
"USC00165926","29.7852","-90.1158","0.9","2021-08-22",,,,,,,,
"USC00165926","29.7852","-90.1158","0.9","2021-08-23",,,,,,,,
"USC00165926","29.7852","-90.1158","0.9","2021-08-24",,,"0.76",",,7,0800",,,,
"USC00165926","29.7852","-90.1158","0.9","2021-08-25",,,,,,,,
"USC00165926","29.7852","-90.1158","0.9","2021-08-26",,,,,,,,
"USC00165926","29.7852","-90.1158","0.9","2021-08-27",,,,,,,,
"USC00162641","30.7414","-93.1386","29.0","2021-08-03",,,"0.26",",,7,0700",,,,
"USC00162641","30.7414","-93.1386","29.0","2021-08-04",,,"0.22",",,7,0700",,,,
"USC00162641","30.7414","-93.1386","29.0","2021-08-13",,,"0.08",",,7,0700",,,,
"USC00162641","30.7414","-93.1386","29.0","2021-08-17",,,"0.31",",,7,0700",,,,
"USC00162641","30.7414","-93.1386","29.0","2021-08-18",,,"0.19",",,7,0700",,,,
"USC00162641","30.7414","-93.1386","29.0","2021-08-20",,,"0.28",",,7,0700",,,,
"USC00162641","30.7414","-93.1386","29.0","2021-08-25",,,"0.45",",,7,0700",,,,
"USC00162641","30.7414","-93.1386","29.0","2021-08-26",,,"0.47",",,7,0700",,,,
"USC00162641","30.7414","-93.1386","29.0","2021-08-27",,,"0.19",",,7,0700",,,,
"USC00162641","30.7414","-93.1386","29.0","2021-08-29",,,"0.71",",,7,0700",,,,
"USC00162641","30.7414","-93.1386","29.0","2021-08-30",,,"0.31",",,7,0700",,,,
"USC00162641","30.7414","-93.1386","29.0","2021-09-02",,,"0.05",",,7,0700",,,,
"USC00162641","30.7414","-93.1386","29.0","2021-09-06",,,"1.21",",,7,0700",,,,
"USC00162641","30.7414","-93.1386","29.0","2021-09-14",,,"1.08",",,7,0700",,,,
"USC00162641","30.7414","-93.1386","29.0","2021-09-15",,,"3.81",",,7,0700",,,,
"USC00162641","30.7414","-93.1386","29.0","2021-09-16",,,"0.13",",,7,0700",,,,
"USC00162641","30.7414","-93.1386","29.0","2021-09-28",,,"1.60",",,7,0700",,,,
"USC00162641","30.7414","-93.1386","29.0","2021-09-29",,,"0.11",",,7,0700",,,,
"USC00162641","30.7414","-93.1386","29.0","2021-10-12",,,"0.44",",,7,0700",,,,
"USC00162641","30.7414","-93.1386","29.0","2021-10-13",,,"0.36",",,7,0700",,,,
"USC00162641","30.7414","-93.1386","29.0","2021-10-24",,,"0.13",",,7,0700",,,,
"USC00162641","30.7414","-93.1386","29.0","2021-10-28",,,"1.34",",,7,0700",,,,
"USC00160462","30.5669","-91.1633","21.3","2021-08-02",,,,,,,,
"USC00160462","30.5669","-91.1633","21.3","2021-08-04",,,,,,,,
"USC00160462","30.5669","-91.1633","21.3","2021-08-05",,,"0.00",",,7,0800",,,,
"USC00160462","30.5669","-91.1633","21.3","2021-08-06",,,"0.00",",,7,0800",,,,
"USC00160462","30.5669","-91.1633","21.3","2021-08-07",,,"0.00",",,7,0800",,,,
"USC00160462","30.5669","-91.1633","21.3","2021-08-08",,,"0.00",",,7,0800",,,,
"USC00160462","30.5669","-91.1633","21.3","2021-08-09",,,"0.05",",,7,0800",,,,
"USC00160462","30.5669","-91.1633","21.3","2021-08-11",,,,,,,,
"USC00160462","30.5669","-91.1633","21.3","2021-08-16",,,,,,,,
"USC00160462","30.5669","-91.1633","21.3","2021-08-19",,,,,,,,
"USC00160462","30.5669","-91.1633","21.3","2021-08-20",,,"0.54",",,7,0800",,,,
"USC00160462","30.5669","-91.1633","21.3","2021-08-21",,,"0.00",",,7,0800",,,,
"USC00160462","30.5669","-91.1633","21.3","2021-08-22",,,"0.00",",,7,0800",,,,
"USC00160462","30.5669","-91.1633","21.3","2021-08-23",,,"0.00",",,7,0800",,,,
"USC00160462","30.5669","-91.1633","21.3","2021-08-26",,,,,,,,
"USC00160462","30.5669","-91.1633","21.3","2021-08-27",,,"0.27",",,7,0800",,,,
"USC00160462","30.5669","-91.1633","21.3","2021-09-08",,,,,,,,
"USC00160462","30.5669","-91.1633","21.3","2021-09-09",,,"0.00","T,,7,0800",,,,
"USC00160462","30.5669","-91.1633","21.3","2021-09-10",,,"0.00",",,7,0800",,,,
"USC00160462","30.5669","-91.1633","21.3","2021-09-11",,,"0.00",",,7,0800",,,,
"USC00160462","30.5669","-91.1633","21.3","2021-09-13",,,,,,,,
"USC00160462","30.5669","-91.1633","21.3","2021-09-14",,,"1.62",",,7,0800",,,,
"USC00160462","30.5669","-91.1633","21.3","2021-09-16",,,,,,,,
"USC00160462","30.5669","-91.1633","21.3","2021-09-17",,,"0.14",",,7,0800",,,,
"USC00160462","30.5669","-91.1633","21.3","2021-09-20",,,,,,,,
"USC00160462","30.5669","-91.1633","21.3","2021-09-21",,,"0.04",",,7,0800",,,,
"USC00160462","30.5669","-91.1633","21.3","2021-09-22",,,"0.09",",,7,0800",,,,
"USC00160462","30.5669","-91.1633","21.3","2021-09-23",,,"0.00",",,7,0800",,,,
"USC00160462","30.5669","-91.1633","21.3","2021-09-24",,,"0.00",",,7,0800",,,,
"USC00160462","30.5669","-91.1633","21.3","2021-09-25",,,"0.00",",,7,0800",,,,
"USC00160462","30.5669","-91.1633","21.3","2021-09-26",,,"0.00",",,7,0800",,,,
"USC00160462","30.5669","-91.1633","21.3","2021-09-27",,,"0.00",",,7,0800",,,,
"USC00160462","30.5669","-91.1633","21.3","2021-09-28",,,"0.07",",,7,0800",,,,
"USC00160462","30.5669","-91.1633","21.3","2021-09-29",,,"0.44",",,7,0800",,,,
"USC00160462","30.5669","-91.1633","21.3","2021-09-30",,,"0.57",",,7,0800",,,,
"USC00160462","30.5669","-91.1633","21.3","2021-10-01",,,"0.71",",,H,0800",,,,
"USC00160462","30.5669","-91.1633","21.3","2021-10-05",,,"0.00",",,H,0800",,,,
"USC00160462","30.5669","-91.1633","21.3","2021-10-06",,,"0.00",",,H,0800",,,,
"USC00160462","30.5669","-91.1633","21.3","2021-10-07",,,"0.00",",,H,0800",,,,
"USC00160462","30.5669","-91.1633","21.3","2021-10-08",,,"0.00",",,H,0800",,,,
"USC00160462","30.5669","-91.1633","21.3","2021-10-09",,,"0.00",",,H,0800",,,,
"USC00160462","30.5669","-91.1633","21.3","2021-10-10",,,"0.00",",,H,0800",,,,
"USC00160462","30.5669","-91.1633","21.3","2021-10-11",,,"0.00",",,H,0800",,,,
"USC00160462","30.5669","-91.1633","21.3","2021-10-12",,,"0.00",",,H,0800",,,,
"USC00160462","30.5669","-91.1633","21.3","2021-10-13",,,"0.00",",,H,0800",,,,
"USC00160462","30.5669","-91.1633","21.3","2021-10-14",,,"0.00",",,H,0800",,,,
"USC00160462","30.5669","-91.1633","21.3","2021-10-15",,,"0.00",",,H,0800",,,,
"USC00160462","30.5669","-91.1633","21.3","2021-10-16",,,"0.00",",,H,0800",,,,
"USC00160462","30.5669","-91.1633","21.3","2021-10-17",,,"0.00",",,H,0800",,,,
"USC00160462","30.5669","-91.1633","21.3","2021-10-18",,,"0.00",",,H,0800",,,,
"USC00160462","30.5669","-91.1633","21.3","2021-10-19",,,"0.00",",,H,0800",,,,
"USC00160462","30.5669","-91.1633","21.3","2021-10-20",,,"0.00",",,H,0800",,,,
"USC00160462","30.5669","-91.1633","21.3","2021-10-21",,,"0.00",",,H,0800",,,,
"USC00160462","30.5669","-91.1633","21.3","2021-10-22",,,"0.00",",,H,0800",,,,
"USC00160462","30.5669","-91.1633","21.3","2021-10-27",,,"0.00",",,H,0800",,,,
"USC00160462","30.5669","-91.1633","21.3","2021-10-28",,,"0.31",",,H,0800",,,,
"USC00160462","30.5669","-91.1633","21.3","2021-10-29",,,"0.00",",,H,0800",,,,
"USC00160462","30.5669","-91.1633","21.3","2021-10-30",,,"0.00",",,H,0800",,,,
"USC00160462","30.5669","-91.1633","21.3","2021-10-31",,,"0.00",",,H,0800",,,,
"USC00160462","30.5669","-91.1633","21.3","2021-11-01",,,"0.00",",,H,0800",,,,
"USC00160462","30.5669","-91.1633","21.3","2021-11-02",,,"0.00",",,H,0800",,,,
"USC00160462","30.5669","-91.1633","21.3","2021-11-03",,,"0.00",",,H,0800",,,,
"USC00160462","30.5669","-91.1633","21.3","2021-11-04",,,"0.00",",,H,0800",,,,
"USC00160462","30.5669","-91.1633","21.3","2021-11-05",,,"0.00",",,H,0800",,,,
"USC00160462","30.5669","-91.1633","21.3","2021-11-06",,,"0.00",",,H,0800",,,,
"USC00160462","30.5669","-91.1633","21.3","2021-11-07",,,"0.00",",,H,0800",,,,
"USC00160462","30.5669","-91.1633","21.3","2021-11-08",,,"0.00",",,H,0800",,,,
"USC00160462","30.5669","-91.1633","21.3","2021-11-09",,,"0.00",",,H,0800",,,,
"USC00160462","30.5669","-91.1633","21.3","2021-11-10",,,"0.00",",,H,0800",,,,
"USC00160462","30.5669","-91.1633","21.3","2021-11-16",,,"0.00",",,H,0800",,,,
"USC00160462","30.5669","-91.1633","21.3","2021-11-17",,,"0.00",",,H,0800",,,,
"USC00160462","30.5669","-91.1633","21.3","2021-11-18",,,"0.00",",,H,0800",,,,
"USC00160462","30.5669","-91.1633","21.3","2021-11-19",,,"0.00",",,H,0800",,,,
"USC00160462","30.5669","-91.1633","21.3","2021-11-23",,,"0.00",",,H,0800",,,,
"USC00164700","30.2002","-92.6641","7.6","2021-08-01",,,"0.00",",,7,0800",,,,
"USC00164700","30.2002","-92.6641","7.6","2021-08-02",,,"0.13",",,7,0800",,,,
"USC00164700","30.2002","-92.6641","7.6","2021-08-03",,,"0.01",",,7,0800",,,,
"USC00164700","30.2002","-92.6641","7.6","2021-08-04",,,"0.95",",,7,0800",,,,
"USC00164700","30.2002","-92.6641","7.6","2021-08-05",,,"0.00",",,7,0800",,,,
"USC00164700","30.2002","-92.6641","7.6","2021-08-06",,,"0.00",",,7,0800",,,,
"USC00164700","30.2002","-92.6641","7.6","2021-08-07",,,"0.00",",,7,0800",,,,
"USC00164700","30.2002","-92.6641","7.6","2021-08-08",,,"0.23",",,7,0800",,,,
"USC00164700","30.2002","-92.6641","7.6","2021-08-09",,,"0.00",",,7,0800",,,,
"USC00164700","30.2002","-92.6641","7.6","2021-08-10",,,"0.00",",,7,0800",,,,
"USC00164700","30.2002","-92.6641","7.6","2021-08-11",,,"0.00",",,7,0800",,,,
"USC00164700","30.2002","-92.6641","7.6","2021-08-12",,,"0.00",",,7,0800",,,,
"USC00164700","30.2002","-92.6641","7.6","2021-08-13",,,"0.12",",,7,0800",,,,
"USC00164700","30.2002","-92.6641","7.6","2021-08-14",,,"0.00",",,7,0800",,,,
"USC00164700","30.2002","-92.6641","7.6","2021-08-15",,,"0.34",",,7,0800",,,,
"USC00164700","30.2002","-92.6641","7.6","2021-08-16",,,"0.00","T,,7,0800",,,,
"USC00164700","30.2002","-92.6641","7.6","2021-08-17",,,"0.00","T,,7,0800",,,,
"USC00164700","30.2002","-92.6641","7.6","2021-08-18",,,"0.00",",,7,0800",,,,
"USC00164700","30.2002","-92.6641","7.6","2021-08-19",,,"0.20",",,7,0800",,,,
"USC00164700","30.2002","-92.6641","7.6","2021-08-20",,,"0.02",",,7,0800",,,,
"USC00164700","30.2002","-92.6641","7.6","2021-08-21",,,"0.00",",,7,0800",,,,
"USC00164700","30.2002","-92.6641","7.6","2021-08-22",,,"0.00","T,,7,0800",,,,
"USC00164700","30.2002","-92.6641","7.6","2021-08-23",,,"0.00",",,7,0800",,,,
"USC00164700","30.2002","-92.6641","7.6","2021-08-24",,,"0.00",",,7,0800",,,,
"USC00164700","30.2002","-92.6641","7.6","2021-08-25",,,"0.65",",,7,0800",,,,
"USC00164700","30.2002","-92.6641","7.6","2021-08-26",,,"0.00",",,7,0800",,,,
"USC00164700","30.2002","-92.6641","7.6","2021-08-27",,,"0.12",",,7,0800",,,,
"USC00164700","30.2002","-92.6641","7.6","2021-08-28",,,"0.00","T,,7,0800",,,,
"USC00164700","30.2002","-92.6641","7.6","2021-08-29",,,"0.43",",,7,0800",,,,
"USC00164700","30.2002","-92.6641","7.6","2021-08-30",,,"0.03",",,7,0800",,,,
"USC00164700","30.2002","-92.6641","7.6","2021-08-31",,,"0.00",",,7,0800",,,,
"USC00164700","30.2002","-92.6641","7.6","2021-09-01",,,"0.00","T,,7,0800",,,,
"USC00164700","30.2002","-92.6641","7.6","2021-09-02",,,"0.07",",,7,0800",,,,
"USC00164700","30.2002","-92.6641","7.6","2021-09-03",,,"0.00",",,7,0800",,,,
"USC00164700","30.2002","-92.6641","7.6","2021-09-04",,,"0.60",",,7,0800",,,,
"USC00164700","30.2002","-92.6641","7.6","2021-09-05",,,"0.00",",,7,0800",,,,
"USC00164700","30.2002","-92.6641","7.6","2021-09-06",,,"0.00",",,7,0800",,,,
"USC00164700","30.2002","-92.6641","7.6","2021-09-07",,,"0.20",",,7,0800",,,,
"USC00164700","30.2002","-92.6641","7.6","2021-09-08",,,"0.00",",,7,0800",,,,
"USC00164700","30.2002","-92.6641","7.6","2021-09-09",,,"0.00",",,7,0800",,,,
"USC00164700","30.2002","-92.6641","7.6","2021-09-10",,,"0.00",",,7,0800",,,,
"USC00164700","30.2002","-92.6641","7.6","2021-09-11",,,"0.00",",,7,0800",,,,
"USC00164700","30.2002","-92.6641","7.6","2021-09-12",,,"0.00",",,7,0800",,,,
"USC00164700","30.2002","-92.6641","7.6","2021-09-13",,,"0.13",",,7,0800",,,,
"USC00164700","30.2002","-92.6641","7.6","2021-09-14",,,"2.13",",,7,0800",,,,
"USC00164700","30.2002","-92.6641","7.6","2021-09-15",,,"2.64",",,7,0800",,,,
"USC00164700","30.2002","-92.6641","7.6","2021-09-16",,,"0.35",",,7,0800",,,,
"USC00164700","30.2002","-92.6641","7.6","2021-09-17",,,"0.60",",,7,0800",,,,
"USC00164700","30.2002","-92.6641","7.6","2021-09-18",,,"0.01",",,7,0800",,,,
"USC00164700","30.2002","-92.6641","7.6","2021-09-19",,,"0.00",",,7,0800",,,,
"USC00164700","30.2002","-92.6641","7.6","2021-09-20",,,"0.17",",,7,0800",,,,
"USC00164700","30.2002","-92.6641","7.6","2021-09-21",,,"0.00",",,7,0800",,,,
"USC00164700","30.2002","-92.6641","7.6","2021-09-22",,,"0.26",",,7,0800",,,,
"USC00164700","30.2002","-92.6641","7.6","2021-09-23",,,"0.00",",,7,0800",,,,
"USC00164700","30.2002","-92.6641","7.6","2021-09-24",,,"0.00",",,7,0800",,,,
"USC00164700","30.2002","-92.6641","7.6","2021-09-25",,,"0.00",",,7,0800",,,,
"USC00164700","30.2002","-92.6641","7.6","2021-09-26",,,"0.00",",,7,0800",,,,
"USC00164700","30.2002","-92.6641","7.6","2021-09-27",,,"0.00",",,7,0800",,,,
"USC00164700","30.2002","-92.6641","7.6","2021-09-28",,,"0.03",",,7,0800",,,,
"USC00164700","30.2002","-92.6641","7.6","2021-09-29",,,"2.50",",,7,0800",,,,
"USC00164700","30.2002","-92.6641","7.6","2021-09-30",,,"0.18",",,7,0800",,,,
"USC00164700","30.2002","-92.6641","7.6","2021-10-01",,,"1.91",",,7,0800",,,,
"USC00164700","30.2002","-92.6641","7.6","2021-10-02",,,"0.02",",,7,0800",,,,
"USC00164700","30.2002","-92.6641","7.6","2021-10-03",,,"0.01",",,7,0800",,,,
"USC00164700","30.2002","-92.6641","7.6","2021-10-04",,,"0.02",",,7,0800",,,,
"USC00164700","30.2002","-92.6641","7.6","2021-10-05",,,"0.00",",,7,0800",,,,
"USC00164700","30.2002","-92.6641","7.6","2021-10-06",,,"0.00",",,7,0800",,,,
"USC00164700","30.2002","-92.6641","7.6","2021-10-07",,,"0.00",",,7,0800",,,,
"USC00164700","30.2002","-92.6641","7.6","2021-10-08",,,"0.00",",,7,0800",,,,
"USC00164700","30.2002","-92.6641","7.6","2021-10-09",,,"0.00",",,7,0800",,,,
"USC00164700","30.2002","-92.6641","7.6","2021-10-10",,,"0.00",",,7,0800",,,,
"USC00164700","30.2002","-92.6641","7.6","2021-10-11",,,"0.00",",,7,0800",,,,
"USC00164700","30.2002","-92.6641","7.6","2021-10-12",,,"0.00","T,,7,0800",,,,
"USC00164700","30.2002","-92.6641","7.6","2021-10-13",,,"0.00",",,7,0800",,,,
"USC00164700","30.2002","-92.6641","7.6","2021-10-14",,,"0.00",",,7,0800",,,,
"USC00164700","30.2002","-92.6641","7.6","2021-10-15",,,"0.01",",,7,0800",,,,
"USC00164700","30.2002","-92.6641","7.6","2021-10-16",,,"0.00","T,,7,0800",,,,
"USC00164700","30.2002","-92.6641","7.6","2021-10-17",,,"0.00",",,7,0800",,,,
"USC00164700","30.2002","-92.6641","7.6","2021-10-18",,,"0.00",",,7,0800",,,,
"USC00164700","30.2002","-92.6641","7.6","2021-10-19",,,"0.00",",,7,0800",,,,
"USC00164700","30.2002","-92.6641","7.6","2021-10-20",,,"0.00",",,7,0800",,,,
"USC00164700","30.2002","-92.6641","7.6","2021-10-21",,,"0.00",",,7,0800",,,,
"USC00164700","30.2002","-92.6641","7.6","2021-10-22",,,"0.00",",,7,0800",,,,
"USC00164700","30.2002","-92.6641","7.6","2021-10-23",,,"0.00",",,7,0800",,,,
"USC00164700","30.2002","-92.6641","7.6","2021-10-24",,,"0.15",",,7,0800",,,,
"USC00164700","30.2002","-92.6641","7.6","2021-10-25",,,"0.00",",,7,0800",,,,
"USC00164700","30.2002","-92.6641","7.6","2021-10-26",,,"0.00",",,7,0800",,,,
"USC00164700","30.2002","-92.6641","7.6","2021-10-27",,,"0.00",",,7,0800",,,,
"USC00164700","30.2002","-92.6641","7.6","2021-10-28",,,"1.25",",,7,0800",,,,
"USC00164700","30.2002","-92.6641","7.6","2021-10-29",,,"0.00",",,7,0800",,,,
"USC00164700","30.2002","-92.6641","7.6","2021-10-30",,,"0.00",",,7,0800",,,,
"USC00164700","30.2002","-92.6641","7.6","2021-10-31",,,"0.00",",,7,0800",,,,
"USC00164700","30.2002","-92.6641","7.6","2021-11-01",,,"0.00",",,H,0800",,,,
"USC00164700","30.2002","-92.6641","7.6","2021-11-02",,,"0.00",",,H,0800",,,,
"USC00164700","30.2002","-92.6641","7.6","2021-11-03",,,"0.00",",,H,0800",,,,
"USC00164700","30.2002","-92.6641","7.6","2021-11-04",,,"0.10",",,H,0800",,,,
"USC00164700","30.2002","-92.6641","7.6","2021-11-05",,,"0.00",",,H,0800",,,,
"USC00164700","30.2002","-92.6641","7.6","2021-11-06",,,"0.00",",,H,0800",,,,
"USC00164700","30.2002","-92.6641","7.6","2021-11-07",,,"0.00",",,H,0800",,,,
"USC00164700","30.2002","-92.6641","7.6","2021-11-08",,,"0.00",",,H,0800",,,,
"USC00164700","30.2002","-92.6641","7.6","2021-11-09",,,"0.00",",,H,0800",,,,
"USC00164700","30.2002","-92.6641","7.6","2021-11-10",,,"0.00",",,H,0800",,,,
"USC00164700","30.2002","-92.6641","7.6","2021-11-11",,,"0.26",",,H,0800",,,,
"USC00164700","30.2002","-92.6641","7.6","2021-11-12",,,"0.02",",,H,0800",,,,
"USC00164700","30.2002","-92.6641","7.6","2021-11-13",,,"0.00",",,H,0800",,,,
"USC00164700","30.2002","-92.6641","7.6","2021-11-14",,,"0.00",",,H,0800",,,,
"USC00164700","30.2002","-92.6641","7.6","2021-11-15",,,"0.00",",,H,0800",,,,
"USC00164700","30.2002","-92.6641","7.6","2021-11-16",,,"0.00",",,H,0800",,,,
"USC00164700","30.2002","-92.6641","7.6","2021-11-17",,,"0.00",",,H,0800",,,,
"USC00164700","30.2002","-92.6641","7.6","2021-11-18",,,"0.00",",,H,0800",,,,
"USC00164700","30.2002","-92.6641","7.6","2021-11-19",,,"0.00",",,H,0800",,,,
"USC00164700","30.2002","-92.6641","7.6","2021-11-20",,,"0.00",",,H,0800",,,,
"USC00164700","30.2002","-92.6641","7.6","2021-11-21",,,,,,,,
"USC00164700","30.2002","-92.6641","7.6","2021-11-22",,,"0.16",",,H,0800",,,,
"USC00164700","30.2002","-92.6641","7.6","2021-11-23",,,"0.00",",,H,0800",,,,
"USC00164700","30.2002","-92.6641","7.6","2021-11-24",,,"0.00",",,H,0800",,,,
"USC00164700","30.2002","-92.6641","7.6","2021-11-25",,,"0.00",",,H,0800",,,,
"USC00164700","30.2002","-92.6641","7.6","2021-11-26",,,"0.05",",,H,0800",,,,
"USC00164700","30.2002","-92.6641","7.6","2021-11-27",,,"0.00",",,H,0800",,,,
"USC00164700","30.2002","-92.6641","7.6","2021-11-28",,,"0.36",",,H,0800",,,,
"US1MECM0008","43.71213","-70.288869","45.1","2021-08-01",,,"0.00",",,N","0.0",",,N",,
"US1MECM0008","43.71213","-70.288869","45.1","2021-08-02",,,"0.02",",,N",,,,
"US1MECM0008","43.71213","-70.288869","45.1","2021-08-03",,,"0.00",",,N","0.0",",,N",,
"US1MECM0008","43.71213","-70.288869","45.1","2021-08-04",,,"0.00",",,N","0.0",",,N",,
"US1MECM0008","43.71213","-70.288869","45.1","2021-08-05",,,"0.30",",,N",,,,
"US1MECM0008","43.71213","-70.288869","45.1","2021-08-06",,,"0.30",",,N",,,,
"US1MECM0008","43.71213","-70.288869","45.1","2021-08-07",,,"0.00",",,N","0.0",",,N",,
"US1MECM0008","43.71213","-70.288869","45.1","2021-08-08",,,"0.00",",,N","0.0",",,N",,
"US1MECM0008","43.71213","-70.288869","45.1","2021-08-09",,,"0.00",",,N","0.0",",,N",,
"US1MECM0008","43.71213","-70.288869","45.1","2021-08-10",,,"0.01",",,N",,,,
"US1MECM0008","43.71213","-70.288869","45.1","2021-08-11",,,"0.00","T,,N",,,,
"US1MECM0008","43.71213","-70.288869","45.1","2021-08-12",,,"0.00","T,,N",,,,
"US1MECM0008","43.71213","-70.288869","45.1","2021-08-13",,,"0.00",",,N","0.0",",,N",,
"US1MECM0008","43.71213","-70.288869","45.1","2021-08-14",,,"0.00",",,N","0.0",",,N",,
"US1MECM0008","43.71213","-70.288869","45.1","2021-08-15",,,"0.00",",,N","0.0",",,N",,
"US1MECM0008","43.71213","-70.288869","45.1","2021-08-16",,,"0.00",",,N","0.0",",,N",,
"US1MECM0008","43.71213","-70.288869","45.1","2021-08-17",,,"0.00",",,N","0.0",",,N",,
"US1MECM0008","43.71213","-70.288869","45.1","2021-08-18",,,"0.00","T,,N",,,,
"US1MECM0008","43.71213","-70.288869","45.1","2021-08-19",,,"0.00","T,,N",,,,
"US1MECM0008","43.71213","-70.288869","45.1","2021-08-20",,,"0.83",",,N",,,,
"US1MECM0008","43.71213","-70.288869","45.1","2021-08-21",,,"0.00",",,N","0.0",",,N",,
"US1MECM0008","43.71213","-70.288869","45.1","2021-08-22",,,"0.00",",,N","0.0",",,N",,
"US1MECM0008","43.71213","-70.288869","45.1","2021-08-23",,,"0.41",",,N",,,,
"US1MECM0008","43.71213","-70.288869","45.1","2021-08-24",,,"0.06",",,N",,,,
"US1MECM0008","43.71213","-70.288869","45.1","2021-08-25",,,"0.00",",,N","0.0",",,N",,
"US1MECM0008","43.71213","-70.288869","45.1","2021-08-26",,,"0.00",",,N","0.0",",,N",,
"US1MECM0008","43.71213","-70.288869","45.1","2021-08-27",,,"0.00",",,N","0.0",",,N",,
"US1MECM0008","43.71213","-70.288869","45.1","2021-08-28",,,"0.00",",,N","0.0",",,N",,
"US1MECM0008","43.71213","-70.288869","45.1","2021-08-29",,,"0.00",",,N","0.0",",,N",,
"US1MECM0008","43.71213","-70.288869","45.1","2021-08-30",,,"0.00",",,N","0.0",",,N",,
"US1MECM0008","43.71213","-70.288869","45.1","2021-08-31",,,"0.18",",,N",,,,
"US1MECM0008","43.71213","-70.288869","45.1","2021-09-01",,,"0.00",",,N","0.0",",,N",,
"US1MECM0008","43.71213","-70.288869","45.1","2021-09-02",,,"1.80",",,N",,,,
"US1MECM0008","43.71213","-70.288869","45.1","2021-09-03",,,"0.01",",,N",,,,
"US1MECM0008","43.71213","-70.288869","45.1","2021-09-04",,,"0.00",",,N","0.0",",,N",,
"US1MECM0008","43.71213","-70.288869","45.1","2021-09-05",,,"0.00",",,N","0.0",",,N",,
"US1MECM0008","43.71213","-70.288869","45.1","2021-09-06",,,"0.19",",,N",,,,
"US1MECM0008","43.71213","-70.288869","45.1","2021-09-07",,,"0.02",",,N",,,,
"US1MECM0008","43.71213","-70.288869","45.1","2021-09-08",,,"0.00",",,N","0.0",",,N",,
"US1MECM0008","43.71213","-70.288869","45.1","2021-09-09",,,"0.02",",,N",,,,
"US1MECM0008","43.71213","-70.288869","45.1","2021-09-10",,,"0.98",",,N",,,,
"US1MECM0008","43.71213","-70.288869","45.1","2021-09-11",,,"0.00",",,N","0.0",",,N",,
"US1MECM0008","43.71213","-70.288869","45.1","2021-09-12",,,"0.00",",,N","0.0",",,N",,
"US1MECM0008","43.71213","-70.288869","45.1","2021-09-13",,,"0.02",",,N",,,,
"US1MECM0008","43.71213","-70.288869","45.1","2021-09-14",,,"0.00",",,N","0.0",",,N",,
"US1MECM0008","43.71213","-70.288869","45.1","2021-09-15",,,"0.00",",,N","0.0",",,N",,
"US1MECM0008","43.71213","-70.288869","45.1","2021-09-16",,,"0.27",",,N",,,,
"US1MECM0008","43.71213","-70.288869","45.1","2021-09-17",,,"0.00",",,N","0.0",",,N",,
"US1MECM0008","43.71213","-70.288869","45.1","2021-09-18",,,"0.01",",,N",,,,
"US1MECM0008","43.71213","-70.288869","45.1","2021-09-19",,,"0.39",",,N",,,,
"US1MECM0008","43.71213","-70.288869","45.1","2021-09-20",,,"0.00",",,N","0.0",",,N",,
"US1MECM0008","43.71213","-70.288869","45.1","2021-09-21",,,"0.00",",,N","0.0",",,N",,
"US1MECM0008","43.71213","-70.288869","45.1","2021-09-22",,,"0.00",",,N","0.0",",,N",,
"US1MECM0008","43.71213","-70.288869","45.1","2021-09-23",,,"0.00","T,,N",,,,
"US1MECM0008","43.71213","-70.288869","45.1","2021-09-24",,,"0.00","T,,N",,,,
"US1MECM0008","43.71213","-70.288869","45.1","2021-09-25",,,"0.30",",,N",,,,
"US1MECM0008","43.71213","-70.288869","45.1","2021-09-26",,,"0.37",",,N",,,,
"US1MECM0128","43.609","-70.286","12.5","2021-08-01",,,"0.00",",,N","0.0",",,N",,
"US1MECM0128","43.609","-70.286","12.5","2021-08-02",,,"0.02",",,N",,,,
"US1MECM0128","43.609","-70.286","12.5","2021-08-03",,,"0.00",",,N","0.0",",,N",,
"US1MECM0128","43.609","-70.286","12.5","2021-08-04",,,"0.00",",,N","0.0",",,N",,
"US1MECM0128","43.609","-70.286","12.5","2021-08-06",,,,,,,,
"US1MECM0128","43.609","-70.286","12.5","2021-08-07",,,"0.00",",,N","0.0",",,N",,
"US1MECM0128","43.609","-70.286","12.5","2021-08-08",,,"0.00",",,N","0.0",",,N",,
"US1MECM0128","43.609","-70.286","12.5","2021-08-09",,,"0.00",",,N","0.0",",,N",,
"US1MECM0128","43.609","-70.286","12.5","2021-08-10",,,"0.03",",,N",,,,
"US1MECM0128","43.609","-70.286","12.5","2021-08-11",,,"0.01",",,N",,,,
"US1MECM0128","43.609","-70.286","12.5","2021-08-12",,,"0.00",",,N","0.0",",,N",,
"US1MECM0128","43.609","-70.286","12.5","2021-08-13",,,"0.00",",,N","0.0",",,N",,
"US1MECM0128","43.609","-70.286","12.5","2021-08-14",,,"0.00",",,N","0.0",",,N",,
"US1MECM0128","43.609","-70.286","12.5","2021-08-15",,,"0.00","T,,N",,,,
"US1MECM0128","43.609","-70.286","12.5","2021-08-16",,,"0.00",",,N","0.0",",,N",,
"US1MECM0128","43.609","-70.286","12.5","2021-08-17",,,"0.00",",,N","0.0",",,N",,
"US1MECM0128","43.609","-70.286","12.5","2021-08-18",,,"0.00","T,,N",,,,
"US1MECM0128","43.609","-70.286","12.5","2021-08-19",,,"0.00","T,,N",,,,
"US1MECM0128","43.609","-70.286","12.5","2021-08-20",,,"1.20",",,N",,,,
"US1MECM0128","43.609","-70.286","12.5","2021-08-21",,,"0.00","T,,N",,,,
"US1MECM0128","43.609","-70.286","12.5","2021-08-22",,,"0.01",",,N",,,,
"US1MECM0128","43.609","-70.286","12.5","2021-08-23",,,"0.66",",,N",,,,
"US1MECM0128","43.609","-70.286","12.5","2021-08-24",,,"0.25",",,N",,,,
"US1MECM0128","43.609","-70.286","12.5","2021-08-25",,,"0.00",",,N","0.0",",,N",,
"US1MECM0128","43.609","-70.286","12.5","2021-08-26",,,"0.00",",,N","0.0",",,N",,
"US1MECM0128","43.609","-70.286","12.5","2021-08-27",,,"0.00",",,N","0.0",",,N",,
"US1MECM0128","43.609","-70.286","12.5","2021-08-28",,,"0.00",",,N","0.0",",,N",,
"US1MECM0128","43.609","-70.286","12.5","2021-08-30",,,"0.00",",,N","0.0",",,N",,
"US1MECM0128","43.609","-70.286","12.5","2021-08-31",,,"0.06",",,N",,,,
"US1MECM0128","43.609","-70.286","12.5","2021-09-01",,,"0.00",",,N","0.0",",,N",,
"US1MECM0128","43.609","-70.286","12.5","2021-09-02",,,"1.98",",,N",,,,
"US1MECM0128","43.609","-70.286","12.5","2021-09-03",,,"0.03",",,N",,,,
"US1MECM0128","43.609","-70.286","12.5","2021-09-04",,,"0.00",",,N","0.0",",,N",,
"US1MECM0128","43.609","-70.286","12.5","2021-09-05",,,"0.00",",,N","0.0",",,N",,
"US1MECM0128","43.609","-70.286","12.5","2021-09-06",,,"0.13",",,N",,,,
"US1MECM0128","43.609","-70.286","12.5","2021-09-07",,,"0.02",",,N",,,,
"US1MECM0128","43.609","-70.286","12.5","2021-09-08",,,"0.00",",,N","0.0",",,N",,
"US1MECM0128","43.609","-70.286","12.5","2021-09-09",,,"0.05",",,N",,,,
"US1MECM0128","43.609","-70.286","12.5","2021-09-10",,,"1.02",",,N",,,,
"US1MECM0128","43.609","-70.286","12.5","2021-09-11",,,"0.02",",,N",,,,
"US1MECM0128","43.609","-70.286","12.5","2021-09-12",,,"0.00",",,N","0.0",",,N",,
"US1MECM0128","43.609","-70.286","12.5","2021-09-13",,,"0.04",",,N",,,,
"US1MECM0128","43.609","-70.286","12.5","2021-09-14",,,"0.00",",,N","0.0",",,N",,
"US1MECM0128","43.609","-70.286","12.5","2021-09-15",,,"0.00","T,,N",,,,
"US1MECM0128","43.609","-70.286","12.5","2021-09-16",,,"0.25",",,N",,,,
"US1MECM0128","43.609","-70.286","12.5","2021-09-17",,,"0.00",",,N","0.0",",,N",,
"US1MECM0128","43.609","-70.286","12.5","2021-09-18",,,"0.02",",,N",,,,
"US1MECM0128","43.609","-70.286","12.5","2021-09-19",,,"0.50",",,N",,,,
"US1MECM0128","43.609","-70.286","12.5","2021-09-20",,,"0.00",",,N","0.0",",,N",,
"US1MECM0128","43.609","-70.286","12.5","2021-09-21",,,"0.00",",,N","0.0",",,N",,
"US1MECM0128","43.609","-70.286","12.5","2021-09-22",,,"0.00","T,,N",,,,
"US1MECM0128","43.609","-70.286","12.5","2021-09-23",,,"0.00",",,N","0.0",",,N",,
"US1MECM0128","43.609","-70.286","12.5","2021-09-25",,,"0.11",",,N",,,,
"US1MECM0128","43.609","-70.286","12.5","2021-09-26",,,"0.43",",,N",,,,
"US1MECM0128","43.609","-70.286","12.5","2021-09-27",,,"0.35",",,N",,,,
"US1MECM0128","43.609","-70.286","12.5","2021-09-28",,,"0.00","T,,N",,,,
"US1MECM0128","43.609","-70.286","12.5","2021-09-29",,,"0.02",",,N",,,,
"US1MECM0128","43.609","-70.286","12.5","2021-09-30",,,"0.00","T,,N","0.0",",,N",,
"US1MECM0128","43.609","-70.286","12.5","2021-10-01",,,"0.12",",,N",,,,
"US1MECM0128","43.609","-70.286","12.5","2021-10-02",,,"0.00","T,,N","0.0",",,N",,
"US1MECM0128","43.609","-70.286","12.5","2021-10-03",,,"0.02",",,N",,,,
"US1MECM0128","43.609","-70.286","12.5","2021-10-04",,,"0.06",",,N",,,,
"US1MECM0128","43.609","-70.286","12.5","2021-10-05",,,"0.09",",,N",,,,
"US1MECM0128","43.609","-70.286","12.5","2021-10-06",,,"0.00",",,N","0.0",",,N",,
"US1MECM0128","43.609","-70.286","12.5","2021-10-07",,,"0.00",",,N","0.0",",,N",,
"US1MECM0128","43.609","-70.286","12.5","2021-10-08",,,"0.00",",,N","0.0",",,N",,
"US1MECM0128","43.609","-70.286","12.5","2021-10-09",,,"0.00",",,N","0.0",",,N",,
"US1MECM0128","43.609","-70.286","12.5","2021-10-10",,,"0.00",",,N","0.0",",,N",,
"US1MECM0128","43.609","-70.286","12.5","2021-10-11",,,"0.00","T,,N",,,,
"US1MECM0128","43.609","-70.286","12.5","2021-10-12",,,"0.00",",,N","0.0",",,N",,
"US1MECM0128","43.609","-70.286","12.5","2021-10-13",,,"0.00",",,N","0.0",",,N",,
"US1MECM0128","43.609","-70.286","12.5","2021-10-14",,,"0.00",",,N","0.0",",,N",,
"US1MECM0128","43.609","-70.286","12.5","2021-10-15",,,"0.00",",,N","0.0",",,N",,
"US1MECM0128","43.609","-70.286","12.5","2021-10-16",,,"0.70",",,N",,,,
"US1MECM0128","43.609","-70.286","12.5","2021-10-17",,,"0.40",",,N",,,,
"US1MECM0128","43.609","-70.286","12.5","2021-10-18",,,"0.03",",,N",,,,
"US1MECM0128","43.609","-70.286","12.5","2021-10-19",,,"0.00","T,,N",,,,
"US1MECM0128","43.609","-70.286","12.5","2021-10-20",,,"0.00",",,N","0.0",",,N",,
"US1MECM0128","43.609","-70.286","12.5","2021-10-21",,,"0.00",",,N","0.0",",,N",,
"US1MECM0128","43.609","-70.286","12.5","2021-10-22",,,"0.02",",,N",,,,
"US1MECM0128","43.609","-70.286","12.5","2021-10-23",,,"0.00",",,N","0.0",",,N",,
"US1MECM0128","43.609","-70.286","12.5","2021-10-24",,,"0.00",",,N","0.0",",,N",,
"US1MECM0128","43.609","-70.286","12.5","2021-10-25",,,"0.02",",,N",,,,
"US1MECM0128","43.609","-70.286","12.5","2021-10-26",,,"0.30",",,N",,,,
"US1MECM0128","43.609","-70.286","12.5","2021-10-27",,,"1.33",",,N",,,,
"US1MECM0128","43.609","-70.286","12.5","2021-10-28",,,"0.19",",,N",,,,
"US1MECM0128","43.609","-70.286","12.5","2021-10-29",,,"0.00",",,N","0.0",",,N",,
"US1MECM0128","43.609","-70.286","12.5","2021-10-30",,,"0.06",",,N",,,,
"US1MECM0128","43.609","-70.286","12.5","2021-10-31",,,"3.84",",,N",,,,
"US1MECM0128","43.609","-70.286","12.5","2021-11-01",,,"0.02",",,N",,,,
"US1MECM0128","43.609","-70.286","12.5","2021-11-02",,,"0.00",",,N","0.0",",,N",,
"US1MECM0128","43.609","-70.286","12.5","2021-11-03",,,"0.00",",,N","0.0",",,N",,
"US1MECM0128","43.609","-70.286","12.5","2021-11-04",,,"0.00","T,,N",,,,
"US1MECM0128","43.609","-70.286","12.5","2021-11-05",,,"0.00",",,N","0.0",",,N",,
"US1MECM0128","43.609","-70.286","12.5","2021-11-06",,,"0.00",",,N","0.0",",,N",,
"US1MECM0128","43.609","-70.286","12.5","2021-11-07",,,"0.00",",,N","0.0",",,N",,
"US1MECM0128","43.609","-70.286","12.5","2021-11-08",,,"0.00",",,N","0.0",",,N",,
"US1MECM0128","43.609","-70.286","12.5","2021-11-09",,,"0.00",",,N","0.0",",,N",,
"US1MECM0128","43.609","-70.286","12.5","2021-11-10",,,"0.01",",,N",,,,
"US1MECM0128","43.609","-70.286","12.5","2021-11-11",,,"0.11",",,N",,,,
"US1MECM0128","43.609","-70.286","12.5","2021-11-12",,,"0.00","T,,N",,,,
"US1MECM0128","43.609","-70.286","12.5","2021-11-13",,,"1.48",",,N",,,,
"US1MECM0128","43.609","-70.286","12.5","2021-11-14",,,"0.35",",,N",,,,
"US1MECM0128","43.609","-70.286","12.5","2021-11-15",,,"0.18",",,N",,,,
"US1MECM0128","43.609","-70.286","12.5","2021-11-16",,,"0.00","T,,N",,,,
"US1MECM0128","43.609","-70.286","12.5","2021-11-17",,,"0.00",",,N","0.0",",,N",,
"US1MECM0128","43.609","-70.286","12.5","2021-11-18",,,"0.00",",,N","0.0",",,N",,
"US1MECM0128","43.609","-70.286","12.5","2021-11-19",,,"0.30",",,N",,,,
"US1MECM0128","43.609","-70.286","12.5","2021-11-20",,,"0.00","T,,N","0.0","T,,N",,
"US1MECM0128","43.609","-70.286","12.5","2021-11-21",,,"0.00",",,N","0.0",",,N",,
"US1MECM0128","43.609","-70.286","12.5","2021-11-22",,,"0.45",",,N",,,,
"US1MECM0128","43.609","-70.286","12.5","2021-11-23",,,"0.09",",,N",,,,
"US1MECM0128","43.609","-70.286","12.5","2021-11-24",,,"0.00",",,N","0.0",",,N",,
"US1MECM0128","43.609","-70.286","12.5","2021-11-25",,,"0.00",",,N","0.0",",,N",,
"US1MECM0128","43.609","-70.286","12.5","2021-11-26",,,"0.00",",,N","0.0",",,N",,
"US1MECM0128","43.609","-70.286","12.5","2021-11-27",,,"0.46",",,N","0.1",",,N",,
"US1MECM0128","43.609","-70.286","12.5","2021-11-28",,,"0.00",",,N","0.0",",,N",,
"US1MEWS0008","44.8569","-67.0683","16.8","2021-08-01",,,"0.00",",,N","0.0",",,N",,
"US1MEWS0008","44.8569","-67.0683","16.8","2021-08-02",,,"0.01",",,N",,,,
"US1MEWS0008","44.8569","-67.0683","16.8","2021-08-03",,,"0.06",",,N",,,,
"US1MEWS0008","44.8569","-67.0683","16.8","2021-08-04",,,"0.00",",,N","0.0",",,N",,
"US1MEWS0008","44.8569","-67.0683","16.8","2021-08-05",,,"1.48",",,N",,,,
"US1MEWS0008","44.8569","-67.0683","16.8","2021-08-06",,,"0.42",",,N",,,,
"US1MEWS0008","44.8569","-67.0683","16.8","2021-08-07",,,"0.00","T,,N",,,,
"US1MEWS0008","44.8569","-67.0683","16.8","2021-08-08",,,"0.00",",,N","0.0",",,N",,
"US1MEWS0008","44.8569","-67.0683","16.8","2021-08-09",,,"0.00",",,N","0.0",",,N",,
"US1MEWS0008","44.8569","-67.0683","16.8","2021-08-10",,,"0.00",",,N","0.0",",,N",,
"US1MEWS0008","44.8569","-67.0683","16.8","2021-08-11",,,"0.00",",,N","0.0",",,N",,
"US1MEWS0008","44.8569","-67.0683","16.8","2021-08-12",,,"0.00",",,N","0.0",",,N",,
"US1MEWS0008","44.8569","-67.0683","16.8","2021-08-13",,,"0.00","T,,N",,,,
"US1MEWS0008","44.8569","-67.0683","16.8","2021-08-14",,,"0.00",",,N","0.0",",,N",,
"US1MEWS0008","44.8569","-67.0683","16.8","2021-08-15",,,"0.00",",,N","0.0",",,N",,
"US1MEWS0008","44.8569","-67.0683","16.8","2021-08-16",,,"0.00",",,N","0.0",",,N",,
"US1MEWS0008","44.8569","-67.0683","16.8","2021-08-17",,,"0.00",",,N","0.0",",,N",,
"US1MEWS0008","44.8569","-67.0683","16.8","2021-08-18",,,"0.00",",,N","0.0",",,N",,
"US1MEWS0008","44.8569","-67.0683","16.8","2021-08-19",,,"0.10",",,N",,,,
"US1MEWS0008","44.8569","-67.0683","16.8","2021-08-20",,,"0.34",",,N",,,,
"US1MEWS0008","44.8569","-67.0683","16.8","2021-08-21",,,"0.00",",,N","0.0",",,N",,
"US1MEWS0008","44.8569","-67.0683","16.8","2021-08-22",,,"0.00",",,N","0.0",",,N",,
"US1MEWS0008","44.8569","-67.0683","16.8","2021-08-23",,,"0.15",",,N",,,,
"US1MEWS0008","44.8569","-67.0683","16.8","2021-08-24",,,"0.00",",,N","0.0",",,N",,
"US1MEWS0008","44.8569","-67.0683","16.8","2021-08-25",,,"0.00",",,N","0.0",",,N",,
"US1MEWS0008","44.8569","-67.0683","16.8","2021-08-26",,,"0.00",",,N","0.0",",,N",,
"US1MEWS0008","44.8569","-67.0683","16.8","2021-08-27",,,"0.00",",,N","0.0",",,N",,
"US1MEWS0008","44.8569","-67.0683","16.8","2021-08-28",,,"0.00",",,N","0.0",",,N",,
"US1MEWS0008","44.8569","-67.0683","16.8","2021-08-29",,,"0.00",",,N","0.0",",,N",,
"US1MEWS0008","44.8569","-67.0683","16.8","2021-08-30",,,"0.00",",,N","0.0",",,N",,
"US1MEWS0008","44.8569","-67.0683","16.8","2021-08-31",,,"0.00",",,N","0.0",",,N",,
"US1MEWS0008","44.8569","-67.0683","16.8","2021-09-01",,,"0.00",",,N","0.0",",,N",,
"US1MEWS0008","44.8569","-67.0683","16.8","2021-09-02",,,"1.73",",,N",,,,
"US1MEWS0008","44.8569","-67.0683","16.8","2021-09-03",,,"2.10",",,N",,,,
"US1MEWS0008","44.8569","-67.0683","16.8","2021-09-04",,,"0.11",",,N",,,,
"US1MEWS0008","44.8569","-67.0683","16.8","2021-09-05",,,"0.00",",,N","0.0",",,N",,
"US1MEWS0008","44.8569","-67.0683","16.8","2021-09-06",,,"0.00",",,N","0.0",",,N",,
"US1MEWS0008","44.8569","-67.0683","16.8","2021-09-07",,,"0.03",",,N",,,,
"US1MEWS0008","44.8569","-67.0683","16.8","2021-09-08",,,"0.00",",,N","0.0",",,N",,
"US1MEWS0008","44.8569","-67.0683","16.8","2021-09-09",,,"0.00",",,N","0.0",",,N",,
"US1MEWS0008","44.8569","-67.0683","16.8","2021-09-10",,,"0.62",",,N",,,,
"US1MEWS0008","44.8569","-67.0683","16.8","2021-09-11",,,"0.16",",,N",,,,
"US1MEWS0008","44.8569","-67.0683","16.8","2021-09-12",,,"0.00",",,N","0.0",",,N",,
"US1MEWS0008","44.8569","-67.0683","16.8","2021-09-13",,,"0.01",",,N",,,,
"US1MEWS0008","44.8569","-67.0683","16.8","2021-09-14",,,"0.00",",,N","0.0",",,N",,
"US1MEWS0008","44.8569","-67.0683","16.8","2021-09-15",,,"0.00",",,N","0.0",",,N",,
"US1MEWS0008","44.8569","-67.0683","16.8","2021-09-16",,,"0.06",",,N",,,,
"US1MEWS0008","44.8569","-67.0683","16.8","2021-09-17",,,"0.00",",,N","0.0",",,N",,
"US1MEWS0008","44.8569","-67.0683","16.8","2021-09-18",,,"0.02",",,N",,,,
"US1MEWS0008","44.8569","-67.0683","16.8","2021-09-19",,,"0.00",",,N","0.0",",,N",,
"US1MEWS0008","44.8569","-67.0683","16.8","2021-09-20",,,"0.00",",,N","0.0",",,N",,
"US1MEWS0008","44.8569","-67.0683","16.8","2021-09-21",,,"0.00",",,N","0.0",",,N",,
"US1MEWS0008","44.8569","-67.0683","16.8","2021-09-22",,,"0.00",",,N","0.0",",,N",,
"US1MEWS0008","44.8569","-67.0683","16.8","2021-09-23",,,"0.00",",,N","0.0",",,N",,
"US1MEWS0008","44.8569","-67.0683","16.8","2021-09-24",,,"0.00",",,N","0.0",",,N",,
"US1MEWS0008","44.8569","-67.0683","16.8","2021-09-25",,,"0.02",",,N",,,,
"US1MEWS0008","44.8569","-67.0683","16.8","2021-09-26",,,"0.76",",,N",,,,
"US1MEWS0008","44.8569","-67.0683","16.8","2021-09-27",,,"0.59",",,N",,,,
"US1MEWS0008","44.8569","-67.0683","16.8","2021-09-28",,,"0.01",",,N",,,,
"US1MEWS0008","44.8569","-67.0683","16.8","2021-09-29",,,"0.00",",,N","0.0",",,N",,
"US1MEWS0008","44.8569","-67.0683","16.8","2021-09-30",,,"0.05",",,N",,,,
"US1MEWS0008","44.8569","-67.0683","16.8","2021-10-01",,,"0.02",",,N",,,,
"US1MEWS0008","44.8569","-67.0683","16.8","2021-10-02",,,"0.00",",,N","0.0",",,N",,
"US1MEWS0008","44.8569","-67.0683","16.8","2021-10-03",,,"0.00",",,N","0.0",",,N",,
"US1MEWS0008","44.8569","-67.0683","16.8","2021-10-04",,,"0.00",",,N","0.0",",,N",,
"US1MEWS0008","44.8569","-67.0683","16.8","2021-10-05",,,"0.00",",,N","0.0",",,N",,
"US1MEWS0008","44.8569","-67.0683","16.8","2021-10-06",,,"0.00",",,N","0.0",",,N",,
"US1MEWS0008","44.8569","-67.0683","16.8","2021-10-07",,,"0.00",",,N","0.0",",,N",,
"US1MEWS0008","44.8569","-67.0683","16.8","2021-10-08",,,"0.00",",,N","0.0",",,N",,
"US1MEWS0008","44.8569","-67.0683","16.8","2021-10-09",,,"0.00",",,N","0.0",",,N",,
"US1MEWS0008","44.8569","-67.0683","16.8","2021-10-10",,,"0.00",",,N","0.0",",,N",,
"US1MEWS0008","44.8569","-67.0683","16.8","2021-10-11",,,"0.00",",,N","0.0",",,N",,
"US1MEWS0008","44.8569","-67.0683","16.8","2021-10-12",,,"0.00",",,N","0.0",",,N",,
"US1MEWS0008","44.8569","-67.0683","16.8","2021-10-13",,,"0.00",",,N","0.0",",,N",,
"US1MEWS0008","44.8569","-67.0683","16.8","2021-10-14",,,"0.00",",,N","0.0",",,N",,
"US1MEWS0008","44.8569","-67.0683","16.8","2021-10-15",,,"0.00",",,N","0.0",",,N",,
"US1MEWS0008","44.8569","-67.0683","16.8","2021-10-16",,,"0.12",",,N",,,,
"US1MEWS0008","44.8569","-67.0683","16.8","2021-10-17",,,"0.42",",,N",,,,
"US1MEWS0008","44.8569","-67.0683","16.8","2021-10-18",,,"0.16",",,N",,,,
"US1MEWS0008","44.8569","-67.0683","16.8","2021-10-19",,,"0.00",",,N","0.0",",,N",,
"US1MEWS0008","44.8569","-67.0683","16.8","2021-10-20",,,"0.03",",,N",,,,
"US1MEWS0008","44.8569","-67.0683","16.8","2021-10-21",,,"0.00",",,N","0.0",",,N",,
"US1MEWS0008","44.8569","-67.0683","16.8","2021-10-22",,,"0.01",",,N",,,,
"US1MEWS0008","44.8569","-67.0683","16.8","2021-10-23",,,"0.00","T,,N",,,,
"US1MEWS0008","44.8569","-67.0683","16.8","2021-10-24",,,"0.02",",,N",,,,
"US1MEWS0008","44.8569","-67.0683","16.8","2021-10-25",,,"0.00",",,N","0.0",",,N",,
"US1MEWS0008","44.8569","-67.0683","16.8","2021-10-26",,,"0.04",",,N",,,,
"US1MEWS0008","44.8569","-67.0683","16.8","2021-10-27",,,"0.27",",,N",,,,
"US1MEWS0008","44.8569","-67.0683","16.8","2021-10-28",,,"0.19",",,N",,,,
"US1MEWS0008","44.8569","-67.0683","16.8","2021-10-31",,,"0.83",",,N",,,,
"US1MEWS0008","44.8569","-67.0683","16.8","2021-11-01",,,"0.28",",,N",,,,
"US1MEWS0008","44.8569","-67.0683","16.8","2021-11-02",,,"0.00",",,N","0.0",",,N",,
"US1MEWS0008","44.8569","-67.0683","16.8","2021-11-03",,,"0.00",",,N","0.0",",,N",,
"US1MEWS0008","44.8569","-67.0683","16.8","2021-11-04",,,"0.00",",,N","0.0",",,N",,
"US1MEWS0008","44.8569","-67.0683","16.8","2021-11-05",,,"0.00",",,N","0.0",",,N",,
"US1MEWS0008","44.8569","-67.0683","16.8","2021-11-06",,,"0.00",",,N","0.0",",,N",,
"US1MEWS0008","44.8569","-67.0683","16.8","2021-11-07",,,"0.00",",,N","0.0",",,N",,
"US1MEWS0008","44.8569","-67.0683","16.8","2021-11-08",,,"0.00",",,N","0.0",",,N",,
"US1MEWS0008","44.8569","-67.0683","16.8","2021-11-09",,,"0.00",",,N","0.0",",,N",,
"US1MEWS0008","44.8569","-67.0683","16.8","2021-11-10",,,"0.02",",,N",,,,
"US1MEWS0008","44.8569","-67.0683","16.8","2021-11-11",,,"0.34",",,N",,,,
"US1MEWS0008","44.8569","-67.0683","16.8","2021-11-12",,,"0.02",",,N",,,,
"US1MEWS0008","44.8569","-67.0683","16.8","2021-11-13",,,"0.69",",,N",,,,
"US1MEWS0008","44.8569","-67.0683","16.8","2021-11-14",,,"0.28",",,N",,,,
"US1MEWS0008","44.8569","-67.0683","16.8","2021-11-15",,,"0.09",",,N",,,,
"US1MEWS0008","44.8569","-67.0683","16.8","2021-11-16",,,"0.28",",,N",,,,
"US1MEWS0008","44.8569","-67.0683","16.8","2021-11-17",,,"0.00",",,N","0.0",",,N",,
"US1MEWS0008","44.8569","-67.0683","16.8","2021-11-18",,,"0.24",",,N",,,,
"US1MEWS0008","44.8569","-67.0683","16.8","2021-11-19",,,"0.31",",,N",,,,
"US1MEWS0008","44.8569","-67.0683","16.8","2021-11-20",,,"0.00",",,N","0.0",",,N",,
"US1MEWS0008","44.8569","-67.0683","16.8","2021-11-21",,,"0.01",",,N",,,,
"US1MEWS0008","44.8569","-67.0683","16.8","2021-11-22",,,"0.59",",,N",,,,
"US1MEWS0008","44.8569","-67.0683","16.8","2021-11-23",,,"0.66",",,N",,,,
"USC00160103","31.2488","-92.4488","25.9","2021-08-01",,,"0.00",",,7,2400","0.0",",,7",,
"USC00160103","31.2488","-92.4488","25.9","2021-08-02",,,"0.25",",,7,2400",,,,
"USC00160103","31.2488","-92.4488","25.9","2021-08-03",,,"0.20",",,7,2400",,,,
"USC00160103","31.2488","-92.4488","25.9","2021-08-04",,,"0.00",",,7,2400","0.0",",,7",,
"USC00160103","31.2488","-92.4488","25.9","2021-08-05",,,"0.00",",,7,2400","0.0",",,7",,
"USC00160103","31.2488","-92.4488","25.9","2021-08-06",,,"0.00",",,7,2400",,,,
"USC00160103","31.2488","-92.4488","25.9","2021-08-07",,,"0.00",",,7,2400",,,,
"USC00160103","31.2488","-92.4488","25.9","2021-08-08",,,"0.00",",,7,2400",,,,
"USC00160103","31.2488","-92.4488","25.9","2021-08-09",,,"0.00",",,7,2400",,,,
"USC00160103","31.2488","-92.4488","25.9","2021-08-10",,,"0.00",",,7,2400",,,,
"USC00160103","31.2488","-92.4488","25.9","2021-08-11",,,"0.00",",,7,2400",,,,
"USC00160103","31.2488","-92.4488","25.9","2021-08-12",,,"0.00",",,7,2400",,,,
"USC00160103","31.2488","-92.4488","25.9","2021-08-13",,,"0.00",",,7,2400",,,,
"USC00160103","31.2488","-92.4488","25.9","2021-08-14",,,"0.00",",,7,2400","0.0",",,7",,
"USC00160103","31.2488","-92.4488","25.9","2021-08-15",,,"0.00",",,7,2400","0.0",",,7",,
"USC00160103","31.2488","-92.4488","25.9","2021-08-16",,,"0.00",",,7,2400",,,,
"USC00160103","31.2488","-92.4488","25.9","2021-08-17",,,"0.00",",,7,2400",,,,
"USC00160103","31.2488","-92.4488","25.9","2021-08-18",,,"0.00",",,7,2400","0.0",",,7",,
"USC00160103","31.2488","-92.4488","25.9","2021-08-19",,,"0.40",",,7,2400","0.0",",,7",,
"USC00160103","31.2488","-92.4488","25.9","2021-08-20",,,"0.00",",,7,2400",,,,
"USC00160103","31.2488","-92.4488","25.9","2021-08-21",,,"0.00",",,7,2400",,,,
"USC00160103","31.2488","-92.4488","25.9","2021-08-22",,,"0.00",",,7,2400",,,,
"USC00160103","31.2488","-92.4488","25.9","2021-08-23",,,"0.00",",,7,2400",,,,
"USC00160103","31.2488","-92.4488","25.9","2021-08-24",,,"0.00",",,7,2400","0.0",",,7",,
"USC00160103","31.2488","-92.4488","25.9","2021-08-25",,,"0.00",",,7,2400",,,,
"USC00160103","31.2488","-92.4488","25.9","2021-08-26",,,"0.05",",,7,2400",,,,
"USC00160103","31.2488","-92.4488","25.9","2021-08-27",,,"0.00",",,7,2400",,,,
"USC00160103","31.2488","-92.4488","25.9","2021-08-28",,,"0.00",",,7,2400",,,,
"USC00160103","31.2488","-92.4488","25.9","2021-08-29",,,"0.00",",,7,2400",,,,
"USC00160103","31.2488","-92.4488","25.9","2021-08-30",,,"0.30",",,7,2400",,,,
"USC00160103","31.2488","-92.4488","25.9","2021-08-31",,,"0.00",",,7,2400",,,,
"USC00160103","31.2488","-92.4488","25.9","2021-09-01",,,"0.00",",,7,2400","0.0",",,7",,
"USC00160103","31.2488","-92.4488","25.9","2021-09-02",,,"0.00",",,7,2400","0.0",",,7",,
"USC00160103","31.2488","-92.4488","25.9","2021-09-03",,,"0.00",",,7,2400",,,,
"USC00160103","31.2488","-92.4488","25.9","2021-09-04",,,"0.00",",,7,2400",,,,
"USC00160103","31.2488","-92.4488","25.9","2021-09-05",,,"2.07",",,7,2400",,,,
"USC00160103","31.2488","-92.4488","25.9","2021-09-06",,,"0.50",",,7,2400",,,,
"USC00160103","31.2488","-92.4488","25.9","2021-09-07",,,"0.00",",,7,2400",,,,
"USC00160103","31.2488","-92.4488","25.9","2021-09-08",,,"0.00",",,7,2400",,,,
"USC00160103","31.2488","-92.4488","25.9","2021-09-09",,,"0.00",",,7,2400",,,,
"USC00160103","31.2488","-92.4488","25.9","2021-09-10",,,"0.00",",,7,2400",,,,
"USC00160103","31.2488","-92.4488","25.9","2021-09-11",,,"0.00",",,7,2400",,,,
"USC00160103","31.2488","-92.4488","25.9","2021-09-12",,,"0.00",",,7,2400",,,,
"USC00160103","31.2488","-92.4488","25.9","2021-09-13",,,"0.00",",,7,2400",,,,
"USC00160103","31.2488","-92.4488","25.9","2021-09-14",,,"1.99",",,7,2400",,,,
"USC00160103","31.2488","-92.4488","25.9","2021-09-15",,,"1.98",",,7,2400",,,,
"USC00160103","31.2488","-92.4488","25.9","2021-09-16",,,"0.02",",,7,2400",,,,
"USC00160103","31.2488","-92.4488","25.9","2021-09-17",,,"0.10",",,7,2400",,,,
"USC00160103","31.2488","-92.4488","25.9","2021-09-18",,,"0.00",",,7,2400",,,,
"USC00160103","31.2488","-92.4488","25.9","2021-09-19",,,"0.00",",,7,2400",,,,
"USC00160103","31.2488","-92.4488","25.9","2021-09-20",,,"0.00",",,7,2400",,,,
"USC00160103","31.2488","-92.4488","25.9","2021-09-21",,,"0.75",",,7,2400",,,,
"USC00160103","31.2488","-92.4488","25.9","2021-09-22",,,"0.00",",,7,2400",,,,
"USC00160103","31.2488","-92.4488","25.9","2021-09-23",,,"0.00",",,7,2400",,,,
"USC00160103","31.2488","-92.4488","25.9","2021-09-24",,,"0.00",",,7,2400",,,,
"USC00160103","31.2488","-92.4488","25.9","2021-09-25",,,"0.00",",,7,2400",,,,
"USC00160103","31.2488","-92.4488","25.9","2021-09-26",,,"0.00",",,7,2400",,,,
"USC00160103","31.2488","-92.4488","25.9","2021-09-27",,,"0.00",",,7,2400",,,,
"USC00160103","31.2488","-92.4488","25.9","2021-09-28",,,"0.44",",,7,2400",,,,
"USC00160103","31.2488","-92.4488","25.9","2021-09-29",,,"0.00",",,7,2400",,,,
"USC00160103","31.2488","-92.4488","25.9","2021-09-30",,,"0.00",",,7,2400","0.0",",,7",,
"USC00160103","31.2488","-92.4488","25.9","2021-10-01",,,"0.00",",,7,2400",,,,
"USC00160103","31.2488","-92.4488","25.9","2021-10-02",,,"0.00",",,7,2400",,,,
"USC00160103","31.2488","-92.4488","25.9","2021-10-03",,,"0.00",",,7,2400",,,,
"USC00160103","31.2488","-92.4488","25.9","2021-10-04",,,"0.00",",,7,2400",,,,
"USC00160103","31.2488","-92.4488","25.9","2021-10-05",,,"0.00",",,7,2400",,,,
"USC00160103","31.2488","-92.4488","25.9","2021-10-06",,,"0.00",",,7,2400","0.0",",,7",,
"USC00160103","31.2488","-92.4488","25.9","2021-10-07",,,"0.00",",,7,2400",,,,
"USC00160103","31.2488","-92.4488","25.9","2021-10-08",,,"0.00",",,7,2400",,,,
"USC00160103","31.2488","-92.4488","25.9","2021-10-09",,,"0.00",",,7,2400",,,,
"USC00160103","31.2488","-92.4488","25.9","2021-10-10",,,"0.00",",,7,2400",,,,
"USC00160103","31.2488","-92.4488","25.9","2021-10-11",,,"0.00",",,7,2400",,,,
"USC00160103","31.2488","-92.4488","25.9","2021-10-12",,,"0.00",",,7,2400",,,,
"USC00160103","31.2488","-92.4488","25.9","2021-10-13",,,"0.00",",,7,2400",,,,
"USC00160103","31.2488","-92.4488","25.9","2021-10-14",,,"0.00",",,7,2400",,,,
"USC00160103","31.2488","-92.4488","25.9","2021-10-15",,,"0.00",",,7,2400",,,,
"USC00160103","31.2488","-92.4488","25.9","2021-10-16",,,"0.00",",,7,2400",,,,
"USC00160103","31.2488","-92.4488","25.9","2021-10-17",,,"0.00",",,7,2400",,,,
"USC00160103","31.2488","-92.4488","25.9","2021-10-18",,,"0.00",",,7,2400",,,,
"USC00160103","31.2488","-92.4488","25.9","2021-10-19",,,"0.00",",,7,2400",,,,
"USC00160103","31.2488","-92.4488","25.9","2021-10-20",,,"0.00",",,7,2400",,,,
"USC00160103","31.2488","-92.4488","25.9","2021-10-21",,,"0.00",",,7,2400",,,,
"USC00160103","31.2488","-92.4488","25.9","2021-10-22",,,"0.00",",,7,2400",,,,
"USC00160103","31.2488","-92.4488","25.9","2021-10-23",,,"0.00",",,7,2400",,,,
"USC00160103","31.2488","-92.4488","25.9","2021-10-24",,,"0.00",",,7,2400",,,,
"USC00160103","31.2488","-92.4488","25.9","2021-10-25",,,"0.00",",,7,2400",,,,
"USC00160103","31.2488","-92.4488","25.9","2021-10-26",,,"0.00",",,7,2400",,,,
"USC00160103","31.2488","-92.4488","25.9","2021-10-27",,,"1.10",",,7,2400","0.0",",,7",,
"USC00160103","31.2488","-92.4488","25.9","2021-10-28",,,"0.00",",,7,2400","0.0",",,7",,
"USC00160103","31.2488","-92.4488","25.9","2021-10-29",,,"0.00",",,7,2400",,,,
"USC00160103","31.2488","-92.4488","25.9","2021-10-30",,,"0.00",",,7,2400",,,,
"USC00160103","31.2488","-92.4488","25.9","2021-10-31",,,"0.00",",,7,2400",,,,
"USC00160103","31.2488","-92.4488","25.9","2021-11-01",,,"0.00",",,H,2400",,,,
"USC00160103","31.2488","-92.4488","25.9","2021-11-02",,,"0.00",",,H,2400",,,,
"USC00160103","31.2488","-92.4488","25.9","2021-11-03",,,"0.26",",,H,2400",,,,
"USC00160103","31.2488","-92.4488","25.9","2021-11-04",,,"0.00",",,H,2400",,,,
"USC00160103","31.2488","-92.4488","25.9","2021-11-05",,,"0.00",",,H,2400",,,,
"USC00160103","31.2488","-92.4488","25.9","2021-11-06",,,"0.00",",,H,2400",,,,
"USC00160103","31.2488","-92.4488","25.9","2021-11-07",,,"0.00",",,H,2400",,,,
"USC00160103","31.2488","-92.4488","25.9","2021-11-08",,,"0.00",",,H,2400",,,,
"USC00160103","31.2488","-92.4488","25.9","2021-11-09",,,"0.00",",,H,2400",,,,
"USC00160103","31.2488","-92.4488","25.9","2021-11-10",,,"0.00",",,H,2400",,,,
"USC00160103","31.2488","-92.4488","25.9","2021-11-11",,,"0.00",",,H,2400",,,,
"USC00160103","31.2488","-92.4488","25.9","2021-11-12",,,"0.00",",,H,2400",,,,
"USC00160103","31.2488","-92.4488","25.9","2021-11-13",,,"0.00",",,H,2400",,,,
"USC00160103","31.2488","-92.4488","25.9","2021-11-14",,,"0.00",",,H,2400",,,,
"USC00160103","31.2488","-92.4488","25.9","2021-11-15",,,"0.00",",,H,2400",,,,
"USC00160103","31.2488","-92.4488","25.9","2021-11-16",,,"0.00",",,H,2400",,,,
"USC00160103","31.2488","-92.4488","25.9","2021-11-17",,,"0.00",",,H,2400",,,,
"USC00160103","31.2488","-92.4488","25.9","2021-11-18",,,"0.00",",,H,2400",,,,
"USC00160103","31.2488","-92.4488","25.9","2021-11-19",,,"0.00",",,H,2400",,,,
"USC00160103","31.2488","-92.4488","25.9","2021-11-20",,,"0.00",",,H,2400",,,,
"USC00160103","31.2488","-92.4488","25.9","2021-11-21",,,"0.44",",,H,2400","0.0",",,H",,
"USC00160103","31.2488","-92.4488","25.9","2021-11-22",,,"0.00",",,H,2400",,,,
"USC00160103","31.2488","-92.4488","25.9","2021-11-23",,,"0.00",",,H,2400",,,,
"USC00160103","31.2488","-92.4488","25.9","2021-11-24",,,"0.00",",,H,2400","0.0",",,H",,
"USC00160103","31.2488","-92.4488","25.9","2021-11-25",,,"0.10",",,H,2400","0.0",",,H",,
"USC00160103","31.2488","-92.4488","25.9","2021-11-26",,,"0.00",",,H,2400",,,,
"USC00160103","31.2488","-92.4488","25.9","2021-11-27",,,"0.00",",,H,2400",,,,
"USC00160103","31.2488","-92.4488","25.9","2021-11-28",,,"0.00",",,H,2400",,,,
"US1MEWS0004","44.95262","-67.43559","69.8","2021-08-03",,,"0.03",",,N",,,,
"US1MEWS0004","44.95262","-67.43559","69.8","2021-08-05",,,"0.25",",,N",,,,
"US1MEWS0004","44.95262","-67.43559","69.8","2021-08-06",,,"1.85",",,N",,,,
"US1MEWS0004","44.95262","-67.43559","69.8","2021-08-07",,,"0.02",",,N",,,,
"US1MEWS0004","44.95262","-67.43559","69.8","2021-08-10",,,"0.00","T,,N",,,,
"US1MEWS0004","44.95262","-67.43559","69.8","2021-08-12",,,"0.02",",,N",,,,
"US1MEWS0004","44.95262","-67.43559","69.8","2021-08-15",,,"0.03",",,N",,,,
"US1MEWS0004","44.95262","-67.43559","69.8","2021-08-19",,,"0.05",",,N",,,,
"US1MEWS0004","44.95262","-67.43559","69.8","2021-08-20",,,"0.06",",,N",,,,
"US1MEWS0004","44.95262","-67.43559","69.8","2021-08-22",,,"0.02",",,N",,,,
"US1MEWS0004","44.95262","-67.43559","69.8","2021-08-23",,,"0.17",",,N","0.0",",,N",,
"US1MEWS0004","44.95262","-67.43559","69.8","2021-08-24",,,"0.16",",,N",,,,
"US1MEWS0004","44.95262","-67.43559","69.8","2021-09-02",,,"0.22",",,N",,,,
"US1MEWS0004","44.95262","-67.43559","69.8","2021-09-03",,,"2.02",",,N",,,,
"US1MEWS0004","44.95262","-67.43559","69.8","2021-09-04",,,"0.08",",,N",,,,
"US1MEWS0004","44.95262","-67.43559","69.8","2021-09-06",,,"0.03",",,N",,,,
"US1MEWS0004","44.95262","-67.43559","69.8","2021-09-07",,,"0.10",",,N",,,,
"US1MEWS0004","44.95262","-67.43559","69.8","2021-09-10",,,"0.80",",,N",,,,
"US1MEWS0004","44.95262","-67.43559","69.8","2021-09-11",,,"0.24",",,N",,,,
"US1MEWS0004","44.95262","-67.43559","69.8","2021-09-13",,,"0.02",",,N",,,,
"US1MEWS0004","44.95262","-67.43559","69.8","2021-09-16",,,"0.11",",,N",,,,
"US1MEWS0004","44.95262","-67.43559","69.8","2021-09-18",,,"0.02",",,N",,,,
"US1MEWS0004","44.95262","-67.43559","69.8","2021-09-23",,,"0.01",",,N",,,,
"US1MEWS0004","44.95262","-67.43559","69.8","2021-09-25",,,"0.07",",,N",,,,
"US1MEWS0004","44.95262","-67.43559","69.8","2021-09-26",,,"0.38",",,N",,,,
"US1MEWS0004","44.95262","-67.43559","69.8","2021-09-27",,,"0.73",",,N",,,,
"US1MEWS0004","44.95262","-67.43559","69.8","2021-09-30",,,"0.29",",,N",,,,
"US1MEWS0004","44.95262","-67.43559","69.8","2021-10-02",,,"0.04",",,N",,,,
"US1MEWS0004","44.95262","-67.43559","69.8","2021-10-16",,,"0.08",",,N",,,,
"US1MEWS0004","44.95262","-67.43559","69.8","2021-10-17",,,"0.60",",,N",,,,
"US1MEWS0004","44.95262","-67.43559","69.8","2021-10-18",,,"0.80",",,N",,,,
"US1MEWS0004","44.95262","-67.43559","69.8","2021-10-20",,,"0.04",",,N",,,,
"US1MEWS0004","44.95262","-67.43559","69.8","2021-10-22",,,"0.05",",,N",,,,
"US1MEWS0004","44.95262","-67.43559","69.8","2021-10-26",,,"0.09",",,N",,,,
"US1MEWS0004","44.95262","-67.43559","69.8","2021-10-27",,,"0.15",",,N",,,,
"US1MEWS0004","44.95262","-67.43559","69.8","2021-10-28",,,"0.18",",,N",,,,
"US1MEWS0004","44.95262","-67.43559","69.8","2021-10-31",,,"0.55",",,N",,,,
"US1MEWS0004","44.95262","-67.43559","69.8","2021-11-01",,,"0.70",",,N",,,,
"US1MEWS0004","44.95262","-67.43559","69.8","2021-11-04",,,"0.00","T,,N",,,,
"US1MEWS0004","44.95262","-67.43559","69.8","2021-11-11",,,"0.41",",,N",,,,
"US1MEWS0004","44.95262","-67.43559","69.8","2021-11-13",,,"1.12",",,N",,,,
"US1MEWS0004","44.95262","-67.43559","69.8","2021-11-14",,,"0.08",",,N",,,,
"US1MEWS0004","44.95262","-67.43559","69.8","2021-11-15",,,"0.04",",,N",,,,
"US1MEWS0004","44.95262","-67.43559","69.8","2021-11-16",,,"0.41",",,N",,,,
"US1MEWS0004","44.95262","-67.43559","69.8","2021-11-18",,,"0.13",",,N",,,,
"US1MEWS0004","44.95262","-67.43559","69.8","2021-11-19",,,"0.42",",,N",,,,
"US1MEWS0004","44.95262","-67.43559","69.8","2021-11-20",,,"0.00",",,N","0.0",",,N",,
"US1MEWS0004","44.95262","-67.43559","69.8","2021-11-26",,,,,,,,
"US1MEWS0004","44.95262","-67.43559","69.8","2021-11-27",,,"0.74",",,N","4.0",",,N",,
"US1MEWS0004","44.95262","-67.43559","69.8","2021-11-28",,,"0.02",",,N","0.1",",,N",,
"US1LASM0004","30.0959767","-91.9418217","12.2","2021-08-01",,,"0.00",",,N","0.0",",,N",,
"US1LASM0004","30.0959767","-91.9418217","12.2","2021-08-02",,,"0.00",",,N","0.0",",,N",,
"US1LASM0004","30.0959767","-91.9418217","12.2","2021-08-03",,,"1.10",",,N",,,,
"US1LASM0004","30.0959767","-91.9418217","12.2","2021-08-04",,,"0.00",",,N","0.0",",,N",,
"US1LASM0004","30.0959767","-91.9418217","12.2","2021-08-05",,,"0.00",",,N","0.0",",,N",,
"US1LASM0004","30.0959767","-91.9418217","12.2","2021-08-06",,,"0.00",",,N","0.0",",,N",,
"US1LASM0004","30.0959767","-91.9418217","12.2","2021-08-07",,,"0.00",",,N","0.0",",,N",,
"US1LASM0004","30.0959767","-91.9418217","12.2","2021-08-08",,,"0.00",",,N","0.0",",,N",,
"US1LASM0004","30.0959767","-91.9418217","12.2","2021-08-09",,,"0.11",",,N",,,,
"US1LASM0004","30.0959767","-91.9418217","12.2","2021-08-10",,,"0.00",",,N","0.0",",,N",,
"US1LASM0004","30.0959767","-91.9418217","12.2","2021-08-11",,,"0.08",",,N",,,,
"US1LASM0004","30.0959767","-91.9418217","12.2","2021-08-12",,,"0.07",",,N",,,,
"US1LASM0004","30.0959767","-91.9418217","12.2","2021-08-13",,,"0.68",",,N",,,,
"US1LASM0004","30.0959767","-91.9418217","12.2","2021-08-14",,,"0.00",",,N","0.0",",,N",,
"US1LASM0004","30.0959767","-91.9418217","12.2","2021-08-15",,,"0.11",",,N",,,,
"US1LASM0004","30.0959767","-91.9418217","12.2","2021-08-16",,,"0.00",",,N","0.0",",,N",,
"US1LASM0004","30.0959767","-91.9418217","12.2","2021-08-17",,,"0.00",",,N","0.0",",,N",,
"US1LASM0004","30.0959767","-91.9418217","12.2","2021-08-18",,,"0.18",",,N",,,,
"US1LASM0004","30.0959767","-91.9418217","12.2","2021-08-19",,,"0.00",",,N","0.0",",,N",,
"US1LASM0004","30.0959767","-91.9418217","12.2","2021-08-20",,,"0.00",",,N","0.0",",,N",,
"US1LASM0004","30.0959767","-91.9418217","12.2","2021-08-21",,,"0.00",",,N","0.0",",,N",,
"US1LASM0004","30.0959767","-91.9418217","12.2","2021-08-22",,,"0.00",",,N","0.0",",,N",,
"US1LASM0004","30.0959767","-91.9418217","12.2","2021-08-23",,,"0.00",",,N","0.0",",,N",,
"US1LASM0004","30.0959767","-91.9418217","12.2","2021-08-24",,,"0.00",",,N","0.0",",,N",,
"US1LASM0004","30.0959767","-91.9418217","12.2","2021-08-25",,,"0.00",",,N","0.0",",,N",,
"US1LASM0004","30.0959767","-91.9418217","12.2","2021-08-26",,,"0.00",",,N","0.0",",,N",,
"US1LASM0004","30.0959767","-91.9418217","12.2","2021-08-27",,,"0.04",",,N",,,,
"US1LASM0004","30.0959767","-91.9418217","12.2","2021-08-28",,,"0.30",",,N",,,,
"US1LASM0004","30.0959767","-91.9418217","12.2","2021-08-29",,,"0.38",",,N",,,,
"US1LASM0004","30.0959767","-91.9418217","12.2","2021-08-30",,,"0.04",",,N",,,,
"US1LASM0004","30.0959767","-91.9418217","12.2","2021-08-31",,,"0.30",",,N",,,,
"US1LASM0004","30.0959767","-91.9418217","12.2","2021-09-01",,,"0.00",",,N","0.0",",,N",,
"US1LASM0004","30.0959767","-91.9418217","12.2","2021-09-02",,,"0.59",",,N",,,,
"US1LASM0004","30.0959767","-91.9418217","12.2","2021-09-03",,,"0.88",",,N",,,,
"US1LASM0004","30.0959767","-91.9418217","12.2","2021-09-04",,,"0.15",",,N",,,,
"US1LASM0004","30.0959767","-91.9418217","12.2","2021-09-05",,,"0.00",",,N","0.0",",,N",,
"US1LASM0004","30.0959767","-91.9418217","12.2","2021-09-06",,,"0.19",",,N",,,,
"US1LASM0004","30.0959767","-91.9418217","12.2","2021-09-07",,,"0.00",",,N","0.0",",,N",,
"US1LASM0004","30.0959767","-91.9418217","12.2","2021-09-08",,,"0.02",",,N",,,,
"US1LASM0004","30.0959767","-91.9418217","12.2","2021-09-09",,,"0.00",",,N","0.0",",,N",,
"US1LASM0004","30.0959767","-91.9418217","12.2","2021-09-10",,,"0.00",",,N","0.0",",,N",,
"US1LASM0004","30.0959767","-91.9418217","12.2","2021-09-11",,,"0.00",",,N","0.0",",,N",,
"US1LASM0004","30.0959767","-91.9418217","12.2","2021-09-12",,,"0.00",",,N","0.0",",,N",,
"US1LASM0004","30.0959767","-91.9418217","12.2","2021-09-13",,,"0.11",",,N",,,,
"US1LASM0004","30.0959767","-91.9418217","12.2","2021-09-14",,,"0.12",",,N",,,,
"US1LASM0004","30.0959767","-91.9418217","12.2","2021-09-15",,,"4.25",",,N",,,,
"US1LASM0004","30.0959767","-91.9418217","12.2","2021-09-16",,,"0.00",",,N","0.0",",,N",,
"US1LASM0004","30.0959767","-91.9418217","12.2","2021-09-17",,,"0.00",",,N","0.0",",,N",,
"US1LASM0004","30.0959767","-91.9418217","12.2","2021-09-18",,,"0.00",",,N","0.0",",,N",,
"US1LASM0004","30.0959767","-91.9418217","12.2","2021-09-19",,,"0.16",",,N",,,,
"US1LASM0004","30.0959767","-91.9418217","12.2","2021-09-20",,,"0.00",",,N","0.0",",,N",,
"US1LASM0004","30.0959767","-91.9418217","12.2","2021-09-21",,,"0.00",",,N","0.0",",,N",,
"US1LASM0004","30.0959767","-91.9418217","12.2","2021-09-22",,,"0.35",",,N",,,,
"US1LASM0004","30.0959767","-91.9418217","12.2","2021-09-23",,,"0.00",",,N","0.0",",,N",,
"US1LASM0004","30.0959767","-91.9418217","12.2","2021-09-24",,,"0.00",",,N","0.0",",,N",,
"US1LASM0004","30.0959767","-91.9418217","12.2","2021-09-25",,,"0.00",",,N","0.0",",,N",,
"US1LASM0004","30.0959767","-91.9418217","12.2","2021-09-26",,,"0.00",",,N","0.0",",,N",,
"US1LASM0004","30.0959767","-91.9418217","12.2","2021-09-27",,,"0.00",",,N","0.0",",,N",,
"US1LASM0004","30.0959767","-91.9418217","12.2","2021-09-28",,,"0.02",",,N",,,,
"US1LASM0004","30.0959767","-91.9418217","12.2","2021-09-29",,,"1.62",",,N",,,,
"US1LASM0004","30.0959767","-91.9418217","12.2","2021-09-30",,,"0.00",",,N","0.0",",,N",,
"US1LASM0004","30.0959767","-91.9418217","12.2","2021-10-01",,,"0.62",",,N",,,,
"US1LASM0004","30.0959767","-91.9418217","12.2","2021-10-02",,,"0.09",",,N",,,,
"US1LASM0004","30.0959767","-91.9418217","12.2","2021-10-03",,,"0.00","T,,N",,,,
"US1LASM0004","30.0959767","-91.9418217","12.2","2021-10-04",,,"0.00",",,N","0.0",",,N",,
"US1LASM0004","30.0959767","-91.9418217","12.2","2021-10-05",,,"0.00",",,N","0.0",",,N",,
"US1LASM0004","30.0959767","-91.9418217","12.2","2021-10-06",,,"0.00",",,N","0.0",",,N",,
"US1LASM0004","30.0959767","-91.9418217","12.2","2021-10-07",,,"0.00",",,N","0.0",",,N",,
"US1LASM0004","30.0959767","-91.9418217","12.2","2021-10-08",,,"0.00",",,N","0.0",",,N",,
"US1LASM0004","30.0959767","-91.9418217","12.2","2021-10-09",,,"0.00",",,N","0.0",",,N",,
"US1LASM0004","30.0959767","-91.9418217","12.2","2021-10-10",,,"0.00",",,N","0.0",",,N",,
"US1LASM0004","30.0959767","-91.9418217","12.2","2021-10-11",,,"0.00",",,N","0.0",",,N",,
"US1LASM0004","30.0959767","-91.9418217","12.2","2021-10-12",,,"0.00",",,N","0.0",",,N",,
"US1LASM0004","30.0959767","-91.9418217","12.2","2021-10-13",,,"0.00",",,N","0.0",",,N",,
"US1LASM0004","30.0959767","-91.9418217","12.2","2021-10-14",,,"0.00",",,N","0.0",",,N",,
"US1LASM0004","30.0959767","-91.9418217","12.2","2021-10-15",,,"0.00",",,N","0.0",",,N",,
"US1LASM0004","30.0959767","-91.9418217","12.2","2021-10-16",,,"0.38",",,N",,,,
"US1LASM0004","30.0959767","-91.9418217","12.2","2021-10-17",,,"0.00",",,N","0.0",",,N",,
"US1LASM0004","30.0959767","-91.9418217","12.2","2021-10-18",,,"0.00",",,N","0.0",",,N",,
"US1LASM0004","30.0959767","-91.9418217","12.2","2021-10-19",,,"0.00",",,N","0.0",",,N",,
"US1LASM0004","30.0959767","-91.9418217","12.2","2021-10-20",,,"0.00",",,N","0.0",",,N",,
"US1LASM0004","30.0959767","-91.9418217","12.2","2021-10-21",,,"0.00",",,N","0.0",",,N",,
"US1LASM0004","30.0959767","-91.9418217","12.2","2021-10-22",,,"0.00",",,N","0.0",",,N",,
"US1LASM0004","30.0959767","-91.9418217","12.2","2021-10-23",,,"0.00",",,N","0.0",",,N",,
"US1LASM0004","30.0959767","-91.9418217","12.2","2021-10-24",,,"0.00","T,,N",,,,
"US1LASM0004","30.0959767","-91.9418217","12.2","2021-10-25",,,"0.00",",,N","0.0",",,N",,
"US1LASM0004","30.0959767","-91.9418217","12.2","2021-10-26",,,"0.00",",,N","0.0",",,N",,
"US1LASM0004","30.0959767","-91.9418217","12.2","2021-10-27",,,"0.00",",,N","0.0",",,N",,
"US1LASM0004","30.0959767","-91.9418217","12.2","2021-10-28",,,"1.66",",,N",,,,
"US1LASM0004","30.0959767","-91.9418217","12.2","2021-10-29",,,"0.00",",,N","0.0",",,N",,
"US1LASM0004","30.0959767","-91.9418217","12.2","2021-10-30",,,"0.00",",,N","0.0",",,N",,
"US1LASM0004","30.0959767","-91.9418217","12.2","2021-10-31",,,"0.00",",,N","0.0",",,N",,
"US1LASM0004","30.0959767","-91.9418217","12.2","2021-11-01",,,"0.00",",,N","0.0",",,N",,
"US1LASM0004","30.0959767","-91.9418217","12.2","2021-11-02",,,"0.00",",,N","0.0",",,N",,
"US1LASM0004","30.0959767","-91.9418217","12.2","2021-11-03",,,"0.00",",,N","0.0",",,N",,
"US1LASM0004","30.0959767","-91.9418217","12.2","2021-11-04",,,"0.00",",,N","0.0",",,N",,
"US1LASM0004","30.0959767","-91.9418217","12.2","2021-11-05",,,"0.00",",,N","0.0",",,N",,
"US1LASM0004","30.0959767","-91.9418217","12.2","2021-11-06",,,"0.00",",,N","0.0",",,N",,
"US1LASM0004","30.0959767","-91.9418217","12.2","2021-11-07",,,"0.00",",,N","0.0",",,N",,
"US1LASM0004","30.0959767","-91.9418217","12.2","2021-11-08",,,"0.00",",,N","0.0",",,N",,
"US1LASM0004","30.0959767","-91.9418217","12.2","2021-11-09",,,"0.00",",,N","0.0",",,N",,
"US1LASM0004","30.0959767","-91.9418217","12.2","2021-11-10",,,"0.00",",,N","0.0",",,N",,
"US1LASM0004","30.0959767","-91.9418217","12.2","2021-11-11",,,"0.00","T,,N",,,,
"US1LASM0004","30.0959767","-91.9418217","12.2","2021-11-12",,,"0.27",",,N",,,,
"US1LASM0004","30.0959767","-91.9418217","12.2","2021-11-13",,,"0.00",",,N","0.0",",,N",,
"US1LASM0004","30.0959767","-91.9418217","12.2","2021-11-14",,,"0.00",",,N","0.0",",,N",,
"US1LASM0004","30.0959767","-91.9418217","12.2","2021-11-15",,,"0.00",",,N","0.0",",,N",,
"US1LASM0004","30.0959767","-91.9418217","12.2","2021-11-16",,,"0.00",",,N","0.0",",,N",,
"US1LASM0004","30.0959767","-91.9418217","12.2","2021-11-17",,,"0.00",",,N","0.0",",,N",,
"US1LASM0004","30.0959767","-91.9418217","12.2","2021-11-18",,,"0.02",",,N",,,,
"US1LASM0004","30.0959767","-91.9418217","12.2","2021-11-19",,,"0.00",",,N","0.0",",,N",,
"US1LASM0004","30.0959767","-91.9418217","12.2","2021-11-20",,,"0.00",",,N","0.0",",,N",,
"US1LASM0004","30.0959767","-91.9418217","12.2","2021-11-21",,,"0.00",",,N","0.0",",,N",,
"US1LASM0004","30.0959767","-91.9418217","12.2","2021-11-22",,,"0.00",",,N","0.0",",,N",,
"US1LASM0004","30.0959767","-91.9418217","12.2","2021-11-23",,,"0.00",",,N","0.0",",,N",,
"US1LASM0004","30.0959767","-91.9418217","12.2","2021-11-24",,,"0.00",",,N","0.0",",,N",,
"US1LASM0004","30.0959767","-91.9418217","12.2","2021-11-25",,,"0.00",",,N","0.0",",,N",,
"US1LASM0004","30.0959767","-91.9418217","12.2","2021-11-26",,,"0.05",",,N",,,,
"US1LASM0004","30.0959767","-91.9418217","12.2","2021-11-27",,,"0.00",",,N","0.0",",,N",,
"US1LASM0004","30.0959767","-91.9418217","12.2","2021-11-28",,,"0.30",",,N",,,,
"US1LASM0002","30.12212","-91.83098","6.7","2021-08-01",,,"0.03",",,N",,,,
"US1LASM0002","30.12212","-91.83098","6.7","2021-08-02",,,"0.00",",,N","0.0",",,N",,
"US1LASM0002","30.12212","-91.83098","6.7","2021-08-03",,,"0.68",",,N",,,,
"US1LASM0002","30.12212","-91.83098","6.7","2021-08-04",,,"0.03",",,N",,,,
"US1LASM0002","30.12212","-91.83098","6.7","2021-08-05",,,"0.00",",,N","0.0",",,N",,
"US1LASM0002","30.12212","-91.83098","6.7","2021-08-06",,,"0.00",",,N","0.0",",,N",,
"US1LASM0002","30.12212","-91.83098","6.7","2021-08-07",,,"0.00",",,N","0.0",",,N",,
"US1LASM0002","30.12212","-91.83098","6.7","2021-08-08",,,"0.20",",,N",,,,
"US1LASM0002","30.12212","-91.83098","6.7","2021-08-09",,,"0.37",",,N",,,,
"US1LASM0002","30.12212","-91.83098","6.7","2021-08-10",,,"0.04",",,N",,,,
"US1LASM0002","30.12212","-91.83098","6.7","2021-08-11",,,"0.77",",,N",,,,
"US1LASM0002","30.12212","-91.83098","6.7","2021-08-12",,,"0.03",",,N",,,,
"US1LASM0002","30.12212","-91.83098","6.7","2021-08-13",,,"0.40",",,N",,,,
"US1LASM0002","30.12212","-91.83098","6.7","2021-08-14",,,"0.00",",,N","0.0",",,N",,
"US1LASM0002","30.12212","-91.83098","6.7","2021-08-15",,,"0.00",",,N","0.0",",,N",,
"US1LASM0002","30.12212","-91.83098","6.7","2021-08-16",,,"0.02",",,N",,,,
"US1LASM0002","30.12212","-91.83098","6.7","2021-08-17",,,"0.00",",,N","0.0",",,N",,
"US1LASM0002","30.12212","-91.83098","6.7","2021-08-18",,,"0.00",",,N","0.0",",,N",,
"US1LASM0002","30.12212","-91.83098","6.7","2021-08-19",,,"0.04",",,N",,,,
"US1LASM0002","30.12212","-91.83098","6.7","2021-08-20",,,"0.15",",,N",,,,
"US1LASM0002","30.12212","-91.83098","6.7","2021-08-21",,,"0.00",",,N","0.0",",,N",,
"US1LASM0002","30.12212","-91.83098","6.7","2021-08-22",,,"0.00",",,N","0.0",",,N",,
"US1LASM0002","30.12212","-91.83098","6.7","2021-08-23",,,"0.00",",,N","0.0",",,N",,
"US1LASM0002","30.12212","-91.83098","6.7","2021-08-24",,,"0.00",",,N","0.0",",,N",,
"US1LASM0002","30.12212","-91.83098","6.7","2021-08-25",,,"0.24",",,N",,,,
"US1LASM0002","30.12212","-91.83098","6.7","2021-08-26",,,"0.01",",,N",,,,
"US1LASM0002","30.12212","-91.83098","6.7","2021-08-27",,,"0.17",",,N",,,,
"US1LASM0002","30.12212","-91.83098","6.7","2021-08-28",,,"0.06",",,N",,,,
"US1LASM0002","30.12212","-91.83098","6.7","2021-08-29",,,"0.29",",,N",,,,
"US1LASM0002","30.12212","-91.83098","6.7","2021-08-30",,,"0.16",",,N",,,,
"US1LASM0002","30.12212","-91.83098","6.7","2021-08-31",,,"0.00",",,N","0.0",",,N",,
"US1LASM0002","30.12212","-91.83098","6.7","2021-09-01",,,"1.60",",,N",,,,
"US1LASM0002","30.12212","-91.83098","6.7","2021-09-02",,,"0.19",",,N",,,,
"US1LASM0002","30.12212","-91.83098","6.7","2021-09-03",,,"1.19",",,N",,,,
"US1LASM0002","30.12212","-91.83098","6.7","2021-09-04",,,"0.00",",,N","0.0",",,N",,
"US1LASM0002","30.12212","-91.83098","6.7","2021-09-05",,,"0.22",",,N",,,,
"US1LASM0002","30.12212","-91.83098","6.7","2021-09-06",,,"0.00",",,N","0.0",",,N",,
"US1LASM0002","30.12212","-91.83098","6.7","2021-09-07",,,"0.11",",,N",,,,
"US1LASM0002","30.12212","-91.83098","6.7","2021-09-08",,,"0.03",",,N",,,,
"US1LASM0002","30.12212","-91.83098","6.7","2021-09-09",,,"0.00",",,N","0.0",",,N",,
"US1LASM0002","30.12212","-91.83098","6.7","2021-09-10",,,"0.00",",,N","0.0",",,N",,
"US1LASM0002","30.12212","-91.83098","6.7","2021-09-11",,,"0.00",",,N","0.0",",,N",,
"US1LASM0002","30.12212","-91.83098","6.7","2021-09-12",,,"0.00",",,N","0.0",",,N",,
"US1LASM0002","30.12212","-91.83098","6.7","2021-09-13",,,"0.24",",,N",,,,
"US1LASM0002","30.12212","-91.83098","6.7","2021-09-14",,,"0.48",",,N",,,,
"US1LASM0002","30.12212","-91.83098","6.7","2021-09-15",,,"4.81",",,N",,,,
"US1LASM0002","30.12212","-91.83098","6.7","2021-09-16",,,"0.11",",,N",,,,
"US1LASM0002","30.12212","-91.83098","6.7","2021-09-17",,,"0.24",",,N",,,,
"US1LASM0002","30.12212","-91.83098","6.7","2021-09-18",,,"0.00",",,N","0.0",",,N",,
"US1LASM0002","30.12212","-91.83098","6.7","2021-09-19",,,"0.00",",,N","0.0",",,N",,
"US1LASM0002","30.12212","-91.83098","6.7","2021-09-20",,,"0.43",",,N",,,,
"US1LASM0002","30.12212","-91.83098","6.7","2021-09-21",,,"0.15",",,N",,,,
"US1LASM0002","30.12212","-91.83098","6.7","2021-09-22",,,"0.42",",,N",,,,
"US1LASM0002","30.12212","-91.83098","6.7","2021-09-23",,,"0.00",",,N","0.0",",,N",,
"US1LASM0002","30.12212","-91.83098","6.7","2021-09-24",,,"0.00",",,N","0.0",",,N",,
"US1LASM0002","30.12212","-91.83098","6.7","2021-09-25",,,"0.00",",,N","0.0",",,N",,
"US1LASM0002","30.12212","-91.83098","6.7","2021-09-26",,,"0.00",",,N","0.0",",,N",,
"US1LASM0002","30.12212","-91.83098","6.7","2021-09-27",,,"0.00",",,N","0.0",",,N",,
"US1LASM0002","30.12212","-91.83098","6.7","2021-09-28",,,"0.03",",,N",,,,
"US1LASM0002","30.12212","-91.83098","6.7","2021-09-29",,,"0.94",",,N",,,,
"US1LASM0002","30.12212","-91.83098","6.7","2021-09-30",,,"0.51",",,N",,,,
"US1LASM0002","30.12212","-91.83098","6.7","2021-10-01",,,"0.34",",,N",,,,
"US1LASM0002","30.12212","-91.83098","6.7","2021-10-02",,,"0.84",",,N",,,,
"US1LASM0002","30.12212","-91.83098","6.7","2021-10-03",,,"0.43",",,N",,,,
"US1LASM0002","30.12212","-91.83098","6.7","2021-10-04",,,"0.00",",,N","0.0",",,N",,
"US1LASM0002","30.12212","-91.83098","6.7","2021-10-05",,,"0.00",",,N","0.0",",,N",,
"US1LASM0002","30.12212","-91.83098","6.7","2021-10-06",,,"0.00",",,N","0.0",",,N",,
"US1LASM0002","30.12212","-91.83098","6.7","2021-10-07",,,"0.00",",,N","0.0",",,N",,
"US1LASM0002","30.12212","-91.83098","6.7","2021-10-08",,,"0.00",",,N","0.0",",,N",,
"US1LASM0002","30.12212","-91.83098","6.7","2021-10-09",,,"0.00",",,N","0.0",",,N",,
"US1LASM0002","30.12212","-91.83098","6.7","2021-10-10",,,"0.00",",,N","0.0",",,N",,
"US1LASM0002","30.12212","-91.83098","6.7","2021-10-11",,,"0.00",",,N","0.0",",,N",,
"US1LASM0002","30.12212","-91.83098","6.7","2021-10-12",,,"0.00",",,N","0.0",",,N",,
"US1LASM0002","30.12212","-91.83098","6.7","2021-10-13",,,"0.00",",,N","0.0",",,N",,
"US1LASM0002","30.12212","-91.83098","6.7","2021-10-14",,,"0.00",",,N","0.0",",,N",,
"US1LASM0002","30.12212","-91.83098","6.7","2021-10-15",,,"0.00",",,N","0.0",",,N",,
"US1LASM0002","30.12212","-91.83098","6.7","2021-10-16",,,"0.38",",,N",,,,
"US1LASM0002","30.12212","-91.83098","6.7","2021-10-17",,,"0.00",",,N","0.0",",,N",,
"US1LASM0002","30.12212","-91.83098","6.7","2021-10-18",,,"0.00",",,N","0.0",",,N",,
"US1LASM0002","30.12212","-91.83098","6.7","2021-10-19",,,"0.00",",,N","0.0",",,N",,
"US1LASM0002","30.12212","-91.83098","6.7","2021-10-20",,,"0.00",",,N","0.0",",,N",,
"US1LASM0002","30.12212","-91.83098","6.7","2021-10-21",,,"0.00",",,N","0.0",",,N",,
"US1LASM0002","30.12212","-91.83098","6.7","2021-10-22",,,"0.00",",,N","0.0",",,N",,
"US1LASM0002","30.12212","-91.83098","6.7","2021-10-23",,,"0.00",",,N","0.0",",,N",,
"US1LASM0002","30.12212","-91.83098","6.7","2021-10-24",,,"0.00",",,N","0.0",",,N",,
"US1LASM0002","30.12212","-91.83098","6.7","2021-10-25",,,"0.16",",,N",,,,
"US1LASM0002","30.12212","-91.83098","6.7","2021-10-26",,,"0.00",",,N","0.0",",,N",,
"US1LASM0002","30.12212","-91.83098","6.7","2021-10-27",,,"0.00",",,N","0.0",",,N",,
"US1LASM0002","30.12212","-91.83098","6.7","2021-10-28",,,"1.22",",,N",,,,
"US1LASM0002","30.12212","-91.83098","6.7","2021-10-29",,,"0.00",",,N","0.0",",,N",,
"US1LASM0002","30.12212","-91.83098","6.7","2021-10-30",,,"0.00",",,N","0.0",",,N",,
"US1LASM0002","30.12212","-91.83098","6.7","2021-10-31",,,"0.00",",,N","0.0",",,N",,
"US1LASM0002","30.12212","-91.83098","6.7","2021-11-01",,,"0.00",",,N","0.0",",,N",,
"US1LASM0002","30.12212","-91.83098","6.7","2021-11-02",,,"0.00",",,N","0.0",",,N",,
"US1LASM0002","30.12212","-91.83098","6.7","2021-11-03",,,"0.00",",,N","0.0",",,N",,
"US1LASM0002","30.12212","-91.83098","6.7","2021-11-04",,,"0.00",",,N","0.0",",,N",,
"US1LASM0002","30.12212","-91.83098","6.7","2021-11-05",,,"0.00",",,N","0.0",",,N",,
"US1LASM0002","30.12212","-91.83098","6.7","2021-11-06",,,"0.00",",,N","0.0",",,N",,
"US1LASM0002","30.12212","-91.83098","6.7","2021-11-07",,,"0.00",",,N","0.0",",,N",,
"US1LASM0002","30.12212","-91.83098","6.7","2021-11-08",,,"0.00",",,N","0.0",",,N",,
"US1LASM0002","30.12212","-91.83098","6.7","2021-11-09",,,"0.00",",,N","0.0",",,N",,
"US1LASM0002","30.12212","-91.83098","6.7","2021-11-10",,,"0.00",",,N","0.0",",,N",,
"US1LASM0002","30.12212","-91.83098","6.7","2021-11-11",,,"0.00","T,,N",,,,
"US1LASM0002","30.12212","-91.83098","6.7","2021-11-12",,,"0.22",",,N",,,,
"US1LASM0002","30.12212","-91.83098","6.7","2021-11-13",,,"0.00",",,N","0.0",",,N",,
"US1LASM0002","30.12212","-91.83098","6.7","2021-11-14",,,"0.00",",,N","0.0",",,N",,
"US1LASM0002","30.12212","-91.83098","6.7","2021-11-15",,,"0.00",",,N","0.0",",,N",,
"US1LASM0002","30.12212","-91.83098","6.7","2021-11-16",,,"0.00",",,N","0.0",",,N",,
"US1LASM0002","30.12212","-91.83098","6.7","2021-11-17",,,"0.00",",,N","0.0",",,N",,
"US1LASM0002","30.12212","-91.83098","6.7","2021-11-18",,,"0.16",",,N",,,,
"US1LASM0002","30.12212","-91.83098","6.7","2021-11-19",,,"0.00",",,N","0.0",",,N",,
"US1LASM0002","30.12212","-91.83098","6.7","2021-11-20",,,"0.00",",,N","0.0",",,N",,
"US1LASM0002","30.12212","-91.83098","6.7","2021-11-21",,,"0.00",",,N","0.0",",,N",,
"US1LASM0002","30.12212","-91.83098","6.7","2021-11-22",,,"0.02",",,N",,,,
"US1LASM0002","30.12212","-91.83098","6.7","2021-11-23",,,"0.00",",,N","0.0",",,N",,
"US1LASM0002","30.12212","-91.83098","6.7","2021-11-24",,,"0.00",",,N","0.0",",,N",,
"US1LASM0002","30.12212","-91.83098","6.7","2021-11-25",,,"0.00",",,N","0.0",",,N",,
"US1LASM0002","30.12212","-91.83098","6.7","2021-11-26",,,"0.05",",,N",,,,
"US1LASM0002","30.12212","-91.83098","6.7","2021-11-27",,,"0.00",",,N","0.0",",,N",,
"US1LASM0002","30.12212","-91.83098","6.7","2021-11-28",,,"0.27",",,N",,,,
"US1MECM0125","43.8464","-70.3134","124.1","2021-08-01",,,"0.00",",,N","0.0",",,N",,
"US1MECM0125","43.8464","-70.3134","124.1","2021-08-02",,,"0.08",",,N",,,,
"US1MECM0125","43.8464","-70.3134","124.1","2021-08-03",,,"0.00","T,,N",,,,
"US1MECM0125","43.8464","-70.3134","124.1","2021-08-04",,,"0.00",",,N","0.0",",,N",,
"US1MECM0125","43.8464","-70.3134","124.1","2021-08-05",,,"0.08",",,N",,,,
"US1MECM0125","43.8464","-70.3134","124.1","2021-08-06",,,"0.30",",,N",,,,
"US1MECM0125","43.8464","-70.3134","124.1","2021-08-07",,,"0.00",",,N","0.0",",,N",,
"US1MECM0125","43.8464","-70.3134","124.1","2021-08-08",,,"0.00",",,N","0.0",",,N",,
"US1MECM0125","43.8464","-70.3134","124.1","2021-08-09",,,"0.00",",,N","0.0",",,N",,
"US1MECM0125","43.8464","-70.3134","124.1","2021-08-10",,,"0.00","T,,N",,,,
"US1MECM0125","43.8464","-70.3134","124.1","2021-08-11",,,"0.00","T,,N",,,,
"US1MECM0125","43.8464","-70.3134","124.1","2021-08-12",,,"0.00",",,N","0.0",",,N",,
"US1MECM0125","43.8464","-70.3134","124.1","2021-08-13",,,"0.00",",,N","0.0",",,N",,
"US1MECM0125","43.8464","-70.3134","124.1","2021-08-14",,,"0.00",",,N","0.0",",,N",,
"US1MECM0125","43.8464","-70.3134","124.1","2021-08-15",,,"0.00",",,N","0.0",",,N",,
"US1MECM0125","43.8464","-70.3134","124.1","2021-08-16",,,"0.00",",,N","0.0",",,N",,
"US1MECM0125","43.8464","-70.3134","124.1","2021-08-18",,,,,,,,
"US1MECM0125","43.8464","-70.3134","124.1","2021-08-19",,,"0.00","T,,N",,,,
"US1MECM0125","43.8464","-70.3134","124.1","2021-08-20",,,"0.48",",,N",,,,
"US1MECM0125","43.8464","-70.3134","124.1","2021-08-21",,,"0.00",",,N","0.0",",,N",,
"US1MECM0125","43.8464","-70.3134","124.1","2021-08-22",,,"0.00","T,,N",,,,
"US1MECM0125","43.8464","-70.3134","124.1","2021-08-23",,,"0.36",",,N",,,,
"US1MECM0125","43.8464","-70.3134","124.1","2021-08-24",,,"0.17",",,N",,,,
"US1MECM0125","43.8464","-70.3134","124.1","2021-08-25",,,"0.00",",,N","0.0",",,N",,
"US1MECM0125","43.8464","-70.3134","124.1","2021-08-26",,,"0.00",",,N","0.0",",,N",,
"US1MECM0125","43.8464","-70.3134","124.1","2021-08-27",,,"0.00",",,N","0.0",",,N",,
"US1MECM0125","43.8464","-70.3134","124.1","2021-08-28",,,"0.00",",,N","0.0",",,N",,
"US1MECM0125","43.8464","-70.3134","124.1","2021-08-29",,,"0.00","T,,N",,,,
"US1MECM0125","43.8464","-70.3134","124.1","2021-08-30",,,"0.00",",,N","0.0",",,N",,
"US1MECM0125","43.8464","-70.3134","124.1","2021-08-31",,,"0.12",",,N",,,,
"US1MECM0125","43.8464","-70.3134","124.1","2021-09-01",,,"0.00",",,N","0.0",",,N",,
"US1MECM0125","43.8464","-70.3134","124.1","2021-09-02",,,"1.56",",,N",,,,
"US1MECM0125","43.8464","-70.3134","124.1","2021-09-03",,,"0.05",",,N",,,,
"US1MECM0125","43.8464","-70.3134","124.1","2021-09-04",,,"0.01",",,N",,,,
"US1MECM0125","43.8464","-70.3134","124.1","2021-09-05",,,"0.00",",,N","0.0",",,N",,
"US1MECM0125","43.8464","-70.3134","124.1","2021-09-06",,,"0.18",",,N",,,,
"US1MECM0125","43.8464","-70.3134","124.1","2021-09-07",,,"0.16",",,N",,,,
"US1MECM0125","43.8464","-70.3134","124.1","2021-09-08",,,"0.00",",,N","0.0",",,N",,
"US1MECM0125","43.8464","-70.3134","124.1","2021-09-09",,,"0.30",",,N",,,,
"US1MECM0125","43.8464","-70.3134","124.1","2021-09-10",,,"1.11",",,N",,,,
"US1MECM0125","43.8464","-70.3134","124.1","2021-09-11",,,"0.00",",,N","0.0",",,N",,
"US1MECM0125","43.8464","-70.3134","124.1","2021-09-12",,,"0.00",",,N","0.0",",,N",,
"US1MECM0125","43.8464","-70.3134","124.1","2021-09-13",,,"0.00","T,,N",,,,
"US1MECM0125","43.8464","-70.3134","124.1","2021-09-14",,,"0.00",",,N","0.0",",,N",,
"US1MECM0125","43.8464","-70.3134","124.1","2021-09-15",,,"0.00",",,N","0.0",",,N",,
"US1MECM0125","43.8464","-70.3134","124.1","2021-09-16",,,"0.62",",,N",,,,
"US1MECM0125","43.8464","-70.3134","124.1","2021-09-17",,,"0.00",",,N","0.0",",,N",,
"US1MECM0125","43.8464","-70.3134","124.1","2021-09-18",,,"0.00","T,,N",,,,
"US1MECM0125","43.8464","-70.3134","124.1","2021-09-19",,,"0.08",",,N",,,,
"US1MECM0125","43.8464","-70.3134","124.1","2021-09-20",,,"0.00",",,N","0.0",",,N",,
"US1MECM0125","43.8464","-70.3134","124.1","2021-09-21",,,"0.00",",,N","0.0",",,N",,
"US1MECM0125","43.8464","-70.3134","124.1","2021-09-22",,,"0.01",",,N",,,,
"US1MECM0125","43.8464","-70.3134","124.1","2021-09-23",,,"0.00","T,,N","0.0",",,N",,
"US1MECM0125","43.8464","-70.3134","124.1","2021-09-24",,,"0.03",",,N",,,,
"US1MECM0125","43.8464","-70.3134","124.1","2021-09-25",,,"0.52",",,N",,,,
"US1MECM0125","43.8464","-70.3134","124.1","2021-09-26",,,"0.18",",,N",,,,
"US1MECM0125","43.8464","-70.3134","124.1","2021-09-27",,,"0.22",",,N",,,,
"US1MECM0125","43.8464","-70.3134","124.1","2021-09-28",,,"0.02",",,N",,,,
"US1MECM0125","43.8464","-70.3134","124.1","2021-09-29",,,"0.00",",,N","0.0",",,N",,
"US1MECM0125","43.8464","-70.3134","124.1","2021-09-30",,,"0.01",",,N",,,,
"US1MECM0125","43.8464","-70.3134","124.1","2021-10-01",,,"0.11",",,N",,,,
"US1MECM0125","43.8464","-70.3134","124.1","2021-10-02",,,"0.01",",,N",,,,
"US1MECM0125","43.8464","-70.3134","124.1","2021-10-03",,,"0.04",",,N",,,,
"US1MECM0125","43.8464","-70.3134","124.1","2021-10-04",,,"0.10",",,N",,,,
"US1MECM0125","43.8464","-70.3134","124.1","2021-10-05",,,"0.00","T,,N",,,,
"US1MECM0125","43.8464","-70.3134","124.1","2021-10-06",,,"0.00",",,N","0.0",",,N",,
"US1MECM0125","43.8464","-70.3134","124.1","2021-10-07",,,"0.00",",,N","0.0",",,N",,
"US1MECM0125","43.8464","-70.3134","124.1","2021-10-08",,,"0.00",",,N","0.0",",,N",,
"US1MECM0125","43.8464","-70.3134","124.1","2021-10-09",,,"0.00",",,N","0.0",",,N",,
"US1MECM0125","43.8464","-70.3134","124.1","2021-10-10",,,"0.00","T,,N",,,,
"US1MECM0125","43.8464","-70.3134","124.1","2021-10-11",,,"0.00",",,N","0.0",",,N",,
"US1MECM0125","43.8464","-70.3134","124.1","2021-10-12",,,"0.00",",,N","0.0",",,N",,
"US1MECM0125","43.8464","-70.3134","124.1","2021-10-13",,,"0.00",",,N","0.0",",,N",,
"US1MECM0125","43.8464","-70.3134","124.1","2021-10-14",,,"0.00",",,N","0.0",",,N",,
"US1MECM0125","43.8464","-70.3134","124.1","2021-10-15",,,"0.00",",,N","0.0",",,N",,
"US1MECM0125","43.8464","-70.3134","124.1","2021-10-16",,,"0.72",",,N",,,,
"US1MECM0125","43.8464","-70.3134","124.1","2021-10-17",,,"0.68",",,N",,,,
"US1MECM0125","43.8464","-70.3134","124.1","2021-10-18",,,"0.02",",,N",,,,
"US1MECM0125","43.8464","-70.3134","124.1","2021-10-19",,,"0.00",",,N","0.0",",,N",,
"US1MECM0125","43.8464","-70.3134","124.1","2021-10-20",,,"0.00",",,N","0.0",",,N",,
"US1MECM0125","43.8464","-70.3134","124.1","2021-10-21",,,"0.00",",,N","0.0",",,N",,
"US1MECM0125","43.8464","-70.3134","124.1","2021-10-22",,,"0.02",",,N",,,,
"US1MECM0125","43.8464","-70.3134","124.1","2021-10-23",,,"0.01",",,N",,,,
"US1MECM0125","43.8464","-70.3134","124.1","2021-10-24",,,"0.00",",,N","0.0",",,N",,
"US1MECM0125","43.8464","-70.3134","124.1","2021-10-25",,,"0.00","T,,N",,,,
"US1MECM0125","43.8464","-70.3134","124.1","2021-10-26",,,"0.40",",,N",,,,
"US1MECM0125","43.8464","-70.3134","124.1","2021-10-27",,,"0.90",",,N",,,,
"US1MECM0125","43.8464","-70.3134","124.1","2021-10-28",,,"0.23",",,N",,,,
"US1MECM0125","43.8464","-70.3134","124.1","2021-10-29",,,"0.01",",,N",,,,
"US1MECM0125","43.8464","-70.3134","124.1","2021-10-30",,,"0.03",",,N",,,,
"US1MECM0125","43.8464","-70.3134","124.1","2021-10-31",,,"3.61",",,N",,,,
"US1MECM0125","43.8464","-70.3134","124.1","2021-11-01",,,"0.12",",,N",,,,
"US1MECM0125","43.8464","-70.3134","124.1","2021-11-02",,,"0.00",",,N","0.0",",,N",,
"US1MECM0125","43.8464","-70.3134","124.1","2021-11-03",,,"0.00",",,N","0.0",",,N",,
"US1MECM0125","43.8464","-70.3134","124.1","2021-11-04",,,"0.00",",,N","0.0",",,N",,
"US1MECM0125","43.8464","-70.3134","124.1","2021-11-05",,,"0.00",",,N","0.0",",,N",,
"US1MECM0125","43.8464","-70.3134","124.1","2021-11-06",,,"0.00",",,N","0.0",",,N",,
"US1MECM0125","43.8464","-70.3134","124.1","2021-11-07",,,"0.00",",,N","0.0",",,N",,
"US1MECM0125","43.8464","-70.3134","124.1","2021-11-08",,,"0.00",",,N","0.0",",,N",,
"US1MECM0125","43.8464","-70.3134","124.1","2021-11-09",,,"0.00",",,N","0.0",",,N",,
"US1MECM0125","43.8464","-70.3134","124.1","2021-11-10",,,"0.02",",,N",,,,
"US1MECM0125","43.8464","-70.3134","124.1","2021-11-11",,,"0.04",",,N",,,,
"US1MECM0125","43.8464","-70.3134","124.1","2021-11-12",,,"0.00","T,,N",,,,
"US1MECM0125","43.8464","-70.3134","124.1","2021-11-13",,,"1.62",",,N",,,,
"US1MECM0125","43.8464","-70.3134","124.1","2021-11-14",,,"0.40",",,N",,,,
"US1MECM0125","43.8464","-70.3134","124.1","2021-11-15",,,"0.16",",,N",,,,
"US1MECM0125","43.8464","-70.3134","124.1","2021-11-16",,,"0.02",",,N",,,,
"US1MECM0125","43.8464","-70.3134","124.1","2021-11-17",,,"0.00","T,,N",,,,
"US1MECM0125","43.8464","-70.3134","124.1","2021-11-18",,,"0.12",",,N",,,,
"US1MECM0125","43.8464","-70.3134","124.1","2021-11-19",,,"0.31",",,N",,,,
"US1MECM0125","43.8464","-70.3134","124.1","2021-11-20",,,"0.01",",,N","0.0","T,,N",,
"US1MECM0125","43.8464","-70.3134","124.1","2021-11-21",,,"0.00",",,N","0.0",",,N",,
"US1MECM0125","43.8464","-70.3134","124.1","2021-11-22",,,"0.16",",,N",,,,
"US1MECM0125","43.8464","-70.3134","124.1","2021-11-23",,,"0.08",",,N",,,,
"US1MECM0125","43.8464","-70.3134","124.1","2021-11-24",,,"0.00",",,N","0.0",",,N",,
"US1MECM0125","43.8464","-70.3134","124.1","2021-11-25",,,"0.00",",,N","0.0",",,N",,
"US1MECM0125","43.8464","-70.3134","124.1","2021-11-26",,,"0.00","T,,N",,,,
"US1MECM0125","43.8464","-70.3134","124.1","2021-11-27",,,"0.37",",,N","0.1",",,N",,
"US1MECM0125","43.8464","-70.3134","124.1","2021-11-28",,,"0.00",",,N","0.0",",,N",,
"US1LASM0003","30.287855","-91.904348","6.4","2021-08-01",,,"0.67",",,N",,,,
"US1LASM0003","30.287855","-91.904348","6.4","2021-08-02",,,"0.00",",,N","0.0",",,N",,
"US1LASM0003","30.287855","-91.904348","6.4","2021-08-03",,,"2.81",",,N",,,,
"US1LASM0003","30.287855","-91.904348","6.4","2021-08-04",,,"0.57",",,N",,,,
"US1LASM0003","30.287855","-91.904348","6.4","2021-08-05",,,"0.00",",,N","0.0",",,N",,
"US1LASM0003","30.287855","-91.904348","6.4","2021-08-06",,,"0.00",",,N","0.0",",,N",,
"US1LASM0003","30.287855","-91.904348","6.4","2021-08-07",,,"0.00",",,N","0.0",",,N",,
"US1LASM0003","30.287855","-91.904348","6.4","2021-08-08",,,"0.00",",,N","0.0",",,N",,
"US1LASM0003","30.287855","-91.904348","6.4","2021-08-09",,,"0.00",",,N","0.0",",,N",,
"US1LASM0003","30.287855","-91.904348","6.4","2021-08-10",,,"0.00",",,N","0.0",",,N",,
"US1LASM0003","30.287855","-91.904348","6.4","2021-08-11",,,"0.10",",,N",,,,
"US1LASM0003","30.287855","-91.904348","6.4","2021-08-12",,,"1.55",",,N",,,,
"US1LASM0003","30.287855","-91.904348","6.4","2021-08-13",,,"0.00",",,N","0.0",",,N",,
"US1LASM0003","30.287855","-91.904348","6.4","2021-08-14",,,"0.43",",,N",,,,
"US1LASM0003","30.287855","-91.904348","6.4","2021-08-15",,,"0.00",",,N","0.0",",,N",,
"US1LASM0003","30.287855","-91.904348","6.4","2021-08-16",,,"0.09",",,N",,,,
"US1LASM0003","30.287855","-91.904348","6.4","2021-08-17",,,"0.00",",,N","0.0",",,N",,
"US1LASM0003","30.287855","-91.904348","6.4","2021-08-18",,,"0.01",",,N",,,,
"US1LASM0003","30.287855","-91.904348","6.4","2021-08-19",,,"0.00",",,N","0.0",",,N",,
"US1LASM0003","30.287855","-91.904348","6.4","2021-08-20",,,"0.00",",,N","0.0",",,N",,
"US1LASM0003","30.287855","-91.904348","6.4","2021-08-21",,,"0.00",",,N","0.0",",,N",,
"US1LASM0003","30.287855","-91.904348","6.4","2021-08-22",,,"0.00",",,N","0.0",",,N",,
"US1LASM0003","30.287855","-91.904348","6.4","2021-08-23",,,"0.00",",,N","0.0",",,N",,
"US1LASM0003","30.287855","-91.904348","6.4","2021-08-24",,,"0.00",",,N","0.0",",,N",,
"US1LASM0003","30.287855","-91.904348","6.4","2021-08-25",,,"0.94",",,N",,,,
"US1LASM0003","30.287855","-91.904348","6.4","2021-08-26",,,"0.00",",,N","0.0",",,N",,
"US1LASM0003","30.287855","-91.904348","6.4","2021-08-27",,,"0.04",",,N",,,,
"US1LASM0003","30.287855","-91.904348","6.4","2021-08-28",,,"0.00",",,N","0.0",",,N",,
"US1LASM0003","30.287855","-91.904348","6.4","2021-08-29",,,"0.41",",,N",,,,
"US1LASM0003","30.287855","-91.904348","6.4","2021-08-30",,,"0.30",",,N",,,,
"US1LASM0003","30.287855","-91.904348","6.4","2021-08-31",,,"0.00","T,,N",,,,
"US1LASM0003","30.287855","-91.904348","6.4","2021-09-01",,,"0.17",",,N",,,,
"US1LASM0003","30.287855","-91.904348","6.4","2021-09-02",,,"0.00",",,N","0.0",",,N",,
"US1LASM0003","30.287855","-91.904348","6.4","2021-09-03",,,"0.00",",,N","0.0",",,N",,
"US1LASM0003","30.287855","-91.904348","6.4","2021-09-04",,,"0.00",",,N","0.0",",,N",,
"US1LASM0003","30.287855","-91.904348","6.4","2021-09-05",,,"0.00",",,N","0.0",",,N",,
"US1LASM0003","30.287855","-91.904348","6.4","2021-09-06",,,"0.82",",,N",,,,
"US1LASM0003","30.287855","-91.904348","6.4","2021-09-07",,,"0.11",",,N",,,,
"US1LASM0003","30.287855","-91.904348","6.4","2021-09-08",,,"0.00",",,N","0.0",",,N",,
"US1LASM0003","30.287855","-91.904348","6.4","2021-09-09",,,"0.00",",,N","0.0",",,N",,
"US1LASM0003","30.287855","-91.904348","6.4","2021-09-10",,,"0.00",",,N","0.0",",,N",,
"US1LASM0003","30.287855","-91.904348","6.4","2021-09-11",,,"0.00",",,N","0.0",",,N",,
"US1LASM0003","30.287855","-91.904348","6.4","2021-09-12",,,"0.00",",,N","0.0",",,N",,
"US1LASM0003","30.287855","-91.904348","6.4","2021-09-13",,,"0.06",",,N",,,,
"US1LASM0003","30.287855","-91.904348","6.4","2021-09-14",,,"0.53",",,N",,,,
"US1LASM0003","30.287855","-91.904348","6.4","2021-09-15",,,"4.34",",,N",,,,
"US1LASM0003","30.287855","-91.904348","6.4","2021-09-16",,,"0.47",",,N",,,,
"US1LASM0003","30.287855","-91.904348","6.4","2021-09-17",,,"0.09",",,N",,,,
"US1LASM0003","30.287855","-91.904348","6.4","2021-09-18",,,"0.05",",,N",,,,
"US1LASM0003","30.287855","-91.904348","6.4","2021-09-19",,,"0.03",",,N",,,,
"US1LASM0003","30.287855","-91.904348","6.4","2021-09-20",,,"0.01",",,N",,,,
"US1LASM0003","30.287855","-91.904348","6.4","2021-09-21",,,"0.13",",,N",,,,
"US1LASM0003","30.287855","-91.904348","6.4","2021-09-22",,,"0.29",",,N",,,,
"US1LASM0003","30.287855","-91.904348","6.4","2021-09-23",,,"0.00",",,N","0.0",",,N",,
"US1LASM0003","30.287855","-91.904348","6.4","2021-09-24",,,"0.00",",,N","0.0",",,N",,
"US1LASM0003","30.287855","-91.904348","6.4","2021-09-25",,,"0.00",",,N","0.0",",,N",,
"US1LASM0003","30.287855","-91.904348","6.4","2021-09-26",,,"0.00",",,N","0.0",",,N",,
"US1LASM0003","30.287855","-91.904348","6.4","2021-09-27",,,"0.00",",,N","0.0",",,N",,
"US1LASM0003","30.287855","-91.904348","6.4","2021-09-28",,,"0.05",",,N",,,,
"US1LASM0003","30.287855","-91.904348","6.4","2021-09-29",,,"0.78",",,N",,,,
"US1LASM0003","30.287855","-91.904348","6.4","2021-09-30",,,"0.07",",,N",,,,
"US1LASM0003","30.287855","-91.904348","6.4","2021-10-01",,,"0.88",",,N",,,,
"US1LASM0003","30.287855","-91.904348","6.4","2021-10-02",,,"0.11",",,N",,,,
"US1LASM0003","30.287855","-91.904348","6.4","2021-10-03",,,"0.38",",,N",,,,
"US1LASM0003","30.287855","-91.904348","6.4","2021-10-04",,,"0.01",",,N",,,,
"US1LASM0003","30.287855","-91.904348","6.4","2021-10-05",,,"0.00",",,N","0.0",",,N",,
"US1LASM0003","30.287855","-91.904348","6.4","2021-10-06",,,"0.00",",,N","0.0",",,N",,
"US1LASM0003","30.287855","-91.904348","6.4","2021-10-07",,,"0.00",",,N","0.0",",,N",,
"US1LASM0003","30.287855","-91.904348","6.4","2021-10-08",,,"0.00",",,N","0.0",",,N",,
"US1LASM0003","30.287855","-91.904348","6.4","2021-10-09",,,"0.00",",,N","0.0",",,N",,
"US1LASM0003","30.287855","-91.904348","6.4","2021-10-10",,,"0.00",",,N","0.0",",,N",,
"US1LASM0003","30.287855","-91.904348","6.4","2021-10-11",,,"0.00",",,N","0.0",",,N",,
"US1LASM0003","30.287855","-91.904348","6.4","2021-10-12",,,"0.00",",,N","0.0",",,N",,
"US1LASM0003","30.287855","-91.904348","6.4","2021-10-13",,,"0.00",",,N","0.0",",,N",,
"US1LASM0003","30.287855","-91.904348","6.4","2021-10-14",,,"0.00",",,N","0.0",",,N",,
"US1LASM0003","30.287855","-91.904348","6.4","2021-10-15",,,"0.00",",,N","0.0",",,N",,
"US1LASM0003","30.287855","-91.904348","6.4","2021-10-16",,,"0.90",",,N",,,,
"US1LASM0003","30.287855","-91.904348","6.4","2021-10-17",,,"0.00",",,N","0.0",",,N",,
"US1LASM0003","30.287855","-91.904348","6.4","2021-10-18",,,"0.00",",,N","0.0",",,N",,
"US1LASM0003","30.287855","-91.904348","6.4","2021-10-19",,,"0.00",",,N","0.0",",,N",,
"US1LASM0003","30.287855","-91.904348","6.4","2021-10-20",,,"0.00",",,N","0.0",",,N",,
"US1LASM0003","30.287855","-91.904348","6.4","2021-10-21",,,"0.00",",,N","0.0",",,N",,
"US1LASM0003","30.287855","-91.904348","6.4","2021-10-22",,,"0.00",",,N","0.0",",,N",,
"US1LASM0003","30.287855","-91.904348","6.4","2021-10-23",,,"0.00",",,N","0.0",",,N",,
"US1LASM0003","30.287855","-91.904348","6.4","2021-10-24",,,"0.02",",,N",,,,
"US1LASM0003","30.287855","-91.904348","6.4","2021-10-25",,,"0.01",",,N",,,,
"US1LASM0003","30.287855","-91.904348","6.4","2021-10-26",,,"0.00",",,N","0.0",",,N",,
"US1LASM0003","30.287855","-91.904348","6.4","2021-10-27",,,"0.00",",,N","0.0",",,N",,
"US1LASM0003","30.287855","-91.904348","6.4","2021-10-28",,,"2.93",",,N",,,,
"US1LASM0003","30.287855","-91.904348","6.4","2021-10-29",,,"0.00",",,N","0.0",",,N",,
"US1LASM0003","30.287855","-91.904348","6.4","2021-10-30",,,"0.00",",,N","0.0",",,N",,
"US1LASM0003","30.287855","-91.904348","6.4","2021-10-31",,,"0.00",",,N","0.0",",,N",,
"US1LASM0003","30.287855","-91.904348","6.4","2021-11-01",,,"0.00",",,N","0.0",",,N",,
"US1LASM0003","30.287855","-91.904348","6.4","2021-11-02",,,"0.00",",,N","0.0",",,N",,
"US1LASM0003","30.287855","-91.904348","6.4","2021-11-03",,,"0.00",",,N","0.0",",,N",,
"US1LASM0003","30.287855","-91.904348","6.4","2021-11-04",,,"0.00",",,N","0.0",",,N",,
"US1LASM0003","30.287855","-91.904348","6.4","2021-11-05",,,"0.00",",,N","0.0",",,N",,
"US1LASM0003","30.287855","-91.904348","6.4","2021-11-06",,,"0.00",",,N","0.0",",,N",,
"US1LASM0003","30.287855","-91.904348","6.4","2021-11-07",,,"0.00",",,N","0.0",",,N",,
"US1LASM0003","30.287855","-91.904348","6.4","2021-11-08",,,"0.00",",,N","0.0",",,N",,
"US1LASM0003","30.287855","-91.904348","6.4","2021-11-09",,,"0.00",",,N","0.0",",,N",,
"US1LASM0003","30.287855","-91.904348","6.4","2021-11-10",,,"0.00",",,N","0.0",",,N",,
"US1LASM0003","30.287855","-91.904348","6.4","2021-11-11",,,"0.00",",,N","0.0",",,N",,
"US1LASM0003","30.287855","-91.904348","6.4","2021-11-12",,,"0.11",",,N",,,,
"US1LASM0003","30.287855","-91.904348","6.4","2021-11-13",,,"0.00",",,N","0.0",",,N",,
"US1LASM0003","30.287855","-91.904348","6.4","2021-11-14",,,"0.00",",,N","0.0",",,N",,
"US1LASM0003","30.287855","-91.904348","6.4","2021-11-15",,,"0.00",",,N","0.0",",,N",,
"US1LASM0003","30.287855","-91.904348","6.4","2021-11-16",,,"0.00",",,N","0.0",",,N",,
"US1LASM0003","30.287855","-91.904348","6.4","2021-11-17",,,"0.00",",,N","0.0",",,N",,
"US1LASM0003","30.287855","-91.904348","6.4","2021-11-18",,,"0.02",",,N",,,,
"US1LASM0003","30.287855","-91.904348","6.4","2021-11-19",,,"0.00",",,N","0.0",",,N",,
"US1LASM0003","30.287855","-91.904348","6.4","2021-11-20",,,"0.00",",,N","0.0",",,N",,
"US1LASM0003","30.287855","-91.904348","6.4","2021-11-21",,,"0.00",",,N","0.0",",,N",,
"US1LASM0003","30.287855","-91.904348","6.4","2021-11-22",,,"0.00",",,N","0.0",",,N",,
"US1LASM0003","30.287855","-91.904348","6.4","2021-11-23",,,"0.00",",,N","0.0",",,N",,
"US1LASM0003","30.287855","-91.904348","6.4","2021-11-24",,,"0.00",",,N","0.0",",,N",,
"US1LASM0003","30.287855","-91.904348","6.4","2021-11-25",,,"0.00",",,N","0.0",",,N",,
"US1LASM0003","30.287855","-91.904348","6.4","2021-11-26",,,"0.45",",,N",,,,
"US1LASM0003","30.287855","-91.904348","6.4","2021-11-27",,,"0.00",",,N","0.0",",,N",,
"US1LASM0003","30.287855","-91.904348","6.4","2021-11-28",,,"0.19",",,N",,,,
"US1MECM0003","43.92372","-70.25789","36.9","2021-08-01",,,"0.00",",,N","0.0",",,N",,
"US1MECM0003","43.92372","-70.25789","36.9","2021-08-02",,,"0.10",",,N",,,,
"US1MECM0003","43.92372","-70.25789","36.9","2021-08-03",,,"0.00","T,,N",,,,
"US1MECM0003","43.92372","-70.25789","36.9","2021-08-04",,,"0.00",",,N","0.0",",,N",,
"US1MECM0003","43.92372","-70.25789","36.9","2021-08-05",,,"0.04",",,N",,,,
"US1MECM0003","43.92372","-70.25789","36.9","2021-08-06",,,"0.30",",,N",,,,
"US1MECM0003","43.92372","-70.25789","36.9","2021-08-07",,,"0.00",",,N","0.0",",,N",,
"US1MECM0003","43.92372","-70.25789","36.9","2021-08-08",,,"0.00",",,N","0.0",",,N",,
"US1MECM0003","43.92372","-70.25789","36.9","2021-08-09",,,"0.00",",,N","0.0",",,N",,
"US1MECM0003","43.92372","-70.25789","36.9","2021-08-10",,,"0.00",",,N","0.0",",,N",,
"US1MECM0003","43.92372","-70.25789","36.9","2021-08-11",,,"0.00",",,N","0.0",",,N",,
"US1MECM0003","43.92372","-70.25789","36.9","2021-08-12",,,"0.00",",,N","0.0",",,N",,
"US1MECM0003","43.92372","-70.25789","36.9","2021-08-13",,,"0.00",",,N","0.0",",,N",,
"US1MECM0003","43.92372","-70.25789","36.9","2021-08-14",,,"0.00",",,N","0.0",",,N",,
"US1MECM0003","43.92372","-70.25789","36.9","2021-08-15",,,"0.00",",,N","0.0",",,N",,
"US1MECM0003","43.92372","-70.25789","36.9","2021-08-16",,,"0.00",",,N","0.0",",,N",,
"US1MECM0003","43.92372","-70.25789","36.9","2021-08-17",,,"0.00",",,N","0.0",",,N",,
"US1MECM0003","43.92372","-70.25789","36.9","2021-08-18",,,"0.00","T,,N",,,,
"US1MECM0003","43.92372","-70.25789","36.9","2021-08-19",,,"0.00","T,,N",,,,
"US1MECM0003","43.92372","-70.25789","36.9","2021-08-20",,,"0.38",",,N",,,,
"US1MECM0003","43.92372","-70.25789","36.9","2021-08-21",,,"0.00",",,N","0.0",",,N",,
"US1MECM0003","43.92372","-70.25789","36.9","2021-08-22",,,"0.00",",,N","0.0",",,N",,
"US1MECM0003","43.92372","-70.25789","36.9","2021-08-23",,,"0.18",",,N",,,,
"US1MECM0003","43.92372","-70.25789","36.9","2021-08-24",,,"0.18",",,N",,,,
"US1MECM0003","43.92372","-70.25789","36.9","2021-08-25",,,"0.00",",,N","0.0",",,N",,
"US1MECM0003","43.92372","-70.25789","36.9","2021-08-26",,,"0.00",",,N","0.0",",,N",,
"US1MECM0003","43.92372","-70.25789","36.9","2021-08-27",,,"0.00",",,N","0.0",",,N",,
"US1MECM0003","43.92372","-70.25789","36.9","2021-08-28",,,"0.00",",,N","0.0",",,N",,
"US1MECM0003","43.92372","-70.25789","36.9","2021-08-29",,,"0.10",",,N",,,,
"US1MECM0003","43.92372","-70.25789","36.9","2021-08-30",,,"0.00",",,N","0.0",",,N",,
"US1MECM0003","43.92372","-70.25789","36.9","2021-08-31",,,"0.05",",,N",,,,
"US1MECM0003","43.92372","-70.25789","36.9","2021-09-01",,,"0.00",",,N","0.0",",,N",,
"US1MECM0003","43.92372","-70.25789","36.9","2021-09-02",,,"1.43",",,N",,,,
"US1MECM0003","43.92372","-70.25789","36.9","2021-09-03",,,"0.03",",,N",,,,
"US1MECM0003","43.92372","-70.25789","36.9","2021-09-04",,,"0.00","T,,N",,,,
"US1MECM0003","43.92372","-70.25789","36.9","2021-09-05",,,"0.00",",,N","0.0",",,N",,
"US1MECM0003","43.92372","-70.25789","36.9","2021-09-06",,,"0.14",",,N",,,,
"US1MECM0003","43.92372","-70.25789","36.9","2021-09-07",,,"0.33",",,N",,,,
"US1MECM0003","43.92372","-70.25789","36.9","2021-09-08",,,"0.00",",,N","0.0",",,N",,
"US1MECM0003","43.92372","-70.25789","36.9","2021-09-09",,,"0.12",",,N",,,,
"US1MECM0003","43.92372","-70.25789","36.9","2021-09-10",,,"1.23",",,N",,,,
"US1MECM0003","43.92372","-70.25789","36.9","2021-09-11",,,"0.00",",,N","0.0",",,N",,
"US1MECM0003","43.92372","-70.25789","36.9","2021-09-12",,,"0.00",",,N","0.0",",,N",,
"US1MECM0003","43.92372","-70.25789","36.9","2021-09-13",,,"0.00","T,,N",,,,
"US1MECM0003","43.92372","-70.25789","36.9","2021-09-14",,,"0.00",",,N","0.0",",,N",,
"US1MECM0003","43.92372","-70.25789","36.9","2021-09-15",,,"0.00",",,N","0.0",",,N",,
"US1MECM0003","43.92372","-70.25789","36.9","2021-09-16",,,"0.23",",,N",,,,
"US1MECM0003","43.92372","-70.25789","36.9","2021-09-17",,,"0.00",",,N","0.0",",,N",,
"US1MECM0003","43.92372","-70.25789","36.9","2021-09-18",,,"0.00","T,,N",,,,
"US1MECM0003","43.92372","-70.25789","36.9","2021-09-19",,,"0.06",",,N",,,,
"US1MECM0003","43.92372","-70.25789","36.9","2021-09-20",,,"0.00",",,N","0.0",",,N",,
"US1MECM0003","43.92372","-70.25789","36.9","2021-09-21",,,"0.00",",,N","0.0",",,N",,
"US1MECM0003","43.92372","-70.25789","36.9","2021-09-22",,,"0.00","T,,N","0.0",",,N",,
"US1MECM0003","43.92372","-70.25789","36.9","2021-09-23",,,"0.00","T,,N",,,,
"US1MECM0003","43.92372","-70.25789","36.9","2021-09-24",,,"0.01",",,N",,,,
"US1MECM0003","43.92372","-70.25789","36.9","2021-09-25",,,"0.71",",,N",,,,
"US1MECM0003","43.92372","-70.25789","36.9","2021-09-26",,,"0.12",",,N",,,,
"US1MECM0003","43.92372","-70.25789","36.9","2021-09-27",,,"0.25",",,N",,,,
"US1MECM0003","43.92372","-70.25789","36.9","2021-09-28",,,"0.01",",,N",,,,
"US1MECM0003","43.92372","-70.25789","36.9","2021-09-29",,,"0.00",",,N","0.0",",,N",,
"US1MECM0003","43.92372","-70.25789","36.9","2021-09-30",,,"0.00","T,,N",,,,
"US1MECM0003","43.92372","-70.25789","36.9","2021-10-01",,,"0.13",",,N",,,,
"US1MECM0003","43.92372","-70.25789","36.9","2021-10-02",,,"0.00",",,N","0.0",",,N",,
"US1MECM0003","43.92372","-70.25789","36.9","2021-10-03",,,"0.02",",,N",,,,
"US1MECM0003","43.92372","-70.25789","36.9","2021-10-04",,,"0.14",",,N",,,,
"US1MECM0003","43.92372","-70.25789","36.9","2021-10-05",,,"0.00",",,N","0.0",",,N",,
"US1MECM0003","43.92372","-70.25789","36.9","2021-10-06",,,"0.00",",,N","0.0",",,N",,
"US1MECM0003","43.92372","-70.25789","36.9","2021-10-07",,,"0.00",",,N","0.0",",,N",,
"US1MECM0003","43.92372","-70.25789","36.9","2021-10-08",,,"0.00",",,N","0.0",",,N",,
"US1MECM0003","43.92372","-70.25789","36.9","2021-10-09",,,"0.00",",,N","0.0",",,N",,
"US1MECM0003","43.92372","-70.25789","36.9","2021-10-10",,,"0.00",",,N","0.0",",,N",,
"US1MECM0003","43.92372","-70.25789","36.9","2021-10-11",,,"0.00",",,N","0.0",",,N",,
"US1MECM0003","43.92372","-70.25789","36.9","2021-10-12",,,"0.00",",,N","0.0",",,N",,
"US1MECM0003","43.92372","-70.25789","36.9","2021-10-13",,,"0.00",",,N","0.0",",,N",,
"US1MECM0003","43.92372","-70.25789","36.9","2021-10-14",,,"0.00",",,N","0.0",",,N",,
"US1MECM0003","43.92372","-70.25789","36.9","2021-10-15",,,"0.00",",,N","0.0",",,N",,
"US1MECM0003","43.92372","-70.25789","36.9","2021-10-16",,,"1.24",",,N",,,,
"US1MECM0003","43.92372","-70.25789","36.9","2021-10-17",,,"0.49",",,N",,,,
"US1MECM0003","43.92372","-70.25789","36.9","2021-10-18",,,"0.00",",,N","0.0",",,N",,
"US1MECM0003","43.92372","-70.25789","36.9","2021-10-19",,,"0.00",",,N","0.0",",,N",,
"US1MECM0003","43.92372","-70.25789","36.9","2021-10-20",,,"0.00",",,N","0.0",",,N",,
"US1MECM0003","43.92372","-70.25789","36.9","2021-10-21",,,"0.00",",,N","0.0",",,N",,
"US1MECM0003","43.92372","-70.25789","36.9","2021-10-22",,,"0.00","T,,N",,,,
"US1MECM0003","43.92372","-70.25789","36.9","2021-10-23",,,"0.00","T,,N",,,,
"US1MECM0003","43.92372","-70.25789","36.9","2021-10-24",,,"0.00",",,N","0.0",",,N",,
"US1MECM0003","43.92372","-70.25789","36.9","2021-10-25",,,"0.00","T,,N",,,,
"US1MECM0003","43.92372","-70.25789","36.9","2021-10-26",,,"0.36",",,N",,,,
"US1MECM0003","43.92372","-70.25789","36.9","2021-10-27",,,"0.73",",,N",,,,
"US1MECM0003","43.92372","-70.25789","36.9","2021-10-28",,,"0.21",",,N",,,,
"US1MECM0003","43.92372","-70.25789","36.9","2021-10-29",,,"0.00",",,N","0.0",",,N",,
"US1MECM0003","43.92372","-70.25789","36.9","2021-10-30",,,"0.01",",,N",,,,
"US1MECM0003","43.92372","-70.25789","36.9","2021-10-31",,,"3.22",",,N",,,,
"US1MECM0003","43.92372","-70.25789","36.9","2021-11-01",,,"0.17",",,N",,,,
"US1MECM0003","43.92372","-70.25789","36.9","2021-11-02",,,"0.00",",,N","0.0",",,N",,
"US1MECM0003","43.92372","-70.25789","36.9","2021-11-03",,,"0.00",",,N","0.0",",,N",,
"US1MECM0003","43.92372","-70.25789","36.9","2021-11-04",,,"0.00","T,,N",,,,
"US1MECM0003","43.92372","-70.25789","36.9","2021-11-05",,,"0.00",",,N","0.0",",,N",,
"US1MECM0003","43.92372","-70.25789","36.9","2021-11-06",,,"0.00",",,N","0.0",",,N",,
"US1MECM0003","43.92372","-70.25789","36.9","2021-11-07",,,"0.00",",,N","0.0",",,N",,
"US1MECM0003","43.92372","-70.25789","36.9","2021-11-08",,,"0.00",",,N","0.0",",,N",,
"US1MECM0003","43.92372","-70.25789","36.9","2021-11-09",,,"0.00",",,N","0.0",",,N",,
"US1MECM0003","43.92372","-70.25789","36.9","2021-11-10",,,"0.02",",,N",,,,
"US1MECM0003","43.92372","-70.25789","36.9","2021-11-11",,,"0.04",",,N",,,,
"US1MECM0003","43.92372","-70.25789","36.9","2021-11-12",,,"0.00",",,N","0.0",",,N",,
"US1MECM0003","43.92372","-70.25789","36.9","2021-11-13",,,"1.82",",,N",,,,
"US1MECM0003","43.92372","-70.25789","36.9","2021-11-14",,,"0.38",",,N",,,,
"US1MECM0003","43.92372","-70.25789","36.9","2021-11-15",,,"0.18",",,N","0.0",",,N",,
"US1MECM0003","43.92372","-70.25789","36.9","2021-11-16",,,"0.00","T,,N",,,,
"US1MECM0003","43.92372","-70.25789","36.9","2021-11-17",,,"0.00",",,N","0.0",",,N",,
"US1MECM0003","43.92372","-70.25789","36.9","2021-11-18",,,"0.08",",,N",,,,
"US1MECM0003","43.92372","-70.25789","36.9","2021-11-19",,,"0.24",",,N",,,,
"US1MECM0003","43.92372","-70.25789","36.9","2021-11-20",,,"0.00","T,,N",,,,
"US1MECM0003","43.92372","-70.25789","36.9","2021-11-21",,,"0.00",",,N","0.0",",,N",,
"US1MECM0003","43.92372","-70.25789","36.9","2021-11-22",,,"0.15",",,N",,,,
"US1MECM0003","43.92372","-70.25789","36.9","2021-11-23",,,"0.05",",,N",,,,
"US1MECM0003","43.92372","-70.25789","36.9","2021-11-24",,,"0.00",",,N","0.0",",,N",,
"US1MECM0003","43.92372","-70.25789","36.9","2021-11-25",,,"0.00",",,N","0.0",",,N",,
"US1MECM0003","43.92372","-70.25789","36.9","2021-11-26",,,"0.00",",,N","0.0",",,N",,
"US1MECM0003","43.92372","-70.25789","36.9","2021-11-27",,,"0.35",",,N","0.0",",,N",,
"US1MECM0003","43.92372","-70.25789","36.9","2021-11-28",,,"0.00",",,N","0.0",",,N",,
"USC00172443","44.4934","-68.4582","32.0","2021-08-01",,,"0.00",",,7,2400","0.0",",,7,2400",,
"USC00172443","44.4934","-68.4582","32.0","2021-08-02",,,"0.03",",,7,2400","0.0",",,7,2400",,
"USC00172443","44.4934","-68.4582","32.0","2021-08-03",,,"0.00",",,7,2400","0.0",",,7,2400",,
"USC00172443","44.4934","-68.4582","32.0","2021-08-04",,,"0.00",",,7,2400","0.0",",,7,2400",,
"USC00172443","44.4934","-68.4582","32.0","2021-08-05",,,"1.16",",,7,2400","0.0",",,7,2400",,
"USC00172443","44.4934","-68.4582","32.0","2021-08-06",,,"0.03",",,7,2400","0.0",",,7,2400",,
"USC00172443","44.4934","-68.4582","32.0","2021-08-07",,,"0.00",",,7,2400","0.0",",,7,2400",,
"USC00172443","44.4934","-68.4582","32.0","2021-08-08",,,"0.00",",,7,2400","0.0",",,7,2400",,
"USC00172443","44.4934","-68.4582","32.0","2021-08-09",,,"0.00",",,7,2400","0.0",",,7,2400",,
"USC00172443","44.4934","-68.4582","32.0","2021-08-10",,,"0.01",",,7,2400","0.0",",,7,2400",,
"USC00172443","44.4934","-68.4582","32.0","2021-08-11",,,"0.01",",,7,2400","0.0",",,7,2400",,
"USC00172443","44.4934","-68.4582","32.0","2021-08-12",,,"0.01",",,7,2400","0.0",",,7,2400",,
"USC00172443","44.4934","-68.4582","32.0","2021-08-13",,,"0.00",",,7,2400","0.0",",,7,2400",,
"USC00172443","44.4934","-68.4582","32.0","2021-08-14",,,"0.19",",,7,2400","0.0",",,7,2400",,
"USC00172443","44.4934","-68.4582","32.0","2021-08-15",,,"0.01",",,7,2400","0.0",",,7,2400",,
"USC00172443","44.4934","-68.4582","32.0","2021-08-16",,,"0.00",",,7,2400","0.0",",,7,2400",,
"USC00172443","44.4934","-68.4582","32.0","2021-08-17",,,"0.00",",,7,2400","0.0",",,7,2400",,
"USC00172443","44.4934","-68.4582","32.0","2021-08-18",,,"0.04",",,7,2400","0.0",",,7,2400",,
"USC00172443","44.4934","-68.4582","32.0","2021-08-19",,,"0.18",",,7,2400","0.0",",,7,2400",,
"USC00172443","44.4934","-68.4582","32.0","2021-08-20",,,"0.11",",,7,2400","0.0",",,7,2400",,
"USC00172443","44.4934","-68.4582","32.0","2021-08-21",,,"0.00","T,,7,2400","0.0",",,7,2400",,
"USC00172443","44.4934","-68.4582","32.0","2021-08-22",,,"0.23",",,7,2400","0.0",",,7,2400",,
"USC00172443","44.4934","-68.4582","32.0","2021-08-23",,,"1.79",",,7,2400","0.0",",,7,2400",,
"USC00172443","44.4934","-68.4582","32.0","2021-08-24",,,"0.02",",,7,2400","0.0",",,7,2400",,
"USC00172443","44.4934","-68.4582","32.0","2021-08-25",,,"0.00",",,7,2400","0.0",",,7,2400",,
"USC00172443","44.4934","-68.4582","32.0","2021-08-26",,,"0.00",",,7,2400","0.0",",,7,2400",,
"USC00172443","44.4934","-68.4582","32.0","2021-08-27",,,"0.00",",,7,2400","0.0",",,7,2400",,
"USC00172443","44.4934","-68.4582","32.0","2021-08-28",,,"0.00",",,7,2400","0.0",",,7,2400",,
"USC00172443","44.4934","-68.4582","32.0","2021-08-29",,,"0.06",",,7,2400","0.0",",,7,2400",,
"USC00172443","44.4934","-68.4582","32.0","2021-08-30",,,"0.00","T,,7,2400","0.0",",,7,2400",,
"USC00172443","44.4934","-68.4582","32.0","2021-08-31",,,"0.00",",,7,2400","0.0",",,7,2400",,
"USC00172443","44.4934","-68.4582","32.0","2021-09-01",,,"0.01",",,7,2400","0.0",",,7,2400",,
"USC00172443","44.4934","-68.4582","32.0","2021-09-02",,,"1.57",",,7,2400","0.0",",,7,2400",,
"USC00172443","44.4934","-68.4582","32.0","2021-09-03",,,"0.10",",,7,2400","0.0",",,7,2400",,
"USC00172443","44.4934","-68.4582","32.0","2021-09-04",,,"0.00",",,7,2400","0.0",",,7,2400",,
"USC00172443","44.4934","-68.4582","32.0","2021-09-05",,,"0.03",",,7,2400","0.0",",,7,2400",,
"USC00172443","44.4934","-68.4582","32.0","2021-09-06",,,"0.16",",,7,2400","0.0",",,7,2400",,
"USC00172443","44.4934","-68.4582","32.0","2021-09-07",,,"0.00",",,7,2400","0.0",",,7,2400",,
"USC00172443","44.4934","-68.4582","32.0","2021-09-08",,,"0.00",",,7,2400","0.0",",,7,2400",,
"USC00172443","44.4934","-68.4582","32.0","2021-09-09",,,"2.00",",,7,2400","0.0",",,7,2400",,
"USC00172443","44.4934","-68.4582","32.0","2021-09-10",,,"1.29",",,7,2400","0.0",",,7,2400",,
"USC00172443","44.4934","-68.4582","32.0","2021-09-11",,,"0.00",",,7,2400","0.0",",,7,2400",,
"USC00172443","44.4934","-68.4582","32.0","2021-09-12",,,"0.00",",,7,2400","0.0",",,7,2400",,
"USC00172443","44.4934","-68.4582","32.0","2021-09-13",,,"0.01",",,7,2400","0.0",",,7,2400",,
"USC00172443","44.4934","-68.4582","32.0","2021-09-14",,,"0.00",",,7,2400","0.0",",,7,2400",,
"USC00172443","44.4934","-68.4582","32.0","2021-09-15",,,"0.05",",,7,2400","0.0",",,7,2400",,
"USC00172443","44.4934","-68.4582","32.0","2021-09-16",,,"0.02",",,7,2400","0.0",",,7,2400",,
"USC00172443","44.4934","-68.4582","32.0","2021-09-17",,,"0.00",",,7,2400","0.0",",,7,2400",,
"USC00172443","44.4934","-68.4582","32.0","2021-09-18",,,"0.11",",,7,2400","0.0",",,7,2400",,
"USC00172443","44.4934","-68.4582","32.0","2021-09-19",,,"0.00",",,7,2400","0.0",",,7,2400",,
"USC00172443","44.4934","-68.4582","32.0","2021-09-20",,,"0.00",",,7,2400","0.0",",,7,2400",,
"USC00172443","44.4934","-68.4582","32.0","2021-09-21",,,"0.00",",,7,2400","0.0",",,7,2400",,
"USC00172443","44.4934","-68.4582","32.0","2021-09-22",,,"0.01",",,7,2400","0.0",",,7,2400",,
"USC00172443","44.4934","-68.4582","32.0","2021-09-23",,,"0.00",",,7,2400","0.0",",,7,2400",,
"USC00172443","44.4934","-68.4582","32.0","2021-09-24",,,"0.05",",,7,2400","0.0",",,7,2400",,
"USC00172443","44.4934","-68.4582","32.0","2021-09-25",,,"1.71",",,7,2400","0.0",",,7,2400",,
"USC00172443","44.4934","-68.4582","32.0","2021-09-26",,,"2.06",",,7,2400","0.0",",,7,2400",,
"USC00172443","44.4934","-68.4582","32.0","2021-09-27",,,"0.00",",,7,2400","0.0",",,7,2400",,
"USC00172443","44.4934","-68.4582","32.0","2021-09-28",,,"0.01",",,7,2400","0.0",",,7,2400",,
"USC00172443","44.4934","-68.4582","32.0","2021-09-29",,,"0.00",",,7,2400","0.0",",,7,2400",,
"USC00172443","44.4934","-68.4582","32.0","2021-09-30",,,"0.04",",,7,2400","0.0",",,7,2400",,
"USC00172443","44.4934","-68.4582","32.0","2021-10-01",,,"0.00","T,,7,2400","0.0",",,7,2400",,
"USC00172443","44.4934","-68.4582","32.0","2021-10-02",,,"0.00","T,,7,2400","0.0",",,7,2400",,
"USC00172443","44.4934","-68.4582","32.0","2021-10-03",,,"0.00",",,7,2400","0.0",",,7,2400",,
"USC00172443","44.4934","-68.4582","32.0","2021-10-04",,,"0.00",",,7,2400","0.0",",,7,2400",,
"USC00172443","44.4934","-68.4582","32.0","2021-10-05",,,"0.00",",,7,2400","0.0",",,7,2400",,
"USC00172443","44.4934","-68.4582","32.0","2021-10-06",,,"0.00",",,7,2400","0.0",",,7,2400",,
"USC00172443","44.4934","-68.4582","32.0","2021-10-07",,,"0.00",",,7,2400","0.0",",,7,2400",,
"USC00172443","44.4934","-68.4582","32.0","2021-10-08",,,"0.00",",,7,2400","0.0",",,7,2400",,
"USC00172443","44.4934","-68.4582","32.0","2021-10-09",,,"0.00",",,7,2400","0.0",",,7,2400",,
"USC00172443","44.4934","-68.4582","32.0","2021-10-10",,,"0.00","T,,7,2400","0.0",",,7,2400",,
"USC00172443","44.4934","-68.4582","32.0","2021-10-11",,,"0.00",",,7,2400","0.0",",,7,2400",,
"USC00172443","44.4934","-68.4582","32.0","2021-10-12",,,"0.00",",,7,2400","0.0",",,7,2400",,
"USC00172443","44.4934","-68.4582","32.0","2021-10-13",,,"0.00",",,7,2400","0.0",",,7,2400",,
"USC00172443","44.4934","-68.4582","32.0","2021-10-14",,,"0.00",",,7,2400","0.0",",,7,2400",,
"USC00172443","44.4934","-68.4582","32.0","2021-10-15",,,"0.01",",,7,2400","0.0",",,7,2400",,
"USC00172443","44.4934","-68.4582","32.0","2021-10-16",,,"0.36",",,7,2400","0.0",",,7,2400",,
"USC00172443","44.4934","-68.4582","32.0","2021-10-17",,,"1.42",",,7,2400","0.0",",,7,2400",,
"USC00172443","44.4934","-68.4582","32.0","2021-10-18",,,"0.00",",,7,2400","0.0",",,7,2400",,
"USC00172443","44.4934","-68.4582","32.0","2021-10-19",,,"0.00","T,,7,2400","0.0",",,7,2400",,
"USC00172443","44.4934","-68.4582","32.0","2021-10-20",,,"0.01",",,7,2400","0.0",",,7,2400",,
"USC00172443","44.4934","-68.4582","32.0","2021-10-21",,,"0.03",",,7,2400","0.0",",,7,2400",,
"USC00172443","44.4934","-68.4582","32.0","2021-10-22",,,"0.08",",,7,2400","0.0",",,7,2400",,
"USC00172443","44.4934","-68.4582","32.0","2021-10-23",,,"0.00","T,,7,2400","0.0",",,7,2400",,
"USC00172443","44.4934","-68.4582","32.0","2021-10-24",,,"0.00",",,7,2400","0.0",",,7,2400",,
"USC00172443","44.4934","-68.4582","32.0","2021-10-25",,,"0.03",",,7,2400","0.0",",,7,2400",,
"USC00172443","44.4934","-68.4582","32.0","2021-10-26",,,"0.05",",,7,2400","0.0",",,7,2400",,
"USC00172443","44.4934","-68.4582","32.0","2021-10-27",,,"0.25",",,7,2400","0.0",",,7,2400",,
"USC00172443","44.4934","-68.4582","32.0","2021-10-28",,,"0.00",",,7,2400","0.0",",,7,2400",,
"USC00172443","44.4934","-68.4582","32.0","2021-10-29",,,"0.00",",,7,2400","0.0",",,7,2400",,
"USC00172443","44.4934","-68.4582","32.0","2021-10-30",,,"0.12",",,7,2400","0.0",",,7,2400",,
"USC00172443","44.4934","-68.4582","32.0","2021-10-31",,,"2.88",",,7,2400","0.0",",,7,2400",,
"USC00172443","44.4934","-68.4582","32.0","2021-11-01",,,"0.01",",,H,2400","0.0",",,H,2400",,
"USC00172443","44.4934","-68.4582","32.0","2021-11-02",,,"0.00",",,H,2400","0.0",",,H,2400",,
"USC00172443","44.4934","-68.4582","32.0","2021-11-03",,,"0.00",",,H,2400","0.0",",,H,2400",,
"USC00172443","44.4934","-68.4582","32.0","2021-11-04",,,"0.00",",,H,2400","0.0",",,H,2400",,
"USC00172443","44.4934","-68.4582","32.0","2021-11-05",,,"0.00",",,H,2400","0.0",",,H,2400",,
"USC00172443","44.4934","-68.4582","32.0","2021-11-06",,,"0.00",",,H,2400","0.0",",,H,2400",,
"USC00172443","44.4934","-68.4582","32.0","2021-11-07",,,"0.00",",,H,2400","0.0",",,H,2400",,
"USC00172443","44.4934","-68.4582","32.0","2021-11-08",,,"0.00",",,H,2400","0.0",",,H,2400",,
"USC00172443","44.4934","-68.4582","32.0","2021-11-09",,,"0.00",",,H,2400","0.0",",,H,2400",,
"USC00172443","44.4934","-68.4582","32.0","2021-11-10",,,"0.31",",,H,2400","0.0",",,H,2400",,
"USC00172443","44.4934","-68.4582","32.0","2021-11-11",,,"0.00",",,H,2400","0.0",",,H,2400",,
"USC00172443","44.4934","-68.4582","32.0","2021-11-12",,,"1.40",",,H,2400","0.0",",,H,2400",,
"USC00172443","44.4934","-68.4582","32.0","2021-11-13",,,"0.30",",,H,2400","0.0",",,H,2400",,
"USC00172443","44.4934","-68.4582","32.0","2021-11-14",,,"0.18",",,H,2400","0.0",",,H,2400",,
"USC00172443","44.4934","-68.4582","32.0","2021-11-15",,,"0.38",",,H,2400","0.0",",,H,2400",,
"USC00172443","44.4934","-68.4582","32.0","2021-11-16",,,"0.00",",,H,2400","0.0",",,H,2400",,
"USC00172443","44.4934","-68.4582","32.0","2021-11-17",,,"0.01",",,H,2400","0.0",",,H,2400",,
"USC00172443","44.4934","-68.4582","32.0","2021-11-18",,,"0.20",",,H,2400","0.0",",,H,2400",,
"USC00172443","44.4934","-68.4582","32.0","2021-11-19",,,"0.36",",,H,2400","0.0",",,H,2400",,
"USC00172443","44.4934","-68.4582","32.0","2021-11-20",,,"0.00",",,H,2400","0.0",",,H,2400",,
"USC00172443","44.4934","-68.4582","32.0","2021-11-21",,,"0.27",",,H,2400","0.0",",,H,2400",,
"USC00172443","44.4934","-68.4582","32.0","2021-11-22",,,"0.95",",,H,2400","0.0",",,H,2400",,
"USC00172443","44.4934","-68.4582","32.0","2021-11-23",,,"0.00",",,H,2400","0.0",",,H,2400",,
"USC00172443","44.4934","-68.4582","32.0","2021-11-24",,,"0.00",",,H,2400","0.0",",,H,2400",,
"USC00172443","44.4934","-68.4582","32.0","2021-11-25",,,"0.00",",,H,2400","0.0",",,H,2400",,
"USC00172443","44.4934","-68.4582","32.0","2021-11-26",,,"0.36",",,H,2400","0.0",",,H,2400",,
"USC00172443","44.4934","-68.4582","32.0","2021-11-27",,,"0.25",",,H,2400","1.4",",,H,2400",,
"USC00172443","44.4934","-68.4582","32.0","2021-11-28",,,"0.00",",,H,2400","0.0",",,H,2400",,
"USC00174745","44.4716","-70.1594","115.8","2021-08-01",,,"0.00",",,7,0700","0.0",",,7,0700",,
"USC00174745","44.4716","-70.1594","115.8","2021-08-02",,,"0.15",",,7,0700","0.0",",,7,0700",,
"USC00174745","44.4716","-70.1594","115.8","2021-08-03",,,"0.00",",,7,0700","0.0",",,7,0700",,
"USC00174745","44.4716","-70.1594","115.8","2021-08-04",,,"0.00",",,7,0700","0.0",",,7,0700",,
"USC00174745","44.4716","-70.1594","115.8","2021-08-05",,,"0.00",",,7,0700","0.0",",,7,0700",,
"USC00174745","44.4716","-70.1594","115.8","2021-08-06",,,"0.81",",,7,0700","0.0",",,7,0700",,
"USC00174745","44.4716","-70.1594","115.8","2021-08-07",,,"0.00",",,7,0700","0.0",",,7,0700",,
"USC00174745","44.4716","-70.1594","115.8","2021-08-08",,,"0.00",",,7,0700","0.0",",,7,0700",,
"USC00174745","44.4716","-70.1594","115.8","2021-08-09",,,"0.00",",,7,0700","0.0",",,7,0700",,
"USC00174745","44.4716","-70.1594","115.8","2021-08-10",,,"0.00",",,7,0700","0.0",",,7,0700",,
"USC00174745","44.4716","-70.1594","115.8","2021-08-11",,,"0.00","T,,7,0700","0.0",",,7,0700",,
"USC00174745","44.4716","-70.1594","115.8","2021-08-12",,,"0.01",",,7,0700","0.0",",,7,0700",,
"USC00174745","44.4716","-70.1594","115.8","2021-08-13",,,"0.05",",,7,0700","0.0",",,7,0700",,
"USC00174745","44.4716","-70.1594","115.8","2021-08-14",,,"0.00",",,7,0700","0.0",",,7,0700",,
"USC00174745","44.4716","-70.1594","115.8","2021-08-15",,,"1.56",",,7,0700","0.0",",,7,0700",,
"USC00174745","44.4716","-70.1594","115.8","2021-08-16",,,"0.00",",,7,0700","0.0",",,7,0700",,
"USC00174745","44.4716","-70.1594","115.8","2021-08-17",,,"0.00",",,7,0700","0.0",",,7,0700",,
"USC00174745","44.4716","-70.1594","115.8","2021-08-18",,,"0.00",",,7,0700","0.0",",,7,0700",,
"USC00174745","44.4716","-70.1594","115.8","2021-08-19",,,"0.19",",,7,0700","0.0",",,7,0700",,
"USC00174745","44.4716","-70.1594","115.8","2021-08-20",,,"0.31",",,7,0700","0.0",",,7,0700",,
"USC00174745","44.4716","-70.1594","115.8","2021-08-21",,,"0.00",",,7,0700","0.0",",,7,0700",,
"USC00174745","44.4716","-70.1594","115.8","2021-08-22",,,"0.00","T,,7,0700","0.0",",,7,0700",,
"USC00174745","44.4716","-70.1594","115.8","2021-08-23",,,"0.29",",,7,0700","0.0",",,7,0700",,
"USC00174745","44.4716","-70.1594","115.8","2021-08-24",,,"0.04",",,7,0700","0.0",",,7,0700",,
"USC00174745","44.4716","-70.1594","115.8","2021-08-25",,,"0.00",",,7,0700","0.0",",,7,0700",,
"USC00174745","44.4716","-70.1594","115.8","2021-08-26",,,"0.00",",,7,0700","0.0",",,7,0700",,
"USC00174745","44.4716","-70.1594","115.8","2021-08-27",,,"0.00",",,7,0700","0.0",",,7,0700",,
"USC00174745","44.4716","-70.1594","115.8","2021-08-28",,,"0.00",",,7,0700","0.0",",,7,0700",,
"USC00174745","44.4716","-70.1594","115.8","2021-08-29",,,"0.13",",,7,0700","0.0",",,7,0700",,
"USC00174745","44.4716","-70.1594","115.8","2021-08-30",,,"0.01",",,7,0700","0.0",",,7,0700",,
"USC00174745","44.4716","-70.1594","115.8","2021-08-31",,,"0.16",",,7,0700","0.0",",,7,0700",,
"USC00174745","44.4716","-70.1594","115.8","2021-09-01",,,"0.00",",,7,0700","0.0",",,7,0700",,
"USC00174745","44.4716","-70.1594","115.8","2021-09-02",,,"0.88",",,7,0700","0.0",",,7,0700",,
"USC00174745","44.4716","-70.1594","115.8","2021-09-03",,,"0.02",",,7,0700","0.0",",,7,0700",,
"USC00174745","44.4716","-70.1594","115.8","2021-09-04",,,"0.00","T,,7,0700","0.0",",,7,0700",,
"USC00174745","44.4716","-70.1594","115.8","2021-09-05",,,"0.00",",,7,0700","0.0",",,7,0700",,
"USC00174745","44.4716","-70.1594","115.8","2021-09-06",,,"0.16",",,7,0700","0.0",",,7,0700",,
"USC00174745","44.4716","-70.1594","115.8","2021-09-07",,,"0.02",",,7,0700","0.0",",,7,0700",,
"USC00174745","44.4716","-70.1594","115.8","2021-09-08",,,"0.00",",,7,0700","0.0",",,7,0700",,
"USC00174745","44.4716","-70.1594","115.8","2021-09-09",,,"0.12",",,7,0700","0.0",",,7,0700",,
"USC00174745","44.4716","-70.1594","115.8","2021-09-10",,,"1.04",",,7,0700","0.0",",,7,0700",,
"USC00174745","44.4716","-70.1594","115.8","2021-09-11",,,"0.00",",,7,0700","0.0",",,7,0700",,
"USC00174745","44.4716","-70.1594","115.8","2021-09-12",,,"0.00",",,7,0700","0.0",",,7,0700",,
"USC00174745","44.4716","-70.1594","115.8","2021-09-13",,,"0.00",",,7,0700","0.0",",,7,0700",,
"USC00174745","44.4716","-70.1594","115.8","2021-09-14",,,"0.00",",,7,0700","0.0",",,7,0700",,
"USC00174745","44.4716","-70.1594","115.8","2021-09-15",,,"0.00",",,7,0700","0.0",",,7,0700",,
"USC00174745","44.4716","-70.1594","115.8","2021-09-16",,,"0.54",",,7,0700","0.0",",,7,0700",,
"USC00174745","44.4716","-70.1594","115.8","2021-09-17",,,"0.00",",,7,0700","0.0",",,7,0700",,
"USC00174745","44.4716","-70.1594","115.8","2021-09-18",,,"0.00",",,7,0700","0.0",",,7,0700",,
"USC00174745","44.4716","-70.1594","115.8","2021-09-19",,,"0.05",",,7,0700","0.0",",,7,0700",,
"USC00174745","44.4716","-70.1594","115.8","2021-09-20",,,"0.00",",,7,0700","0.0",",,7,0700",,
"USC00174745","44.4716","-70.1594","115.8","2021-09-21",,,"0.00",",,7,0700","0.0",",,7,0700",,
"USC00174745","44.4716","-70.1594","115.8","2021-09-22",,,"0.00","T,,7,0700","0.0",",,7,0700",,
"USC00174745","44.4716","-70.1594","115.8","2021-09-23",,,"0.06",",,7,0700","0.0",",,7,0700",,
"USC00174745","44.4716","-70.1594","115.8","2021-09-24",,,"0.01",",,7,0700","0.0",",,7,0700",,
"USC00174745","44.4716","-70.1594","115.8","2021-09-25",,,"0.45",",,7,0700","0.0",",,7,0700",,
"USC00174745","44.4716","-70.1594","115.8","2021-09-26",,,"0.02",",,7,0700","0.0",",,7,0700",,
"USC00174745","44.4716","-70.1594","115.8","2021-09-27",,,"0.23",",,7,0700","0.0",",,7,0700",,
"USC00174745","44.4716","-70.1594","115.8","2021-09-28",,,"0.00","T,,7,0700","0.0",",,7,0700",,
"USC00174745","44.4716","-70.1594","115.8","2021-09-29",,,"0.00",",,7,0700","0.0",",,7,0700",,
"USC00174745","44.4716","-70.1594","115.8","2021-09-30",,,"0.10",",,7,0700","0.0",",,7,0700",,
"USC00174745","44.4716","-70.1594","115.8","2021-10-01",,,"0.15",",,H,0700","0.0",",,H,0700",,
"USC00174745","44.4716","-70.1594","115.8","2021-10-05",,,"0.00",",,H,0700","0.0",",,H,0700",,
"USC00174745","44.4716","-70.1594","115.8","2021-10-06",,,"0.00",",,H,0700","0.0",",,H,0700",,
"USC00174745","44.4716","-70.1594","115.8","2021-10-08",,,"0.00",",,H,0700",,,,
"USC00174745","44.4716","-70.1594","115.8","2021-10-09",,,"0.00",",,H,0700",,,,
"USC00174745","44.4716","-70.1594","115.8","2021-10-10",,,"0.00",",,H,0700",,,,
"USC00174745","44.4716","-70.1594","115.8","2021-10-11",,,"0.00",",,H,0700","0.0",",,H,0700",,
"USC00174745","44.4716","-70.1594","115.8","2021-10-12",,,"0.00",",,H,0700","0.0",",,H,0700",,
"USC00174745","44.4716","-70.1594","115.8","2021-10-13",,,"0.00",",,H,0700","0.0",",,H,0700",,
"USC00174745","44.4716","-70.1594","115.8","2021-10-14",,,"0.00",",,H,0700","0.0",",,H,0700",,
"USC00174745","44.4716","-70.1594","115.8","2021-10-15",,,"0.00",",,H,0700",,,,
"USC00174745","44.4716","-70.1594","115.8","2021-10-16",,,"0.32",",,H,0700",,,,
"USC00174745","44.4716","-70.1594","115.8","2021-10-17",,,"0.34",",,H,0700",,,,
"USC00174745","44.4716","-70.1594","115.8","2021-10-18",,,"0.00",",,H,0700",,,,
"USC00174745","44.4716","-70.1594","115.8","2021-10-19",,,"0.00",",,H,0700","0.0",",,H,0700",,
"USC00174745","44.4716","-70.1594","115.8","2021-10-20",,,"0.00",",,H,0700","0.0",",,H,0700",,
"USC00174745","44.4716","-70.1594","115.8","2021-10-21",,,"0.02",",,H,0700","0.0",",,H,0700",,
"USC00174745","44.4716","-70.1594","115.8","2021-10-22",,,"0.12",",,H,0700",,,,
"USC00174745","44.4716","-70.1594","115.8","2021-10-23",,,"0.00",",,H,0700","0.0",",,H,0700",,
"USC00174745","44.4716","-70.1594","115.8","2021-10-24",,,"0.00",",,H,0700","0.0",",,H,0700",,
"USC00174745","44.4716","-70.1594","115.8","2021-10-26",,,"0.24",",,H,0700","0.0",",,H,0700",,
"USC00174745","44.4716","-70.1594","115.8","2021-10-27",,,"0.24",",,H,0700","0.0",",,H,0700",,
"USC00174745","44.4716","-70.1594","115.8","2021-10-28",,,"0.00",",,H,0700","0.0",",,H,0700",,
"USC00174745","44.4716","-70.1594","115.8","2021-10-29",,,"0.00",",,H,0700","0.0",",,H,0700",,
"USC00174745","44.4716","-70.1594","115.8","2021-10-30",,,"0.00",",,H,0700","0.0",",,H,0700",,
"USC00174745","44.4716","-70.1594","115.8","2021-10-31",,,"2.30",",,H,0700","0.0",",,H,0700",,
"USC00174745","44.4716","-70.1594","115.8","2021-11-01",,,"0.16",",,H,0700","0.0",",,H,0700",,
"USC00174745","44.4716","-70.1594","115.8","2021-11-02",,,"0.00",",,H,0700","0.0",",,H,0700",,
"USC00174745","44.4716","-70.1594","115.8","2021-11-03",,,"0.00",",,H,0700","0.0",",,H,0700",,
"USC00174745","44.4716","-70.1594","115.8","2021-11-04",,,"0.00",",,H,0700","0.0",",,H,0700",,
"USC00174745","44.4716","-70.1594","115.8","2021-11-05",,,"0.00",",,H,0700","0.0",",,H,0700",,
"USC00174745","44.4716","-70.1594","115.8","2021-11-06",,,"0.00",",,H,0700","0.0",",,H,0700",,
"USC00174745","44.4716","-70.1594","115.8","2021-11-07",,,"0.00",",,H,0700","0.0",",,H,0700",,
"USC00174745","44.4716","-70.1594","115.8","2021-11-08",,,"0.00",",,H,0700","0.0",",,H,0700",,
"USC00174745","44.4716","-70.1594","115.8","2021-11-10",,,"0.11",",,H,0700","0.0",",,H,0700",,
"USC00174745","44.4716","-70.1594","115.8","2021-11-11",,,"0.00",",,H,0700",,,,
"USC00174745","44.4716","-70.1594","115.8","2021-11-12",,,"0.00",",,H,0700",,,,
"USC00174745","44.4716","-70.1594","115.8","2021-11-13",,,"1.61",",,H,0700",,,,
"USC00174745","44.4716","-70.1594","115.8","2021-11-14",,,"0.21",",,H,0700",,,,
"USC00174745","44.4716","-70.1594","115.8","2021-11-15",,,"0.17",",,H,0700","0.0",",,H,0700",,
"USC00174745","44.4716","-70.1594","115.8","2021-11-16",,,"0.00",",,H,0700","0.0",",,H,0700",,
"USC00174745","44.4716","-70.1594","115.8","2021-11-17",,,"0.00",",,H,0700","0.0",",,H,0700",,
"USC00174745","44.4716","-70.1594","115.8","2021-11-18",,,"0.11",",,H,0700","0.0",",,H,0700",,
"USC00174745","44.4716","-70.1594","115.8","2021-11-19",,,"0.09",",,H,0700",,,,
"USC00174745","44.4716","-70.1594","115.8","2021-11-20",,,"0.00",",,H,0700","0.0",",,H,0700",,
"USC00174745","44.4716","-70.1594","115.8","2021-11-21",,,"0.00",",,H,0700","0.0",",,H,0700",,
"USC00174745","44.4716","-70.1594","115.8","2021-11-22",,,"0.21",",,H,0700","0.0",",,H,0700",,
"USC00174745","44.4716","-70.1594","115.8","2021-11-23",,,"0.03",",,H,0700","0.0",",,H,0700",,
"USC00174745","44.4716","-70.1594","115.8","2021-11-24",,,"0.00",",,H,0700","0.0",",,H,0700",,
"USC00174745","44.4716","-70.1594","115.8","2021-11-25",,,"0.00",",,H,0700","0.0",",,H,0700",,
"USC00174745","44.4716","-70.1594","115.8","2021-11-26",,,"0.00",",,H,0700","0.0",",,H,0700",,
"USC00174745","44.4716","-70.1594","115.8","2021-11-27",,,"0.27",",,H,0700","0.5",",,H,0700",,
"USC00174745","44.4716","-70.1594","115.8","2021-11-28",,,"0.00",",,H,0700","0.0",",,H,0700",,
"USC00172440","45.1369","-69.2806","193.5","2021-08-01",,,"0.00",",,7,0700",,,,
"USC00172440","45.1369","-69.2806","193.5","2021-08-02",,,"0.21",",,7,0700",,,,
"USC00172440","45.1369","-69.2806","193.5","2021-08-03",,,"0.10",",,7,0700",,,,
"USC00172440","45.1369","-69.2806","193.5","2021-08-04",,,"0.00",",,7,0700",,,,
"USC00172440","45.1369","-69.2806","193.5","2021-08-05",,,"0.00",",,7,0700",,,,
"USC00172440","45.1369","-69.2806","193.5","2021-08-06",,,"0.18",",,7,0700",,,,
"USC00172440","45.1369","-69.2806","193.5","2021-08-07",,,"0.00",",,7,0700",,,,
"USC00172440","45.1369","-69.2806","193.5","2021-08-08",,,"0.15",",,7,0700",,,,
"USC00172440","45.1369","-69.2806","193.5","2021-08-09",,,"0.00",",,7,0700",,,,
"USC00172440","45.1369","-69.2806","193.5","2021-08-10",,,"0.00",",,7,0700",,,,
"USC00172440","45.1369","-69.2806","193.5","2021-08-11",,,"0.00","T,,7,0700",,,,
"USC00172440","45.1369","-69.2806","193.5","2021-08-15",,,,,,,,
"USC00172440","45.1369","-69.2806","193.5","2021-08-16",,,"0.00",",,7,0700",,,,
"USC00172440","45.1369","-69.2806","193.5","2021-08-17",,,"0.00",",,7,0700",,,,
"USC00172440","45.1369","-69.2806","193.5","2021-08-18",,,"0.01",",,7,0700",,,,
"USC00172440","45.1369","-69.2806","193.5","2021-08-19",,,"0.03",",,7,0700",,,,
"USC00172440","45.1369","-69.2806","193.5","2021-08-20",,,"0.07",",,7,0700",,,,
"USC00172440","45.1369","-69.2806","193.5","2021-08-21",,,"0.00",",,7,0700",,,,
"USC00172440","45.1369","-69.2806","193.5","2021-08-22",,,"0.00","T,,7,0700",,,,
"USC00172440","45.1369","-69.2806","193.5","2021-08-23",,,"0.05",",,7,0700",,,,
"USC00172440","45.1369","-69.2806","193.5","2021-08-24",,,"0.07",",,7,0700",,,,
"USC00172440","45.1369","-69.2806","193.5","2021-08-25",,,"0.00",",,7,0700",,,,
"USC00172440","45.1369","-69.2806","193.5","2021-08-26",,,"0.00",",,7,0700",,,,
"USC00172440","45.1369","-69.2806","193.5","2021-08-27",,,"0.00","T,,7,0700",,,,
"USC00172440","45.1369","-69.2806","193.5","2021-08-28",,,"0.00",",,7,0700",,,,
"USC00172440","45.1369","-69.2806","193.5","2021-08-29",,,"0.01",",,7,0700",,,,
"USC00172440","45.1369","-69.2806","193.5","2021-08-30",,,"0.00",",,7,0700",,,,
"USC00172440","45.1369","-69.2806","193.5","2021-08-31",,,"0.00",",,7,0700",,,,
"USC00172440","45.1369","-69.2806","193.5","2021-09-01",,,"0.00",",,7,0700",,,,
"USC00172440","45.1369","-69.2806","193.5","2021-09-02",,,"0.56",",,7,0700",,,,
"USC00172440","45.1369","-69.2806","193.5","2021-09-03",,,"0.00","T,,7,0700",,,,
"USC00172440","45.1369","-69.2806","193.5","2021-09-04",,,"0.31",",,7,0700",,,,
"USC00172440","45.1369","-69.2806","193.5","2021-09-05",,,"0.00",",,7,0700",,,,
"USC00172440","45.1369","-69.2806","193.5","2021-09-06",,,"0.19",",,7,0700",,,,
"USC00172440","45.1369","-69.2806","193.5","2021-09-07",,,"0.64",",,7,0700",,,,
"USC00172440","45.1369","-69.2806","193.5","2021-09-08",,,"0.00",",,7,0700",,,,
"USC00172440","45.1369","-69.2806","193.5","2021-09-09",,,"0.14",",,7,0700",,,,
"USC00172440","45.1369","-69.2806","193.5","2021-09-10",,,"1.63",",,7,0700",,,,
"USC00172440","45.1369","-69.2806","193.5","2021-09-11",,,"0.07",",,7,0700",,,,
"USC00172440","45.1369","-69.2806","193.5","2021-09-12",,,"0.00",",,7,0700",,,,
"USC00172440","45.1369","-69.2806","193.5","2021-09-13",,,"0.00",",,7,0700",,,,
"USC00172440","45.1369","-69.2806","193.5","2021-09-14",,,"0.00",",,7,0700",,,,
"USC00172440","45.1369","-69.2806","193.5","2021-09-15",,,"0.00",",,7,0700",,,,
"USC00172440","45.1369","-69.2806","193.5","2021-09-16",,,"0.90",",,7,0700",,,,
"USC00172440","45.1369","-69.2806","193.5","2021-09-17",,,"0.00",",,7,0700",,,,
"USC00172440","45.1369","-69.2806","193.5","2021-09-18",,,"0.00",",,7,0700",,,,
"USC00172440","45.1369","-69.2806","193.5","2021-09-19",,,"0.59",",,7,0700",,,,
"USC00172440","45.1369","-69.2806","193.5","2021-09-20",,,"0.00",",,7,0700",,,,
"USC00172440","45.1369","-69.2806","193.5","2021-09-21",,,"0.00",",,7,0700",,,,
"USC00172440","45.1369","-69.2806","193.5","2021-09-22",,,"0.03",",,7,0700",,,,
"USC00172440","45.1369","-69.2806","193.5","2021-09-23",,,"0.00","T,,7,0700",,,,
"USC00172440","45.1369","-69.2806","193.5","2021-09-24",,,"0.00",",,7,0700",,,,
"USC00172440","45.1369","-69.2806","193.5","2021-09-25",,,"0.91",",,7,0700",,,,
"USC00172440","45.1369","-69.2806","193.5","2021-09-26",,,"2.55",",,7,0700",,,,
"USC00172440","45.1369","-69.2806","193.5","2021-09-27",,,"0.52",",,7,0700",,,,
"USC00172440","45.1369","-69.2806","193.5","2021-09-28",,,"0.05",",,7,0700",,,,
"USC00172440","45.1369","-69.2806","193.5","2021-09-29",,,"0.00",",,7,0700",,,,
"USC00172440","45.1369","-69.2806","193.5","2021-09-30",,,"0.24",",,7,0700",,,,
"USC00172440","45.1369","-69.2806","193.5","2021-10-01",,,"0.14",",,7,0700",,,,
"USC00172440","45.1369","-69.2806","193.5","2021-10-02",,,"0.00",",,7,0700",,,,
"USC00172440","45.1369","-69.2806","193.5","2021-10-03",,,"0.00","T,,7,0700",,,,
"USC00172440","45.1369","-69.2806","193.5","2021-10-04",,,"0.00",",,7,0700",,,,
"USC00172440","45.1369","-69.2806","193.5","2021-10-05",,,"0.00",",,7,0700",,,,
"USC00172440","45.1369","-69.2806","193.5","2021-10-06",,,"0.00",",,7,0700",,,,
"USC00172440","45.1369","-69.2806","193.5","2021-10-07",,,"0.00",",,7,0700",,,,
"USC00172440","45.1369","-69.2806","193.5","2021-10-08",,,"0.00",",,7,0700",,,,
"USC00172440","45.1369","-69.2806","193.5","2021-10-09",,,"0.00",",,7,0700",,,,
"USC00172440","45.1369","-69.2806","193.5","2021-10-10",,,"0.00",",,7,0700",,,,
"USC00172440","45.1369","-69.2806","193.5","2021-10-11",,,"0.00",",,7,0700",,,,
"USC00172440","45.1369","-69.2806","193.5","2021-10-12",,,"0.00",",,7,0700",,,,
"USC00172440","45.1369","-69.2806","193.5","2021-10-13",,,"0.00",",,7,0700",,,,
"USC00172440","45.1369","-69.2806","193.5","2021-10-14",,,"0.00",",,7,0700",,,,
"USC00172440","45.1369","-69.2806","193.5","2021-10-15",,,"0.00","T,,7,0700","0.0",",,7,0700",,
"USC00172440","45.1369","-69.2806","193.5","2021-10-16",,,"0.15",",,7,0700","0.0",",,7,0700",,
"USC00172440","45.1369","-69.2806","193.5","2021-10-17",,,"1.01",",,7,0700","0.0",",,7,0700",,
"USC00172440","45.1369","-69.2806","193.5","2021-10-18",,,"0.02",",,7,0700","0.0",",,7,0700",,
"USC00172440","45.1369","-69.2806","193.5","2021-10-19",,,"0.00",",,7,0700","0.0",",,7,0700",,
"USC00172440","45.1369","-69.2806","193.5","2021-10-20",,,"0.00",",,7,0700","0.0",",,7,0700",,
"USC00172440","45.1369","-69.2806","193.5","2021-10-21",,,"0.00",",,7,0700","0.0",",,7,0700",,
"USC00172440","45.1369","-69.2806","193.5","2021-10-22",,,"0.18",",,7,0700","0.0",",,7,0700",,
"USC00172440","45.1369","-69.2806","193.5","2021-10-23",,,"0.00","T,,7,0700","0.0",",,7,0700",,
"USC00172440","45.1369","-69.2806","193.5","2021-10-24",,,"0.00",",,7,0700","0.0",",,7,0700",,
"USC00172440","45.1369","-69.2806","193.5","2021-10-25",,,"0.00",",,7,0700","0.0",",,7,0700",,
"USC00172440","45.1369","-69.2806","193.5","2021-10-26",,,"0.00","T,,7,0700","0.0",",,7,0700",,
"USC00172440","45.1369","-69.2806","193.5","2021-10-27",,,"0.00","T,,7,0700","0.0",",,7,0700",,
"USC00172440","45.1369","-69.2806","193.5","2021-10-28",,,"0.00",",,7,0700","0.0",",,7,0700",,
"USC00172440","45.1369","-69.2806","193.5","2021-10-29",,,"0.00",",,7,0700","0.0",",,7,0700",,
"USC00172440","45.1369","-69.2806","193.5","2021-10-30",,,"0.00",",,7,0700","0.0",",,7,0700",,
"USC00172440","45.1369","-69.2806","193.5","2021-10-31",,,"2.41",",,7,0700","0.0",",,7,0700",,
"USC00172440","45.1369","-69.2806","193.5","2021-11-01",,,"0.15",",,H,0700","0.0",",,H,0700",,
"USC00172440","45.1369","-69.2806","193.5","2021-11-02",,,"0.00",",,H,0700","0.0",",,H,0700",,
"USC00172440","45.1369","-69.2806","193.5","2021-11-03",,,"0.00",",,H,0700","0.0",",,H,0700",,
"USC00172440","45.1369","-69.2806","193.5","2021-11-04",,,"0.00",",,H,0700","0.0",",,H,0700",,
"USC00172440","45.1369","-69.2806","193.5","2021-11-05",,,"0.00",",,H,0700","0.0",",,H,0700",,
"USC00172440","45.1369","-69.2806","193.5","2021-11-06",,,"0.00",",,H,0700","0.0",",,H,0700",,
"USC00172440","45.1369","-69.2806","193.5","2021-11-07",,,"0.00",",,H,0700","0.0",",,H,0700",,
"USC00172440","45.1369","-69.2806","193.5","2021-11-08",,,"0.00",",,H,0700","0.0",",,H,0700",,
"USC00172440","45.1369","-69.2806","193.5","2021-11-09",,,"0.00",",,H,0700","0.0",",,H,0700",,
"USC00172440","45.1369","-69.2806","193.5","2021-11-10",,,"0.04",",,H,0700","0.0",",,H,0700",,
"USC00172440","45.1369","-69.2806","193.5","2021-11-11",,,"0.05",",,H,0700","0.0",",,H,0700",,
"USC00172440","45.1369","-69.2806","193.5","2021-11-12",,,"0.00",",,H,0700","0.0",",,H,0700",,
"USC00172440","45.1369","-69.2806","193.5","2021-11-13",,,"1.14",",,H,0700","0.0",",,H,0700",,
"USC00172440","45.1369","-69.2806","193.5","2021-11-14",,,"0.00",",,H,0700","0.0",",,H,0700",,
"USC00172440","45.1369","-69.2806","193.5","2021-11-15",,,"0.02",",,H,0700","0.0",",,H,0700",,
"USC00172440","45.1369","-69.2806","193.5","2021-11-16",,,"0.06",",,H,0700","0.0",",,H,0700",,
"USC00172440","45.1369","-69.2806","193.5","2021-11-17",,,"0.00",",,H,0700","0.0",",,H,0700",,
"USC00172440","45.1369","-69.2806","193.5","2021-11-18",,,"0.40",",,H,0700","0.0",",,H,0700",,
"USC00172440","45.1369","-69.2806","193.5","2021-11-19",,,"0.20",",,H,0700","0.0",",,H,0700",,
"USC00172440","45.1369","-69.2806","193.5","2021-11-20",,,"0.00",",,H,0700","0.0",",,H,0700",,
"USC00172440","45.1369","-69.2806","193.5","2021-11-21",,,"0.00",",,H,0700","0.0",",,H,0700",,
"USC00172440","45.1369","-69.2806","193.5","2021-11-22",,,"0.42",",,H,0700","0.0",",,H,0700",,
"USC00172440","45.1369","-69.2806","193.5","2021-11-23",,,"0.21",",,H,0700","0.0",",,H,0700",,
"USC00172440","45.1369","-69.2806","193.5","2021-11-24",,,"0.00",",,H,0700","0.0",",,H,0700",,
"USC00172440","45.1369","-69.2806","193.5","2021-11-25",,,"0.00",",,H,0700","0.0",",,H,0700",,
"USC00172440","45.1369","-69.2806","193.5","2021-11-26",,,"0.00",",,H,0700","0.0",",,H,0700",,
"USC00172440","45.1369","-69.2806","193.5","2021-11-27",,,"0.10",",,H,0700","0.0",",,H,0700",,
"USC00172440","45.1369","-69.2806","193.5","2021-11-28",,,"0.00",",,H,0700","0.2",",,H,0700",,
"USC00170814","45.6602","-69.8119","325.8","2021-08-01",,,"0.00",",,7,0700","0.0",",,7,0700",,
"USC00170814","45.6602","-69.8119","325.8","2021-08-02",,,"0.60",",,7,0700","0.0",",,7,0700",,
"USC00170814","45.6602","-69.8119","325.8","2021-08-03",,,"0.00",",,7,0700","0.0",",,7,0700",,
"USC00170814","45.6602","-69.8119","325.8","2021-08-04",,,"0.00",",,7,0700","0.0",",,7,0700",,
"USC00170814","45.6602","-69.8119","325.8","2021-08-05",,,"0.00",",,7,0700","0.0",",,7,0700",,
"USC00170814","45.6602","-69.8119","325.8","2021-08-06",,,"0.01",",,7,0700","0.0",",,7,0700",,
"USC00170814","45.6602","-69.8119","325.8","2021-08-07",,,"0.00",",,7,0700","0.0",",,7,0700",,
"USC00170814","45.6602","-69.8119","325.8","2021-08-08",,,"0.02",",,7,0700","0.0",",,7,0700",,
"USC00170814","45.6602","-69.8119","325.8","2021-08-09",,,"0.00",",,7,0700","0.0",",,7,0700",,
"USC00170814","45.6602","-69.8119","325.8","2021-08-10",,,"0.00",",,7,0700","0.0",",,7,0700",,
"USC00170814","45.6602","-69.8119","325.8","2021-08-11",,,"0.00",",,7,0700","0.0",",,7,0700",,
"USC00170814","45.6602","-69.8119","325.8","2021-08-12",,,"0.00",",,7,0700","0.0",",,7,0700",,
"USC00170814","45.6602","-69.8119","325.8","2021-08-13",,,"1.78",",,7,0700","0.0",",,7,0700",,
"USC00170814","45.6602","-69.8119","325.8","2021-08-14",,,"0.00",",,7,0700","0.0",",,7,0700",,
"USC00170814","45.6602","-69.8119","325.8","2021-08-15",,,"0.21",",,7,0700","0.0",",,7,0700",,
"USC00170814","45.6602","-69.8119","325.8","2021-08-16",,,"0.00",",,7,0700","0.0",",,7,0700",,
"USC00170814","45.6602","-69.8119","325.8","2021-08-17",,,"0.00",",,7,0700","0.0",",,7,0700",,
"USC00170814","45.6602","-69.8119","325.8","2021-08-18",,,"0.02",",,7,0700","0.0",",,7,0700",,
"USC00170814","45.6602","-69.8119","325.8","2021-08-19",,,"0.32",",,7,0700","0.0",",,7,0700",,
"USC00170814","45.6602","-69.8119","325.8","2021-08-20",,,"0.00","T,,7,0700","0.0",",,7,0700",,
"USC00170814","45.6602","-69.8119","325.8","2021-08-21",,,"0.00",",,7,0700","0.0",",,7,0700",,
"USC00170814","45.6602","-69.8119","325.8","2021-08-22",,,"0.00",",,7,0700","0.0",",,7,0700",,
"USC00170814","45.6602","-69.8119","325.8","2021-08-23",,,"0.00",",,7,0700","0.0",",,7,0700",,
"USC00170814","45.6602","-69.8119","325.8","2021-08-24",,,"0.12",",,7,0700","0.0",",,7,0700",,
"USC00170814","45.6602","-69.8119","325.8","2021-08-25",,,"0.00",",,7,0700","0.0",",,7,0700",,
"USC00170814","45.6602","-69.8119","325.8","2021-08-26",,,"0.00",",,7,0700","0.0",",,7,0700",,
"USC00170814","45.6602","-69.8119","325.8","2021-08-27",,,"0.00",",,7,0700","0.0",",,7,0700",,
"USC00170814","45.6602","-69.8119","325.8","2021-08-28",,,"0.00",",,7,0700","0.0",",,7,0700",,
"USC00170814","45.6602","-69.8119","325.8","2021-08-29",,,"0.02",",,7,0700","0.0",",,7,0700",,
"USC00170814","45.6602","-69.8119","325.8","2021-08-30",,,"0.00","T,,7,0700","0.0",",,7,0700",,
"USC00170814","45.6602","-69.8119","325.8","2021-08-31",,,"0.00","T,,7,0700","0.0",",,7,0700",,
"USC00170814","45.6602","-69.8119","325.8","2021-09-01",,,"0.00",",,7,0700","0.0",",,7,0700",,
"USC00170814","45.6602","-69.8119","325.8","2021-09-02",,,"0.00",",,7,0700","0.0",",,7,0700",,
"USC00170814","45.6602","-69.8119","325.8","2021-09-03",,,"0.00",",,7,0700","0.0",",,7,0700",,
"USC00170814","45.6602","-69.8119","325.8","2021-09-04",,,"0.42",",,7,0700","0.0",",,7,0700",,
"USC00170814","45.6602","-69.8119","325.8","2021-09-05",,,"0.00",",,7,0700","0.0",",,7,0700",,
"USC00170814","45.6602","-69.8119","325.8","2021-09-06",,,"0.06",",,7,0700","0.0",",,7,0700",,
"USC00170814","45.6602","-69.8119","325.8","2021-09-07",,,"1.11",",,7,0700","0.0",",,7,0700",,
"USC00170814","45.6602","-69.8119","325.8","2021-09-08",,,"0.00",",,7,0700","0.0",",,7,0700",,
"USC00170814","45.6602","-69.8119","325.8","2021-09-09",,,"0.26",",,7,0700","0.0",",,7,0700",,
"USC00170814","45.6602","-69.8119","325.8","2021-09-10",,,"0.49",",,7,0700","0.0",",,7,0700",,
"USC00170814","45.6602","-69.8119","325.8","2021-09-11",,,"0.09",",,7,0700","0.0",",,7,0700",,
"USC00170814","45.6602","-69.8119","325.8","2021-09-12",,,"0.00",",,7,0700","0.0",",,7,0700",,
"USC00170814","45.6602","-69.8119","325.8","2021-09-13",,,"0.00",",,7,0700","0.0",",,7,0700",,
"USC00170814","45.6602","-69.8119","325.8","2021-09-14",,,"0.00",",,7,0700","0.0",",,7,0700",,
"USC00170814","45.6602","-69.8119","325.8","2021-09-15",,,"0.00",",,7,0700","0.0",",,7,0700",,
"USC00170814","45.6602","-69.8119","325.8","2021-09-16",,,"0.46",",,7,0700","0.0",",,7,0700",,
"USC00170814","45.6602","-69.8119","325.8","2021-09-17",,,"0.00",",,7,0700","0.0",",,7,0700",,
"USC00170814","45.6602","-69.8119","325.8","2021-09-18",,,"0.00",",,7,0700","0.0",",,7,0700",,
"USC00170814","45.6602","-69.8119","325.8","2021-09-19",,,"0.05",",,7,0700","0.0",",,7,0700",,
"USC00170814","45.6602","-69.8119","325.8","2021-09-20",,,"0.00",",,7,0700","0.0",",,7,0700",,
"USC00170814","45.6602","-69.8119","325.8","2021-09-21",,,"0.00",",,7,0700","0.0",",,7,0700",,
"USC00170814","45.6602","-69.8119","325.8","2021-09-22",,,"0.00",",,7,0700","0.0",",,7,0700",,
"USC00170814","45.6602","-69.8119","325.8","2021-09-23",,,"0.00",",,7,0700","0.0",",,7,0700",,
"USC00170814","45.6602","-69.8119","325.8","2021-09-24",,,"0.00",",,7,0700","0.0",",,7,0700",,
"USC00170814","45.6602","-69.8119","325.8","2021-09-25",,,"0.94",",,7,0700","0.0",",,7,0700",,
"USC00170814","45.6602","-69.8119","325.8","2021-09-26",,,"0.30",",,7,0700","0.0",",,7,0700",,
"USC00170814","45.6602","-69.8119","325.8","2021-09-27",,,"0.00","T,,7,0700","0.0",",,7,0700",,
"USC00170814","45.6602","-69.8119","325.8","2021-09-28",,,"0.00","T,,7,0700","0.0",",,7,0700",,
"USC00170814","45.6602","-69.8119","325.8","2021-09-29",,,"0.00",",,7,0700","0.0",",,7,0700",,
"USC00170814","45.6602","-69.8119","325.8","2021-09-30",,,"0.46",",,7,0700","0.0",",,7,0700",,
"USC00170814","45.6602","-69.8119","325.8","2021-10-03",,,"0.00",",,H,0700","0.0",",,H,0700",,
"USC00170814","45.6602","-69.8119","325.8","2021-10-04",,,"0.00",",,H,0700","0.0",",,H,0700",,
"USC00170814","45.6602","-69.8119","325.8","2021-10-05",,,"0.00",",,H,0700","0.0",",,H,0700",,
"USC00170814","45.6602","-69.8119","325.8","2021-10-06",,,"0.00",",,H,0700","0.0",",,H,0700",,
"USC00170814","45.6602","-69.8119","325.8","2021-10-07",,,"0.00",",,H,0700","0.0",",,H,0700",,
"USC00170814","45.6602","-69.8119","325.8","2021-10-08",,,"0.00",",,H,0700","0.0",",,H,0700",,
"USC00170814","45.6602","-69.8119","325.8","2021-10-09",,,"0.00",",,H,0700","0.0",",,H,0700",,
"USC00170814","45.6602","-69.8119","325.8","2021-10-10",,,"0.00",",,H,0700","0.0",",,H,0700",,
"USC00170814","45.6602","-69.8119","325.8","2021-10-11",,,"0.00",",,H,0700","0.0",",,H,0700",,
"USC00170814","45.6602","-69.8119","325.8","2021-10-12",,,"0.00",",,H,0700","0.0",",,H,0700",,
"USC00170814","45.6602","-69.8119","325.8","2021-10-13",,,"0.00",",,H,0700","0.0",",,H,0700",,
"USC00170814","45.6602","-69.8119","325.8","2021-10-14",,,"0.00",",,H,0700","0.0",",,H,0700",,
"USC00170814","45.6602","-69.8119","325.8","2021-10-15",,,"0.00",",,H,0700","0.0",",,H,0700",,
"USC00170814","45.6602","-69.8119","325.8","2021-10-16",,,"0.00",",,H,0700","0.0",",,H,0700",,
"USC00170814","45.6602","-69.8119","325.8","2021-10-17",,,"1.02",",,H,0700","0.0",",,H,0700",,
"USC00170814","45.6602","-69.8119","325.8","2021-10-18",,,"0.03",",,H,0700","0.0",",,H,0700",,
"USC00170814","45.6602","-69.8119","325.8","2021-10-19",,,"0.00",",,H,0700","0.0",",,H,0700",,
"USC00170814","45.6602","-69.8119","325.8","2021-10-20",,,"0.00",",,H,0700","0.0",",,H,0700",,
"USC00170814","45.6602","-69.8119","325.8","2021-10-21",,,"0.00",",,H,0700","0.0",",,H,0700",,
"USC00170814","45.6602","-69.8119","325.8","2021-10-22",,,"0.11",",,H,0700","0.0",",,H,0700",,
"USC00170814","45.6602","-69.8119","325.8","2021-10-23",,,"0.01",",,H,0700","0.0",",,H,0700",,
"USC00170814","45.6602","-69.8119","325.8","2021-10-24",,,"0.01",",,H,0700","0.0",",,H,0700",,
"USC00170814","45.6602","-69.8119","325.8","2021-10-25",,,"0.00",",,H,0700","0.0",",,H,0700",,
"USC00170814","45.6602","-69.8119","325.8","2021-10-26",,,"0.00",",,H,0700","0.0",",,H,0700",,
"USC00170814","45.6602","-69.8119","325.8","2021-10-27",,,"0.00",",,H,0700","0.0",",,H,0700",,
"USC00170814","45.6602","-69.8119","325.8","2021-10-28",,,"0.00",",,H,0700","0.0",",,H,0700",,
"USC00170814","45.6602","-69.8119","325.8","2021-10-29",,,"0.00",",,H,0700","0.0",",,H,0700",,
"USC00170814","45.6602","-69.8119","325.8","2021-10-30",,,"0.00",",,H,0700","0.0",",,H,0700",,
"USC00170814","45.6602","-69.8119","325.8","2021-10-31",,,"1.37",",,H,0700","0.0",",,H,0700",,
"USC00170814","45.6602","-69.8119","325.8","2021-11-01",,,"0.28",",,H,0700","0.0",",,H,0700",,
"USC00170814","45.6602","-69.8119","325.8","2021-11-02",,,"0.00",",,H,0700","0.0",",,H,0700",,
"USC00170814","45.6602","-69.8119","325.8","2021-11-04",,,"0.00",",,H,0700","0.0",",,H,0700",,
"USC00170814","45.6602","-69.8119","325.8","2021-11-06",,,"0.00",",,H,0700","0.0",",,H,0700",,
"USC00170814","45.6602","-69.8119","325.8","2021-11-07",,,"0.00",",,H,0700",,,,
"USC00170814","45.6602","-69.8119","325.8","2021-11-08",,,"0.00",",,H,0700","0.0",",,H,0700",,
"USC00170814","45.6602","-69.8119","325.8","2021-11-09",,,"0.00",",,H,0700","0.0",",,H,0700",,
"USC00170814","45.6602","-69.8119","325.8","2021-11-10",,,"0.00",",,H,0700","0.0",",,H,0700",,
"USC00170814","45.6602","-69.8119","325.8","2021-11-14",,,"0.14",",,H,0700","0.0",",,H,0700",,
"USC00170814","45.6602","-69.8119","325.8","2021-11-15",,,"0.05",",,H,0700","0.0",",,H,0700",,
"USC00170814","45.6602","-69.8119","325.8","2021-11-16",,,"0.02",",,H,0700","0.0",",,H,0700",,
"USC00170814","45.6602","-69.8119","325.8","2021-11-17",,,"0.00",",,H,0700","0.0",",,H,0700",,
"USC00170814","45.6602","-69.8119","325.8","2021-11-20",,,"0.00",",,H,0700","0.0",",,H,0700",,
"USC00170814","45.6602","-69.8119","325.8","2021-11-21",,,"0.00",",,H,0700","0.0",",,H,0700",,
"USC00170814","45.6602","-69.8119","325.8","2021-11-24",,,"0.00",",,H,0700","0.0",",,H,0700",,
"USC00170814","45.6602","-69.8119","325.8","2021-11-25",,,"0.00",",,H,0700","0.0",",,H,0700",,
"USC00170814","45.6602","-69.8119","325.8","2021-11-26",,,"0.04",",,H,0700","0.0",",,H,0700",,
"USC00170814","45.6602","-69.8119","325.8","2021-11-27",,,"0.43",",,H,0700","3.5",",,H,0700",,
"USC00170814","45.6602","-69.8119","325.8","2021-11-28",,,"0.02",",,H,0700","0.0",",,H,0700",,
"US1LACD0032","32.3531","-93.8053","49.1","2021-08-01",,,"0.00",",,N","0.0",",,N",,
"US1LACD0032","32.3531","-93.8053","49.1","2021-08-02",,,"0.12",",,N","0.0",",,N",,
"US1LACD0032","32.3531","-93.8053","49.1","2021-08-03",,,"0.25",",,N",,,,
"US1LACD0032","32.3531","-93.8053","49.1","2021-08-04",,,"0.00","T,,N",,,,
"US1LACD0032","32.3531","-93.8053","49.1","2021-08-05",,,"0.00",",,N","0.0",",,N",,
"US1LACD0032","32.3531","-93.8053","49.1","2021-08-06",,,"0.00",",,N","0.0",",,N",,
"US1LACD0032","32.3531","-93.8053","49.1","2021-08-07",,,"0.00",",,N","0.0",",,N",,
"US1LACD0032","32.3531","-93.8053","49.1","2021-08-08",,,"0.00",",,N","0.0",",,N",,
"US1LACD0032","32.3531","-93.8053","49.1","2021-08-09",,,"0.00",",,N","0.0",",,N",,
"US1LACD0032","32.3531","-93.8053","49.1","2021-08-10",,,"0.00",",,N","0.0",",,N",,
"US1LACD0032","32.3531","-93.8053","49.1","2021-08-11",,,"0.00",",,N","0.0",",,N",,
"US1LACD0032","32.3531","-93.8053","49.1","2021-08-12",,,"0.00",",,N","0.0",",,N",,
"US1LACD0032","32.3531","-93.8053","49.1","2021-08-13",,,"0.00",",,N","0.0",",,N",,
"US1LACD0032","32.3531","-93.8053","49.1","2021-08-14",,,"0.00",",,N","0.0",",,N",,
"US1LACD0032","32.3531","-93.8053","49.1","2021-08-15",,,"0.23",",,N",,,,
"US1LACD0032","32.3531","-93.8053","49.1","2021-08-17",,,"0.05",",,N",,,,
"US1LACD0032","32.3531","-93.8053","49.1","2021-08-18",,,"0.33",",,N",,,,
"US1LACD0032","32.3531","-93.8053","49.1","2021-08-20",,,,,,,,
"US1LACD0032","32.3531","-93.8053","49.1","2021-08-24",,,,,,,,
"US1LACD0032","32.3531","-93.8053","49.1","2021-08-29",,,,,,,,
"US1LACD0032","32.3531","-93.8053","49.1","2021-08-30",,,"0.15",",,N",,,,
"US1LACD0032","32.3531","-93.8053","49.1","2021-08-31",,,"0.00",",,N","0.0",",,N",,
"US1LACD0032","32.3531","-93.8053","49.1","2021-09-01",,,"0.00",",,N","0.0",",,N",,
"US1LACD0032","32.3531","-93.8053","49.1","2021-09-02",,,"0.00",",,N","0.0",",,N",,
"US1LACD0032","32.3531","-93.8053","49.1","2021-09-06",,,,,,,,
"US1LACD0032","32.3531","-93.8053","49.1","2021-09-07",,,"0.00",",,N","0.0",",,N",,
"US1LACD0032","32.3531","-93.8053","49.1","2021-09-08",,,"0.00",",,N","0.0",",,N",,
"US1LACD0032","32.3531","-93.8053","49.1","2021-09-09",,,"0.00",",,N","0.0",",,N",,
"US1LACD0032","32.3531","-93.8053","49.1","2021-09-10",,,"0.00",",,N","0.0",",,N",,
"US1LACD0032","32.3531","-93.8053","49.1","2021-09-13",,,,,,,,
"US1LACD0032","32.3531","-93.8053","49.1","2021-09-14",,,"0.05",",,N",,,,
"US1LACD0032","32.3531","-93.8053","49.1","2021-09-15",,,"0.03",",,N",,,,
"US1LACD0032","32.3531","-93.8053","49.1","2021-09-18",,,,,,,,
"US1LACD0032","32.3531","-93.8053","49.1","2021-09-19",,,"0.15",",,N",,,,
"US1LACD0032","32.3531","-93.8053","49.1","2021-09-20",,,"0.52",",,N",,,,
"US1LACD0032","32.3531","-93.8053","49.1","2021-09-22",,,"0.00",",,N","0.0",",,N",,
"US1LACD0032","32.3531","-93.8053","49.1","2021-09-23",,,"0.00",",,N","0.0",",,N",,
"US1LACD0032","32.3531","-93.8053","49.1","2021-09-27",,,,,,,,
"US1LACD0032","32.3531","-93.8053","49.1","2021-09-28",,,"0.02",",,N",,,,
"US1LACD0032","32.3531","-93.8053","49.1","2021-09-29",,,"0.01",",,N",,,,
"US1LACD0032","32.3531","-93.8053","49.1","2021-09-30",,,"0.05",",,N",,,,
"US1LACD0032","32.3531","-93.8053","49.1","2021-10-01",,,"0.82",",,N",,,,
"US1LACD0032","32.3531","-93.8053","49.1","2021-10-02",,,"0.33",",,N",,,,
"US1LACD0032","32.3531","-93.8053","49.1","2021-10-03",,,"0.12",",,N",,,,
"US1LACD0032","32.3531","-93.8053","49.1","2021-10-06",,,,,,,,
"US1LACD0032","32.3531","-93.8053","49.1","2021-10-10",,,,,,,,
"US1LACD0032","32.3531","-93.8053","49.1","2021-10-11",,,"0.05",",,N",,,,
"US1LACD0032","32.3531","-93.8053","49.1","2021-10-12",,,"0.00",",,N","0.0",",,N",,
"US1LACD0032","32.3531","-93.8053","49.1","2021-10-14",,,,,,,,
"US1LACD0032","32.3531","-93.8053","49.1","2021-10-15",,,"0.00","T,,N",,,,
"US1LACD0032","32.3531","-93.8053","49.1","2021-10-23",,,,,,,,
"US1LACD0032","32.3531","-93.8053","49.1","2021-10-24",,,"0.00",",,N","0.0",",,N",,
"US1LACD0032","32.3531","-93.8053","49.1","2021-10-25",,,"0.00",",,N","0.0",",,N",,
"US1LACD0032","32.3531","-93.8053","49.1","2021-10-26",,,"0.00",",,N","0.0",",,N",,
"US1LACD0032","32.3531","-93.8053","49.1","2021-10-27",,,"0.02",",,N",,,,
"US1LACD0032","32.3531","-93.8053","49.1","2021-10-28",,,"1.52",",,N",,,,
"US1LACD0032","32.3531","-93.8053","49.1","2021-10-29",,,"0.00",",,N","0.0",",,N",,
"US1LACD0032","32.3531","-93.8053","49.1","2021-11-01",,,"0.00",",,N","0.0",",,N",,
"US1LACD0032","32.3531","-93.8053","49.1","2021-11-02",,,"0.00",",,N","0.0",",,N",,
"US1LACD0032","32.3531","-93.8053","49.1","2021-11-03",,,"0.00",",,N","0.0",",,N",,
"US1LACD0032","32.3531","-93.8053","49.1","2021-11-04",,,"0.25",",,N",,,,
"US1LACD0032","32.3531","-93.8053","49.1","2021-11-10",,,,,,,,
"US1LACD0032","32.3531","-93.8053","49.1","2021-11-11",,,"0.65",",,N",,,,
"US1LACD0032","32.3531","-93.8053","49.1","2021-11-28",,,,,,,,
"US1MEWL0008","44.693691","-68.847972","6.1","2021-08-01",,,"0.00",",,N","0.0",",,N",,
"US1MEWL0008","44.693691","-68.847972","6.1","2021-08-02",,,"0.02",",,N",,,,
"US1MEWL0008","44.693691","-68.847972","6.1","2021-08-03",,,"0.13",",,N",,,,
"US1MEWL0008","44.693691","-68.847972","6.1","2021-08-04",,,"0.00",",,N","0.0",",,N",,
"US1MEWL0008","44.693691","-68.847972","6.1","2021-08-05",,,"0.18",",,N",,,,
"US1MEWL0008","44.693691","-68.847972","6.1","2021-08-06",,,"0.50",",,N",,,,
"US1MEWL0008","44.693691","-68.847972","6.1","2021-08-07",,,"0.00",",,N","0.0",",,N",,
"US1MEWL0008","44.693691","-68.847972","6.1","2021-08-08",,,"0.00",",,N","0.0",",,N",,
"US1MEWL0008","44.693691","-68.847972","6.1","2021-08-10",,,"0.00","T,,N",,,,
"US1MEWL0008","44.693691","-68.847972","6.1","2021-08-11",,,"0.00",",,N","0.0",",,N",,
"US1MEWL0008","44.693691","-68.847972","6.1","2021-08-12",,,"0.00",",,N","0.0",",,N",,
"US1MEWL0008","44.693691","-68.847972","6.1","2021-08-15",,,"0.34",",,N",,,,
"US1MEWL0008","44.693691","-68.847972","6.1","2021-08-16",,,"0.00",",,N","0.0",",,N",,
"US1MEWL0008","44.693691","-68.847972","6.1","2021-08-17",,,"0.00",",,N","0.0",",,N",,
"US1MEWL0008","44.693691","-68.847972","6.1","2021-08-18",,,"0.00","T,,N",,,,
"US1MEWL0008","44.693691","-68.847972","6.1","2021-08-19",,,"0.07",",,N",,,,
"US1MEWL0008","44.693691","-68.847972","6.1","2021-08-20",,,"0.09",",,N",,,,
"US1MEWL0008","44.693691","-68.847972","6.1","2021-08-22",,,"0.02",",,N",,,,
"US1MEWL0008","44.693691","-68.847972","6.1","2021-08-23",,,"0.11",",,N",,,,
"US1MEWL0008","44.693691","-68.847972","6.1","2021-08-24",,,"0.60",",,N",,,,
"US1MEWL0008","44.693691","-68.847972","6.1","2021-08-26",,,"0.00",",,N","0.0",",,N",,
"US1MEWL0008","44.693691","-68.847972","6.1","2021-08-27",,,"0.00",",,N","0.0",",,N",,
"US1MEWL0008","44.693691","-68.847972","6.1","2021-08-28",,,"0.00",",,N","0.0",",,N",,
"US1MEWL0008","44.693691","-68.847972","6.1","2021-08-29",,,"0.13",",,N",,,,
"US1MEWL0008","44.693691","-68.847972","6.1","2021-08-30",,,"0.01",",,N",,,,
"US1MEWL0008","44.693691","-68.847972","6.1","2021-08-31",,,"0.07",",,N",,,,
"US1MEWL0008","44.693691","-68.847972","6.1","2021-09-01",,,"0.00",",,N","0.0",",,N",,
"US1MEWL0008","44.693691","-68.847972","6.1","2021-09-02",,,"0.70",",,N",,,,
"US1MEWL0008","44.693691","-68.847972","6.1","2021-09-03",,,"0.26",",,N",,,,
"US1MEWL0008","44.693691","-68.847972","6.1","2021-09-04",,,"0.28",",,N",,,,
"US1MEWL0008","44.693691","-68.847972","6.1","2021-09-05",,,"0.00",",,N","0.0",",,N",,
"US1MEWL0008","44.693691","-68.847972","6.1","2021-09-06",,,"0.07",",,N",,,,
"US1MEWL0008","44.693691","-68.847972","6.1","2021-09-07",,,"0.14",",,N",,,,
"US1MEWL0008","44.693691","-68.847972","6.1","2021-09-08",,,"0.00",",,N","0.0",",,N",,
"US1MEWL0008","44.693691","-68.847972","6.1","2021-09-09",,,"0.00",",,N","0.0",",,N",,
"US1MEWL0008","44.693691","-68.847972","6.1","2021-09-10",,,"2.27",",,N",,,,
"US1MEWL0008","44.693691","-68.847972","6.1","2021-09-11",,,"0.55",",,N",,,,
"US1MEWL0008","44.693691","-68.847972","6.1","2021-09-12",,,"0.00",",,N","0.0",",,N",,
"US1MEWL0008","44.693691","-68.847972","6.1","2021-09-13",,,"0.02",",,N",,,,
"US1MEWL0008","44.693691","-68.847972","6.1","2021-09-14",,,"0.00","T,,N",,,,
"US1MEWL0008","44.693691","-68.847972","6.1","2021-09-15",,,"0.00","T,,N",,,,
"US1MEWL0008","44.693691","-68.847972","6.1","2021-09-16",,,"0.32",",,N",,,,
"US1MEWL0008","44.693691","-68.847972","6.1","2021-09-17",,,"0.00",",,N","0.0",",,N",,
"US1MEWL0008","44.693691","-68.847972","6.1","2021-09-18",,,"0.00",",,N","0.0",",,N",,
"US1MEWL0008","44.693691","-68.847972","6.1","2021-09-19",,,"0.01",",,N",,,,
"US1MEWL0008","44.693691","-68.847972","6.1","2021-09-20",,,"0.00",",,N","0.0",",,N",,
"US1MEWL0008","44.693691","-68.847972","6.1","2021-09-21",,,"0.00",",,N","0.0",",,N",,
"US1MEWL0008","44.693691","-68.847972","6.1","2021-09-22",,,"0.00",",,N","0.0",",,N",,
"US1MEWL0008","44.693691","-68.847972","6.1","2021-09-23",,,"0.00",",,N","0.0",",,N",,
"US1MEWL0008","44.693691","-68.847972","6.1","2021-09-24",,,"0.03",",,N",,,,
"US1MEWL0008","44.693691","-68.847972","6.1","2021-09-25",,,"1.98",",,N",,,,
"US1MEWL0008","44.693691","-68.847972","6.1","2021-09-26",,,"0.60",",,N",,,,
"US1MEWL0008","44.693691","-68.847972","6.1","2021-09-27",,,"2.14",",,N",,,,
"US1MEWL0008","44.693691","-68.847972","6.1","2021-09-28",,,"0.00",",,N","0.0",",,N",,
"US1MEWL0008","44.693691","-68.847972","6.1","2021-09-30",,,"0.02",",,N",,,,
"US1MEWL0008","44.693691","-68.847972","6.1","2021-10-01",,,"0.11",",,N",,,,
"US1MEWL0008","44.693691","-68.847972","6.1","2021-10-02",,,"0.00","T,,N",,,,
"US1MEWL0008","44.693691","-68.847972","6.1","2021-10-03",,,"0.00","T,,N",,,,
"US1MEWL0008","44.693691","-68.847972","6.1","2021-10-04",,,"0.00",",,N","0.0",",,N",,
"US1MEWL0008","44.693691","-68.847972","6.1","2021-10-05",,,"0.00",",,N","0.0",",,N",,
"US1MEWL0008","44.693691","-68.847972","6.1","2021-10-07",,,"0.00",",,N","0.0",",,N",,
"US1MEWL0008","44.693691","-68.847972","6.1","2021-10-08",,,"0.00",",,N","0.0",",,N",,
"US1MEWL0008","44.693691","-68.847972","6.1","2021-10-09",,,"0.00",",,N","0.0",",,N",,
"US1MEWL0008","44.693691","-68.847972","6.1","2021-10-10",,,"0.00",",,N","0.0",",,N",,
"US1MEWL0008","44.693691","-68.847972","6.1","2021-10-11",,,"0.00",",,N","0.0",",,N",,
"US1MEWL0008","44.693691","-68.847972","6.1","2021-10-12",,,"0.00",",,N","0.0",",,N",,
"US1MEWL0008","44.693691","-68.847972","6.1","2021-10-13",,,"0.00",",,N","0.0",",,N",,
"US1MEWL0008","44.693691","-68.847972","6.1","2021-10-14",,,"0.00",",,N","0.0",",,N",,
"US1MEWL0008","44.693691","-68.847972","6.1","2021-10-15",,,"0.00",",,N","0.0",",,N",,
"US1MEWL0008","44.693691","-68.847972","6.1","2021-10-16",,,"0.07",",,N",,,,
"US1MEWL0008","44.693691","-68.847972","6.1","2021-10-17",,,"0.94",",,N",,,,
"US1MEWL0008","44.693691","-68.847972","6.1","2021-10-18",,,"0.16",",,N",,,,
"US1MEWL0008","44.693691","-68.847972","6.1","2021-10-19",,,"0.00",",,N","0.0",",,N",,
"US1MEWL0008","44.693691","-68.847972","6.1","2021-10-20",,,"0.05",",,N","0.0",",,N",,
"US1MEWL0008","44.693691","-68.847972","6.1","2021-10-21",,,"0.00",",,N","0.0",",,N",,
"US1MEWL0008","44.693691","-68.847972","6.1","2021-10-22",,,"0.01",",,N","0.0",",,N",,
"US1MEWL0008","44.693691","-68.847972","6.1","2021-10-23",,,"0.03",",,N",,,,
"US1MEWL0008","44.693691","-68.847972","6.1","2021-10-24",,,"0.00",",,N","0.0",",,N",,
"US1MEWL0008","44.693691","-68.847972","6.1","2021-10-25",,,"0.00",",,N","0.0",",,N",,
"US1MEWL0008","44.693691","-68.847972","6.1","2021-10-26",,,"0.04",",,N","0.0",",,N",,
"US1MEWL0008","44.693691","-68.847972","6.1","2021-10-27",,,"0.21",",,N",,,,
"US1MEWL0008","44.693691","-68.847972","6.1","2021-10-28",,,"0.07",",,N",,,,
"US1MEWL0008","44.693691","-68.847972","6.1","2021-10-29",,,"0.00",",,N","0.0",",,N",,
"US1MEWL0008","44.693691","-68.847972","6.1","2021-10-30",,,"0.00",",,N","0.0",",,N",,
"US1MEWL0008","44.693691","-68.847972","6.1","2021-10-31",,,"3.26",",,N",,,,
"US1MEWL0008","44.693691","-68.847972","6.1","2021-11-01",,,"0.56",",,N","0.0",",,N",,
"US1MEWL0008","44.693691","-68.847972","6.1","2021-11-02",,,"0.00",",,N","0.0",",,N",,
"US1MEWL0008","44.693691","-68.847972","6.1","2021-11-03",,,"0.00",",,N","0.0",",,N",,
"US1MEWL0008","44.693691","-68.847972","6.1","2021-11-05",,,"0.00",",,N","0.0",",,N",,
"US1MEWL0008","44.693691","-68.847972","6.1","2021-11-06",,,"0.00",",,N","0.0",",,N",,
"US1MEWL0008","44.693691","-68.847972","6.1","2021-11-07",,,"0.00",",,N","0.0",",,N",,
"US1MEWL0008","44.693691","-68.847972","6.1","2021-11-08",,,"0.00",",,N","0.0",",,N",,
"US1MEWL0008","44.693691","-68.847972","6.1","2021-11-09",,,"0.00",",,N","0.0",",,N",,
"US1MEWL0008","44.693691","-68.847972","6.1","2021-11-10",,,"0.07",",,N","0.0",",,N",,
"US1MEWL0008","44.693691","-68.847972","6.1","2021-11-11",,,"0.22",",,N","0.0",",,N",,
"US1MEWL0008","44.693691","-68.847972","6.1","2021-11-12",,,"0.00",",,N","0.0",",,N",,
"US1MEWL0008","44.693691","-68.847972","6.1","2021-11-13",,,"1.51",",,N","0.0",",,N",,
"US1MEWL0008","44.693691","-68.847972","6.1","2021-11-14",,,"0.26",",,N","0.0",",,N",,
"US1MEWL0008","44.693691","-68.847972","6.1","2021-11-15",,,"0.17",",,N","0.0",",,N",,
"US1MEWL0008","44.693691","-68.847972","6.1","2021-11-16",,,"0.02",",,N","0.0",",,N",,
"US1MEWL0008","44.693691","-68.847972","6.1","2021-11-17",,,"0.00",",,N","0.0",",,N",,
"US1MEWL0008","44.693691","-68.847972","6.1","2021-11-18",,,"0.21",",,N","0.0",",,N",,
"US1MEWL0008","44.693691","-68.847972","6.1","2021-11-19",,,"0.31",",,N","0.0",",,N",,
"US1MEWL0008","44.693691","-68.847972","6.1","2021-11-20",,,"0.02",",,N",,,,
"US1MEWL0008","44.693691","-68.847972","6.1","2021-11-21",,,"0.00",",,N","0.0",",,N",,
"US1MEWL0008","44.693691","-68.847972","6.1","2021-11-22",,,"0.69",",,N","0.0",",,N",,
"US1MEWL0008","44.693691","-68.847972","6.1","2021-11-23",,,"0.42",",,N","0.0",",,N",,
"US1MEWL0008","44.693691","-68.847972","6.1","2021-11-24",,,"0.00",",,N","0.0",",,N",,
"US1MEWL0008","44.693691","-68.847972","6.1","2021-11-25",,,"0.00",",,N","0.0",",,N",,
"US1MEWL0008","44.693691","-68.847972","6.1","2021-11-26",,,"0.00","T,,N","0.0",",,N",,
"US1MEWL0008","44.693691","-68.847972","6.1","2021-11-27",,,"0.74",",,N","1.4",",,N",,
"US1MEWL0008","44.693691","-68.847972","6.1","2021-11-28",,,"0.02",",,N","0.1",",,N",,
"US1LALV0002","30.577088","-90.969869","32.9","2021-08-01",,,"2.00",",,N",,,,
"US1LALV0002","30.577088","-90.969869","32.9","2021-08-02",,,"0.54",",,N",,,,
"US1LALV0002","30.577088","-90.969869","32.9","2021-08-03",,,"1.22",",,N",,,,
"US1LALV0002","30.577088","-90.969869","32.9","2021-08-04",,,"0.68",",,N",,,,
"US1LALV0002","30.577088","-90.969869","32.9","2021-08-05",,,"0.00",",,N","0.0",",,N",,
"US1LALV0002","30.577088","-90.969869","32.9","2021-08-06",,,"0.00",",,N","0.0",",,N",,
"US1LALV0002","30.577088","-90.969869","32.9","2021-08-07",,,"0.00",",,N","0.0",",,N",,
"US1LALV0002","30.577088","-90.969869","32.9","2021-08-09",,,,,,,,
"US1LALV0002","30.577088","-90.969869","32.9","2021-08-10",,,"0.60",",,N",,,,
"US1LALV0002","30.577088","-90.969869","32.9","2021-08-11",,,"0.00",",,N","0.0",",,N",,
"US1LALV0002","30.577088","-90.969869","32.9","2021-08-12",,,"0.00",",,N","0.0",",,N",,
"US1LALV0002","30.577088","-90.969869","32.9","2021-08-13",,,"0.00","T,,N",,,,
"US1LALV0002","30.577088","-90.969869","32.9","2021-08-14",,,"0.00",",,N","0.0",",,N",,
"US1LALV0002","30.577088","-90.969869","32.9","2021-08-15",,,"0.00",",,N","0.0",",,N",,
"US1LALV0002","30.577088","-90.969869","32.9","2021-08-16",,,"1.35",",,N",,,,
"US1LALV0002","30.577088","-90.969869","32.9","2021-08-17",,,"0.00",",,N","0.0",",,N",,
"US1LALV0002","30.577088","-90.969869","32.9","2021-08-18",,,"0.19",",,N",,,,
"US1LALV0002","30.577088","-90.969869","32.9","2021-08-19",,,"0.00",",,N","0.0",",,N",,
"US1LALV0002","30.577088","-90.969869","32.9","2021-08-20",,,"0.00",",,N","0.0",",,N",,
"US1LALV0002","30.577088","-90.969869","32.9","2021-08-21",,,"0.00",",,N","0.0",",,N",,
"US1LALV0002","30.577088","-90.969869","32.9","2021-08-22",,,"0.00",",,N","0.0",",,N",,
"US1LALV0002","30.577088","-90.969869","32.9","2021-08-23",,,"0.00",",,N","0.0",",,N",,
"US1LALV0002","30.577088","-90.969869","32.9","2021-08-24",,,"0.00",",,N","0.0",",,N",,
"US1LALV0002","30.577088","-90.969869","32.9","2021-08-25",,,"0.42",",,N",,,,
"US1LALV0002","30.577088","-90.969869","32.9","2021-08-26",,,"0.14",",,N",,,,
"US1LALV0002","30.577088","-90.969869","32.9","2021-08-27",,,"0.12",",,N",,,,
"US1LALV0002","30.577088","-90.969869","32.9","2021-08-28",,,"0.43",",,N",,,,
"US1LALV0002","30.577088","-90.969869","32.9","2021-08-29",,,"0.33",",,N",,,,
"US1LALV0002","30.577088","-90.969869","32.9","2021-09-01",,,,,,,,
"US1LALV0002","30.577088","-90.969869","32.9","2021-09-02",,,"0.00",",,N","0.0",",,N",,
"US1LALV0002","30.577088","-90.969869","32.9","2021-09-03",,,"0.00",",,N","0.0",",,N",,
"US1LALV0002","30.577088","-90.969869","32.9","2021-09-04",,,"0.00",",,N","0.0",",,N",,
"US1LALV0002","30.577088","-90.969869","32.9","2021-09-05",,,"0.00",",,N","0.0",",,N",,
"US1LALV0002","30.577088","-90.969869","32.9","2021-09-06",,,"0.00",",,N","0.0",",,N",,
"US1LALV0002","30.577088","-90.969869","32.9","2021-09-07",,,"0.00",",,N","0.0",",,N",,
"US1LALV0002","30.577088","-90.969869","32.9","2021-09-08",,,"0.88",",,N",,,,
"US1LALV0002","30.577088","-90.969869","32.9","2021-09-09",,,"0.00",",,N","0.0",",,N",,
"US1LALV0002","30.577088","-90.969869","32.9","2021-09-10",,,"0.00",",,N","0.0",",,N",,
"US1LALV0002","30.577088","-90.969869","32.9","2021-09-11",,,"0.00",",,N","0.0",",,N",,
"US1LALV0002","30.577088","-90.969869","32.9","2021-09-12",,,"0.00",",,N","0.0",",,N",,
"US1LALV0002","30.577088","-90.969869","32.9","2021-09-13",,,"0.65",",,N",,,,
"US1LALV0002","30.577088","-90.969869","32.9","2021-09-14",,,"0.28",",,N",,,,
"US1LALV0002","30.577088","-90.969869","32.9","2021-09-15",,,"4.25",",,N",,,,
"US1LALV0002","30.577088","-90.969869","32.9","2021-09-16",,,"1.53",",,N",,,,
"US1LALV0002","30.577088","-90.969869","32.9","2021-09-17",,,"0.52",",,N",,,,
"US1LALV0002","30.577088","-90.969869","32.9","2021-09-18",,,"0.12",",,N",,,,
"US1LALV0002","30.577088","-90.969869","32.9","2021-09-19",,,"0.00",",,N","0.0",",,N",,
"US1LALV0002","30.577088","-90.969869","32.9","2021-09-20",,,"0.00",",,N","0.0",",,N",,
"US1LALV0002","30.577088","-90.969869","32.9","2021-09-21",,,"0.00",",,N","0.0",",,N",,
"US1LALV0002","30.577088","-90.969869","32.9","2021-09-22",,,"0.00",",,N","0.0",",,N",,
"US1LALV0002","30.577088","-90.969869","32.9","2021-09-23",,,"0.00",",,N","0.0",",,N",,
"US1LALV0002","30.577088","-90.969869","32.9","2021-09-24",,,"0.00",",,N","0.0",",,N",,
"US1LALV0002","30.577088","-90.969869","32.9","2021-09-25",,,"0.00",",,N","0.0",",,N",,
"US1LALV0002","30.577088","-90.969869","32.9","2021-09-26",,,"0.00",",,N","0.0",",,N",,
"US1LALV0002","30.577088","-90.969869","32.9","2021-09-27",,,"0.00",",,N","0.0",",,N",,
"US1LALV0002","30.577088","-90.969869","32.9","2021-09-28",,,"0.10",",,N",,,,
"US1LALV0002","30.577088","-90.969869","32.9","2021-09-29",,,"0.32",",,N",,,,
"US1LALV0002","30.577088","-90.969869","32.9","2021-09-30",,,"2.24",",,N",,,,
"US1LALV0002","30.577088","-90.969869","32.9","2021-10-01",,,"0.19",",,N",,,,
"US1LALV0002","30.577088","-90.969869","32.9","2021-10-02",,,"0.12",",,N",,,,
"US1LALV0002","30.577088","-90.969869","32.9","2021-10-03",,,"0.14",",,N",,,,
"US1LALV0002","30.577088","-90.969869","32.9","2021-10-04",,,"0.10",",,N",,,,
"US1LALV0002","30.577088","-90.969869","32.9","2021-10-05",,,"0.00",",,N","0.0",",,N",,
"US1LALV0002","30.577088","-90.969869","32.9","2021-10-07",,,,,,,,
"US1LALV0002","30.577088","-90.969869","32.9","2021-10-08",,,"0.00",",,N","0.0",",,N",,
"US1LALV0002","30.577088","-90.969869","32.9","2021-10-09",,,"0.00",",,N","0.0",",,N",,
"US1LALV0002","30.577088","-90.969869","32.9","2021-10-10",,,"0.00",",,N","0.0",",,N",,
"US1LALV0002","30.577088","-90.969869","32.9","2021-10-11",,,"0.00",",,N","0.0",",,N",,
"US1LALV0002","30.577088","-90.969869","32.9","2021-10-12",,,"0.00",",,N","0.0",",,N",,
"US1LALV0002","30.577088","-90.969869","32.9","2021-10-13",,,"0.00",",,N","0.0",",,N",,
"US1LALV0002","30.577088","-90.969869","32.9","2021-10-14",,,"0.00",",,N","0.0",",,N",,
"US1LALV0002","30.577088","-90.969869","32.9","2021-10-15",,,"0.00",",,N","0.0",",,N",,
"US1LALV0002","30.577088","-90.969869","32.9","2021-10-16",,,"0.31",",,N",,,,
"US1LALV0002","30.577088","-90.969869","32.9","2021-10-17",,,"0.00",",,N","0.0",",,N",,
"US1LALV0002","30.577088","-90.969869","32.9","2021-10-18",,,"0.00",",,N","0.0",",,N",,
"US1LALV0002","30.577088","-90.969869","32.9","2021-10-19",,,"0.00",",,N","0.0",",,N",,
"US1LALV0002","30.577088","-90.969869","32.9","2021-10-20",,,"0.00",",,N","0.0",",,N",,
"US1LALV0002","30.577088","-90.969869","32.9","2021-10-21",,,"0.30",",,N",,,,
"US1LALV0002","30.577088","-90.969869","32.9","2021-10-22",,,"0.00",",,N","0.0",",,N",,
"US1LALV0002","30.577088","-90.969869","32.9","2021-10-23",,,"0.00",",,N","0.0",",,N",,
"US1LALV0002","30.577088","-90.969869","32.9","2021-10-24",,,"0.00",",,N","0.0",",,N",,
"US1LALV0002","30.577088","-90.969869","32.9","2021-10-25",,,"0.04",",,N",,,,
"US1LALV0002","30.577088","-90.969869","32.9","2021-10-26",,,"0.00",",,N","0.0",",,N",,
"US1LALV0002","30.577088","-90.969869","32.9","2021-10-27",,,"0.00",",,N","0.0",",,N",,
"US1LALV0002","30.577088","-90.969869","32.9","2021-10-28",,,"1.70",",,N",,,,
"US1LALV0002","30.577088","-90.969869","32.9","2021-10-29",,,"0.00",",,N","0.0",",,N",,
"US1LALV0002","30.577088","-90.969869","32.9","2021-10-30",,,"0.00",",,N","0.0",",,N",,
"US1LALV0002","30.577088","-90.969869","32.9","2021-10-31",,,"0.00",",,N","0.0",",,N",,
"US1LALV0002","30.577088","-90.969869","32.9","2021-11-01",,,"0.00",",,N","0.0",",,N",,
"US1LALV0002","30.577088","-90.969869","32.9","2021-11-02",,,"0.00",",,N","0.0",",,N",,
"US1LALV0002","30.577088","-90.969869","32.9","2021-11-03",,,"0.00",",,N","0.0",",,N",,
"US1LALV0002","30.577088","-90.969869","32.9","2021-11-04",,,"0.00",",,N","0.0",",,N",,
"US1LALV0002","30.577088","-90.969869","32.9","2021-11-05",,,"0.00",",,N","0.0",",,N",,
"US1LALV0002","30.577088","-90.969869","32.9","2021-11-06",,,"0.00",",,N","0.0",",,N",,
"US1LALV0002","30.577088","-90.969869","32.9","2021-11-07",,,"0.00",",,N","0.0",",,N",,
"US1LALV0002","30.577088","-90.969869","32.9","2021-11-08",,,"0.00",",,N","0.0",",,N",,
"US1LALV0002","30.577088","-90.969869","32.9","2021-11-10",,,"0.00",",,N","0.0",",,N",,
"US1LALV0002","30.577088","-90.969869","32.9","2021-11-11",,,"0.00",",,N","0.0",",,N",,
"US1LALV0002","30.577088","-90.969869","32.9","2021-11-12",,,"0.34",",,N",,,,
"US1LALV0002","30.577088","-90.969869","32.9","2021-11-13",,,"0.00",",,N","0.0",",,N",,
"US1LALV0002","30.577088","-90.969869","32.9","2021-11-14",,,"0.00",",,N","0.0",",,N",,
"US1LALV0002","30.577088","-90.969869","32.9","2021-11-15",,,"0.00",",,N","0.0",",,N",,
"US1LALV0002","30.577088","-90.969869","32.9","2021-11-16",,,"0.00",",,N","0.0",",,N",,
"US1LALV0002","30.577088","-90.969869","32.9","2021-11-17",,,"0.00",",,N","0.0",",,N",,
"US1LALV0002","30.577088","-90.969869","32.9","2021-11-18",,,"0.05",",,N",,,,
"US1LALV0002","30.577088","-90.969869","32.9","2021-11-19",,,"0.00",",,N","0.0",",,N",,
"US1LALV0002","30.577088","-90.969869","32.9","2021-11-20",,,"0.00",",,N","0.0",",,N",,
"US1LALV0002","30.577088","-90.969869","32.9","2021-11-21",,,"0.00",",,N","0.0",",,N",,
"US1LALV0002","30.577088","-90.969869","32.9","2021-11-22",,,"0.38",",,N",,,,
"US1LALV0002","30.577088","-90.969869","32.9","2021-11-23",,,"0.00",",,N","0.0",",,N",,
"US1LALV0002","30.577088","-90.969869","32.9","2021-11-24",,,"0.00",",,N","0.0",",,N",,
"US1LALV0002","30.577088","-90.969869","32.9","2021-11-25",,,"0.00",",,N","0.0",",,N",,
"US1LALV0002","30.577088","-90.969869","32.9","2021-11-26",,,"0.00",",,N","0.0",",,N",,
"US1LALV0002","30.577088","-90.969869","32.9","2021-11-27",,,"0.00",",,N","0.0",",,N",,
"US1LALV0002","30.577088","-90.969869","32.9","2021-11-28",,,"0.09",",,N",,,,
"USC00166434","30.3393","-93.2151","7.6","2021-08-01",,,"0.00",",,7,2400",,,,
"USC00166434","30.3393","-93.2151","7.6","2021-08-02",,,"0.73",",,7,2400",,,,
"USC00166434","30.3393","-93.2151","7.6","2021-08-03",,,"1.03",",,7,2400",,,,
"USC00166434","30.3393","-93.2151","7.6","2021-08-04",,,"0.00",",,7,2400",,,,
"USC00166434","30.3393","-93.2151","7.6","2021-08-05",,,"0.00",",,7,2400",,,,
"USC00166434","30.3393","-93.2151","7.6","2021-08-06",,,"0.00",",,7,2400",,,,
"USC00166434","30.3393","-93.2151","7.6","2021-08-07",,,"0.12",",,7,2400",,,,
"USC00166434","30.3393","-93.2151","7.6","2021-08-08",,,"0.00",",,7,2400",,,,
"USC00166434","30.3393","-93.2151","7.6","2021-08-09",,,"0.00",",,7,2400",,,,
"USC00166434","30.3393","-93.2151","7.6","2021-08-10",,,"0.00",",,7,2400",,,,
"USC00166434","30.3393","-93.2151","7.6","2021-08-11",,,"0.00",",,7,2400",,,,
"USC00166434","30.3393","-93.2151","7.6","2021-08-12",,,"1.10",",,7,2400",,,,
"USC00166434","30.3393","-93.2151","7.6","2021-08-13",,,"0.00","T,,7,2400",,,,
"USC00166434","30.3393","-93.2151","7.6","2021-08-14",,,"0.02",",,7,2400",,,,
"USC00166434","30.3393","-93.2151","7.6","2021-08-15",,,"0.29",",,7,2400",,,,
"USC00166434","30.3393","-93.2151","7.6","2021-08-16",,,"0.23",",,7,2400",,,,
"USC00166434","30.3393","-93.2151","7.6","2021-08-17",,,"0.17",",,7,2400",,,,
"USC00166434","30.3393","-93.2151","7.6","2021-08-18",,,"0.02",",,7,2400",,,,
"USC00166434","30.3393","-93.2151","7.6","2021-08-19",,,"0.07",",,7,2400",,,,
"USC00166434","30.3393","-93.2151","7.6","2021-08-20",,,"0.00",",,7,2400",,,,
"USC00166434","30.3393","-93.2151","7.6","2021-08-21",,,"0.00",",,7,2400",,,,
"USC00166434","30.3393","-93.2151","7.6","2021-08-22",,,"0.00",",,7,2400",,,,
"USC00166434","30.3393","-93.2151","7.6","2021-08-23",,,"0.00",",,7,2400",,,,
"USC00166434","30.3393","-93.2151","7.6","2021-08-24",,,"0.18",",,7,2400",,,,
"USC00166434","30.3393","-93.2151","7.6","2021-08-25",,,"0.02",",,7,2400",,,,
"USC00166434","30.3393","-93.2151","7.6","2021-08-26",,,"0.23",",,7,2400",,,,
"USC00166434","30.3393","-93.2151","7.6","2021-08-27",,,"0.00",",,7,2400",,,,
"USC00166434","30.3393","-93.2151","7.6","2021-08-28",,,"0.64",",,7,2400",,,,
"USC00166434","30.3393","-93.2151","7.6","2021-08-29",,,"0.00",",,7,2400",,,,
"USC00166434","30.3393","-93.2151","7.6","2021-08-30",,,"0.00",",,7,2400",,,,
"USC00166434","30.3393","-93.2151","7.6","2021-08-31",,,"0.00",",,7,2400",,,,
"USC00166434","30.3393","-93.2151","7.6","2021-09-01",,,"0.00",",,7,2400",,,,
"USC00166434","30.3393","-93.2151","7.6","2021-09-02",,,"0.20",",,7,2400",,,,
"USC00166434","30.3393","-93.2151","7.6","2021-09-03",,,"0.00",",,7,2400",,,,
"USC00166434","30.3393","-93.2151","7.6","2021-09-04",,,"0.00",",,7,2400",,,,
"USC00166434","30.3393","-93.2151","7.6","2021-09-05",,,"0.00",",,7,2400",,,,
"USC00166434","30.3393","-93.2151","7.6","2021-09-06",,,"3.88",",,7,2400",,,,
"USC00166434","30.3393","-93.2151","7.6","2021-09-07",,,"0.00",",,7,2400",,,,
"USC00166434","30.3393","-93.2151","7.6","2021-09-08",,,"0.00",",,7,2400",,,,
"USC00166434","30.3393","-93.2151","7.6","2021-09-09",,,"0.00",",,7,2400",,,,
"USC00166434","30.3393","-93.2151","7.6","2021-09-10",,,"0.00",",,7,2400",,,,
"USC00166434","30.3393","-93.2151","7.6","2021-09-11",,,"0.00",",,7,2400",,,,
"USC00166434","30.3393","-93.2151","7.6","2021-09-12",,,"0.20",",,7,2400",,,,
"USC00166434","30.3393","-93.2151","7.6","2021-09-13",,,"0.08",",,7,2400",,,,
"USC00166434","30.3393","-93.2151","7.6","2021-09-14",,,"3.68",",,7,2400",,,,
"USC00166434","30.3393","-93.2151","7.6","2021-09-15",,,"0.81",",,7,2400",,,,
"USC00166434","30.3393","-93.2151","7.6","2021-09-16",,,"0.04",",,7,2400",,,,
"USC00166434","30.3393","-93.2151","7.6","2021-09-17",,,"0.02",",,7,2400",,,,
"USC00166434","30.3393","-93.2151","7.6","2021-09-18",,,"0.80",",,7,2400",,,,
"USC00166434","30.3393","-93.2151","7.6","2021-09-19",,,"0.01",",,7,2400",,,,
"USC00166434","30.3393","-93.2151","7.6","2021-09-20",,,"0.25",",,7,2400",,,,
"USC00166434","30.3393","-93.2151","7.6","2021-09-21",,,"0.00",",,7,2400",,,,
"USC00166434","30.3393","-93.2151","7.6","2021-09-22",,,"0.05",",,7,2400",,,,
"USC00166434","30.3393","-93.2151","7.6","2021-09-23",,,"0.00",",,7,2400",,,,
"USC00166434","30.3393","-93.2151","7.6","2021-09-24",,,"0.00",",,7,2400",,,,
"USC00166434","30.3393","-93.2151","7.6","2021-09-25",,,"0.00",",,7,2400",,,,
"USC00166434","30.3393","-93.2151","7.6","2021-09-26",,,"0.00",",,7,2400",,,,
"USC00166434","30.3393","-93.2151","7.6","2021-09-27",,,"0.00",",,7,2400",,,,
"USC00166434","30.3393","-93.2151","7.6","2021-09-28",,,"2.88",",,7,2400",,,,
"USC00166434","30.3393","-93.2151","7.6","2021-09-29",,,"0.30",",,7,2400",,,,
"USC00166434","30.3393","-93.2151","7.6","2021-09-30",,,"0.22",",,7,2400",,,,
"USC00166434","30.3393","-93.2151","7.6","2021-10-01",,,"0.18",",,7,2400",,,,
"USC00166434","30.3393","-93.2151","7.6","2021-10-02",,,"0.28",",,7,2400",,,,
"USC00166434","30.3393","-93.2151","7.6","2021-10-03",,,"0.02",",,7,2400",,,,
"USC00166434","30.3393","-93.2151","7.6","2021-10-04",,,"0.00",",,7,2400",,,,
"USC00166434","30.3393","-93.2151","7.6","2021-10-05",,,"0.00",",,7,2400",,,,
"USC00166434","30.3393","-93.2151","7.6","2021-10-06",,,"0.00",",,7,2400",,,,
"USC00166434","30.3393","-93.2151","7.6","2021-10-07",,,"0.00",",,7,2400",,,,
"USC00166434","30.3393","-93.2151","7.6","2021-10-08",,,"0.00",",,7,2400",,,,
"USC00166434","30.3393","-93.2151","7.6","2021-10-09",,,"0.00",",,7,2400",,,,
"USC00166434","30.3393","-93.2151","7.6","2021-10-10",,,"0.00",",,7,2400",,,,
"USC00166434","30.3393","-93.2151","7.6","2021-10-11",,,"0.00","T,,7,2400",,,,
"USC00166434","30.3393","-93.2151","7.6","2021-10-12",,,"0.00","T,,7,2400",,,,
"USC00166434","30.3393","-93.2151","7.6","2021-10-13",,,"0.00",",,7,2400",,,,
"USC00166434","30.3393","-93.2151","7.6","2021-10-14",,,"0.00",",,7,2400",,,,
"USC00166434","30.3393","-93.2151","7.6","2021-10-15",,,"0.00",",,7,2400",,,,
"USC00166434","30.3393","-93.2151","7.6","2021-10-16",,,"0.00",",,7,2400",,,,
"USC00166434","30.3393","-93.2151","7.6","2021-10-17",,,"0.00",",,7,2400",,,,
"USC00166434","30.3393","-93.2151","7.6","2021-10-18",,,"0.00",",,7,2400",,,,
"USC00166434","30.3393","-93.2151","7.6","2021-10-19",,,"0.00",",,7,2400",,,,
"USC00166434","30.3393","-93.2151","7.6","2021-10-20",,,"0.08",",,7,2400",,,,
"USC00166434","30.3393","-93.2151","7.6","2021-10-21",,,"0.00",",,7,2400",,,,
"USC00166434","30.3393","-93.2151","7.6","2021-10-22",,,"0.00",",,7,2400",,,,
"USC00166434","30.3393","-93.2151","7.6","2021-10-23",,,"0.00",",,7,2400",,,,
"USC00166434","30.3393","-93.2151","7.6","2021-10-24",,,"0.04",",,7,2400",,,,
"USC00166434","30.3393","-93.2151","7.6","2021-10-25",,,"0.00",",,7,2400",,,,
"USC00166434","30.3393","-93.2151","7.6","2021-10-26",,,"0.00",",,7,2400",,,,
"USC00166434","30.3393","-93.2151","7.6","2021-10-27",,,"1.14",",,7,2400",,,,
"USC00166434","30.3393","-93.2151","7.6","2021-10-28",,,"0.00",",,7,2400",,,,
"USC00166434","30.3393","-93.2151","7.6","2021-10-29",,,"0.00",",,7,2400",,,,
"USC00166434","30.3393","-93.2151","7.6","2021-10-30",,,"0.00",",,7,2400",,,,
"USC00166434","30.3393","-93.2151","7.6","2021-10-31",,,"0.00",",,7,2400",,,,
"USC00166434","30.3393","-93.2151","7.6","2021-11-01",,,"0.00",",,H,2400",,,,
"USC00166434","30.3393","-93.2151","7.6","2021-11-02",,,"0.00",",,H,2400",,,,
"USC00166434","30.3393","-93.2151","7.6","2021-11-03",,,"0.02",",,H,2400",,,,
"USC00166434","30.3393","-93.2151","7.6","2021-11-04",,,"0.02",",,H,2400",,,,
"USC00166434","30.3393","-93.2151","7.6","2021-11-05",,,"0.00",",,H,2400",,,,
"USC00166434","30.3393","-93.2151","7.6","2021-11-06",,,"0.00",",,H,2400",,,,
"USC00166434","30.3393","-93.2151","7.6","2021-11-07",,,"0.00",",,H,2400",,,,
"USC00166434","30.3393","-93.2151","7.6","2021-11-08",,,"0.00",",,H,2400",,,,
"USC00166434","30.3393","-93.2151","7.6","2021-11-09",,,"0.00",",,H,2400",,,,
"USC00166434","30.3393","-93.2151","7.6","2021-11-10",,,"0.00",",,H,2400",,,,
"USC00166434","30.3393","-93.2151","7.6","2021-11-11",,,"0.27",",,H,2400",,,,
"USC00166434","30.3393","-93.2151","7.6","2021-11-12",,,"0.00",",,H,2400",,,,
"USC00166434","30.3393","-93.2151","7.6","2021-11-13",,,"0.00",",,H,2400",,,,
"USC00166434","30.3393","-93.2151","7.6","2021-11-14",,,"0.00",",,H,2400",,,,
"USC00166434","30.3393","-93.2151","7.6","2021-11-15",,,"0.00",",,H,2400",,,,
"USC00166434","30.3393","-93.2151","7.6","2021-11-16",,,"0.00",",,H,2400",,,,
"USC00166434","30.3393","-93.2151","7.6","2021-11-17",,,"0.00",",,H,2400",,,,
"USC00166434","30.3393","-93.2151","7.6","2021-11-18",,,"0.01",",,H,2400",,,,
"USC00166434","30.3393","-93.2151","7.6","2021-11-19",,,"0.00",",,H,2400",,,,
"USC00166434","30.3393","-93.2151","7.6","2021-11-20",,,"0.00",",,H,2400",,,,
"USC00166434","30.3393","-93.2151","7.6","2021-11-21",,,"0.00",",,H,2400",,,,
"USC00166434","30.3393","-93.2151","7.6","2021-11-22",,,"0.61",",,H,2400",,,,
"USC00166434","30.3393","-93.2151","7.6","2021-11-23",,,"0.00",",,H,2400",,,,
"USC00166434","30.3393","-93.2151","7.6","2021-11-24",,,"0.00",",,H,2400",,,,
"USC00166434","30.3393","-93.2151","7.6","2021-11-25",,,"0.08",",,H,2400",,,,
"USC00166434","30.3393","-93.2151","7.6","2021-11-26",,,"0.00",",,H,2400",,,,
"USC00166434","30.3393","-93.2151","7.6","2021-11-27",,,"0.06",",,H,2400",,,,
"USC00166434","30.3393","-93.2151","7.6","2021-11-28",,,"0.50",",,H,2400",,,,
"US1MEWL0003","44.3835","-69.1425","129.2","2021-08-01",,,"0.00",",,N","0.0",",,N",,
"US1MEWL0003","44.3835","-69.1425","129.2","2021-08-02",,,"0.01",",,N",,,,
"US1MEWL0003","44.3835","-69.1425","129.2","2021-08-03",,,"0.11",",,N",,,,
"US1MEWL0003","44.3835","-69.1425","129.2","2021-08-04",,,"0.00",",,N","0.0",",,N",,
"US1MEWL0003","44.3835","-69.1425","129.2","2021-08-05",,,"0.15",",,N",,,,
"US1MEWL0003","44.3835","-69.1425","129.2","2021-08-06",,,"0.52",",,N",,,,
"US1MEWL0003","44.3835","-69.1425","129.2","2021-08-08",,,"0.00",",,N","0.0",",,N",,
"US1MEWL0003","44.3835","-69.1425","129.2","2021-08-09",,,"0.00",",,N","0.0",",,N",,
"US1MEWL0003","44.3835","-69.1425","129.2","2021-08-11",,,"0.00",",,N","0.0",",,N",,
"US1MEWL0003","44.3835","-69.1425","129.2","2021-08-12",,,"0.00",",,N","0.0",",,N",,
"US1MEWL0003","44.3835","-69.1425","129.2","2021-08-13",,,"0.00",",,N","0.0",",,N",,
"US1MEWL0003","44.3835","-69.1425","129.2","2021-08-14",,,"0.00",",,N","0.0",",,N",,
"US1MEWL0003","44.3835","-69.1425","129.2","2021-08-15",,,"0.76",",,N",,,,
"US1MEWL0003","44.3835","-69.1425","129.2","2021-08-16",,,"0.00",",,N","0.0",",,N",,
"US1MEWL0003","44.3835","-69.1425","129.2","2021-08-17",,,"0.00",",,N","0.0",",,N",,
"US1MEWL0003","44.3835","-69.1425","129.2","2021-08-18",,,"0.00","T,,N",,,,
"US1MEWL0003","44.3835","-69.1425","129.2","2021-08-19",,,"0.19",",,N",,,,
"US1MEWL0003","44.3835","-69.1425","129.2","2021-08-20",,,"0.24",",,N",,,,
"US1MEWL0003","44.3835","-69.1425","129.2","2021-08-22",,,"0.00","T,,N",,,,
"US1MEWL0003","44.3835","-69.1425","129.2","2021-08-23",,,"0.67",",,N",,,,
"US1MEWL0003","44.3835","-69.1425","129.2","2021-08-24",,,"0.05",",,N",,,,
"US1MEWL0003","44.3835","-69.1425","129.2","2021-08-25",,,"0.00",",,N","0.0",",,N",,
"US1MEWL0003","44.3835","-69.1425","129.2","2021-08-26",,,"0.00",",,N","0.0",",,N",,
"US1MEWL0003","44.3835","-69.1425","129.2","2021-08-27",,,"0.00",",,N","0.0",",,N",,
"US1MEWL0003","44.3835","-69.1425","129.2","2021-08-28",,,"0.22",",,N","0.0",",,N",,
"US1MEWL0003","44.3835","-69.1425","129.2","2021-08-29",,,"0.23",",,N",,,,
"US1MEWL0003","44.3835","-69.1425","129.2","2021-08-30",,,"0.01",",,N",,,,
"US1MEWL0003","44.3835","-69.1425","129.2","2021-08-31",,,"0.01",",,N",,,,
"US1MEWL0003","44.3835","-69.1425","129.2","2021-09-02",,,"0.93",",,N",,,,
"US1MEWL0003","44.3835","-69.1425","129.2","2021-09-03",,,"0.21",",,N",,,,
"US1MEWL0003","44.3835","-69.1425","129.2","2021-09-04",,,"0.17",",,N",,,,
"US1MEWL0003","44.3835","-69.1425","129.2","2021-09-05",,,"0.00",",,N","0.0",",,N",,
"US1MEWL0003","44.3835","-69.1425","129.2","2021-09-06",,,"0.12",",,N",,,,
"US1MEWL0003","44.3835","-69.1425","129.2","2021-09-07",,,"0.22",",,N",,,,
"US1MEWL0003","44.3835","-69.1425","129.2","2021-09-08",,,"0.00",",,N","0.0",",,N",,
"US1MEWL0003","44.3835","-69.1425","129.2","2021-09-09",,,"0.00",",,N","0.0",",,N",,
"US1MEWL0003","44.3835","-69.1425","129.2","2021-09-10",,,"1.18",",,N",,,,
"US1MEWL0003","44.3835","-69.1425","129.2","2021-09-11",,,"0.53",",,N",,,,
"US1MEWL0003","44.3835","-69.1425","129.2","2021-09-12",,,"0.00",",,N","0.0",",,N",,
"US1MEWL0003","44.3835","-69.1425","129.2","2021-09-13",,,"0.00","T,,N",,,,
"US1MEWL0003","44.3835","-69.1425","129.2","2021-09-14",,,"0.00",",,N","0.0",",,N",,
"US1MEWL0003","44.3835","-69.1425","129.2","2021-09-15",,,"0.00","T,,N",,,,
"US1MEWL0003","44.3835","-69.1425","129.2","2021-09-16",,,"0.26",",,N",,,,
"US1MEWL0003","44.3835","-69.1425","129.2","2021-09-17",,,"0.00",",,N","0.0",",,N",,
"US1MEWL0003","44.3835","-69.1425","129.2","2021-09-18",,,"0.02",",,N",,,,
"US1MEWL0003","44.3835","-69.1425","129.2","2021-09-19",,,"1.22",",,N",,,,
"US1MEWL0003","44.3835","-69.1425","129.2","2021-09-20",,,"0.00",",,N","0.0",",,N",,
"US1MEWL0003","44.3835","-69.1425","129.2","2021-09-21",,,"0.00",",,N","0.0",",,N",,
"US1MEWL0003","44.3835","-69.1425","129.2","2021-09-22",,,"0.00",",,N","0.0",",,N",,
"US1MEWL0003","44.3835","-69.1425","129.2","2021-09-23",,,"0.00",",,N","0.0",",,N",,
"US1MEWL0003","44.3835","-69.1425","129.2","2021-09-24",,,"0.00",",,N","0.0",",,N",,
"US1MEWL0003","44.3835","-69.1425","129.2","2021-09-25",,,"1.28",",,N",,,,
"US1MEWL0003","44.3835","-69.1425","129.2","2021-09-26",,,"0.53",",,N",,,,
"US1MEWL0003","44.3835","-69.1425","129.2","2021-09-27",,,"0.46",",,N",,,,
"US1MEWL0003","44.3835","-69.1425","129.2","2021-09-28",,,"0.00",",,N","0.0",",,N",,
"US1MEWL0003","44.3835","-69.1425","129.2","2021-09-29",,,"0.03",",,N",,,,
"US1MEWL0003","44.3835","-69.1425","129.2","2021-09-30",,,"0.02",",,N",,,,
"US1MEWL0003","44.3835","-69.1425","129.2","2021-10-01",,,"0.09",",,N",,,,
"US1MEWL0003","44.3835","-69.1425","129.2","2021-10-02",,,"0.00",",,N","0.0",",,N",,
"US1MEWL0003","44.3835","-69.1425","129.2","2021-10-03",,,"0.00",",,N","0.0",",,N",,
"US1MEWL0003","44.3835","-69.1425","129.2","2021-10-04",,,"0.00",",,N","0.0",",,N",,
"US1MEWL0003","44.3835","-69.1425","129.2","2021-10-05",,,"0.00",",,N","0.0",",,N",,
"US1MEWL0003","44.3835","-69.1425","129.2","2021-10-06",,,"0.00",",,N","0.0",",,N",,
"US1MEWL0003","44.3835","-69.1425","129.2","2021-10-07",,,"0.00",",,N","0.0",",,N",,
"US1MEWL0003","44.3835","-69.1425","129.2","2021-10-08",,,"0.00",",,N","0.0",",,N",,
"US1MEWL0003","44.3835","-69.1425","129.2","2021-10-09",,,"0.00",",,N","0.0",",,N",,
"US1MEWL0003","44.3835","-69.1425","129.2","2021-10-10",,,"0.00",",,N","0.0",",,N",,
"US1MEWL0003","44.3835","-69.1425","129.2","2021-10-11",,,"0.00",",,N","0.0",",,N",,
"US1MEWL0003","44.3835","-69.1425","129.2","2021-10-12",,,"0.00",",,N","0.0",",,N",,
"US1MEWL0003","44.3835","-69.1425","129.2","2021-10-13",,,"0.00",",,N","0.0",",,N",,
"US1MEWL0003","44.3835","-69.1425","129.2","2021-10-14",,,"0.00",",,N","0.0",",,N",,
"US1MEWL0003","44.3835","-69.1425","129.2","2021-10-15",,,"0.00",",,N","0.0",",,N",,
"US1MEWL0003","44.3835","-69.1425","129.2","2021-10-16",,,"0.06",",,N",,,,
"US1MEWL0003","44.3835","-69.1425","129.2","2021-10-17",,,"1.28",",,N",,,,
"US1MEWL0003","44.3835","-69.1425","129.2","2021-10-18",,,"0.00",",,N","0.0",",,N",,
"US1MEWL0003","44.3835","-69.1425","129.2","2021-10-19",,,"0.00",",,N","0.0",",,N",,
"US1MEWL0003","44.3835","-69.1425","129.2","2021-10-20",,,"0.08",",,N",,,,
"US1MEWL0003","44.3835","-69.1425","129.2","2021-10-21",,,"0.00",",,N","0.0",",,N",,
"US1MEWL0003","44.3835","-69.1425","129.2","2021-10-22",,,"0.06",",,N",,,,
"US1MEWL0003","44.3835","-69.1425","129.2","2021-10-23",,,"0.03",",,N",,,,
"US1MEWL0003","44.3835","-69.1425","129.2","2021-10-24",,,"0.00",",,N","0.0",",,N",,
"US1MEWL0003","44.3835","-69.1425","129.2","2021-10-25",,,"0.00",",,N","0.0",",,N",,
"US1MEWL0003","44.3835","-69.1425","129.2","2021-10-26",,,"0.17",",,N",,,,
"US1MEWL0003","44.3835","-69.1425","129.2","2021-10-27",,,"0.32",",,N",,,,
"US1MEWL0003","44.3835","-69.1425","129.2","2021-10-28",,,"0.12",",,N",,,,
"US1MEWL0003","44.3835","-69.1425","129.2","2021-10-29",,,"0.00",",,N","0.0",",,N",,
"US1MEWL0003","44.3835","-69.1425","129.2","2021-10-30",,,"0.02",",,N",,,,
"US1MEWL0003","44.3835","-69.1425","129.2","2021-10-31",,,"4.57",",,N",,,,
"US1MEWL0003","44.3835","-69.1425","129.2","2021-11-01",,,"0.00",",,N","0.0",",,N",,
"US1MEWL0003","44.3835","-69.1425","129.2","2021-11-02",,,"0.00",",,N","0.0",",,N",,
"US1MEWL0003","44.3835","-69.1425","129.2","2021-11-03",,,"0.00",",,N","0.0",",,N",,
"US1MEWL0003","44.3835","-69.1425","129.2","2021-11-04",,,"0.00",",,N","0.0",",,N",,
"US1MEWL0003","44.3835","-69.1425","129.2","2021-11-05",,,"0.00",",,N","0.0",",,N",,
"US1MEWL0003","44.3835","-69.1425","129.2","2021-11-06",,,"0.00",",,N","0.0",",,N",,
"US1MEWL0003","44.3835","-69.1425","129.2","2021-11-07",,,"0.00",",,N","0.0",",,N",,
"US1MEWL0003","44.3835","-69.1425","129.2","2021-11-08",,,"0.00",",,N","0.0",",,N",,
"US1MEWL0003","44.3835","-69.1425","129.2","2021-11-09",,,"0.00",",,N","0.0",",,N",,
"US1MEWL0003","44.3835","-69.1425","129.2","2021-11-10",,,"0.06",",,N",,,,
"US1MEWL0003","44.3835","-69.1425","129.2","2021-11-11",,,"0.21",",,N",,,,
"US1MEWL0003","44.3835","-69.1425","129.2","2021-11-12",,,"0.00",",,N","0.0",",,N",,
"US1MEWL0003","44.3835","-69.1425","129.2","2021-11-13",,,"1.72",",,N",,,,
"US1MEWL0003","44.3835","-69.1425","129.2","2021-11-14",,,"0.24",",,N",,,,
"US1MEWL0003","44.3835","-69.1425","129.2","2021-11-15",,,"0.26",",,N",,,,
"US1MEWL0003","44.3835","-69.1425","129.2","2021-11-16",,,"0.02",",,N",,,,
"US1MEWL0003","44.3835","-69.1425","129.2","2021-11-17",,,"0.00",",,N","0.0",",,N",,
"US1MEWL0003","44.3835","-69.1425","129.2","2021-11-18",,,"0.12",",,N",,,,
"US1MEWL0003","44.3835","-69.1425","129.2","2021-11-19",,,"0.20",",,N",,,,
"US1MEWL0003","44.3835","-69.1425","129.2","2021-11-20",,,"0.00","T,,N",,,,
"US1MEWL0003","44.3835","-69.1425","129.2","2021-11-21",,,"0.00",",,N","0.0",",,N",,
"US1MEWL0003","44.3835","-69.1425","129.2","2021-11-22",,,"1.26",",,N",,,,
"US1MEWL0003","44.3835","-69.1425","129.2","2021-11-23",,,"0.52",",,N",,,,
"US1MEWL0003","44.3835","-69.1425","129.2","2021-11-24",,,"0.00",",,N","0.0",",,N",,
"US1MEWL0003","44.3835","-69.1425","129.2","2021-11-25",,,"0.00",",,N","0.0",",,N",,
"US1MEWL0003","44.3835","-69.1425","129.2","2021-11-26",,,"0.00",",,N","0.0",",,N",,
"US1MEWL0003","44.3835","-69.1425","129.2","2021-11-27",,,"0.65",",,N","4.0",",,N",,
"US1MEWL0003","44.3835","-69.1425","129.2","2021-11-28",,,"0.00","T,,N","0.0","T,,N",,
"USC00166431","30.2944","-93.2077","5.8","2021-08-01",,,"0.00",",,7,0700",,,,
"USC00166431","30.2944","-93.2077","5.8","2021-08-02",,,"0.00","T,,7,0700",,,,
"USC00166431","30.2944","-93.2077","5.8","2021-08-03",,,"0.10",",,7,0700",,,,
"USC00166431","30.2944","-93.2077","5.8","2021-08-04",,,"0.79",",,7,0700",,,,
"USC00166431","30.2944","-93.2077","5.8","2021-08-05",,,"0.00",",,7,0700",,,,
"USC00166431","30.2944","-93.2077","5.8","2021-08-06",,,"0.00",",,7,0700",,,,
"USC00166431","30.2944","-93.2077","5.8","2021-08-07",,,"0.00",",,7,0700",,,,
"USC00166431","30.2944","-93.2077","5.8","2021-08-08",,,"0.17",",,7,0700",,,,
"USC00166431","30.2944","-93.2077","5.8","2021-08-09",,,"0.00",",,7,0700",,,,
"USC00166431","30.2944","-93.2077","5.8","2021-08-10",,,"0.00",",,7,0700",,,,
"USC00166431","30.2944","-93.2077","5.8","2021-08-11",,,"0.00",",,7,0700",,,,
"USC00166431","30.2944","-93.2077","5.8","2021-08-12",,,"0.95",",,7,0700",,,,
"USC00166431","30.2944","-93.2077","5.8","2021-08-13",,,"0.32",",,7,0700",,,,
"USC00166431","30.2944","-93.2077","5.8","2021-08-14",,,"0.00",",,7,0700",,,,
"USC00166431","30.2944","-93.2077","5.8","2021-08-15",,,"0.22",",,7,0700",,,,
"USC00166431","30.2944","-93.2077","5.8","2021-08-16",,,"0.20",",,7,0700",,,,
"USC00166431","30.2944","-93.2077","5.8","2021-08-17",,,"0.12",",,7,0700",,,,
"USC00166431","30.2944","-93.2077","5.8","2021-08-18",,,"0.07",",,7,0700",,,,
"USC00166431","30.2944","-93.2077","5.8","2021-08-19",,,"0.04",",,7,0700",,,,
"USC00166431","30.2944","-93.2077","5.8","2021-08-20",,,"0.00",",,7,0700",,,,
"USC00166431","30.2944","-93.2077","5.8","2021-08-21",,,"0.00",",,7,0700",,,,
"USC00166431","30.2944","-93.2077","5.8","2021-08-22",,,"0.00",",,7,0700",,,,
"USC00166431","30.2944","-93.2077","5.8","2021-08-23",,,"0.00",",,7,0700",,,,
"USC00166431","30.2944","-93.2077","5.8","2021-08-24",,,"0.00",",,7,0700",,,,
"USC00166431","30.2944","-93.2077","5.8","2021-08-25",,,"1.16",",,7,0700",,,,
"USC00166431","30.2944","-93.2077","5.8","2021-08-26",,,"0.00",",,7,0700",,,,
"USC00166431","30.2944","-93.2077","5.8","2021-08-27",,,"0.05",",,7,0700",,,,
"USC00166431","30.2944","-93.2077","5.8","2021-08-28",,,"0.00",",,7,0700",,,,
"USC00166431","30.2944","-93.2077","5.8","2021-08-29",,,"0.21",",,7,0700",,,,
"USC00166431","30.2944","-93.2077","5.8","2021-08-30",,,"0.00",",,7,0700",,,,
"USC00166431","30.2944","-93.2077","5.8","2021-08-31",,,"0.00",",,7,0700",,,,
"USC00166431","30.2944","-93.2077","5.8","2021-09-01",,,"0.03",",,7,0700",,,,
"USC00166431","30.2944","-93.2077","5.8","2021-09-02",,,"0.00","T,,7,0700",,,,
"USC00166431","30.2944","-93.2077","5.8","2021-09-03",,,"0.34",",,7,0700",,,,
"USC00166431","30.2944","-93.2077","5.8","2021-09-04",,,"0.00",",,7,0700",,,,
"USC00166431","30.2944","-93.2077","5.8","2021-09-05",,,"0.00","T,,7,0700",,,,
"USC00166431","30.2944","-93.2077","5.8","2021-09-06",,,"0.01",",,7,0700",,,,
"USC00166431","30.2944","-93.2077","5.8","2021-09-07",,,"1.69",",,7,0700",,,,
"USC00166431","30.2944","-93.2077","5.8","2021-09-08",,,"0.00",",,7,0700",,,,
"USC00166431","30.2944","-93.2077","5.8","2021-09-09",,,"0.00",",,7,0700",,,,
"USC00166431","30.2944","-93.2077","5.8","2021-09-10",,,"0.00",",,7,0700",,,,
"USC00166431","30.2944","-93.2077","5.8","2021-09-11",,,"0.00",",,7,0700",,,,
"USC00166431","30.2944","-93.2077","5.8","2021-09-12",,,"0.00",",,7,0700",,,,
"USC00166431","30.2944","-93.2077","5.8","2021-09-13",,,"0.05",",,7,0700",,,,
"USC00166431","30.2944","-93.2077","5.8","2021-09-14",,,"2.66",",,7,0700",,,,
"USC00166431","30.2944","-93.2077","5.8","2021-09-15",,,"2.52",",,7,0700",,,,
"USC00166431","30.2944","-93.2077","5.8","2021-09-16",,,"0.13",",,7,0700",,,,
"USC00166431","30.2944","-93.2077","5.8","2021-09-17",,,"0.03",",,7,0700",,,,
"USC00166431","30.2944","-93.2077","5.8","2021-09-18",,,"0.00",",,7,0700",,,,
"USC00166431","30.2944","-93.2077","5.8","2021-09-19",,,"0.32",",,7,0700",,,,
"USC00166431","30.2944","-93.2077","5.8","2021-09-20",,,"0.01",",,7,0700",,,,
"USC00166431","30.2944","-93.2077","5.8","2021-09-21",,,"0.34",",,7,0700",,,,
"USC00166431","30.2944","-93.2077","5.8","2021-09-22",,,"0.04",",,7,0700",,,,
"USC00166431","30.2944","-93.2077","5.8","2021-09-23",,,"0.00",",,7,0700",,,,
"USC00166431","30.2944","-93.2077","5.8","2021-09-24",,,"0.00",",,7,0700",,,,
"USC00166431","30.2944","-93.2077","5.8","2021-09-25",,,"0.00",",,7,0700",,,,
"USC00166431","30.2944","-93.2077","5.8","2021-09-26",,,"0.00",",,7,0700",,,,
"USC00166431","30.2944","-93.2077","5.8","2021-09-27",,,"0.00",",,7,0700",,,,
"USC00166431","30.2944","-93.2077","5.8","2021-09-28",,,"0.42",",,7,0700",,,,
"USC00166431","30.2944","-93.2077","5.8","2021-09-29",,,"2.51",",,7,0700",,,,
"USC00166431","30.2944","-93.2077","5.8","2021-09-30",,,"0.79",",,7,0700",,,,
"USC00166431","30.2944","-93.2077","5.8","2021-10-01",,,"0.32",",,7,0700",,,,
"USC00166431","30.2944","-93.2077","5.8","2021-10-02",,,"0.21",",,7,0700",,,,
"USC00166431","30.2944","-93.2077","5.8","2021-10-03",,,"0.19",",,7,0700",,,,
"USC00166431","30.2944","-93.2077","5.8","2021-10-04",,,"0.00",",,7,0700",,,,
"USC00166431","30.2944","-93.2077","5.8","2021-10-05",,,"0.00",",,7,0700",,,,
"USC00166431","30.2944","-93.2077","5.8","2021-10-06",,,"0.00",",,7,0700",,,,
"USC00166431","30.2944","-93.2077","5.8","2021-10-07",,,"0.00",",,7,0700",,,,
"USC00166431","30.2944","-93.2077","5.8","2021-10-08",,,"0.00",",,7,0700",,,,
"USC00166431","30.2944","-93.2077","5.8","2021-10-09",,,"0.00",",,7,0700",,,,
"USC00166431","30.2944","-93.2077","5.8","2021-10-10",,,"0.00",",,7,0700",,,,
"USC00166431","30.2944","-93.2077","5.8","2021-10-11",,,"0.00",",,7,0700",,,,
"USC00166431","30.2944","-93.2077","5.8","2021-10-12",,,"0.02",",,7,0700",,,,
"USC00166431","30.2944","-93.2077","5.8","2021-10-13",,,"0.00",",,7,0700",,,,
"USC00166431","30.2944","-93.2077","5.8","2021-10-14",,,"0.00",",,7,0700",,,,
"USC00166431","30.2944","-93.2077","5.8","2021-10-15",,,"0.00",",,7,0700",,,,
"USC00166431","30.2944","-93.2077","5.8","2021-10-16",,,"0.01",",,7,0700",,,,
"USC00166431","30.2944","-93.2077","5.8","2021-10-17",,,"0.00",",,7,0700",,,,
"USC00166431","30.2944","-93.2077","5.8","2021-10-18",,,"0.00",",,7,0700",,,,
"USC00166431","30.2944","-93.2077","5.8","2021-10-19",,,"0.00",",,7,0700",,,,
"USC00166431","30.2944","-93.2077","5.8","2021-10-20",,,"0.00",",,7,0700",,,,
"USC00166431","30.2944","-93.2077","5.8","2021-10-21",,,"0.00",",,7,0700",,,,
"USC00166431","30.2944","-93.2077","5.8","2021-10-22",,,"0.00",",,7,0700",,,,
"USC00166431","30.2944","-93.2077","5.8","2021-10-23",,,"0.00",",,7,0700",,,,
"USC00166431","30.2944","-93.2077","5.8","2021-10-24",,,"0.00",",,7,0700",,,,
"USC00166431","30.2944","-93.2077","5.8","2021-10-25",,,"0.00","T,,7,0700",,,,
"USC00166431","30.2944","-93.2077","5.8","2021-10-26",,,"0.00",",,7,0700",,,,
"USC00166431","30.2944","-93.2077","5.8","2021-10-27",,,"0.00",",,7,0700",,,,
"USC00166431","30.2944","-93.2077","5.8","2021-10-28",,,"1.24",",,7,0700",,,,
"USC00166431","30.2944","-93.2077","5.8","2021-10-29",,,"0.00",",,7,0700",,,,
"USC00166431","30.2944","-93.2077","5.8","2021-10-30",,,"0.00",",,7,0700",,,,
"USC00166431","30.2944","-93.2077","5.8","2021-10-31",,,"0.00",",,7,0700",,,,
"USC00166431","30.2944","-93.2077","5.8","2021-11-01",,,"0.00",",,H,0700",,,,
"USC00166431","30.2944","-93.2077","5.8","2021-11-02",,,"0.00",",,H,0700",,,,
"USC00166431","30.2944","-93.2077","5.8","2021-11-03",,,"0.00",",,H,0700",,,,
"USC00166431","30.2944","-93.2077","5.8","2021-11-04",,,"0.14",",,H,0700",,,,
"USC00166431","30.2944","-93.2077","5.8","2021-11-05",,,"0.00",",,H,0700",,,,
"USC00166431","30.2944","-93.2077","5.8","2021-11-06",,,"0.00",",,H,0700",,,,
"USC00166431","30.2944","-93.2077","5.8","2021-11-07",,,"0.00",",,H,0700",,,,
"USC00166431","30.2944","-93.2077","5.8","2021-11-08",,,"0.00",",,H,0700",,,,
"USC00166431","30.2944","-93.2077","5.8","2021-11-09",,,"0.00",",,H,0700",,,,
"USC00166431","30.2944","-93.2077","5.8","2021-11-10",,,"0.00",",,H,0700",,,,
"USC00166431","30.2944","-93.2077","5.8","2021-11-11",,,"0.26",",,H,0700",,,,
"USC00166431","30.2944","-93.2077","5.8","2021-11-12",,,"0.10",",,H,0700",,,,
"USC00166431","30.2944","-93.2077","5.8","2021-11-13",,,"0.00",",,H,0700",,,,
"USC00166431","30.2944","-93.2077","5.8","2021-11-14",,,"0.00",",,H,0700",,,,
"USC00166431","30.2944","-93.2077","5.8","2021-11-15",,,"0.00",",,H,0700",,,,
"USC00166431","30.2944","-93.2077","5.8","2021-11-16",,,"0.00",",,H,0700",,,,
"USC00166431","30.2944","-93.2077","5.8","2021-11-17",,,"0.00",",,H,0700",,,,
"USC00166431","30.2944","-93.2077","5.8","2021-11-18",,,"0.00",",,H,0700",,,,
"USC00166431","30.2944","-93.2077","5.8","2021-11-19",,,"0.00",",,H,0700",,,,
"USC00166431","30.2944","-93.2077","5.8","2021-11-20",,,"0.00",",,H,0700",,,,
"USC00166431","30.2944","-93.2077","5.8","2021-11-21",,,"0.00",",,H,0700",,,,
"USC00166431","30.2944","-93.2077","5.8","2021-11-22",,,"0.22",",,H,0700",,,,
"USC00166431","30.2944","-93.2077","5.8","2021-11-23",,,"0.00",",,H,0700",,,,
"USC00166431","30.2944","-93.2077","5.8","2021-11-24",,,"0.00",",,H,0700",,,,
"USC00166431","30.2944","-93.2077","5.8","2021-11-25",,,"0.00",",,H,0700",,,,
"USC00166431","30.2944","-93.2077","5.8","2021-11-26",,,"0.13",",,H,0700",,,,
"USC00166431","30.2944","-93.2077","5.8","2021-11-27",,,"0.00",",,H,0700",,,,
"USC00166431","30.2944","-93.2077","5.8","2021-11-28",,,"0.55",",,H,0700",,,,
"US1MEWL0012","44.3768","-69.2616","116.4","2021-08-01",,,"0.00",",,N","0.0",",,N",,
"US1MEWL0012","44.3768","-69.2616","116.4","2021-08-02",,,"0.00",",,N","0.0",",,N",,
"US1MEWL0012","44.3768","-69.2616","116.4","2021-08-03",,,"0.07",",,N",,,,
"US1MEWL0012","44.3768","-69.2616","116.4","2021-08-04",,,"0.00",",,N","0.0",",,N",,
"US1MEWL0012","44.3768","-69.2616","116.4","2021-08-05",,,"0.33",",,N",,,,
"US1MEWL0012","44.3768","-69.2616","116.4","2021-08-06",,,"0.50",",,N",,,,
"US1MEWL0012","44.3768","-69.2616","116.4","2021-08-08",,,,,,,,
"US1MEWL0012","44.3768","-69.2616","116.4","2021-08-09",,,"0.00",",,N","0.0",",,N",,
"US1MEWL0012","44.3768","-69.2616","116.4","2021-08-15",,,,,,,,
"US1MEWL0012","44.3768","-69.2616","116.4","2021-08-16",,,"0.00",",,N","0.0",",,N",,
"US1MEWL0012","44.3768","-69.2616","116.4","2021-08-17",,,"0.00",",,N","0.0",",,N",,
"US1MEWL0012","44.3768","-69.2616","116.4","2021-08-18",,,"0.03",",,N",,,,
"US1MEWL0012","44.3768","-69.2616","116.4","2021-08-19",,,"0.19",",,N",,,,
"US1MEWL0012","44.3768","-69.2616","116.4","2021-08-20",,,"0.29",",,N",,,,
"US1MEWL0012","44.3768","-69.2616","116.4","2021-08-21",,,"0.00",",,N","0.0",",,N",,
"US1MEWL0012","44.3768","-69.2616","116.4","2021-08-22",,,"0.02",",,N",,,,
"US1MEWL0012","44.3768","-69.2616","116.4","2021-08-23",,,"0.48",",,N",,,,
"US1MEWL0012","44.3768","-69.2616","116.4","2021-08-24",,,"0.05",",,N",,,,
"US1MEWL0012","44.3768","-69.2616","116.4","2021-08-25",,,"0.00",",,N","0.0",",,N",,
"US1MEWL0012","44.3768","-69.2616","116.4","2021-08-26",,,"0.00",",,N","0.0",",,N",,
"US1MEWL0012","44.3768","-69.2616","116.4","2021-08-27",,,"0.00",",,N","0.0",",,N",,
"US1MEWL0012","44.3768","-69.2616","116.4","2021-08-28",,,"0.00",",,N","0.0",",,N",,
"US1MEWL0012","44.3768","-69.2616","116.4","2021-08-29",,,"0.23",",,N",,,,
"US1MEWL0012","44.3768","-69.2616","116.4","2021-08-30",,,"0.02",",,N",,,,
"US1MEWL0012","44.3768","-69.2616","116.4","2021-08-31",,,"0.01",",,N",,,,
"US1MEWL0012","44.3768","-69.2616","116.4","2021-09-01",,,"0.00",",,N","0.0",",,N",,
"US1MEWL0012","44.3768","-69.2616","116.4","2021-09-02",,,"1.01",",,N",,,,
"US1MEWL0012","44.3768","-69.2616","116.4","2021-09-03",,,"0.16",",,N",,,,
"US1MEWL0012","44.3768","-69.2616","116.4","2021-09-04",,,"0.23",",,N",,,,
"US1MEWL0012","44.3768","-69.2616","116.4","2021-09-05",,,"0.00",",,N","0.0",",,N",,
"US1MEWL0012","44.3768","-69.2616","116.4","2021-09-06",,,"0.22",",,N",,,,
"US1MEWL0012","44.3768","-69.2616","116.4","2021-09-07",,,"0.33",",,N",,,,
"US1MEWL0012","44.3768","-69.2616","116.4","2021-09-08",,,"0.00",",,N","0.0",",,N",,
"US1MEWL0012","44.3768","-69.2616","116.4","2021-09-09",,,"0.01",",,N",,,,
"US1MEWL0012","44.3768","-69.2616","116.4","2021-09-10",,,"1.52",",,N",,,,
"US1MEWL0012","44.3768","-69.2616","116.4","2021-09-12",,,,,,,,
"US1MEWL0012","44.3768","-69.2616","116.4","2021-09-15",,,,,,,,
"US1MEWL0012","44.3768","-69.2616","116.4","2021-09-16",,,"0.16",",,N",,,,
"US1MEWL0012","44.3768","-69.2616","116.4","2021-09-17",,,"0.00",",,N","0.0",",,N",,
"US1MEWL0012","44.3768","-69.2616","116.4","2021-09-18",,,"0.01",",,N",,,,
"US1MEWL0012","44.3768","-69.2616","116.4","2021-09-19",,,"0.23",",,N",,,,
"US1MEWL0012","44.3768","-69.2616","116.4","2021-09-20",,,"0.00",",,N","0.0",",,N",,
"US1MEWL0012","44.3768","-69.2616","116.4","2021-09-21",,,"0.00",",,N","0.0",",,N",,
"US1MEWL0012","44.3768","-69.2616","116.4","2021-09-22",,,"0.02",",,N",,,,
"US1MEWL0012","44.3768","-69.2616","116.4","2021-09-23",,,"0.00",",,N","0.0",",,N",,
"US1MEWL0012","44.3768","-69.2616","116.4","2021-09-24",,,"0.00","T,,N",,,,
"US1MEWL0012","44.3768","-69.2616","116.4","2021-09-25",,,"0.54",",,N",,,,
"US1MEWL0012","44.3768","-69.2616","116.4","2021-09-26",,,"1.00",",,N",,,,
"US1MEWL0012","44.3768","-69.2616","116.4","2021-09-27",,,"0.51",",,N",,,,
"US1MEWL0012","44.3768","-69.2616","116.4","2021-09-28",,,"0.00",",,N","0.0",",,N",,
"US1MEWL0012","44.3768","-69.2616","116.4","2021-09-29",,,"0.00","T,,N",,,,
"US1MEWL0012","44.3768","-69.2616","116.4","2021-09-30",,,"0.10",",,N",,,,
"US1MEWL0012","44.3768","-69.2616","116.4","2021-10-01",,,"0.17",",,N",,,,
"US1MEWL0012","44.3768","-69.2616","116.4","2021-10-02",,,"0.00",",,N","0.0",",,N",,
"US1MEWL0012","44.3768","-69.2616","116.4","2021-10-03",,,"0.00","T,,N",,,,
"US1MEWL0012","44.3768","-69.2616","116.4","2021-10-04",,,"0.02",",,N",,,,
"US1MEWL0012","44.3768","-69.2616","116.4","2021-10-05",,,"0.00",",,N","0.0",",,N",,
"US1MEWL0012","44.3768","-69.2616","116.4","2021-10-06",,,"0.00",",,N","0.0",",,N",,
"US1MEWL0012","44.3768","-69.2616","116.4","2021-10-07",,,"0.00",",,N","0.0",",,N",,
"US1MEWL0012","44.3768","-69.2616","116.4","2021-10-08",,,"0.00",",,N","0.0",",,N",,
"US1MEWL0012","44.3768","-69.2616","116.4","2021-10-09",,,"0.00",",,N","0.0",",,N",,
"US1MEWL0012","44.3768","-69.2616","116.4","2021-10-10",,,"0.00",",,N","0.0",",,N",,
"US1MEWL0012","44.3768","-69.2616","116.4","2021-10-11",,,"0.00",",,N","0.0",",,N",,
"US1MEWL0012","44.3768","-69.2616","116.4","2021-10-13",,,,,,,,
"US1MEWL0012","44.3768","-69.2616","116.4","2021-10-14",,,"0.00",",,N","0.0",",,N",,
"US1MEWL0012","44.3768","-69.2616","116.4","2021-10-15",,,"0.00",",,N","0.0",",,N",,
"US1MEWL0012","44.3768","-69.2616","116.4","2021-10-16",,,"0.14",",,N",,,,
"US1MEWL0012","44.3768","-69.2616","116.4","2021-10-17",,,"0.88",",,N",,,,
"US1MEWL0012","44.3768","-69.2616","116.4","2021-10-18",,,"0.03",",,N",,,,
"US1MEWL0012","44.3768","-69.2616","116.4","2021-10-20",,,,,,,,
"US1MEWL0012","44.3768","-69.2616","116.4","2021-10-21",,,"0.00",",,N","0.0",",,N",,
"US1MEWL0012","44.3768","-69.2616","116.4","2021-10-22",,,"0.05",",,N",,,,
"US1MEWL0012","44.3768","-69.2616","116.4","2021-10-23",,,"0.05",",,N",,,,
"US1MEWL0012","44.3768","-69.2616","116.4","2021-10-24",,,"0.00",",,N","0.0",",,N",,
"US1MEWL0012","44.3768","-69.2616","116.4","2021-10-25",,,"0.00",",,N","0.0",",,N",,
"US1MEWL0012","44.3768","-69.2616","116.4","2021-10-26",,,"0.19",",,N",,,,
"US1MEWL0012","44.3768","-69.2616","116.4","2021-10-27",,,"0.33",",,N",,,,
"US1MEWL0012","44.3768","-69.2616","116.4","2021-10-28",,,"0.16",",,N",,,,
"US1MEWL0012","44.3768","-69.2616","116.4","2021-10-29",,,"0.00",",,N","0.0",",,N",,
"US1MEWL0012","44.3768","-69.2616","116.4","2021-10-30",,,"0.01",",,N",,,,
"US1MEWL0012","44.3768","-69.2616","116.4","2021-10-31",,,"3.52",",,N",,,,
"US1MEWL0012","44.3768","-69.2616","116.4","2021-11-01",,,"0.09",",,N",,,,
"US1MEWL0012","44.3768","-69.2616","116.4","2021-11-02",,,"0.00",",,N","0.0",",,N",,
"US1MEWL0012","44.3768","-69.2616","116.4","2021-11-03",,,"0.00",",,N","0.0",",,N",,
"US1MEWL0012","44.3768","-69.2616","116.4","2021-11-04",,,"0.00",",,N","0.0",",,N",,
"US1MEWL0012","44.3768","-69.2616","116.4","2021-11-05",,,"0.00",",,N","0.0",",,N",,
"US1MEWL0012","44.3768","-69.2616","116.4","2021-11-06",,,"0.00",",,N","0.0",",,N",,
"US1MEWL0012","44.3768","-69.2616","116.4","2021-11-07",,,"0.00",",,N","0.0",",,N",,
"US1MEWL0012","44.3768","-69.2616","116.4","2021-11-09",,,,,,,,
"US1MEWL0012","44.3768","-69.2616","116.4","2021-11-10",,,"0.17",",,N",,,,
"US1MEWL0012","44.3768","-69.2616","116.4","2021-11-11",,,"0.19",",,N",,,,
"US1MEWL0012","44.3768","-69.2616","116.4","2021-11-12",,,"0.00",",,N","0.0",",,N",,
"US1MEWL0012","44.3768","-69.2616","116.4","2021-11-13",,,"1.52",",,N",,,,
"US1MEWL0012","44.3768","-69.2616","116.4","2021-11-14",,,"0.49",",,N",,,,
"US1MEWL0012","44.3768","-69.2616","116.4","2021-11-15",,,"0.31",",,N",,,,
"US1MEWL0012","44.3768","-69.2616","116.4","2021-11-16",,,"0.00",",,N","0.0",",,N",,
"US1MEWL0012","44.3768","-69.2616","116.4","2021-11-17",,,"0.00","T,,N","0.0","T,,N",,
"US1MEWL0012","44.3768","-69.2616","116.4","2021-11-18",,,"0.07",",,N",,,,
"US1MEWL0012","44.3768","-69.2616","116.4","2021-11-19",,,"0.26",",,N",,,,
"US1MEWL0012","44.3768","-69.2616","116.4","2021-11-20",,,"0.00","T,,N","0.0","T,,N",,
"US1MEWL0012","44.3768","-69.2616","116.4","2021-11-21",,,"0.00",",,N","0.0",",,N",,
"US1MEWL0012","44.3768","-69.2616","116.4","2021-11-22",,,"0.90",",,N","0.0",",,N",,
"US1MEWL0012","44.3768","-69.2616","116.4","2021-11-23",,,"0.39",",,N",,,,
"US1MEWL0012","44.3768","-69.2616","116.4","2021-11-24",,,"0.00",",,N","0.0",",,N",,
"US1MEWL0012","44.3768","-69.2616","116.4","2021-11-25",,,"0.00",",,N","0.0",",,N",,
"US1MEWL0012","44.3768","-69.2616","116.4","2021-11-26",,,"0.00","T,,N","0.0",",,N",,
"US1MEWL0012","44.3768","-69.2616","116.4","2021-11-27",,,"0.55",",,N","2.7",",,N",,
"US1MEWL0012","44.3768","-69.2616","116.4","2021-11-28",,,"0.00",",,N","0.0",",,N",,
"US1LAAV0005","31.1282","-92.07929","25.0","2021-08-20",,,,,,,,
"US1LAAV0005","31.1282","-92.07929","25.0","2021-08-23",,,,,,,,
"US1LAAV0005","31.1282","-92.07929","25.0","2021-08-31",,,,,,,,
"US1LAAV0005","31.1282","-92.07929","25.0","2021-09-03",,,,,,,,
"US1LAAV0005","31.1282","-92.07929","25.0","2021-09-07",,,,,,,,
"US1LAAV0005","31.1282","-92.07929","25.0","2021-09-13",,,,,,,,
"US1LAAV0005","31.1282","-92.07929","25.0","2021-09-14",,,"0.22",",,N",,,,
"US1LAAV0005","31.1282","-92.07929","25.0","2021-09-15",,,"5.50",",,N",,,,
"US1LAAV0005","31.1282","-92.07929","25.0","2021-09-16",,,"1.66",",,N",,,,
"US1LAAV0005","31.1282","-92.07929","25.0","2021-09-17",,,"0.34",",,N",,,,
"US1LAAV0005","31.1282","-92.07929","25.0","2021-09-20",,,"0.08",",,N","0.0",",,N",,
"US1LAAV0005","31.1282","-92.07929","25.0","2021-09-22",,,"0.12",",,N",,,,
"US1LAAV0005","31.1282","-92.07929","25.0","2021-09-29",,,"0.58",",,N",,,,
"US1LAAV0005","31.1282","-92.07929","25.0","2021-09-30",,,"0.00",",,N","0.0",",,N",,
"US1LAAV0005","31.1282","-92.07929","25.0","2021-10-01",,,"0.56",",,N",,,,
"US1LAAV0005","31.1282","-92.07929","25.0","2021-10-04",,,,,,,,
"US1LAAV0005","31.1282","-92.07929","25.0","2021-10-18",,,,,,,,
"US1LAAV0005","31.1282","-92.07929","25.0","2021-10-27",,,,,,,,
"US1LAAV0005","31.1282","-92.07929","25.0","2021-10-28",,,"1.08",",,N",,,,
"US1LAAV0005","31.1282","-92.07929","25.0","2021-10-29",,,"0.00",",,N","0.0",",,N",,
"US1LAAV0005","31.1282","-92.07929","25.0","2021-10-30",,,"0.00",",,N","0.0",",,N",,
"US1LAAV0005","31.1282","-92.07929","25.0","2021-10-31",,,"0.00",",,N","0.0",",,N",,
"US1LAAV0005","31.1282","-92.07929","25.0","2021-11-01",,,"0.00",",,N","0.0",",,N",,
"US1LAAV0005","31.1282","-92.07929","25.0","2021-11-02",,,"0.00",",,N","0.0",",,N",,
"US1LAAV0005","31.1282","-92.07929","25.0","2021-11-03",,,"0.00",",,N","0.0",",,N",,
"US1LAAV0005","31.1282","-92.07929","25.0","2021-11-04",,,"0.33",",,N",,,,
"US1LAAV0005","31.1282","-92.07929","25.0","2021-11-09",,,"0.00",",,N","0.0",",,N",,
"US1LAAV0005","31.1282","-92.07929","25.0","2021-11-15",,,,,,,,
"US1LAAV0005","31.1282","-92.07929","25.0","2021-11-26",,,,,,,,
"US1LAVM0002","29.981428","-92.274077","2.1","2021-08-01",,,"0.00",",,N","0.0",",,N",,
"US1LAVM0002","29.981428","-92.274077","2.1","2021-08-02",,,"0.00",",,N","0.0",",,N",,
"US1LAVM0002","29.981428","-92.274077","2.1","2021-08-03",,,"0.38",",,N",,,,
"US1LAVM0002","29.981428","-92.274077","2.1","2021-08-05",,,"0.00",",,N","0.0",",,N",,
"US1LAVM0002","29.981428","-92.274077","2.1","2021-08-06",,,"0.00",",,N","0.0",",,N",,
"US1LAVM0002","29.981428","-92.274077","2.1","2021-08-07",,,"0.00",",,N","0.0",",,N",,
"US1LAVM0002","29.981428","-92.274077","2.1","2021-08-08",,,"1.20",",,N",,,,
"US1LAVM0002","29.981428","-92.274077","2.1","2021-08-09",,,"0.00",",,N","0.0",",,N",,
"US1LAVM0002","29.981428","-92.274077","2.1","2021-08-10",,,"0.00",",,N","0.0",",,N",,
"US1LAVM0002","29.981428","-92.274077","2.1","2021-08-11",,,"0.00",",,N","0.0",",,N",,
"US1LAVM0002","29.981428","-92.274077","2.1","2021-08-12",,,"0.00",",,N","0.0",",,N",,
"US1LAVM0002","29.981428","-92.274077","2.1","2021-08-13",,,"0.00",",,N","0.0",",,N",,
"US1LAVM0002","29.981428","-92.274077","2.1","2021-08-14",,,"0.00","T,,N",,,,
"US1LAVM0002","29.981428","-92.274077","2.1","2021-08-15",,,"0.00",",,N","0.0",",,N",,
"US1LAVM0002","29.981428","-92.274077","2.1","2021-08-16",,,"0.21",",,N",,,,
"US1LAVM0002","29.981428","-92.274077","2.1","2021-08-17",,,"0.00","T,,N",,,,
"US1LAVM0002","29.981428","-92.274077","2.1","2021-08-18",,,"0.04",",,N",,,,
"US1LAVM0002","29.981428","-92.274077","2.1","2021-08-19",,,"0.03",",,N",,,,
"US1LAVM0002","29.981428","-92.274077","2.1","2021-08-20",,,"0.00",",,N","0.0",",,N",,
"US1LAVM0002","29.981428","-92.274077","2.1","2021-08-21",,,"0.00",",,N","0.0",",,N",,
"US1LAVM0002","29.981428","-92.274077","2.1","2021-08-22",,,"0.00",",,N","0.0",",,N",,
"US1LAVM0002","29.981428","-92.274077","2.1","2021-08-23",,,"0.00",",,N","0.0",",,N",,
"US1LAVM0002","29.981428","-92.274077","2.1","2021-08-24",,,"0.00",",,N","0.0",",,N",,
"US1LAVM0002","29.981428","-92.274077","2.1","2021-08-25",,,"2.18",",,N",,,,
"US1LAVM0002","29.981428","-92.274077","2.1","2021-08-26",,,"0.04",",,N",,,,
"US1LAVM0002","29.981428","-92.274077","2.1","2021-08-27",,,"0.35",",,N",,,,
"US1LAVM0002","29.981428","-92.274077","2.1","2021-08-28",,,"0.58",",,N",,,,
"US1LAVM0002","29.981428","-92.274077","2.1","2021-08-29",,,"0.24",",,N",,,,
"US1LAVM0002","29.981428","-92.274077","2.1","2021-08-30",,,"0.00",",,N","0.0",",,N",,
"US1LAVM0002","29.981428","-92.274077","2.1","2021-08-31",,,"0.00",",,N","0.0",",,N",,
"US1LAVM0002","29.981428","-92.274077","2.1","2021-09-01",,,"0.35",",,N",,,,
"US1LAVM0002","29.981428","-92.274077","2.1","2021-09-02",,,"0.55",",,N",,,,
"US1LAVM0002","29.981428","-92.274077","2.1","2021-09-03",,,"0.00",",,N","0.0",",,N",,
"US1LAVM0002","29.981428","-92.274077","2.1","2021-09-04",,,"0.00",",,N","0.0",",,N",,
"US1LAVM0002","29.981428","-92.274077","2.1","2021-09-05",,,"0.00",",,N","0.0",",,N",,
"US1LAVM0002","29.981428","-92.274077","2.1","2021-09-06",,,"0.00",",,N","0.0",",,N",,
"US1LAVM0002","29.981428","-92.274077","2.1","2021-09-07",,,"0.17",",,N",,,,
"US1LAVM0002","29.981428","-92.274077","2.1","2021-09-08",,,"0.00",",,N","0.0",",,N",,
"US1LAVM0002","29.981428","-92.274077","2.1","2021-09-09",,,"0.00",",,N","0.0",",,N",,
"US1LAVM0002","29.981428","-92.274077","2.1","2021-09-10",,,"0.00",",,N","0.0",",,N",,
"US1LAVM0002","29.981428","-92.274077","2.1","2021-09-11",,,"0.00",",,N","0.0",",,N",,
"US1LAVM0002","29.981428","-92.274077","2.1","2021-09-12",,,"0.00",",,N","0.0",",,N",,
"US1LAVM0002","29.981428","-92.274077","2.1","2021-09-13",,,"0.06",",,N",,,,
"US1LAVM0002","29.981428","-92.274077","2.1","2021-09-14",,,"1.33",",,N",,,,
"US1LAVM0002","29.981428","-92.274077","2.1","2021-09-15",,,"1.95",",,N",,,,
"US1LAVM0002","29.981428","-92.274077","2.1","2021-09-16",,,"0.03",",,N",,,,
"US1LAVM0002","29.981428","-92.274077","2.1","2021-09-17",,,"0.04",",,N",,,,
"US1LAVM0002","29.981428","-92.274077","2.1","2021-09-18",,,"0.11",",,N",,,,
"US1LAVM0002","29.981428","-92.274077","2.1","2021-09-19",,,"0.00",",,N","0.0",",,N",,
"US1LAVM0002","29.981428","-92.274077","2.1","2021-09-20",,,"0.12",",,N",,,,
"US1LAVM0002","29.981428","-92.274077","2.1","2021-09-21",,,"0.10",",,N",,,,
"US1LAVM0002","29.981428","-92.274077","2.1","2021-09-22",,,"1.16",",,N",,,,
"US1LAVM0002","29.981428","-92.274077","2.1","2021-09-23",,,"0.00",",,N","0.0",",,N",,
"US1LAVM0002","29.981428","-92.274077","2.1","2021-09-24",,,"0.00",",,N","0.0",",,N",,
"US1LAVM0002","29.981428","-92.274077","2.1","2021-09-25",,,"0.00",",,N","0.0",",,N",,
"US1LAVM0002","29.981428","-92.274077","2.1","2021-09-26",,,"0.00",",,N","0.0",",,N",,
"US1LAVM0002","29.981428","-92.274077","2.1","2021-09-27",,,"0.00",",,N","0.0",",,N",,
"US1LAVM0002","29.981428","-92.274077","2.1","2021-09-28",,,"0.03",",,N",,,,
"US1LAVM0002","29.981428","-92.274077","2.1","2021-09-29",,,"0.92",",,N",,,,
"US1LAVM0002","29.981428","-92.274077","2.1","2021-09-30",,,"0.18",",,N",,,,
"US1LAVM0002","29.981428","-92.274077","2.1","2021-10-01",,,"0.08",",,N",,,,
"US1LAVM0002","29.981428","-92.274077","2.1","2021-10-02",,,"0.00",",,N","0.0",",,N",,
"US1LAVM0002","29.981428","-92.274077","2.1","2021-10-03",,,"0.00",",,N","0.0",",,N",,
"US1LAVM0002","29.981428","-92.274077","2.1","2021-10-04",,,"0.00",",,N","0.0",",,N",,
"US1LAVM0002","29.981428","-92.274077","2.1","2021-10-05",,,"0.00",",,N","0.0",",,N",,
"US1LAVM0002","29.981428","-92.274077","2.1","2021-10-06",,,"0.00",",,N","0.0",",,N",,
"US1LAVM0002","29.981428","-92.274077","2.1","2021-10-07",,,"0.00",",,N","0.0",",,N",,
"US1LAVM0002","29.981428","-92.274077","2.1","2021-10-08",,,"0.00",",,N","0.0",",,N",,
"US1LAVM0002","29.981428","-92.274077","2.1","2021-10-09",,,"0.00",",,N","0.0",",,N",,
"US1LAVM0002","29.981428","-92.274077","2.1","2021-10-10",,,"0.00",",,N","0.0",",,N",,
"US1LAVM0002","29.981428","-92.274077","2.1","2021-10-11",,,"0.00",",,N","0.0",",,N",,
"US1LAVM0002","29.981428","-92.274077","2.1","2021-10-12",,,"0.00",",,N","0.0",",,N",,
"US1LAVM0002","29.981428","-92.274077","2.1","2021-10-13",,,"0.00",",,N","0.0",",,N",,
"US1LAVM0002","29.981428","-92.274077","2.1","2021-10-14",,,"0.00",",,N","0.0",",,N",,
"US1LAVM0002","29.981428","-92.274077","2.1","2021-10-15",,,"0.00",",,N","0.0",",,N",,
"US1LAVM0002","29.981428","-92.274077","2.1","2021-10-16",,,"0.05",",,N",,,,
"US1LAVM0002","29.981428","-92.274077","2.1","2021-10-17",,,"0.00",",,N","0.0",",,N",,
"US1LAVM0002","29.981428","-92.274077","2.1","2021-10-18",,,"0.00",",,N","0.0",",,N",,
"US1LAVM0002","29.981428","-92.274077","2.1","2021-10-19",,,"0.00",",,N","0.0",",,N",,
"US1LAVM0002","29.981428","-92.274077","2.1","2021-10-20",,,"0.00",",,N","0.0",",,N",,
"US1LAVM0002","29.981428","-92.274077","2.1","2021-10-21",,,"0.00",",,N","0.0",",,N",,
"US1LAVM0002","29.981428","-92.274077","2.1","2021-10-22",,,"0.00",",,N","0.0",",,N",,
"US1LAVM0002","29.981428","-92.274077","2.1","2021-10-23",,,"0.00",",,N","0.0",",,N",,
"US1LAVM0002","29.981428","-92.274077","2.1","2021-10-24",,,"0.08",",,N",,,,
"US1LAVM0002","29.981428","-92.274077","2.1","2021-10-25",,,"0.12",",,N",,,,
"US1LAVM0002","29.981428","-92.274077","2.1","2021-10-26",,,"0.00",",,N","0.0",",,N",,
"US1LAVM0002","29.981428","-92.274077","2.1","2021-10-27",,,"0.00",",,N","0.0",",,N",,
"US1LAVM0002","29.981428","-92.274077","2.1","2021-10-28",,,"1.68",",,N",,,,
"US1LAVM0002","29.981428","-92.274077","2.1","2021-10-29",,,"0.00",",,N","0.0",",,N",,
"US1LAVM0002","29.981428","-92.274077","2.1","2021-10-30",,,"0.00",",,N","0.0",",,N",,
"US1LAVM0002","29.981428","-92.274077","2.1","2021-10-31",,,"0.00",",,N","0.0",",,N",,
"US1LAVM0002","29.981428","-92.274077","2.1","2021-11-01",,,"0.00",",,N","0.0",",,N",,
"US1LAVM0002","29.981428","-92.274077","2.1","2021-11-02",,,"0.00",",,N","0.0",",,N",,
"US1LAVM0002","29.981428","-92.274077","2.1","2021-11-03",,,"0.00",",,N","0.0",",,N",,
"US1LAVM0002","29.981428","-92.274077","2.1","2021-11-04",,,"0.00",",,N","0.0",",,N",,
"US1LAVM0002","29.981428","-92.274077","2.1","2021-11-05",,,"0.00",",,N","0.0",",,N",,
"US1LAVM0002","29.981428","-92.274077","2.1","2021-11-06",,,"0.00",",,N","0.0",",,N",,
"US1LAVM0002","29.981428","-92.274077","2.1","2021-11-07",,,"0.00",",,N","0.0",",,N",,
"US1LAVM0002","29.981428","-92.274077","2.1","2021-11-08",,,"0.00",",,N","0.0",",,N",,
"US1LAVM0002","29.981428","-92.274077","2.1","2021-11-09",,,"0.00",",,N","0.0",",,N",,
"US1LAVM0002","29.981428","-92.274077","2.1","2021-11-10",,,"0.00",",,N","0.0",",,N",,
"US1LAVM0002","29.981428","-92.274077","2.1","2021-11-11",,,"0.00",",,N","0.0",",,N",,
"US1LAVM0002","29.981428","-92.274077","2.1","2021-11-12",,,"0.16",",,N",,,,
"US1LAVM0002","29.981428","-92.274077","2.1","2021-11-13",,,"0.00",",,N","0.0",",,N",,
"US1LAVM0002","29.981428","-92.274077","2.1","2021-11-14",,,"0.00",",,N","0.0",",,N",,
"US1LAVM0002","29.981428","-92.274077","2.1","2021-11-15",,,"0.00",",,N","0.0",",,N",,
"US1LAVM0002","29.981428","-92.274077","2.1","2021-11-16",,,"0.00",",,N","0.0",",,N",,
"US1LAVM0002","29.981428","-92.274077","2.1","2021-11-17",,,"0.00",",,N","0.0",",,N",,
"US1LAVM0002","29.981428","-92.274077","2.1","2021-11-18",,,"0.00",",,N","0.0",",,N",,
"US1LAVM0002","29.981428","-92.274077","2.1","2021-11-19",,,"0.00",",,N","0.0",",,N",,
"US1LAVM0002","29.981428","-92.274077","2.1","2021-11-20",,,"0.00",",,N","0.0",",,N",,
"US1LAVM0002","29.981428","-92.274077","2.1","2021-11-21",,,"0.00",",,N","0.0",",,N",,
"US1LAVM0002","29.981428","-92.274077","2.1","2021-11-22",,,"0.07",",,N",,,,
"US1LAVM0002","29.981428","-92.274077","2.1","2021-11-23",,,"0.00",",,N","0.0",",,N",,
"US1LAVM0002","29.981428","-92.274077","2.1","2021-11-24",,,"0.00",",,N","0.0",",,N",,
"US1LAVM0002","29.981428","-92.274077","2.1","2021-11-25",,,"0.00",",,N","0.0",",,N",,
"US1LAVM0002","29.981428","-92.274077","2.1","2021-11-26",,,"0.01",",,N",,,,
"US1LAVM0002","29.981428","-92.274077","2.1","2021-11-27",,,"0.00",",,N","0.0",",,N",,
"US1LAVM0002","29.981428","-92.274077","2.1","2021-11-28",,,"0.51",",,N",,,,
"USR0000LBBR","30.3167","-89.9333","3.4","2021-08-01",,,,,,,"82",",,U"
"USR0000LBBR","30.3167","-89.9333","3.4","2021-08-02",,,,,,,"78",",,U"
"USR0000LBBR","30.3167","-89.9333","3.4","2021-08-03",,,,,,,"78",",,U"
"USR0000LBBR","30.3167","-89.9333","3.4","2021-08-04",,,,,,,"80",",,U"
"USR0000LBBR","30.3167","-89.9333","3.4","2021-08-05",,,,,,,"77",",,U"
"USR0000LBBR","30.3167","-89.9333","3.4","2021-08-06",,,,,,,"78",",,U"
"USR0000LBBR","30.3167","-89.9333","3.4","2021-08-07",,,,,,,"81",",,U"
"USR0000LBBR","30.3167","-89.9333","3.4","2021-08-08",,,,,,,"83",",,U"
"USR0000LBBR","30.3167","-89.9333","3.4","2021-08-09",,,,,,,"82",",,U"
"USR0000LBBR","30.3167","-89.9333","3.4","2021-08-10",,,,,,,"83",",,U"
"USR0000LBBR","30.3167","-89.9333","3.4","2021-08-11",,,,,,,"80",",,U"
"USR0000LBBR","30.3167","-89.9333","3.4","2021-08-12",,,,,,,"78",",,U"
"USR0000LBBR","30.3167","-89.9333","3.4","2021-08-13",,,,,,,"79",",,U"
"USR0000LBBR","30.3167","-89.9333","3.4","2021-08-14",,,,,,,"82",",,U"
"USR0000LBBR","30.3167","-89.9333","3.4","2021-08-15",,,,,,,"80",",,U"
"USR0000LBBR","30.3167","-89.9333","3.4","2021-08-16",,,,,,,"81",",,U"
"USR0000LBBR","30.3167","-89.9333","3.4","2021-08-17",,,,,,,"83",",,U"
"USR0000LBBR","30.3167","-89.9333","3.4","2021-08-18",,,,,,,"82",",,U"
"USR0000LBBR","30.3167","-89.9333","3.4","2021-08-19",,,,,,,"83",",,U"
"USR0000LBBR","30.3167","-89.9333","3.4","2021-08-20",,,,,,,"84",",,U"
"USR0000LBBR","30.3167","-89.9333","3.4","2021-08-21",,,,,,,"84",",,U"
"USR0000LBBR","30.3167","-89.9333","3.4","2021-08-22",,,,,,,"85",",,U"
"USR0000LBBR","30.3167","-89.9333","3.4","2021-08-23",,,,,,,"83",",,U"
"USR0000LBBR","30.3167","-89.9333","3.4","2021-08-24",,,,,,,"85",",,U"
"USR0000LBBR","30.3167","-89.9333","3.4","2021-08-25",,,,,,,"82",",,U"
"USR0000LBBR","30.3167","-89.9333","3.4","2021-08-26",,,,,,,"78",",,U"
"USR0000LBBR","30.3167","-89.9333","3.4","2021-08-27",,,,,,,"75",",,U"
"USR0000LBBR","30.3167","-89.9333","3.4","2021-08-28",,,,,,,"79",",,U"
"USR0000LBBR","30.3167","-89.9333","3.4","2021-08-29",,,,,,,"76",",,U"
"USR0000LBBR","30.3167","-89.9333","3.4","2021-08-30",,,,,,,"80",",,U"
"USR0000LBBR","30.3167","-89.9333","3.4","2021-08-31",,,,,,,"81",",,U"
"USR0000LBBR","30.3167","-89.9333","3.4","2021-09-01",,,,,,,"81",",,U"
"USR0000LBBR","30.3167","-89.9333","3.4","2021-09-02",,,,,,,"80",",,U"
"USR0000LBBR","30.3167","-89.9333","3.4","2021-09-03",,,,,,,"80",",,U"
"USR0000LBBR","30.3167","-89.9333","3.4","2021-09-04",,,,,,,"80",",,U"
"USR0000LBBR","30.3167","-89.9333","3.4","2021-09-05",,,,,,,"79",",,U"
"USR0000LBBR","30.3167","-89.9333","3.4","2021-09-06",,,,,,,"79",",,U"
"USR0000LBBR","30.3167","-89.9333","3.4","2021-09-07",,,,,,,"79",",,U"
"USR0000LBBR","30.3167","-89.9333","3.4","2021-09-08",,,,,,,"79",",,U"
"USR0000LBBR","30.3167","-89.9333","3.4","2021-09-09",,,,,,,"76",",,U"
"USR0000LBBR","30.3167","-89.9333","3.4","2021-09-10",,,,,,,"72",",,U"
"USR0000LBBR","30.3167","-89.9333","3.4","2021-09-11",,,,,,,"74",",,U"
"USR0000LBBR","30.3167","-89.9333","3.4","2021-09-12",,,,,,,"75",",,U"
"USR0000LBBR","30.3167","-89.9333","3.4","2021-09-13",,,,,,,"79",",,U"
"USR0000LBBR","30.3167","-89.9333","3.4","2021-09-14",,,,,,,"75",",,U"
"USR0000LBBR","30.3167","-89.9333","3.4","2021-09-15",,,,,,,"77",",,U"
"USR0000LBBR","30.3167","-89.9333","3.4","2021-09-16",,,,,,,"80",",,U"
"USR0000LBBR","30.3167","-89.9333","3.4","2021-09-17",,,,,,,"78",",,U"
"USR0000LBBR","30.3167","-89.9333","3.4","2021-09-18",,,,,,,"78",",,U"
"USR0000LBBR","30.3167","-89.9333","3.4","2021-09-19",,,,,,,"78",",,U"
"USR0000LBBR","30.3167","-89.9333","3.4","2021-09-20",,,,,,,"79",",,U"
"USR0000LBBR","30.3167","-89.9333","3.4","2021-09-21",,,,,,,"82",",,U"
"USR0000LBBR","30.3167","-89.9333","3.4","2021-09-22",,,,,,,"72",",,U"
"USR0000LBBR","30.3167","-89.9333","3.4","2021-09-23",,,,,,,"65",",,U"
"USR0000LBBR","30.3167","-89.9333","3.4","2021-09-24",,,,,,,"65",",,U"
"USR0000LBBR","30.3167","-89.9333","3.4","2021-09-25",,,,,,,"67",",,U"
"USR0000LBBR","30.3167","-89.9333","3.4","2021-09-26",,,,,,,"68",",,U"
"USR0000LBBR","30.3167","-89.9333","3.4","2021-09-27",,,,,,,"73",",,U"
"USR0000LBBR","30.3167","-89.9333","3.4","2021-09-28",,,,,,,"76",",,U"
"USR0000LBBR","30.3167","-89.9333","3.4","2021-09-29",,,,,,,"74",",,U"
"USR0000LBBR","30.3167","-89.9333","3.4","2021-09-30",,,,,,,"77",",,U"
"USR0000LBBR","30.3167","-89.9333","3.4","2021-10-01",,,,,,,"78",",,U"
"USR0000LBBR","30.3167","-89.9333","3.4","2021-10-02",,,,,,,"76",",,U"
"USR0000LBBR","30.3167","-89.9333","3.4","2021-10-03",,,,,,,"77",",,U"
"USR0000LBBR","30.3167","-89.9333","3.4","2021-10-04",,,,,,,"76",",,U"
"USR0000LBBR","30.3167","-89.9333","3.4","2021-10-05",,,,,,,"73",",,U"
"USR0000LBBR","30.3167","-89.9333","3.4","2021-10-06",,,,,,,"74",",,U"
"USR0000LBBR","30.3167","-89.9333","3.4","2021-10-07",,,,,,,"74",",,U"
"USR0000LBBR","30.3167","-89.9333","3.4","2021-10-08",,,,,,,"74",",,U"
"USR0000LBBR","30.3167","-89.9333","3.4","2021-10-09",,,,,,,"73",",,U"
"USR0000LBBR","30.3167","-89.9333","3.4","2021-10-10",,,,,,,"74",",,U"
"USR0000LBBR","30.3167","-89.9333","3.4","2021-10-11",,,,,,,"77",",,U"
"USR0000LBBR","30.3167","-89.9333","3.4","2021-10-12",,,,,,,"78",",,U"
"USR0000LBBR","30.3167","-89.9333","3.4","2021-10-13",,,,,,,"76",",,U"
"USR0000LBBR","30.3167","-89.9333","3.4","2021-10-14",,,,,,,"76",",,U"
"USR0000LBBR","30.3167","-89.9333","3.4","2021-10-15",,,,,,,"77",",,U"
"USR0000LBBR","30.3167","-89.9333","3.4","2021-10-16",,,,,,,"68",",,U"
"USR0000LBBR","30.3167","-89.9333","3.4","2021-10-17",,,,,,,"58",",,U"
"USR0000LBBR","30.3167","-89.9333","3.4","2021-10-18",,,,,,,"60",",,U"
"USR0000LBBR","30.3167","-89.9333","3.4","2021-10-19",,,,,,,"65",",,U"
"USR0000LBBR","30.3167","-89.9333","3.4","2021-10-20",,,,,,,"74",",,U"
"USR0000LBBR","30.3167","-89.9333","3.4","2021-10-21",,,,,,,"77",",,U"
"USR0000LBBR","30.3167","-89.9333","3.4","2021-10-22",,,,,,,"75",",,U"
"USR0000LBBR","30.3167","-89.9333","3.4","2021-10-23",,,,,,,"71",",,U"
"USR0000LBBR","30.3167","-89.9333","3.4","2021-10-24",,,,,,,"73",",,U"
"USR0000LBBR","30.3167","-89.9333","3.4","2021-10-25",,,,,,,"74",",,U"
"USR0000LBBR","30.3167","-89.9333","3.4","2021-10-26",,,,,,,"69",",,U"
"USR0000LBBR","30.3167","-89.9333","3.4","2021-10-27",,,,,,,"71",",,U"
"USR0000LBBR","30.3167","-89.9333","3.4","2021-10-28",,,,,,,"67",",,U"
"USR0000LBBR","30.3167","-89.9333","3.4","2021-10-29",,,,,,,"60",",,U"
"USR0000LBBR","30.3167","-89.9333","3.4","2021-10-30",,,,,,,"55",",,U"
"USR0000LBBR","30.3167","-89.9333","3.4","2021-10-31",,,,,,,"58",",,U"
"USR0000LBBR","30.3167","-89.9333","3.4","2021-11-01",,,,,,,"60",",,U"
"USR0000LBBR","30.3167","-89.9333","3.4","2021-11-02",,,,,,,"60",",,U"
"USR0000LBBR","30.3167","-89.9333","3.4","2021-11-03",,,,,,,"59",",,U"
"USR0000LBBR","30.3167","-89.9333","3.4","2021-11-04",,,,,,,"57",",,U"
"USR0000LBBR","30.3167","-89.9333","3.4","2021-11-05",,,,,,,"56",",,U"
"USR0000LBBR","30.3167","-89.9333","3.4","2021-11-06",,,,,,,"53",",,U"
"USR0000LBBR","30.3167","-89.9333","3.4","2021-11-07",,,,,,,"52",",,U"
"USR0000LBBR","30.3167","-89.9333","3.4","2021-11-08",,,,,,,"54",",,U"
"USR0000LBBR","30.3167","-89.9333","3.4","2021-11-09",,,,,,,"57",",,U"
"USR0000LBBR","30.3167","-89.9333","3.4","2021-11-10",,,,,,,"61",",,U"
"USR0000LBBR","30.3167","-89.9333","3.4","2021-11-11",,,,,,,"65",",,U"
"USR0000LBBR","30.3167","-89.9333","3.4","2021-11-12",,,,,,,"60",",,U"
"USR0000LBBR","30.3167","-89.9333","3.4","2021-11-13",,,,,,,"50",",,U"
"USR0000LBBR","30.3167","-89.9333","3.4","2021-11-14",,,,,,,"48",",,U"
"USR0000LBBR","30.3167","-89.9333","3.4","2021-11-15",,,,,,,"57",",,U"
"USR0000LBBR","30.3167","-89.9333","3.4","2021-11-16",,,,,,,"61",",,U"
"USR0000LBBR","30.3167","-89.9333","3.4","2021-11-17",,,,,,,"68",",,U"
"USR0000LBBR","30.3167","-89.9333","3.4","2021-11-18",,,,,,,"64",",,U"
"USR0000LBBR","30.3167","-89.9333","3.4","2021-11-19",,,,,,,"54",",,U"
"USR0000LBBR","30.3167","-89.9333","3.4","2021-11-20",,,,,,,"58",",,U"
"USR0000LBBR","30.3167","-89.9333","3.4","2021-11-21",,,,,,,"64",",,U"
"USR0000LBBR","30.3167","-89.9333","3.4","2021-11-22",,,,,,,"60",",,U"
"USR0000LBBR","30.3167","-89.9333","3.4","2021-11-23",,,,,,,"48",",,U"
"USR0000LBBR","30.3167","-89.9333","3.4","2021-11-24",,,,,,,"55",",,U"
"USR0000LBBR","30.3167","-89.9333","3.4","2021-11-25",,,,,,,"63",",,U"
"USR0000LBBR","30.3167","-89.9333","3.4","2021-11-26",,,,,,,"53",",,U"
"USR0000LBBR","30.3167","-89.9333","3.4","2021-11-27",,,,,,,"48",",,U"
"USR0000LBBR","30.3167","-89.9333","3.4","2021-11-28",,,,,,,"52",",,U"
"US1MEOX0002","44.39318334","-70.34755385","165.8","2021-08-01",,,"0.00",",,N","0.0",",,N",,
"US1MEOX0002","44.39318334","-70.34755385","165.8","2021-08-02",,,"0.22",",,N",,,,
"US1MEOX0002","44.39318334","-70.34755385","165.8","2021-08-03",,,"0.00",",,N","0.0",",,N",,
"US1MEOX0002","44.39318334","-70.34755385","165.8","2021-08-04",,,"0.00",",,N","0.0",",,N",,
"US1MEOX0002","44.39318334","-70.34755385","165.8","2021-08-05",,,"0.00",",,N","0.0",",,N",,
"US1MEOX0002","44.39318334","-70.34755385","165.8","2021-08-06",,,"0.06",",,N",,,,
"US1MEOX0002","44.39318334","-70.34755385","165.8","2021-08-07",,,"0.00",",,N","0.0",",,N",,
"US1MEOX0002","44.39318334","-70.34755385","165.8","2021-08-08",,,"0.04",",,N",,,,
"US1MEOX0002","44.39318334","-70.34755385","165.8","2021-08-09",,,"0.00",",,N","0.0",",,N",,
"US1MEOX0002","44.39318334","-70.34755385","165.8","2021-08-10",,,"0.00",",,N",,,,
"US1MEOX0002","44.39318334","-70.34755385","165.8","2021-08-11",,,"0.00",",,N","0.0",",,N",,
"US1MEOX0002","44.39318334","-70.34755385","165.8","2021-08-12",,,"0.02",",,N",,,,
"US1MEOX0002","44.39318334","-70.34755385","165.8","2021-08-13",,,"0.01",",,N",,,,
"US1MEOX0002","44.39318334","-70.34755385","165.8","2021-08-14",,,"0.02",",,N",,,,
"US1MEOX0002","44.39318334","-70.34755385","165.8","2021-08-15",,,"0.82",",,N",,,,
"US1MEOX0002","44.39318334","-70.34755385","165.8","2021-08-16",,,"0.00",",,N","0.0",",,N",,
"US1MEOX0002","44.39318334","-70.34755385","165.8","2021-08-17",,,"0.00",",,N","0.0",",,N",,
"US1MEOX0002","44.39318334","-70.34755385","165.8","2021-08-18",,,"0.01",",,N",,,,
"US1MEOX0002","44.39318334","-70.34755385","165.8","2021-08-19",,,"0.17",",,N",,,,
"US1MEOX0002","44.39318334","-70.34755385","165.8","2021-08-20",,,"0.21",",,N",,,,
"US1MEOX0002","44.39318334","-70.34755385","165.8","2021-08-21",,,"0.00",",,N",,,,
"US1MEOX0002","44.39318334","-70.34755385","165.8","2021-08-22",,,"0.04",",,N",,,,
"US1MEOX0002","44.39318334","-70.34755385","165.8","2021-08-23",,,"0.32",",,N",,,,
"US1MEOX0002","44.39318334","-70.34755385","165.8","2021-08-24",,,"0.06",",,N",,,,
"US1MEOX0002","44.39318334","-70.34755385","165.8","2021-08-25",,,"0.00",",,N","0.0",",,N",,
"US1MEOX0002","44.39318334","-70.34755385","165.8","2021-08-26",,,"0.00",",,N","0.0",",,N",,
"US1MEOX0002","44.39318334","-70.34755385","165.8","2021-08-27",,,"0.00",",,N","0.0",",,N",,
"US1MEOX0002","44.39318334","-70.34755385","165.8","2021-08-28",,,"0.00",",,N","0.0",",,N",,
"US1MEOX0002","44.39318334","-70.34755385","165.8","2021-08-29",,,"0.27",",,N",,,,
"US1MEOX0002","44.39318334","-70.34755385","165.8","2021-08-30",,,"0.04",",,N",,,,
"US1MEOX0002","44.39318334","-70.34755385","165.8","2021-08-31",,,"0.20",",,N",,,,
"US1MEOX0002","44.39318334","-70.34755385","165.8","2021-09-01",,,"0.00",",,N","0.0",",,N",,
"US1MEOX0002","44.39318334","-70.34755385","165.8","2021-09-02",,,"0.85",",,N",,,,
"US1MEOX0002","44.39318334","-70.34755385","165.8","2021-09-03",,,"0.03",",,N",,,,
"US1MEOX0002","44.39318334","-70.34755385","165.8","2021-09-04",,,"0.04",",,N",,,,
"US1MEOX0002","44.39318334","-70.34755385","165.8","2021-09-05",,,"0.00",",,N","0.0",",,N",,
"US1MEOX0002","44.39318334","-70.34755385","165.8","2021-09-06",,,"0.16",",,N",,,,
"US1MEOX0002","44.39318334","-70.34755385","165.8","2021-09-07",,,"0.03",",,N",,,,
"US1MEOX0002","44.39318334","-70.34755385","165.8","2021-09-08",,,"0.00",",,N","0.0",",,N",,
"US1MEOX0002","44.39318334","-70.34755385","165.8","2021-09-09",,,"0.30",",,N",,,,
"US1MEOX0002","44.39318334","-70.34755385","165.8","2021-09-10",,,"1.21",",,N",,,,
"US1MEOX0002","44.39318334","-70.34755385","165.8","2021-09-11",,,"0.00",",,N","0.0",",,N",,
"US1MEOX0002","44.39318334","-70.34755385","165.8","2021-09-12",,,"0.00",",,N","0.0",",,N",,
"US1MEOX0002","44.39318334","-70.34755385","165.8","2021-09-13",,,"0.00",",,N","0.0",",,N",,
"US1MEOX0002","44.39318334","-70.34755385","165.8","2021-09-14",,,"0.00",",,N","0.0",",,N",,
"US1MEOX0002","44.39318334","-70.34755385","165.8","2021-09-15",,,"0.01",",,N",,,,
"US1MEOX0002","44.39318334","-70.34755385","165.8","2021-09-16",,,"0.46",",,N",,,,
"US1MEOX0002","44.39318334","-70.34755385","165.8","2021-09-17",,,"0.00",",,N","0.0",",,N",,
"US1MEOX0002","44.39318334","-70.34755385","165.8","2021-09-19",,,"0.03",",,N",,,,
"US1MEOX0002","44.39318334","-70.34755385","165.8","2021-09-20",,,"0.00",",,N","0.0",",,N",,
"US1MEOX0002","44.39318334","-70.34755385","165.8","2021-09-21",,,"0.00",",,N","0.0",",,N",,
"US1MEOX0002","44.39318334","-70.34755385","165.8","2021-09-22",,,"0.02",",,N",,,,
"US1MEOX0002","44.39318334","-70.34755385","165.8","2021-09-23",,,"0.07",",,N",,,,
"US1MEOX0002","44.39318334","-70.34755385","165.8","2021-09-24",,,"0.04",",,N",,,,
"US1MEOX0002","44.39318334","-70.34755385","165.8","2021-09-25",,,"0.38",",,N",,,,
"US1MEOX0002","44.39318334","-70.34755385","165.8","2021-09-26",,,"0.04",",,N",,,,
"US1MEOX0002","44.39318334","-70.34755385","165.8","2021-09-27",,,"0.05",",,N",,,,
"US1MEOX0002","44.39318334","-70.34755385","165.8","2021-09-28",,,"0.00",",,N","0.0",",,N",,
"US1MEOX0002","44.39318334","-70.34755385","165.8","2021-09-29",,,"0.00",",,N","0.0",",,N",,
"US1MEOX0002","44.39318334","-70.34755385","165.8","2021-09-30",,,"0.00",",,N","0.0",",,N",,
"US1MEOX0002","44.39318334","-70.34755385","165.8","2021-10-01",,,"0.10",",,N",,,,
"US1MEOX0002","44.39318334","-70.34755385","165.8","2021-10-02",,,"0.00",",,N","0.0",",,N",,
"US1MEOX0002","44.39318334","-70.34755385","165.8","2021-10-03",,,"0.03",",,N",,,,
"US1MEOX0002","44.39318334","-70.34755385","165.8","2021-10-04",,,"0.15",",,N",,,,
"US1MEOX0002","44.39318334","-70.34755385","165.8","2021-10-05",,,"0.00",",,N","0.0",",,N",,
"US1MEOX0002","44.39318334","-70.34755385","165.8","2021-10-06",,,"0.00",",,N","0.0",",,N",,
"US1MEOX0002","44.39318334","-70.34755385","165.8","2021-10-07",,,"0.00",",,N","0.0",",,N",,
"US1MEOX0002","44.39318334","-70.34755385","165.8","2021-10-08",,,"0.00",",,N","0.0",",,N",,
"US1MEOX0002","44.39318334","-70.34755385","165.8","2021-10-09",,,"0.00",",,N","0.0",",,N",,
"US1MEOX0002","44.39318334","-70.34755385","165.8","2021-10-10",,,"0.00",",,N","0.0",",,N",,
"US1MEOX0002","44.39318334","-70.34755385","165.8","2021-10-11",,,"0.00",",,N","0.0",",,N",,
"US1MEOX0002","44.39318334","-70.34755385","165.8","2021-10-12",,,"0.00",",,N","0.0",",,N",,
"US1MEOX0002","44.39318334","-70.34755385","165.8","2021-10-13",,,"0.00",",,N","0.0",",,N",,
"US1MEOX0002","44.39318334","-70.34755385","165.8","2021-10-14",,,"0.00",",,N","0.0",",,N",,
"US1MEOX0002","44.39318334","-70.34755385","165.8","2021-10-15",,,"0.00",",,N","0.0",",,N",,
"US1MEOX0002","44.39318334","-70.34755385","165.8","2021-10-16",,,"0.28",",,N",,,,
"US1MEOX0002","44.39318334","-70.34755385","165.8","2021-10-17",,,"0.51",",,N",,,,
"US1MEOX0002","44.39318334","-70.34755385","165.8","2021-10-18",,,"0.00",",,N","0.0",",,N",,
"US1MEOX0002","44.39318334","-70.34755385","165.8","2021-10-19",,,"0.02",",,N",,,,
"US1MEOX0002","44.39318334","-70.34755385","165.8","2021-10-20",,,"0.00","T,,N",,,,
"US1MEOX0002","44.39318334","-70.34755385","165.8","2021-10-21",,,"0.03",",,N",,,,
"US1MEOX0002","44.39318334","-70.34755385","165.8","2021-10-22",,,"0.12",",,N",,,,
"US1MEOX0002","44.39318334","-70.34755385","165.8","2021-10-23",,,"0.00",",,N","0.0",",,N",,
"US1MEOX0002","44.39318334","-70.34755385","165.8","2021-10-24",,,"0.00",",,N","0.0",",,N",,
"US1MEOX0002","44.39318334","-70.34755385","165.8","2021-10-25",,,"0.00",",,N","0.0",",,N",,
"US1MEOX0002","44.39318334","-70.34755385","165.8","2021-10-26",,,"0.37",",,N",,,,
"US1MEOX0002","44.39318334","-70.34755385","165.8","2021-10-27",,,"0.38",",,N",,,,
"US1MEOX0002","44.39318334","-70.34755385","165.8","2021-10-28",,,"0.04",",,N",,,,
"US1MEOX0002","44.39318334","-70.34755385","165.8","2021-10-29",,,"0.00",",,N","0.0",",,N",,
"US1MEOX0002","44.39318334","-70.34755385","165.8","2021-10-30",,,"0.02",",,N",,,,
"US1MEOX0002","44.39318334","-70.34755385","165.8","2021-10-31",,,"1.87",",,N",,,,
"US1MEOX0002","44.39318334","-70.34755385","165.8","2021-11-01",,,"0.40",",,N",,,,
"US1MEOX0002","44.39318334","-70.34755385","165.8","2021-11-02",,,"0.00","T,,N",,,,
"US1MEOX0002","44.39318334","-70.34755385","165.8","2021-11-03",,,"0.00",",,N","0.0",",,N",,
"US1MEOX0002","44.39318334","-70.34755385","165.8","2021-11-04",,,"0.00",",,N","0.0",",,N",,
"US1MEOX0002","44.39318334","-70.34755385","165.8","2021-11-05",,,"0.00",",,N","0.0",",,N",,
"US1MEOX0002","44.39318334","-70.34755385","165.8","2021-11-06",,,"0.00",",,N","0.0",",,N",,
"US1MEOX0002","44.39318334","-70.34755385","165.8","2021-11-07",,,"0.00",",,N","0.0",",,N",,
"US1MEOX0002","44.39318334","-70.34755385","165.8","2021-11-08",,,"0.00",",,N","0.0",",,N",,
"US1MEOX0002","44.39318334","-70.34755385","165.8","2021-11-09",,,"0.00",",,N","0.0",",,N",,
"US1MEOX0002","44.39318334","-70.34755385","165.8","2021-11-10",,,"0.04",",,N",,,,
"US1MEOX0002","44.39318334","-70.34755385","165.8","2021-11-11",,,"0.03",",,N",,,,
"US1MEOX0002","44.39318334","-70.34755385","165.8","2021-11-12",,,"0.00",",,N","0.0",",,N",,
"US1MEOX0002","44.39318334","-70.34755385","165.8","2021-11-13",,,"1.62",",,N",,,,
"US1MEOX0002","44.39318334","-70.34755385","165.8","2021-11-14",,,"0.22",",,N",,,,
"US1MEOX0002","44.39318334","-70.34755385","165.8","2021-11-15",,,"0.16",",,N",,,,
"US1MEOX0002","44.39318334","-70.34755385","165.8","2021-11-16",,,"0.00",",,N","0.0",",,N",,
"US1MEOX0002","44.39318334","-70.34755385","165.8","2021-11-17",,,"0.00","T,,N","0.0","T,,N",,
"US1MEOX0002","44.39318334","-70.34755385","165.8","2021-11-18",,,"0.03",",,N",,,,
"US1MEOX0002","44.39318334","-70.34755385","165.8","2021-11-19",,,"0.10",",,N",,,,
"US1MEOX0002","44.39318334","-70.34755385","165.8","2021-11-20",,,"0.00","T,,N","0.0","T,,N",,
"US1MEOX0002","44.39318334","-70.34755385","165.8","2021-11-21",,,"0.00",",,N","0.0",",,N",,
"US1MEOX0002","44.39318334","-70.34755385","165.8","2021-11-22",,,"0.14",",,N",,,,
"US1MEOX0002","44.39318334","-70.34755385","165.8","2021-11-23",,,"0.04",",,N",,,,
"US1MEOX0002","44.39318334","-70.34755385","165.8","2021-11-24",,,"0.00",",,N","0.0",",,N",,
"US1MEOX0002","44.39318334","-70.34755385","165.8","2021-11-25",,,"0.00",",,N","0.0",",,N",,
"US1MEOX0002","44.39318334","-70.34755385","165.8","2021-11-26",,,"0.00","T,,N",,,,
"US1MEOX0002","44.39318334","-70.34755385","165.8","2021-11-27",,,"0.17",",,N",,,,
"US1MEOX0002","44.39318334","-70.34755385","165.8","2021-11-28",,,"0.00",",,N","0.0",",,N",,
"US1LALV0012","30.612401","-90.819769","24.4","2021-08-01",,,"1.26",",,N",,,,
"US1LALV0012","30.612401","-90.819769","24.4","2021-08-04",,,,,,,,
"US1LALV0012","30.612401","-90.819769","24.4","2021-08-05",,,"0.00",",,N","0.0",",,N",,
"US1LALV0012","30.612401","-90.819769","24.4","2021-08-06",,,"0.00",",,N","0.0",",,N",,
"US1LALV0012","30.612401","-90.819769","24.4","2021-08-07",,,"0.00",",,N","0.0",",,N",,
"US1LALV0012","30.612401","-90.819769","24.4","2021-08-08",,,"0.00",",,N","0.0",",,N",,
"US1LALV0012","30.612401","-90.819769","24.4","2021-08-09",,,"0.02",",,N",,,,
"US1LALV0012","30.612401","-90.819769","24.4","2021-08-10",,,"0.08",",,N",,,,
"US1LALV0012","30.612401","-90.819769","24.4","2021-08-11",,,"0.00",",,N","0.0",",,N",,
"US1LALV0012","30.612401","-90.819769","24.4","2021-08-12",,,"0.00",",,N","0.0",",,N",,
"US1LALV0012","30.612401","-90.819769","24.4","2021-08-14",,,"0.38",",,N",,,,
"US1LALV0012","30.612401","-90.819769","24.4","2021-08-16",,,"0.06",",,N",,,,
"US1LALV0012","30.612401","-90.819769","24.4","2021-08-17",,,"0.00",",,N","0.0",",,N",,
"US1LALV0012","30.612401","-90.819769","24.4","2021-08-18",,,"0.05",",,N",,,,
"US1LALV0012","30.612401","-90.819769","24.4","2021-08-19",,,"0.00","T,,N",,,,
"US1LALV0012","30.612401","-90.819769","24.4","2021-08-20",,,"0.00","T,,N",,,,
"US1LALV0012","30.612401","-90.819769","24.4","2021-08-22",,,"0.00",",,N","0.0",",,N",,
"US1LALV0012","30.612401","-90.819769","24.4","2021-08-24",,,"0.01",",,N",,,,
"US1LALV0012","30.612401","-90.819769","24.4","2021-08-25",,,"0.00","T,,N",,,,
"US1LALV0012","30.612401","-90.819769","24.4","2021-08-26",,,"0.00","T,,N",,,,
"US1LALV0012","30.612401","-90.819769","24.4","2021-08-27",,,"0.17",",,N",,,,
"US1LALV0012","30.612401","-90.819769","24.4","2021-08-28",,,"0.47",",,N",,,,
"US1LALV0012","30.612401","-90.819769","24.4","2021-08-29",,,"0.16",",,N",,,,
"US1LALV0012","30.612401","-90.819769","24.4","2021-09-02",,,"0.02",",,N",,,,
"US1LALV0012","30.612401","-90.819769","24.4","2021-09-03",,,"0.00",",,N","0.0",",,N",,
"US1LALV0012","30.612401","-90.819769","24.4","2021-09-07",,,"0.00",",,N","0.0",",,N",,
"US1LALV0012","30.612401","-90.819769","24.4","2021-09-08",,,"0.16",",,N",,,,
"US1LALV0012","30.612401","-90.819769","24.4","2021-09-09",,,"0.00",",,N","0.0",",,N",,
"US1LALV0012","30.612401","-90.819769","24.4","2021-09-10",,,"0.00",",,N","0.0",",,N",,
"US1LALV0012","30.612401","-90.819769","24.4","2021-09-11",,,"0.00",",,N","0.0",",,N",,
"US1LALV0012","30.612401","-90.819769","24.4","2021-09-12",,,"0.00",",,N","0.0",",,N",,
"US1LALV0012","30.612401","-90.819769","24.4","2021-09-13",,,"0.00","T,,N","0.0",",,N",,
"US1LALV0012","30.612401","-90.819769","24.4","2021-09-14",,,"0.16",",,N",,,,
"US1LALV0012","30.612401","-90.819769","24.4","2021-09-15",,,"4.02",",,N",,,,
"US1LALV0012","30.612401","-90.819769","24.4","2021-09-16",,,"0.06",",,N",,,,
"US1LALV0012","30.612401","-90.819769","24.4","2021-09-17",,,"1.47",",,N",,,,
"US1LALV0012","30.612401","-90.819769","24.4","2021-09-18",,,"0.07",",,N",,,,
"US1LALV0012","30.612401","-90.819769","24.4","2021-09-19",,,"0.00",",,N","0.0",",,N",,
"US1LALV0012","30.612401","-90.819769","24.4","2021-09-21",,,"0.00","T,,N",,,,
"US1LALV0012","30.612401","-90.819769","24.4","2021-09-23",,,"0.00",",,N","0.0",",,N",,
"US1LALV0012","30.612401","-90.819769","24.4","2021-09-24",,,"0.00",",,N","0.0",",,N",,
"US1LALV0012","30.612401","-90.819769","24.4","2021-09-25",,,"0.00",",,N","0.0",",,N",,
"US1LALV0012","30.612401","-90.819769","24.4","2021-09-26",,,"0.00",",,N","0.0",",,N",,
"US1LALV0012","30.612401","-90.819769","24.4","2021-09-27",,,"0.00",",,N","0.0",",,N",,
"US1LALV0012","30.612401","-90.819769","24.4","2021-09-28",,,"0.00",",,N","0.0",",,N",,
"US1LALV0012","30.612401","-90.819769","24.4","2021-09-29",,,"0.16",",,N",,,,
"US1LALV0012","30.612401","-90.819769","24.4","2021-09-30",,,"0.92",",,N",,,,
"US1LALV0012","30.612401","-90.819769","24.4","2021-10-01",,,"0.00",",,N","0.0",",,N",,
"US1LALV0012","30.612401","-90.819769","24.4","2021-10-02",,,"0.00",",,N","0.0",",,N",,
"US1LALV0012","30.612401","-90.819769","24.4","2021-10-03",,,"0.17",",,N",,,,
"US1LALV0012","30.612401","-90.819769","24.4","2021-10-04",,,"0.13",",,N",,,,
"US1LALV0012","30.612401","-90.819769","24.4","2021-10-05",,,"0.00",",,N","0.0",",,N",,
"US1LALV0012","30.612401","-90.819769","24.4","2021-10-06",,,"0.01",",,N",,,,
"US1LALV0012","30.612401","-90.819769","24.4","2021-10-07",,,"0.00",",,N","0.0",",,N",,
"US1LALV0012","30.612401","-90.819769","24.4","2021-10-08",,,"0.00",",,N","0.0",",,N",,
"US1LALV0012","30.612401","-90.819769","24.4","2021-10-09",,,"0.00",",,N","0.0",",,N",,
"US1LALV0012","30.612401","-90.819769","24.4","2021-10-10",,,"0.00",",,N","0.0",",,N",,
"US1LALV0012","30.612401","-90.819769","24.4","2021-10-11",,,"0.00",",,N","0.0",",,N",,
"US1LALV0012","30.612401","-90.819769","24.4","2021-10-12",,,"0.00",",,N","0.0",",,N",,
"US1LALV0012","30.612401","-90.819769","24.4","2021-10-13",,,"0.00",",,N","0.0",",,N",,
"US1LALV0012","30.612401","-90.819769","24.4","2021-10-14",,,"0.00",",,N","0.0",",,N",,
"US1LALV0012","30.612401","-90.819769","24.4","2021-10-15",,,"0.00",",,N","0.0",",,N",,
"US1LALV0012","30.612401","-90.819769","24.4","2021-10-16",,,"0.20",",,N",,,,
"US1LALV0012","30.612401","-90.819769","24.4","2021-10-17",,,"0.00",",,N","0.0",",,N",,
"US1LALV0012","30.612401","-90.819769","24.4","2021-10-18",,,"0.00",",,N","0.0",",,N",,
"US1LALV0012","30.612401","-90.819769","24.4","2021-10-19",,,"0.00",",,N","0.0",",,N",,
"US1LALV0012","30.612401","-90.819769","24.4","2021-10-20",,,"0.00",",,N","0.0",",,N",,
"US1LALV0012","30.612401","-90.819769","24.4","2021-10-21",,,"0.31",",,N",,,,
"US1LALV0012","30.612401","-90.819769","24.4","2021-10-22",,,"0.00",",,N","0.0",",,N",,
"US1LALV0012","30.612401","-90.819769","24.4","2021-10-23",,,"0.00",",,N","0.0",",,N",,
"US1LALV0012","30.612401","-90.819769","24.4","2021-10-24",,,"0.00",",,N","0.0",",,N",,
"US1LALV0012","30.612401","-90.819769","24.4","2021-10-25",,,"0.34",",,N",,,,
"US1LALV0012","30.612401","-90.819769","24.4","2021-10-26",,,"0.00",",,N","0.0",",,N",,
"US1LALV0012","30.612401","-90.819769","24.4","2021-10-27",,,"0.00",",,N","0.0",",,N",,
"US1LALV0012","30.612401","-90.819769","24.4","2021-10-28",,,"1.44",",,N",,,,
"US1LALV0012","30.612401","-90.819769","24.4","2021-10-29",,,"0.00","T,,N",,,,
"US1LALV0012","30.612401","-90.819769","24.4","2021-10-30",,,"0.00",",,N","0.0",",,N",,
"US1LALV0012","30.612401","-90.819769","24.4","2021-10-31",,,"0.00",",,N","0.0",",,N",,
"US1LALV0012","30.612401","-90.819769","24.4","2021-11-01",,,"0.00",",,N","0.0",",,N",,
"US1LALV0012","30.612401","-90.819769","24.4","2021-11-02",,,"0.00",",,N","0.0",",,N",,
"US1LALV0012","30.612401","-90.819769","24.4","2021-11-03",,,"0.00",",,N","0.0",",,N",,
"US1LALV0012","30.612401","-90.819769","24.4","2021-11-04",,,"0.00",",,N","0.0",",,N",,
"US1LALV0012","30.612401","-90.819769","24.4","2021-11-05",,,"0.00",",,N","0.0",",,N",,
"US1LALV0012","30.612401","-90.819769","24.4","2021-11-06",,,"0.00",",,N","0.0",",,N",,
"US1LALV0012","30.612401","-90.819769","24.4","2021-11-07",,,"0.00",",,N","0.0",",,N",,
"US1LALV0012","30.612401","-90.819769","24.4","2021-11-08",,,"0.00",",,N","0.0",",,N",,
"US1LALV0012","30.612401","-90.819769","24.4","2021-11-09",,,"0.00",",,N","0.0",",,N",,
"US1LALV0012","30.612401","-90.819769","24.4","2021-11-10",,,"0.00",",,N","0.0",",,N",,
"US1LALV0012","30.612401","-90.819769","24.4","2021-11-11",,,"0.00",",,N","0.0",",,N",,
"US1LALV0012","30.612401","-90.819769","24.4","2021-11-12",,,"0.15",",,N",,,,
"US1LALV0012","30.612401","-90.819769","24.4","2021-11-13",,,"0.00",",,N","0.0",",,N",,
"US1LALV0012","30.612401","-90.819769","24.4","2021-11-14",,,"0.00",",,N","0.0",",,N",,
"US1LALV0012","30.612401","-90.819769","24.4","2021-11-15",,,"0.00",",,N","0.0",",,N",,
"US1LALV0012","30.612401","-90.819769","24.4","2021-11-16",,,"0.00",",,N","0.0",",,N",,
"US1LALV0012","30.612401","-90.819769","24.4","2021-11-17",,,"0.00",",,N","0.0",",,N",,
"US1LALV0012","30.612401","-90.819769","24.4","2021-11-18",,,"0.05",",,N",,,,
"US1LALV0012","30.612401","-90.819769","24.4","2021-11-19",,,"0.06",",,N",,,,
"US1LALV0012","30.612401","-90.819769","24.4","2021-11-20",,,"0.00",",,N","0.0",",,N",,
"US1LALV0012","30.612401","-90.819769","24.4","2021-11-21",,,"0.00",",,N","0.0",",,N",,
"US1LALV0012","30.612401","-90.819769","24.4","2021-11-22",,,"0.45",",,N",,,,
"US1LALV0012","30.612401","-90.819769","24.4","2021-11-23",,,"0.00",",,N","0.0",",,N",,
"US1LALV0012","30.612401","-90.819769","24.4","2021-11-24",,,"0.00",",,N","0.0",",,N",,
"US1LALV0012","30.612401","-90.819769","24.4","2021-11-25",,,"0.00",",,N","0.0",",,N",,
"US1LALV0012","30.612401","-90.819769","24.4","2021-11-26",,,"0.01",",,N",,,,
"US1LALV0012","30.612401","-90.819769","24.4","2021-11-27",,,"0.00",",,N","0.0",",,N",,
"US1LALV0012","30.612401","-90.819769","24.4","2021-11-28",,,"0.06",",,N",,,,
"US1LACN0003","31.62954833","-91.570515","17.1","2021-08-02",,,,,,,,
"US1LACN0003","31.62954833","-91.570515","17.1","2021-08-03",,,"0.00",",,N","0.0",",,N",,
"US1LACN0003","31.62954833","-91.570515","17.1","2021-08-04",,,"0.00",",,N","0.0",",,N",,
"US1LACN0003","31.62954833","-91.570515","17.1","2021-08-09",,,,,,,,
"US1LACN0003","31.62954833","-91.570515","17.1","2021-08-10",,,"0.00",",,N","0.0",",,N",,
"US1LACN0003","31.62954833","-91.570515","17.1","2021-08-11",,,"0.00",",,N","0.0",",,N",,
"US1LACN0003","31.62954833","-91.570515","17.1","2021-08-12",,,"0.00",",,N","0.0",",,N",,
"US1LACN0003","31.62954833","-91.570515","17.1","2021-08-13",,,"0.00",",,N","0.0",",,N",,
"US1LACN0003","31.62954833","-91.570515","17.1","2021-08-16",,,,,,,,
"US1LACN0003","31.62954833","-91.570515","17.1","2021-08-17",,,"0.00",",,N","0.0",",,N",,
"US1LACN0003","31.62954833","-91.570515","17.1","2021-08-18",,,"0.75",",,N",,,,
"US1LACN0003","31.62954833","-91.570515","17.1","2021-08-19",,,"0.05",",,N",,,,
"US1LACN0003","31.62954833","-91.570515","17.1","2021-08-20",,,"0.68",",,N",,,,
"US1LACN0003","31.62954833","-91.570515","17.1","2021-08-23",,,,,,,,
"US1LACN0003","31.62954833","-91.570515","17.1","2021-08-24",,,"0.00",",,N","0.0",",,N",,
"US1LACN0003","31.62954833","-91.570515","17.1","2021-08-25",,,"0.05",",,N",,,,
"US1LACN0003","31.62954833","-91.570515","17.1","2021-08-26",,,"0.00",",,N","0.0",",,N",,
"US1LACN0003","31.62954833","-91.570515","17.1","2021-08-27",,,"0.00",",,N","0.0",",,N",,
"US1LACN0003","31.62954833","-91.570515","17.1","2021-08-30",,,"0.26",",,N",,,,
"US1LACN0003","31.62954833","-91.570515","17.1","2021-08-31",,,"0.08",",,N",,,,
"US1LACN0003","31.62954833","-91.570515","17.1","2021-09-01",,,"0.00",",,N","0.0",",,N",,
"US1LACN0003","31.62954833","-91.570515","17.1","2021-09-02",,,"0.00",",,N","0.0",",,N",,
"US1LACN0003","31.62954833","-91.570515","17.1","2021-09-07",,,,,,,,
"US1LACN0003","31.62954833","-91.570515","17.1","2021-09-08",,,"0.00",",,N","0.0",",,N",,
"US1LACN0003","31.62954833","-91.570515","17.1","2021-09-09",,,"0.00",",,N","0.0",",,N",,
"US1LACN0003","31.62954833","-91.570515","17.1","2021-09-10",,,"0.00",",,N","0.0",",,N",,
"US1LACN0003","31.62954833","-91.570515","17.1","2021-09-13",,,,,,,,
"US1LACN0003","31.62954833","-91.570515","17.1","2021-09-15",,,,,,,,
"US1LACN0003","31.62954833","-91.570515","17.1","2021-09-16",,,"0.05",",,N",,,,
"US1LACN0003","31.62954833","-91.570515","17.1","2021-09-21",,,,,,,,
"US1LACN0003","31.62954833","-91.570515","17.1","2021-09-22",,,"0.20",",,N",,,,
"US1LACN0003","31.62954833","-91.570515","17.1","2021-09-23",,,"0.00",",,N","0.0",",,N",,
"US1LACN0003","31.62954833","-91.570515","17.1","2021-09-27",,,,,,,,
"US1LACN0003","31.62954833","-91.570515","17.1","2021-09-28",,,"0.00",",,N","0.0",",,N",,
"US1LACN0003","31.62954833","-91.570515","17.1","2021-09-29",,,"0.10",",,N",,,,
"US1LACN0003","31.62954833","-91.570515","17.1","2021-09-30",,,"1.18",",,N",,,,
"US1LACN0003","31.62954833","-91.570515","17.1","2021-10-04",,,,,,,,
"US1LACN0003","31.62954833","-91.570515","17.1","2021-10-05",,,"0.00",",,N","0.0",",,N",,
"US1LACN0003","31.62954833","-91.570515","17.1","2021-10-06",,,"0.00",",,N","0.0",",,N",,
"US1LACN0003","31.62954833","-91.570515","17.1","2021-10-07",,,"0.00",",,N","0.0",",,N",,
"US1LACN0003","31.62954833","-91.570515","17.1","2021-10-08",,,"0.00",",,N","0.0",",,N",,
"US1LACN0003","31.62954833","-91.570515","17.1","2021-10-12",,,,,,,,
"US1LACN0003","31.62954833","-91.570515","17.1","2021-10-13",,,"0.00",",,N","0.0",",,N",,
"US1LACN0003","31.62954833","-91.570515","17.1","2021-10-14",,,"0.00",",,N","0.0",",,N",,
"US1LACN0003","31.62954833","-91.570515","17.1","2021-10-18",,,,,,,,
"US1LACN0003","31.62954833","-91.570515","17.1","2021-10-19",,,"0.00",",,N","0.0",",,N",,
"US1LACN0003","31.62954833","-91.570515","17.1","2021-10-20",,,"0.00",",,N","0.0",",,N",,
"US1LACN0003","31.62954833","-91.570515","17.1","2021-10-21",,,"0.00",",,N","0.0",",,N",,
"US1LACN0003","31.62954833","-91.570515","17.1","2021-11-01",,,,,,,,
"US1LACN0003","31.62954833","-91.570515","17.1","2021-11-02",,,"0.00",",,N","0.0",",,N",,
"US1LACN0003","31.62954833","-91.570515","17.1","2021-11-03",,,"0.14",",,N",,,,
"US1LACN0003","31.62954833","-91.570515","17.1","2021-11-04",,,"0.00",",,N","0.0",",,N",,
"US1LACN0003","31.62954833","-91.570515","17.1","2021-11-05",,,"0.00",",,N","0.0",",,N",,
"US1LACN0003","31.62954833","-91.570515","17.1","2021-11-08",,,,,,,,
"US1LACN0003","31.62954833","-91.570515","17.1","2021-11-09",,,"0.00",",,N","0.0",",,N",,
"US1LACN0003","31.62954833","-91.570515","17.1","2021-11-10",,,"0.00",",,N","0.0",",,N",,
"US1LACN0003","31.62954833","-91.570515","17.1","2021-11-15",,,,,,,,
"US1LACN0003","31.62954833","-91.570515","17.1","2021-11-16",,,"0.00",",,N","0.0",",,N",,
"US1LACN0003","31.62954833","-91.570515","17.1","2021-11-17",,,"0.00",",,N","0.0",",,N",,
"US1LACN0003","31.62954833","-91.570515","17.1","2021-11-18",,,"0.03",",,N",,,,
"US1LACN0003","31.62954833","-91.570515","17.1","2021-11-22",,,,,,,,
"US1LACN0003","31.62954833","-91.570515","17.1","2021-11-23",,,"0.00",",,N","0.0",",,N",,
"US1LACN0003","31.62954833","-91.570515","17.1","2021-11-24",,,"0.00",",,N","0.0",",,N",,
"US1MEOX0014","44.377379","-70.801659","228.6","2021-08-01",,,,,,,,
"US1MEOX0014","44.377379","-70.801659","228.6","2021-08-02",,,"0.56",",,N",,,,
"US1MEOX0014","44.377379","-70.801659","228.6","2021-08-03",,,"0.01",",,N",,,,
"US1MEOX0014","44.377379","-70.801659","228.6","2021-08-08",,,"0.04",",,N",,,,
"US1MEOX0014","44.377379","-70.801659","228.6","2021-08-13",,,"0.02",",,N",,,,
"US1MEOX0014","44.377379","-70.801659","228.6","2021-08-14",,,"0.00",",,N","0.0",",,N",,
"US1MEOX0014","44.377379","-70.801659","228.6","2021-08-15",,,"0.40",",,N",,,,
"US1MEOX0014","44.377379","-70.801659","228.6","2021-08-20",,,"0.13",",,N",,,,
"US1MEOX0014","44.377379","-70.801659","228.6","2021-08-22",,,"0.00",",,N","0.0",",,N",,
"US1MEOX0014","44.377379","-70.801659","228.6","2021-08-23",,,"0.16",",,N",,,,
"US1MEOX0014","44.377379","-70.801659","228.6","2021-08-24",,,"0.02",",,N",,,,
"US1MEOX0014","44.377379","-70.801659","228.6","2021-08-29",,,"0.05",",,N",,,,
"US1MEOX0014","44.377379","-70.801659","228.6","2021-08-30",,,"0.04",",,N",,,,
"US1MEOX0014","44.377379","-70.801659","228.6","2021-08-31",,,"0.25",",,N",,,,
"US1MEOX0014","44.377379","-70.801659","228.6","2021-09-02",,,"0.58",",,N",,,,
"US1MEOX0014","44.377379","-70.801659","228.6","2021-09-03",,,"0.02",",,N",,,,
"US1MEOX0014","44.377379","-70.801659","228.6","2021-09-04",,,"0.03",",,N",,,,
"US1MEOX0014","44.377379","-70.801659","228.6","2021-09-05",,,"0.00",",,N","0.0",",,N",,
"US1MEOX0014","44.377379","-70.801659","228.6","2021-09-06",,,"0.18",",,N",,,,
"US1MEOX0014","44.377379","-70.801659","228.6","2021-09-07",,,"0.20",",,N",,,,
"US1MEOX0014","44.377379","-70.801659","228.6","2021-09-09",,,"0.39",",,N",,,,
"US1MEOX0014","44.377379","-70.801659","228.6","2021-09-10",,,"1.03",",,N",,,,
"US1MEOX0014","44.377379","-70.801659","228.6","2021-09-13",,,"0.00",",,N","0.0",",,N",,
"US1MEOX0014","44.377379","-70.801659","228.6","2021-09-15",,,"0.00",",,N","0.0",",,N",,
"US1MEOX0014","44.377379","-70.801659","228.6","2021-09-16",,,"0.48",",,N",,,,
"US1MEOX0014","44.377379","-70.801659","228.6","2021-09-22",,,"0.01",",,N",,,,
"US1MEOX0014","44.377379","-70.801659","228.6","2021-09-23",,,"0.33",",,N",,,,
"US1MEOX0014","44.377379","-70.801659","228.6","2021-09-24",,,"0.03",",,N",,,,
"US1MEOX0014","44.377379","-70.801659","228.6","2021-09-25",,,"0.50",",,N",,,,
"US1MEOX0014","44.377379","-70.801659","228.6","2021-09-26",,,"0.02",",,N",,,,
"US1MEOX0014","44.377379","-70.801659","228.6","2021-09-28",,,"0.02",",,N",,,,
"US1MEOX0014","44.377379","-70.801659","228.6","2021-09-30",,,"0.03",",,N",,,,
"US1MEOX0014","44.377379","-70.801659","228.6","2021-10-01",,,"0.01",",,N",,,,
"US1MEOX0014","44.377379","-70.801659","228.6","2021-10-03",,,"0.05",",,N",,,,
"US1MEOX0014","44.377379","-70.801659","228.6","2021-10-04",,,"0.31",",,N",,,,
"US1MEOX0014","44.377379","-70.801659","228.6","2021-10-05",,,"0.01",",,N",,,,
"US1MEOX0014","44.377379","-70.801659","228.6","2021-10-11",,,"0.00",",,N","0.0",",,N",,
"US1MEOX0014","44.377379","-70.801659","228.6","2021-10-16",,,"0.41",",,N",,,,
"US1MEOX0014","44.377379","-70.801659","228.6","2021-10-17",,,"0.91",",,N",,,,
"US1MEOX0014","44.377379","-70.801659","228.6","2021-10-19",,,"0.02",",,N",,,,
"US1MEOX0014","44.377379","-70.801659","228.6","2021-10-22",,,"0.16",",,N",,,,
"US1MEOX0014","44.377379","-70.801659","228.6","2021-10-25",,,"0.02",",,N",,,,
"US1MEOX0014","44.377379","-70.801659","228.6","2021-10-26",,,"0.45",",,N",,,,
"US1MEOX0014","44.377379","-70.801659","228.6","2021-10-27",,,"0.42",",,N",,,,
"US1MEOX0014","44.377379","-70.801659","228.6","2021-10-30",,,"0.06",",,N",,,,
"US1MEOX0014","44.377379","-70.801659","228.6","2021-10-31",,,"1.99",",,N",,,,
"US1MEOX0014","44.377379","-70.801659","228.6","2021-11-01",,,"0.15",",,N",,,,
"US1MEOX0014","44.377379","-70.801659","228.6","2021-11-04",,,"0.02",",,N",,,,
"US1MEOX0014","44.377379","-70.801659","228.6","2021-11-10",,,"0.09",",,N",,,,
"US1MEOX0014","44.377379","-70.801659","228.6","2021-11-11",,,"0.05",",,N",,,,
"US1MEOX0014","44.377379","-70.801659","228.6","2021-11-13",,,"1.72",",,N",,,,
"US1MEOX0014","44.377379","-70.801659","228.6","2021-11-14",,,"0.17",",,N",,,,
"US1MEOX0014","44.377379","-70.801659","228.6","2021-11-15",,,"0.13",",,N",,,,
"US1MEOX0014","44.377379","-70.801659","228.6","2021-11-19",,,"0.04",",,N",,,,
"US1MEOX0014","44.377379","-70.801659","228.6","2021-11-20",,,"0.04",",,N",,,,
"US1MEOX0014","44.377379","-70.801659","228.6","2021-11-22",,,"0.24",",,N",,,,
"USC00164592","32.34837","-93.20137","57.9","2021-08-01",,,"0.00",",,7,0700","0.0",",,7,0700",,
"USC00164592","32.34837","-93.20137","57.9","2021-08-02",,,"1.50",",,7,0700","0.0",",,7,0700",,
"USC00164592","32.34837","-93.20137","57.9","2021-08-03",,,"0.03",",,7,0700","0.0",",,7,0700",,
"USC00164592","32.34837","-93.20137","57.9","2021-08-04",,,"0.00",",,7,0700","0.0",",,7,0700",,
"USC00164592","32.34837","-93.20137","57.9","2021-08-05",,,"0.00",",,7,0700","0.0",",,7,0700",,
"USC00164592","32.34837","-93.20137","57.9","2021-08-06",,,"0.00",",,7,0700","0.0",",,7,0700",,
"USC00164592","32.34837","-93.20137","57.9","2021-08-07",,,"0.00",",,7,0700","0.0",",,7,0700",,
"USC00164592","32.34837","-93.20137","57.9","2021-08-08",,,"0.00",",,7,0700","0.0",",,7,0700",,
"USC00164592","32.34837","-93.20137","57.9","2021-08-09",,,"0.00",",,7,0700","0.0",",,7,0700",,
"USC00164592","32.34837","-93.20137","57.9","2021-08-10",,,"0.00",",,7,0700","0.0",",,7,0700",,
"USC00164592","32.34837","-93.20137","57.9","2021-08-11",,,"0.00",",,7,0700","0.0",",,7,0700",,
"USC00164592","32.34837","-93.20137","57.9","2021-08-12",,,"0.00",",,7,0700","0.0",",,7,0700",,
"USC00164592","32.34837","-93.20137","57.9","2021-08-13",,,"0.00",",,7,0700","0.0",",,7,0700",,
"USC00164592","32.34837","-93.20137","57.9","2021-08-14",,,"0.00",",,7,0700","0.0",",,7,0700",,
"USC00164592","32.34837","-93.20137","57.9","2021-08-15",,,"0.00",",,7,0700","0.0",",,7,0700",,
"USC00164592","32.34837","-93.20137","57.9","2021-08-16",,,"0.00",",,7,0700","0.0",",,7,0700",,
"USC00164592","32.34837","-93.20137","57.9","2021-08-17",,,"0.00",",,7,0700","0.0",",,7,0700",,
"USC00164592","32.34837","-93.20137","57.9","2021-08-18",,,"0.03",",,7,0700","0.0",",,7,0700",,
"USC00164592","32.34837","-93.20137","57.9","2021-08-19",,,"0.65",",,7,0700","0.0",",,7,0700",,
"USC00164592","32.34837","-93.20137","57.9","2021-08-20",,,"0.98",",,7,0700","0.0",",,7,0700",,
"USC00164592","32.34837","-93.20137","57.9","2021-08-21",,,"0.07",",,7,0700","0.0",",,7,0700",,
"USC00164592","32.34837","-93.20137","57.9","2021-08-22",,,"0.00",",,7,0700","0.0",",,7,0700",,
"USC00164592","32.34837","-93.20137","57.9","2021-08-23",,,"0.00",",,7,0700","0.0",",,7,0700",,
"USC00164592","32.34837","-93.20137","57.9","2021-08-24",,,"0.00",",,7,0700","0.0",",,7,0700",,
"USC00164592","32.34837","-93.20137","57.9","2021-08-25",,,"0.00",",,7,0700","0.0",",,7,0700",,
"USC00164592","32.34837","-93.20137","57.9","2021-08-26",,,"0.05",",,7,0700","0.0",",,7,0700",,
"USC00164592","32.34837","-93.20137","57.9","2021-08-27",,,"0.22",",,7,0700","0.0",",,7,0700",,
"USC00164592","32.34837","-93.20137","57.9","2021-08-28",,,"0.00",",,7,0700","0.0",",,7,0700",,
"USC00164592","32.34837","-93.20137","57.9","2021-08-29",,,"0.49",",,7,0700","0.0",",,7,0700",,
"USC00164592","32.34837","-93.20137","57.9","2021-09-02",,,,,"0.0",",,7,0700",,
"USC00164592","32.34837","-93.20137","57.9","2021-09-03",,,,,"0.0",",,7,0700",,
"USC00164592","32.34837","-93.20137","57.9","2021-09-04",,,,,"0.0",",,7,0700",,
"USC00164592","32.34837","-93.20137","57.9","2021-09-05",,,"0.00",",,7,0700","0.0",",,7,0700",,
"USC00164592","32.34837","-93.20137","57.9","2021-09-06",,,"0.05",",,7,0700","0.0",",,7,0700",,
"USC00164592","32.34837","-93.20137","57.9","2021-09-07",,,"0.00",",,7,0700","0.0",",,7,0700",,
"USC00164592","32.34837","-93.20137","57.9","2021-09-08",,,"0.00",",,7,0700","0.0",",,7,0700",,
"USC00164592","32.34837","-93.20137","57.9","2021-09-09",,,"0.00",",,7,0700","0.0",",,7,0700",,
"USC00164592","32.34837","-93.20137","57.9","2021-09-10",,,"0.00",",,7,0700","0.0",",,7,0700",,
"USC00164592","32.34837","-93.20137","57.9","2021-09-11",,,"0.00",",,7,0700","0.0",",,7,0700",,
"USC00164592","32.34837","-93.20137","57.9","2021-09-12",,,"0.00",",,7,0700","0.0",",,7,0700",,
"USC00164592","32.34837","-93.20137","57.9","2021-09-13",,,"0.00",",,7,0700","0.0",",,7,0700",,
"USC00164592","32.34837","-93.20137","57.9","2021-09-14",,,"0.05",",,7,0700","0.0",",,7,0700",,
"USC00164592","32.34837","-93.20137","57.9","2021-09-15",,,"0.09",",,7,0700","0.0",",,7,0700",,
"USC00164592","32.34837","-93.20137","57.9","2021-09-16",,,"0.00",",,7,0700","0.0",",,7,0700",,
"USC00164592","32.34837","-93.20137","57.9","2021-09-17",,,"0.00",",,7,0700","0.0",",,7,0700",,
"USC00164592","32.34837","-93.20137","57.9","2021-09-18",,,"0.33",",,7,0700","0.0",",,7,0700",,
"USC00164592","32.34837","-93.20137","57.9","2021-09-19",,,"0.02",",,7,0700","0.0",",,7,0700",,
"USC00164592","32.34837","-93.20137","57.9","2021-09-20",,,"0.00",",,7,0700","0.0",",,7,0700",,
"USC00164592","32.34837","-93.20137","57.9","2021-09-21",,,"0.00",",,7,0700","0.0",",,7,0700",,
"USC00164592","32.34837","-93.20137","57.9","2021-09-22",,,"0.00","T,,7,0700","0.0",",,7,0700",,
"USC00164592","32.34837","-93.20137","57.9","2021-09-23",,,"0.00",",,7,0700","0.0",",,7,0700",,
"USC00164592","32.34837","-93.20137","57.9","2021-09-24",,,"0.00",",,7,0700","0.0",",,7,0700",,
"USC00164592","32.34837","-93.20137","57.9","2021-09-25",,,"0.00",",,7,0700","0.0",",,7,0700",,
"USC00164592","32.34837","-93.20137","57.9","2021-09-26",,,"0.00",",,7,0700","0.0",",,7,0700",,
"USC00164592","32.34837","-93.20137","57.9","2021-09-27",,,"0.00",",,7,0700","0.0",",,7,0700",,
"USC00164592","32.34837","-93.20137","57.9","2021-09-28",,,"0.00",",,7,0700","0.0",",,7,0700",,
"USC00164592","32.34837","-93.20137","57.9","2021-09-29",,,"0.00",",,7,0700","0.0",",,7,0700",,
"USC00164592","32.34837","-93.20137","57.9","2021-09-30",,,"0.03",",,7,0700","0.0",",,7,0700",,
"USC00164592","32.34837","-93.20137","57.9","2021-10-01",,,"0.43",",,7,0700","0.0",",,7,0700",,
"USC00164592","32.34837","-93.20137","57.9","2021-10-02",,,"0.67",",,7,0700","0.0",",,7,0700",,
"USC00164592","32.34837","-93.20137","57.9","2021-10-03",,,"0.09",",,7,0700","0.0",",,7,0700",,
"USC00164592","32.34837","-93.20137","57.9","2021-10-04",,,"0.02",",,7,0700","0.0",",,7,0700",,
"USC00164592","32.34837","-93.20137","57.9","2021-10-05",,,"0.00",",,7,0700","0.0",",,7,0700",,
"USC00164592","32.34837","-93.20137","57.9","2021-10-06",,,"0.00",",,7,0700","0.0",",,7,0700",,
"USC00164592","32.34837","-93.20137","57.9","2021-10-07",,,"0.00",",,7,0700","0.0",",,7,0700",,
"USC00164592","32.34837","-93.20137","57.9","2021-10-08",,,"0.00",",,7,0700","0.0",",,7,0700",,
"USC00164592","32.34837","-93.20137","57.9","2021-10-09",,,"0.00",",,7,0700","0.0",",,7,0700",,
"USC00164592","32.34837","-93.20137","57.9","2021-10-10",,,"0.00",",,7,0700","0.0",",,7,0700",,
"USC00164592","32.34837","-93.20137","57.9","2021-10-11",,,"0.01",",,7,0700","0.0",",,7,0700",,
"USC00164592","32.34837","-93.20137","57.9","2021-10-12",,,"0.00",",,7,0700","0.0",",,7,0700",,
"USC00164592","32.34837","-93.20137","57.9","2021-10-13",,,"0.04",",,7,0700","0.0",",,7,0700",,
"USC00164592","32.34837","-93.20137","57.9","2021-10-14",,,"0.00",",,7,0700","0.0",",,7,0700",,
"USC00164592","32.34837","-93.20137","57.9","2021-10-15",,,"0.00",",,7,0700","0.0",",,7,0700",,
"USC00164592","32.34837","-93.20137","57.9","2021-10-16",,,"0.00",",,7,0700","0.0",",,7,0700",,
"USC00164592","32.34837","-93.20137","57.9","2021-10-17",,,"0.00",",,7,0700","0.0",",,7,0700",,
"USC00164592","32.34837","-93.20137","57.9","2021-10-18",,,"0.00",",,7,0700","0.0",",,7,0700",,
"USC00164592","32.34837","-93.20137","57.9","2021-10-19",,,"0.00",",,7,0700","0.0",",,7,0700",,
"USC00164592","32.34837","-93.20137","57.9","2021-10-20",,,"0.00",",,7,0700","0.0",",,7,0700",,
"USC00164592","32.34837","-93.20137","57.9","2021-10-21",,,"0.00",",,7,0700","0.0",",,7,0700",,
"USC00164592","32.34837","-93.20137","57.9","2021-10-22",,,"0.00",",,7,0700","0.0",",,7,0700",,
"USC00164592","32.34837","-93.20137","57.9","2021-10-23",,,"0.00",",,7,0700","0.0",",,7,0700",,
"USC00164592","32.34837","-93.20137","57.9","2021-10-24",,,"0.00",",,7,0700","0.0",",,7,0700",,
"USC00164592","32.34837","-93.20137","57.9","2021-10-25",,,"0.00",",,7,0700","0.0",",,7,0700",,
"USC00164592","32.34837","-93.20137","57.9","2021-10-26",,,"0.00",",,7,0700","0.0",",,7,0700",,
"USC00164592","32.34837","-93.20137","57.9","2021-10-27",,,"0.00",",,7,0700","0.0",",,7,0700",,
"USC00164592","32.34837","-93.20137","57.9","2021-10-28",,,"1.03",",,7,0700","0.0",",,7,0700",,
"USC00164592","32.34837","-93.20137","57.9","2021-10-29",,,"0.00","T,,7,0700","0.0",",,7,0700",,
"USC00164592","32.34837","-93.20137","57.9","2021-10-30",,,"0.00",",,7,0700","0.0",",,7,0700",,
"USC00164592","32.34837","-93.20137","57.9","2021-10-31",,,"0.00",",,7,0700","0.0",",,7,0700",,
"USC00164592","32.34837","-93.20137","57.9","2021-11-01",,,"0.00",",,H,0700","0.0",",,H,0700",,
"US1MEPS0009","45.218051","-69.547912","219.8","2021-08-01",,,"0.00",",,N","0.0",",,N",,
"US1MEPS0009","45.218051","-69.547912","219.8","2021-08-02",,,"0.14",",,N",,,,
"US1MEPS0009","45.218051","-69.547912","219.8","2021-08-03",,,"0.08",",,N",,,,
"US1MEPS0009","45.218051","-69.547912","219.8","2021-08-04",,,"0.00",",,N","0.0",",,N",,
"US1MEPS0009","45.218051","-69.547912","219.8","2021-08-05",,,"0.00",",,N","0.0",",,N",,
"US1MEPS0009","45.218051","-69.547912","219.8","2021-08-06",,,"0.22",",,N",,,,
"US1MEPS0009","45.218051","-69.547912","219.8","2021-08-07",,,"0.00",",,N","0.0",",,N",,
"US1MEPS0009","45.218051","-69.547912","219.8","2021-08-08",,,"0.21",",,N",,,,
"US1MEPS0009","45.218051","-69.547912","219.8","2021-08-09",,,"0.02",",,N",,,,
"US1MEPS0009","45.218051","-69.547912","219.8","2021-08-10",,,"0.00",",,N","0.0",",,N",,
"US1MEPS0009","45.218051","-69.547912","219.8","2021-08-11",,,"0.00",",,N","0.0",",,N",,
"US1MEPS0009","45.218051","-69.547912","219.8","2021-08-13",,,,,,,,
"US1MEPS0009","45.218051","-69.547912","219.8","2021-08-14",,,"0.00",",,N","0.0",",,N",,
"US1MEPS0009","45.218051","-69.547912","219.8","2021-08-15",,,"0.12",",,N",,,,
"US1MEPS0009","45.218051","-69.547912","219.8","2021-08-16",,,"0.00",",,N","0.0",",,N",,
"US1MEPS0009","45.218051","-69.547912","219.8","2021-08-17",,,"0.00",",,N","0.0",",,N",,
"US1MEPS0009","45.218051","-69.547912","219.8","2021-08-18",,,"0.09",",,N",,,,
"US1MEPS0009","45.218051","-69.547912","219.8","2021-08-19",,,"0.01",",,N",,,,
"US1MEPS0009","45.218051","-69.547912","219.8","2021-08-20",,,"0.02",",,N",,,,
"US1MEPS0009","45.218051","-69.547912","219.8","2021-08-21",,,"0.00",",,N","0.0",",,N",,
"US1MEPS0009","45.218051","-69.547912","219.8","2021-08-22",,,"0.00",",,N","0.0",",,N",,
"US1MEPS0009","45.218051","-69.547912","219.8","2021-08-23",,,"0.14",",,N",,,,
"US1MEPS0009","45.218051","-69.547912","219.8","2021-08-24",,,"0.05",",,N",,,,
"US1MEPS0009","45.218051","-69.547912","219.8","2021-08-25",,,"0.00",",,N","0.0",",,N",,
"US1MEPS0009","45.218051","-69.547912","219.8","2021-08-26",,,"0.00",",,N","0.0",",,N",,
"US1MEPS0009","45.218051","-69.547912","219.8","2021-08-27",,,"0.00","T,,N",,,,
"US1MEPS0009","45.218051","-69.547912","219.8","2021-08-28",,,"0.00",",,N","0.0",",,N",,
"US1MEPS0009","45.218051","-69.547912","219.8","2021-08-29",,,"0.05",",,N",,,,
"US1MEPS0009","45.218051","-69.547912","219.8","2021-08-30",,,"0.03",",,N",,,,
"US1MEPS0009","45.218051","-69.547912","219.8","2021-08-31",,,"0.01",",,N",,,,
"US1MEPS0009","45.218051","-69.547912","219.8","2021-09-01",,,"0.00",",,N","0.0",",,N",,
"US1MEPS0009","45.218051","-69.547912","219.8","2021-09-02",,,"0.33",",,N",,,,
"US1MEPS0009","45.218051","-69.547912","219.8","2021-09-03",,,"0.18",",,N",,,,
"US1MEPS0009","45.218051","-69.547912","219.8","2021-09-04",,,"0.07",",,N",,,,
"US1MEPS0009","45.218051","-69.547912","219.8","2021-09-05",,,"0.00",",,N","0.0",",,N",,
"US1MEPS0009","45.218051","-69.547912","219.8","2021-09-06",,,"0.23",",,N",,,,
"US1MEPS0009","45.218051","-69.547912","219.8","2021-09-07",,,"0.24",",,N",,,,
"US1MEPS0009","45.218051","-69.547912","219.8","2021-09-08",,,"0.00",",,N","0.0",",,N",,
"US1MEPS0009","45.218051","-69.547912","219.8","2021-09-09",,,"0.11",",,N",,,,
"US1MEPS0009","45.218051","-69.547912","219.8","2021-09-10",,,"3.03",",,N",,,,
"US1MEPS0009","45.218051","-69.547912","219.8","2021-09-11",,,"0.08",",,N",,,,
"US1MEPS0009","45.218051","-69.547912","219.8","2021-09-12",,,"0.00",",,N","0.0",",,N",,
"US1MEPS0009","45.218051","-69.547912","219.8","2021-09-13",,,"0.00",",,N","0.0",",,N",,
"US1MEPS0009","45.218051","-69.547912","219.8","2021-09-14",,,"0.00",",,N","0.0",",,N",,
"US1MEPS0009","45.218051","-69.547912","219.8","2021-09-15",,,"0.00",",,N","0.0",",,N",,
"US1MEPS0009","45.218051","-69.547912","219.8","2021-09-16",,,"0.86",",,N",,,,
"US1MEPS0009","45.218051","-69.547912","219.8","2021-09-17",,,"0.00",",,N","0.0",",,N",,
"US1MEPS0009","45.218051","-69.547912","219.8","2021-09-18",,,"0.00",",,N","0.0",",,N",,
"US1MEPS0009","45.218051","-69.547912","219.8","2021-09-19",,,"0.73",",,N",,,,
"US1MEPS0009","45.218051","-69.547912","219.8","2021-09-20",,,"0.00",",,N","0.0",",,N",,
"US1MEPS0009","45.218051","-69.547912","219.8","2021-09-21",,,"0.00",",,N","0.0",",,N",,
"US1MEPS0009","45.218051","-69.547912","219.8","2021-09-22",,,"0.00",",,N","0.0",",,N",,
"US1MEPS0009","45.218051","-69.547912","219.8","2021-09-25",,,,,,,,
"US1MEPS0009","45.218051","-69.547912","219.8","2021-09-26",,,"1.32",",,N",,,,
"US1MEPS0009","45.218051","-69.547912","219.8","2021-09-27",,,"0.38",",,N",,,,
"US1MEPS0009","45.218051","-69.547912","219.8","2021-09-28",,,"0.06",",,N",,,,
"US1MEPS0009","45.218051","-69.547912","219.8","2021-09-29",,,"0.00",",,N","0.0",",,N",,
"US1MEPS0009","45.218051","-69.547912","219.8","2021-09-30",,,"0.12",",,N",,,,
"US1MEPS0009","45.218051","-69.547912","219.8","2021-10-01",,,"0.09",",,N",,,,
"US1MEPS0009","45.218051","-69.547912","219.8","2021-10-02",,,"0.00","T,,N",,,,
"US1MEPS0009","45.218051","-69.547912","219.8","2021-10-03",,,"0.00",",,N","0.0",",,N",,
"US1MEPS0009","45.218051","-69.547912","219.8","2021-10-04",,,"0.00",",,N","0.0",",,N",,
"US1MEPS0009","45.218051","-69.547912","219.8","2021-10-05",,,"0.00",",,N","0.0",",,N",,
"US1MEPS0009","45.218051","-69.547912","219.8","2021-10-06",,,"0.00",",,N","0.0",",,N",,
"US1MEPS0009","45.218051","-69.547912","219.8","2021-10-07",,,"0.00",",,N","0.0",",,N",,
"US1MEPS0009","45.218051","-69.547912","219.8","2021-10-08",,,"0.00",",,N","0.0",",,N",,
"US1MEPS0009","45.218051","-69.547912","219.8","2021-10-09",,,"0.00",",,N","0.0",",,N",,
"US1MEPS0009","45.218051","-69.547912","219.8","2021-10-10",,,"0.00",",,N","0.0",",,N",,
"US1MEPS0009","45.218051","-69.547912","219.8","2021-10-11",,,"0.00",",,N","0.0",",,N",,
"US1MEPS0009","45.218051","-69.547912","219.8","2021-10-12",,,"0.00",",,N","0.0",",,N",,
"US1MEPS0009","45.218051","-69.547912","219.8","2021-10-13",,,"0.00",",,N","0.0",",,N",,
"US1MEPS0009","45.218051","-69.547912","219.8","2021-10-14",,,"0.00",",,N","0.0",",,N",,
"US1MEPS0009","45.218051","-69.547912","219.8","2021-10-17",,,,,,,,
"US1MEPS0009","45.218051","-69.547912","219.8","2021-10-18",,,"0.03",",,N",,,,
"US1MEPS0009","45.218051","-69.547912","219.8","2021-10-19",,,"0.00",",,N","0.0",",,N",,
"US1MEPS0009","45.218051","-69.547912","219.8","2021-10-20",,,"0.00",",,N","0.0",",,N",,
"US1MEPS0009","45.218051","-69.547912","219.8","2021-10-21",,,"0.00",",,N","0.0",",,N",,
"US1MEPS0009","45.218051","-69.547912","219.8","2021-10-23",,,,,,,,
"US1MEPS0009","45.218051","-69.547912","219.8","2021-10-24",,,"0.00",",,N","0.0",",,N",,
"US1MEPS0009","45.218051","-69.547912","219.8","2021-10-25",,,"0.00",",,N","0.0",",,N",,
"US1MEPS0009","45.218051","-69.547912","219.8","2021-10-26",,,"0.00","T,,N",,,,
"US1MEPS0009","45.218051","-69.547912","219.8","2021-10-27",,,"0.00","T,,N",,,,
"US1MEPS0009","45.218051","-69.547912","219.8","2021-10-28",,,"0.00",",,N",,,,
"US1MEPS0009","45.218051","-69.547912","219.8","2021-10-29",,,"0.00",",,N","0.0",",,N",,
"US1MEPS0009","45.218051","-69.547912","219.8","2021-10-30",,,"0.00",",,N","0.0",",,N",,
"US1MEPS0009","45.218051","-69.547912","219.8","2021-10-31",,,"2.16",",,N",,,,
"US1MEPS0009","45.218051","-69.547912","219.8","2021-11-01",,,"0.55",",,N",,,,
"US1MEPS0009","45.218051","-69.547912","219.8","2021-11-02",,,"0.00",",,N",,,,
"US1MEPS0009","45.218051","-69.547912","219.8","2021-11-06",,,,,,,,
"US1MEPS0009","45.218051","-69.547912","219.8","2021-11-07",,,"0.00",",,N","0.0",",,N",,
"US1MEPS0009","45.218051","-69.547912","219.8","2021-11-08",,,"0.00",",,N","0.0",",,N",,
"US1MEPS0009","45.218051","-69.547912","219.8","2021-11-09",,,"0.00",",,N","0.0",",,N",,
"US1MEPS0009","45.218051","-69.547912","219.8","2021-11-10",,,"0.00",",,N","0.0",",,N",,
"US1MEPS0009","45.218051","-69.547912","219.8","2021-11-11",,,"0.00","T,,N",,,,
"US1MEPS0009","45.218051","-69.547912","219.8","2021-11-12",,,"0.00",",,N","0.0",",,N",,
"US1MEPS0009","45.218051","-69.547912","219.8","2021-11-13",,,"1.65",",,N",,,,
"US1MEPS0009","45.218051","-69.547912","219.8","2021-11-14",,,"0.00",",,N","0.0",",,N",,
"US1MEPS0009","45.218051","-69.547912","219.8","2021-11-15",,,"0.11",",,N","0.8",",,N",,
"US1MEPS0009","45.218051","-69.547912","219.8","2021-11-16",,,"0.03",",,N",,,,
"US1MEPS0009","45.218051","-69.547912","219.8","2021-11-18",,,,,,,,
"US1MEPS0009","45.218051","-69.547912","219.8","2021-11-19",,,"0.09",",,N","0.0",",,N",,
"US1MEPS0009","45.218051","-69.547912","219.8","2021-11-20",,,"0.00","T,,N","0.0","T,,N",,
"US1MEPS0009","45.218051","-69.547912","219.8","2021-11-21",,,"0.00",",,N","0.0",",,N",,
"US1MEPS0009","45.218051","-69.547912","219.8","2021-11-22",,,"0.39",",,N","0.0",",,N",,
"US1MEPS0009","45.218051","-69.547912","219.8","2021-11-23",,,"0.19",",,N","0.0",",,N",,
"US1MEPS0009","45.218051","-69.547912","219.8","2021-11-25",,,"0.00",",,N","0.0",",,N",,
"US1MEPS0009","45.218051","-69.547912","219.8","2021-11-27",,,,,,,,
"US1MEPS0009","45.218051","-69.547912","219.8","2021-11-28",,,"0.00","T,,N","0.0","T,,N",,
"US1LAAS0019","30.276934","-90.979147","6.1","2021-08-01",,,"0.32",",,N",,,,
"US1LAAS0019","30.276934","-90.979147","6.1","2021-08-02",,,"0.11",",,N",,,,
"US1LAAS0019","30.276934","-90.979147","6.1","2021-08-03",,,"1.09",",,N",,,,
"US1LAAS0019","30.276934","-90.979147","6.1","2021-08-04",,,"1.27",",,N",,,,
"US1LAAS0019","30.276934","-90.979147","6.1","2021-08-05",,,"0.00",",,N","0.0",",,N",,
"US1LAAS0019","30.276934","-90.979147","6.1","2021-08-06",,,"0.00",",,N","0.0",",,N",,
"US1LAAS0019","30.276934","-90.979147","6.1","2021-08-07",,,"0.00",",,N","0.0",",,N",,
"US1LAAS0019","30.276934","-90.979147","6.1","2021-08-08",,,"0.00",",,N","0.0",",,N",,
"US1LAAS0019","30.276934","-90.979147","6.1","2021-08-09",,,"0.00",",,N","0.0",",,N",,
"US1LAAS0019","30.276934","-90.979147","6.1","2021-08-10",,,"0.12",",,N",,,,
"US1LAAS0019","30.276934","-90.979147","6.1","2021-08-11",,,"0.00",",,N","0.0",",,N",,
"US1LAAS0019","30.276934","-90.979147","6.1","2021-08-12",,,"0.03",",,N",,,,
"US1LAAS0019","30.276934","-90.979147","6.1","2021-08-13",,,"0.48",",,N",,,,
"US1LAAS0019","30.276934","-90.979147","6.1","2021-08-14",,,"0.00",",,N","0.0",",,N",,
"US1LAAS0019","30.276934","-90.979147","6.1","2021-08-15",,,"0.00",",,N","0.0",",,N",,
"US1LAAS0019","30.276934","-90.979147","6.1","2021-08-16",,,"0.00",",,N","0.0",",,N",,
"US1LAAS0019","30.276934","-90.979147","6.1","2021-08-17",,,"0.00",",,N","0.0",",,N",,
"US1LAAS0019","30.276934","-90.979147","6.1","2021-08-18",,,"0.00",",,N","0.0",",,N",,
"US1LAAS0019","30.276934","-90.979147","6.1","2021-08-19",,,"0.28",",,N",,,,
"US1LAAS0019","30.276934","-90.979147","6.1","2021-08-20",,,"0.04",",,N",,,,
"US1LAAS0019","30.276934","-90.979147","6.1","2021-08-21",,,"0.00",",,N","0.0",",,N",,
"US1LAAS0019","30.276934","-90.979147","6.1","2021-08-22",,,"0.00",",,N","0.0",",,N",,
"US1LAAS0019","30.276934","-90.979147","6.1","2021-08-23",,,"0.00",",,N","0.0",",,N",,
"US1LAAS0019","30.276934","-90.979147","6.1","2021-08-24",,,"0.37",",,N",,,,
"US1LAAS0019","30.276934","-90.979147","6.1","2021-08-25",,,"0.00",",,N","0.0",",,N",,
"US1LAAS0019","30.276934","-90.979147","6.1","2021-08-26",,,"0.00",",,N","0.0",",,N",,
"US1LAAS0019","30.276934","-90.979147","6.1","2021-08-27",,,"0.00",",,N","0.0",",,N",,
"US1LAAS0019","30.276934","-90.979147","6.1","2021-08-28",,,"0.63",",,N",,,,
"US1LAAS0019","30.276934","-90.979147","6.1","2021-08-29",,,"0.10",",,N",,,,
"US1LAAS0019","30.276934","-90.979147","6.1","2021-08-30",,,"3.27",",,N",,,,
"US1LAAS0019","30.276934","-90.979147","6.1","2021-09-04",,,"0.00",",,N","0.0",",,N",,
"US1LAAS0019","30.276934","-90.979147","6.1","2021-09-05",,,"0.23",",,N",,,,
"US1LAAS0019","30.276934","-90.979147","6.1","2021-09-06",,,"0.00",",,N","0.0",",,N",,
"US1LAAS0019","30.276934","-90.979147","6.1","2021-09-07",,,"0.00",",,N","0.0",",,N",,
"US1LAAS0019","30.276934","-90.979147","6.1","2021-09-08",,,"0.51",",,N",,,,
"US1LAAS0019","30.276934","-90.979147","6.1","2021-09-09",,,"0.00",",,N","0.0",",,N",,
"US1LAAS0019","30.276934","-90.979147","6.1","2021-09-10",,,"0.00",",,N","0.0",",,N",,
"US1LAAS0019","30.276934","-90.979147","6.1","2021-09-11",,,"0.00",",,N","0.0",",,N",,
"US1LAAS0019","30.276934","-90.979147","6.1","2021-09-12",,,"0.00",",,N","0.0",",,N",,
"US1LAAS0019","30.276934","-90.979147","6.1","2021-09-13",,,"0.00",",,N","0.0",",,N",,
"US1LAAS0019","30.276934","-90.979147","6.1","2021-09-14",,,"0.00",",,N","0.0",",,N",,
"US1LAAS0019","30.276934","-90.979147","6.1","2021-09-15",,,"4.93",",,N",,,,
"US1LAAS0019","30.276934","-90.979147","6.1","2021-09-16",,,"0.53",",,N",,,,
"US1LAAS0019","30.276934","-90.979147","6.1","2021-09-17",,,"0.00",",,N","0.0",",,N",,
"US1LAAS0019","30.276934","-90.979147","6.1","2021-09-18",,,"0.25",",,N",,,,
"US1LAAS0019","30.276934","-90.979147","6.1","2021-09-19",,,"0.85",",,N",,,,
"US1LAAS0019","30.276934","-90.979147","6.1","2021-09-21",,,"0.00",",,N","0.0",",,N",,
"US1LAAS0019","30.276934","-90.979147","6.1","2021-09-22",,,"0.12",",,N",,,,
"US1LAAS0019","30.276934","-90.979147","6.1","2021-09-23",,,"0.00",",,N","0.0",",,N",,
"US1LAAS0019","30.276934","-90.979147","6.1","2021-09-24",,,"0.00",",,N","0.0",",,N",,
"US1LAAS0019","30.276934","-90.979147","6.1","2021-09-25",,,"0.00",",,N","0.0",",,N",,
"US1LAAS0019","30.276934","-90.979147","6.1","2021-09-26",,,"0.00",",,N","0.0",",,N",,
"US1LAAS0019","30.276934","-90.979147","6.1","2021-09-27",,,"0.00",",,N","0.0",",,N",,
"US1LAAS0019","30.276934","-90.979147","6.1","2021-09-28",,,"0.08",",,N",,,,
"US1LAAS0019","30.276934","-90.979147","6.1","2021-09-29",,,"0.34",",,N",,,,
"US1LAAS0019","30.276934","-90.979147","6.1","2021-09-30",,,"3.47",",,N",,,,
"US1LAAS0019","30.276934","-90.979147","6.1","2021-10-01",,,"0.94",",,N",,,,
"US1LAAS0019","30.276934","-90.979147","6.1","2021-10-02",,,"0.09",",,N",,,,
"US1LAAS0019","30.276934","-90.979147","6.1","2021-10-03",,,"0.55",",,N",,,,
"US1LAAS0019","30.276934","-90.979147","6.1","2021-10-04",,,"0.76",",,N",,,,
"US1LAAS0019","30.276934","-90.979147","6.1","2021-10-05",,,"0.00",",,N","0.0",",,N",,
"US1LAAS0019","30.276934","-90.979147","6.1","2021-10-06",,,"0.00",",,N","0.0",",,N",,
"US1LAAS0019","30.276934","-90.979147","6.1","2021-10-07",,,"0.00",",,N","0.0",",,N",,
"US1LAAS0019","30.276934","-90.979147","6.1","2021-10-08",,,"0.00",",,N","0.0",",,N",,
"US1LAAS0019","30.276934","-90.979147","6.1","2021-10-09",,,"0.00",",,N","0.0",",,N",,
"US1LAAS0019","30.276934","-90.979147","6.1","2021-10-10",,,"0.00",",,N","0.0",",,N",,
"US1LAAS0019","30.276934","-90.979147","6.1","2021-10-11",,,"0.00",",,N","0.0",",,N",,
"US1LAAS0019","30.276934","-90.979147","6.1","2021-10-12",,,"0.00",",,N","0.0",",,N",,
"US1LAAS0019","30.276934","-90.979147","6.1","2021-10-13",,,"0.00",",,N","0.0",",,N",,
"US1LAAS0019","30.276934","-90.979147","6.1","2021-10-14",,,"0.00",",,N","0.0",",,N",,
"US1LAAS0019","30.276934","-90.979147","6.1","2021-10-15",,,"0.00",",,N","0.0",",,N",,
"US1LAAS0019","30.276934","-90.979147","6.1","2021-10-16",,,"0.00",",,N","0.0",",,N",,
"US1LAAS0019","30.276934","-90.979147","6.1","2021-10-17",,,"0.00",",,N","0.0",",,N",,
"US1LAAS0019","30.276934","-90.979147","6.1","2021-10-18",,,"0.00",",,N","0.0",",,N",,
"US1LAAS0019","30.276934","-90.979147","6.1","2021-10-19",,,"0.00",",,N","0.0",",,N",,
"US1LAAS0019","30.276934","-90.979147","6.1","2021-10-20",,,"0.00",",,N","0.0",",,N",,
"US1LAAS0019","30.276934","-90.979147","6.1","2021-10-21",,,"1.09",",,N",,,,
"US1LAAS0019","30.276934","-90.979147","6.1","2021-10-22",,,"0.00",",,N","0.0",",,N",,
"US1LAAS0019","30.276934","-90.979147","6.1","2021-10-23",,,"0.00",",,N","0.0",",,N",,
"US1LAAS0019","30.276934","-90.979147","6.1","2021-10-24",,,"0.00",",,N","0.0",",,N",,
"US1LAAS0019","30.276934","-90.979147","6.1","2021-10-25",,,"0.51",",,N",,,,
"US1LAAS0019","30.276934","-90.979147","6.1","2021-10-26",,,"0.00",",,N","0.0",",,N",,
"US1LAAS0019","30.276934","-90.979147","6.1","2021-10-27",,,"0.00",",,N","0.0",",,N",,
"US1LAAS0019","30.276934","-90.979147","6.1","2021-10-28",,,"1.47",",,N",,,,
"US1LAAS0019","30.276934","-90.979147","6.1","2021-10-29",,,"0.00",",,N","0.0",",,N",,
"US1LAAS0019","30.276934","-90.979147","6.1","2021-10-30",,,"0.00",",,N","0.0",",,N",,
"US1LAAS0019","30.276934","-90.979147","6.1","2021-10-31",,,"0.00",",,N","0.0",",,N",,
"US1LAAS0019","30.276934","-90.979147","6.1","2021-11-01",,,"0.00",",,N","0.0",",,N",,
"US1LAAS0019","30.276934","-90.979147","6.1","2021-11-02",,,"0.00",",,N","0.0",",,N",,
"US1LAAS0019","30.276934","-90.979147","6.1","2021-11-03",,,"0.00",",,N","0.0",",,N",,
"US1LAAS0019","30.276934","-90.979147","6.1","2021-11-04",,,"0.00",",,N","0.0",",,N",,
"US1LAAS0019","30.276934","-90.979147","6.1","2021-11-05",,,"0.00",",,N","0.0",",,N",,
"US1LAAS0019","30.276934","-90.979147","6.1","2021-11-06",,,"0.00",",,N","0.0",",,N",,
"US1LAAS0019","30.276934","-90.979147","6.1","2021-11-07",,,"0.00",",,N","0.0",",,N",,
"US1LAAS0019","30.276934","-90.979147","6.1","2021-11-08",,,"0.00",",,N","0.0",",,N",,
"US1LAAS0019","30.276934","-90.979147","6.1","2021-11-09",,,"0.00",",,N","0.0",",,N",,
"US1LAAS0019","30.276934","-90.979147","6.1","2021-11-10",,,"0.00",",,N","0.0",",,N",,
"US1LAAS0019","30.276934","-90.979147","6.1","2021-11-11",,,"0.00",",,N","0.0",",,N",,
"US1LAAS0019","30.276934","-90.979147","6.1","2021-11-12",,,"0.15",",,N",,,,
"US1LAAS0019","30.276934","-90.979147","6.1","2021-11-13",,,"0.00",",,N","0.0",",,N",,
"US1LAAS0019","30.276934","-90.979147","6.1","2021-11-14",,,"0.00",",,N","0.0",",,N",,
"US1LAAS0019","30.276934","-90.979147","6.1","2021-11-15",,,"0.00",",,N","0.0",",,N",,
"US1LAAS0019","30.276934","-90.979147","6.1","2021-11-16",,,"0.00",",,N","0.0",",,N",,
"US1LAAS0019","30.276934","-90.979147","6.1","2021-11-17",,,"0.00",",,N","0.0",",,N",,
"US1LAAS0019","30.276934","-90.979147","6.1","2021-11-18",,,"0.04",",,N",,,,
"US1LAAS0019","30.276934","-90.979147","6.1","2021-11-19",,,"0.00",",,N","0.0",",,N",,
"US1LAAS0019","30.276934","-90.979147","6.1","2021-11-20",,,"0.00",",,N","0.0",",,N",,
"US1LAAS0019","30.276934","-90.979147","6.1","2021-11-21",,,"0.00",",,N","0.0",",,N",,
"US1LAAS0019","30.276934","-90.979147","6.1","2021-11-22",,,"0.38",",,N",,,,
"US1LAAS0019","30.276934","-90.979147","6.1","2021-11-23",,,"0.00",",,N","0.0",",,N",,
"US1LAAS0019","30.276934","-90.979147","6.1","2021-11-24",,,"0.00",",,N","0.0",",,N",,
"US1LAAS0019","30.276934","-90.979147","6.1","2021-11-25",,,"0.00",",,N","0.0",",,N",,
"US1LAAS0019","30.276934","-90.979147","6.1","2021-11-26",,,"0.08",",,N",,,,
"US1LAAS0019","30.276934","-90.979147","6.1","2021-11-27",,,"0.00",",,N","0.0",",,N",,
"US1LAAS0019","30.276934","-90.979147","6.1","2021-11-28",,,"0.08",",,N",,,,
"USC00168831","30.2383","-93.3447","3.0","2021-08-01",,,"0.50",",,7,2400",,,,
"USC00168831","30.2383","-93.3447","3.0","2021-08-02",,,"1.75",",,7,2400",,,,
"USC00168831","30.2383","-93.3447","3.0","2021-08-03",,,"1.05",",,7,2400",,,,
"USC00168831","30.2383","-93.3447","3.0","2021-08-04",,,"0.00",",,7,2400",,,,
"USC00168831","30.2383","-93.3447","3.0","2021-08-05",,,"0.00",",,7,2400",,,,
"USC00168831","30.2383","-93.3447","3.0","2021-08-06",,,"0.00",",,7,2400",,,,
"USC00168831","30.2383","-93.3447","3.0","2021-08-07",,,"0.02",",,7,2400",,,,
"USC00168831","30.2383","-93.3447","3.0","2021-08-08",,,"0.00",",,7,2400",,,,
"USC00168831","30.2383","-93.3447","3.0","2021-08-09",,,"0.25",",,7,2400",,,,
"USC00168831","30.2383","-93.3447","3.0","2021-08-10",,,"0.00",",,7,2400",,,,
"USC00168831","30.2383","-93.3447","3.0","2021-08-11",,,"0.05",",,7,2400",,,,
"USC00168831","30.2383","-93.3447","3.0","2021-08-12",,,"0.05",",,7,2400",,,,
"USC00168831","30.2383","-93.3447","3.0","2021-08-13",,,"0.09",",,7,2400",,,,
"USC00168831","30.2383","-93.3447","3.0","2021-08-14",,,"0.25",",,7,2400",,,,
"USC00168831","30.2383","-93.3447","3.0","2021-08-15",,,"0.25",",,7,2400",,,,
"USC00168831","30.2383","-93.3447","3.0","2021-08-16",,,"0.00",",,7,2400",,,,
"USC00168831","30.2383","-93.3447","3.0","2021-08-17",,,"0.00",",,7,2400",,,,
"USC00168831","30.2383","-93.3447","3.0","2021-08-18",,,"0.00",",,7,2400",,,,
"USC00168831","30.2383","-93.3447","3.0","2021-08-19",,,"0.10",",,7,2400",,,,
"USC00168831","30.2383","-93.3447","3.0","2021-08-20",,,"0.00",",,7,2400",,,,
"USC00168831","30.2383","-93.3447","3.0","2021-08-21",,,"0.00",",,7,2400",,,,
"USC00168831","30.2383","-93.3447","3.0","2021-08-22",,,"0.00",",,7,2400",,,,
"USC00168831","30.2383","-93.3447","3.0","2021-08-23",,,"0.00",",,7,2400",,,,
"USC00168831","30.2383","-93.3447","3.0","2021-08-24",,,"2.00",",,7,2400",,,,
"USC00168831","30.2383","-93.3447","3.0","2021-08-25",,,"0.00",",,7,2400",,,,
"USC00168831","30.2383","-93.3447","3.0","2021-08-26",,,"0.12",",,7,2400",,,,
"USC00168831","30.2383","-93.3447","3.0","2021-08-27",,,"0.00",",,7,2400",,,,
"USC00168831","30.2383","-93.3447","3.0","2021-08-28",,,"0.00",",,7,2400",,,,
"USC00168831","30.2383","-93.3447","3.0","2021-08-29",,,"0.00",",,7,2400",,,,
"USC00168831","30.2383","-93.3447","3.0","2021-08-30",,,"0.00",",,7,2400",,,,
"USC00168831","30.2383","-93.3447","3.0","2021-08-31",,,"0.85",",,7,2400",,,,
"USC00168831","30.2383","-93.3447","3.0","2021-09-01",,,"0.01",",,7,2400",,,,
"USC00168831","30.2383","-93.3447","3.0","2021-09-02",,,"0.43",",,7,2400",,,,
"USC00168831","30.2383","-93.3447","3.0","2021-09-03",,,"0.00",",,7,2400",,,,
"USC00168831","30.2383","-93.3447","3.0","2021-09-04",,,"0.00",",,7,2400",,,,
"USC00168831","30.2383","-93.3447","3.0","2021-09-05",,,"0.00",",,7,2400",,,,
"USC00168831","30.2383","-93.3447","3.0","2021-09-06",,,"0.60",",,7,2400",,,,
"USC00168831","30.2383","-93.3447","3.0","2021-09-07",,,"0.00",",,7,2400",,,,
"USC00168831","30.2383","-93.3447","3.0","2021-09-08",,,"0.00",",,7,2400",,,,
"USC00168831","30.2383","-93.3447","3.0","2021-09-09",,,"0.00",",,7,2400",,,,
"USC00168831","30.2383","-93.3447","3.0","2021-09-10",,,"0.00",",,7,2400",,,,
"USC00168831","30.2383","-93.3447","3.0","2021-09-11",,,"0.00",",,7,2400",,,,
"USC00168831","30.2383","-93.3447","3.0","2021-09-12",,,"0.03",",,7,2400",,,,
"USC00168831","30.2383","-93.3447","3.0","2021-09-13",,,"1.60",",,7,2400",,,,
"USC00168831","30.2383","-93.3447","3.0","2021-09-14",,,"2.50",",,7,2400",,,,
"USC00168831","30.2383","-93.3447","3.0","2021-09-15",,,"0.02",",,7,2400",,,,
"USC00168831","30.2383","-93.3447","3.0","2021-09-16",,,"0.00",",,7,2400",,,,
"USC00168831","30.2383","-93.3447","3.0","2021-09-17",,,"0.01",",,7,2400",,,,
"USC00168831","30.2383","-93.3447","3.0","2021-09-18",,,"0.45",",,7,2400",,,,
"USC00168831","30.2383","-93.3447","3.0","2021-09-19",,,"0.20",",,7,2400",,,,
"USC00168831","30.2383","-93.3447","3.0","2021-09-20",,,"0.00",",,7,2400",,,,
"USC00168831","30.2383","-93.3447","3.0","2021-09-21",,,"0.00",",,7,2400",,,,
"USC00168831","30.2383","-93.3447","3.0","2021-09-22",,,"0.00",",,7,2400",,,,
"USC00168831","30.2383","-93.3447","3.0","2021-09-23",,,"0.00",",,7,2400",,,,
"USC00168831","30.2383","-93.3447","3.0","2021-09-24",,,"0.00",",,7,2400",,,,
"USC00168831","30.2383","-93.3447","3.0","2021-09-25",,,"0.00",",,7,2400",,,,
"USC00168831","30.2383","-93.3447","3.0","2021-09-26",,,"0.00",",,7,2400",,,,
"USC00168831","30.2383","-93.3447","3.0","2021-09-27",,,"0.00",",,7,2400",,,,
"USC00168831","30.2383","-93.3447","3.0","2021-09-28",,,"3.20",",,7,2400",,,,
"USC00168831","30.2383","-93.3447","3.0","2021-09-29",,,"0.25",",,7,2400",,,,
"USC00168831","30.2383","-93.3447","3.0","2021-09-30",,,"0.08",",,7,2400",,,,
"USC00168831","30.2383","-93.3447","3.0","2021-10-01",,,"0.40",",,7,2400",,,,
"USC00168831","30.2383","-93.3447","3.0","2021-10-02",,,"0.00",",,7,2400",,,,
"USC00168831","30.2383","-93.3447","3.0","2021-10-03",,,"0.00",",,7,2400",,,,
"USC00168831","30.2383","-93.3447","3.0","2021-10-04",,,"0.00",",,7,2400",,,,
"USC00168831","30.2383","-93.3447","3.0","2021-10-05",,,"0.00",",,7,2400",,,,
"USC00168831","30.2383","-93.3447","3.0","2021-10-06",,,"0.00",",,7,2400",,,,
"USC00168831","30.2383","-93.3447","3.0","2021-10-07",,,"0.00",",,7,2400",,,,
"USC00168831","30.2383","-93.3447","3.0","2021-10-08",,,"0.00",",,7,2400",,,,
"USC00168831","30.2383","-93.3447","3.0","2021-10-09",,,"0.00",",,7,2400",,,,
"USC00168831","30.2383","-93.3447","3.0","2021-10-10",,,"0.00",",,7,2400",,,,
"USC00168831","30.2383","-93.3447","3.0","2021-10-11",,,"0.08",",,7,2400",,,,
"USC00168831","30.2383","-93.3447","3.0","2021-10-12",,,"0.00",",,7,2400",,,,
"USC00168831","30.2383","-93.3447","3.0","2021-10-13",,,"0.00",",,7,2400",,,,
"USC00168831","30.2383","-93.3447","3.0","2021-10-14",,,"0.00",",,7,2400",,,,
"USC00168831","30.2383","-93.3447","3.0","2021-10-15",,,"0.00",",,7,2400",,,,
"USC00168831","30.2383","-93.3447","3.0","2021-10-16",,,"0.00",",,7,2400",,,,
"USC00168831","30.2383","-93.3447","3.0","2021-10-17",,,"0.00",",,7,2400",,,,
"USC00168831","30.2383","-93.3447","3.0","2021-10-18",,,"0.14",",,7,2400",,,,
"USC00168831","30.2383","-93.3447","3.0","2021-10-19",,,"0.00",",,7,2400",,,,
"USC00168831","30.2383","-93.3447","3.0","2021-10-20",,,"0.00",",,7,2400",,,,
"USC00168831","30.2383","-93.3447","3.0","2021-10-21",,,"0.00",",,7,2400",,,,
"USC00168831","30.2383","-93.3447","3.0","2021-10-22",,,"0.00",",,7,2400",,,,
"USC00168831","30.2383","-93.3447","3.0","2021-10-23",,,"0.30",",,7,2400",,,,
"USC00168831","30.2383","-93.3447","3.0","2021-10-24",,,"0.00",",,7,2400",,,,
"USC00168831","30.2383","-93.3447","3.0","2021-10-25",,,"0.00",",,7,2400",,,,
"USC00168831","30.2383","-93.3447","3.0","2021-10-26",,,"1.25",",,7,2400",,,,
"USC00168831","30.2383","-93.3447","3.0","2021-10-27",,,"0.00",",,7,2400",,,,
"USC00168831","30.2383","-93.3447","3.0","2021-10-28",,,"0.00",",,7,2400",,,,
"USC00168831","30.2383","-93.3447","3.0","2021-10-29",,,"0.00",",,7,2400",,,,
"USC00168831","30.2383","-93.3447","3.0","2021-10-30",,,"0.00",",,7,2400",,,,
"USC00168831","30.2383","-93.3447","3.0","2021-10-31",,,"0.00",",,7,2400",,,,
"US1MEWL0024","44.483743","-69.006467","63.1","2021-08-02",,,"0.02",",,N",,,,
"US1MEWL0024","44.483743","-69.006467","63.1","2021-08-03",,,"0.06",",,N",,,,
"US1MEWL0024","44.483743","-69.006467","63.1","2021-08-05",,,"0.18",",,N",,,,
"US1MEWL0024","44.483743","-69.006467","63.1","2021-08-10",,,"0.02",",,N",,,,
"US1MEWL0024","44.483743","-69.006467","63.1","2021-08-11",,,"0.02",",,N",,,,
"US1MEWL0024","44.483743","-69.006467","63.1","2021-08-12",,,"0.02",",,N",,,,
"US1MEWL0024","44.483743","-69.006467","63.1","2021-08-15",,,"0.39",",,N",,,,
"US1MEWL0024","44.483743","-69.006467","63.1","2021-08-18",,,"0.03",",,N",,,,
"US1MEWL0024","44.483743","-69.006467","63.1","2021-08-19",,,"0.11",",,N",,,,
"US1MEWL0024","44.483743","-69.006467","63.1","2021-08-20",,,"0.36",",,N",,,,
"US1MEWL0024","44.483743","-69.006467","63.1","2021-08-23",,,"0.58",",,N",,,,
"US1MEWL0024","44.483743","-69.006467","63.1","2021-08-24",,,"0.33",",,N",,,,
"US1MEWL0024","44.483743","-69.006467","63.1","2021-08-29",,,"0.11",",,N",,,,
"US1MEWL0024","44.483743","-69.006467","63.1","2021-09-02",,,"1.03",",,N",,,,
"US1MEWL0024","44.483743","-69.006467","63.1","2021-09-04",,,"0.27",",,N",,,,
"US1MEWL0024","44.483743","-69.006467","63.1","2021-09-05",,,"0.02",",,N",,,,
"US1MEWL0024","44.483743","-69.006467","63.1","2021-09-06",,,"0.08",",,N",,,,
"US1MEWL0024","44.483743","-69.006467","63.1","2021-09-07",,,"0.12",",,N",,,,
"US1MEWL0024","44.483743","-69.006467","63.1","2021-09-10",,,"2.05",",,N",,,,
"US1MEWL0024","44.483743","-69.006467","63.1","2021-09-11",,,"0.51",",,N",,,,
"US1MEWL0024","44.483743","-69.006467","63.1","2021-09-13",,,"0.03",",,N",,,,
"US1MEWL0024","44.483743","-69.006467","63.1","2021-09-16",,,"0.16",",,N",,,,
"US1MEWL0024","44.483743","-69.006467","63.1","2021-09-18",,,"0.02",",,N",,,,
"US1MEWL0024","44.483743","-69.006467","63.1","2021-09-20",,,"0.00","T,,N",,,,
"US1MEWL0024","44.483743","-69.006467","63.1","2021-09-22",,,"0.03",",,N",,,,
"US1MEWL0024","44.483743","-69.006467","63.1","2021-09-25",,,"1.92",",,N",,,,
"US1MEWL0024","44.483743","-69.006467","63.1","2021-09-27",,,"1.90",",,N",,,,
"US1MEWL0024","44.483743","-69.006467","63.1","2021-09-28",,,"0.02",",,N",,,,
"US1MEWL0024","44.483743","-69.006467","63.1","2021-10-01",,,"0.13",",,N",,,,
"US1MEWL0024","44.483743","-69.006467","63.1","2021-10-03",,,"0.00","T,,N",,,,
"US1MEWL0024","44.483743","-69.006467","63.1","2021-10-04",,,"0.00","T,,N",,,,
"US1MEWL0024","44.483743","-69.006467","63.1","2021-10-16",,,"0.16",",,N",,,,
"US1MEWL0024","44.483743","-69.006467","63.1","2021-10-17",,,"0.94",",,N",,,,
"US1MEWL0024","44.483743","-69.006467","63.1","2021-10-18",,,"0.14",",,N",,,,
"US1MEWL0024","44.483743","-69.006467","63.1","2021-10-20",,,"0.07",",,N",,,,
"US1MEWL0024","44.483743","-69.006467","63.1","2021-10-21",,,"0.02",",,N",,,,
"US1MEWL0024","44.483743","-69.006467","63.1","2021-10-22",,,"0.04",",,N",,,,
"US1MEWL0024","44.483743","-69.006467","63.1","2021-10-26",,,"0.15",",,N",,,,
"US1MEWL0024","44.483743","-69.006467","63.1","2021-10-27",,,"0.14",",,N",,,,
"US1MEWL0024","44.483743","-69.006467","63.1","2021-10-28",,,"0.17",",,N",,,,
"US1MEWL0024","44.483743","-69.006467","63.1","2021-10-31",,,"4.70",",,N",,,,
"US1MEWL0024","44.483743","-69.006467","63.1","2021-11-01",,,"0.11",",,N",,,,
"US1MEWL0024","44.483743","-69.006467","63.1","2021-11-03",,,"0.02",",,N",,,,
"US1MEWL0024","44.483743","-69.006467","63.1","2021-11-10",,,"0.09",",,N",,,,
"US1MEWL0024","44.483743","-69.006467","63.1","2021-11-11",,,"0.25",",,N",,,,
"US1MEWL0024","44.483743","-69.006467","63.1","2021-11-13",,,"2.06",",,N",,,,
"US1MEWL0024","44.483743","-69.006467","63.1","2021-11-15",,,"0.51",",,N",,,,
"US1MEWL0024","44.483743","-69.006467","63.1","2021-11-16",,,"0.03",",,N",,,,
"US1MEWL0024","44.483743","-69.006467","63.1","2021-11-18",,,"0.15",",,N",,,,
"US1MEWL0024","44.483743","-69.006467","63.1","2021-11-19",,,"0.22",",,N",,,,
"US1MEWL0024","44.483743","-69.006467","63.1","2021-11-22",,,"1.34",",,N",,,,
"US1MEWL0024","44.483743","-69.006467","63.1","2021-11-23",,,"0.40",",,N",,,,
"US1MEWL0024","44.483743","-69.006467","63.1","2021-11-27",,,"0.05",",,N","2.0",",,N",,
"USC00164355","32.81","-93.0626","65.5","2021-08-01",,,"0.00",",,7,0700","0.0",",,7",,
"USC00164355","32.81","-93.0626","65.5","2021-08-02",,,"0.50",",,7,0700","0.0",",,7",,
"USC00164355","32.81","-93.0626","65.5","2021-08-03",,,"0.13",",,7,0700","0.0",",,7",,
"USC00164355","32.81","-93.0626","65.5","2021-08-04",,,"0.00",",,7,0700","0.0",",,7",,
"USC00164355","32.81","-93.0626","65.5","2021-08-05",,,"0.00",",,7,0700","0.0",",,7",,
"USC00164355","32.81","-93.0626","65.5","2021-08-06",,,"0.00",",,7,0700","0.0",",,7",,
"USC00164355","32.81","-93.0626","65.5","2021-08-07",,,"0.00",",,7,0700","0.0",",,7",,
"USC00164355","32.81","-93.0626","65.5","2021-08-08",,,"0.00",",,7,0700","0.0",",,7",,
"USC00164355","32.81","-93.0626","65.5","2021-08-09",,,"0.00",",,7,0700","0.0",",,7",,
"USC00164355","32.81","-93.0626","65.5","2021-08-10",,,"0.00",",,7,0700","0.0",",,7",,
"USC00164355","32.81","-93.0626","65.5","2021-08-11",,,"0.00",",,7,0700","0.0",",,7",,
"USC00164355","32.81","-93.0626","65.5","2021-08-12",,,"0.00",",,7,0700","0.0",",,7",,
"USC00164355","32.81","-93.0626","65.5","2021-08-13",,,"0.00",",,7,0700","0.0",",,7",,
"USC00164355","32.81","-93.0626","65.5","2021-08-14",,,"0.03",",,7,0700","0.0",",,7",,
"USC00164355","32.81","-93.0626","65.5","2021-08-15",,,"0.04",",,7,0700","0.0",",,7",,
"USC00164355","32.81","-93.0626","65.5","2021-08-16",,,"0.02",",,7,0700","0.0",",,7",,
"USC00164355","32.81","-93.0626","65.5","2021-08-17",,,"0.00",",,7,0700","0.0",",,7",,
"USC00164355","32.81","-93.0626","65.5","2021-08-18",,,"0.69",",,7,0700","0.0",",,7",,
"USC00164355","32.81","-93.0626","65.5","2021-08-19",,,"0.30",",,7,0700","0.0",",,7",,
"USC00164355","32.81","-93.0626","65.5","2021-08-20",,,"1.01",",,7,0700","0.0",",,7",,
"USC00164355","32.81","-93.0626","65.5","2021-08-21",,,"0.00",",,7,0700","0.0",",,7",,
"USC00164355","32.81","-93.0626","65.5","2021-08-22",,,"0.00",",,7,0700","0.0",",,7",,
"USC00164355","32.81","-93.0626","65.5","2021-08-23",,,"0.00",",,7,0700","0.0",",,7",,
"USC00164355","32.81","-93.0626","65.5","2021-08-24",,,"0.00",",,7,0700","0.0",",,7",,
"USC00164355","32.81","-93.0626","65.5","2021-08-25",,,"0.00",",,7,0700","0.0",",,7",,
"USC00164355","32.81","-93.0626","65.5","2021-08-26",,,"0.00",",,7,0700","0.0",",,7",,
"USC00164355","32.81","-93.0626","65.5","2021-08-27",,,"0.00",",,7,0700","0.0",",,7",,
"USC00164355","32.81","-93.0626","65.5","2021-08-28",,,"0.00",",,7,0700","0.0",",,7",,
"USC00164355","32.81","-93.0626","65.5","2021-08-29",,,"0.51",",,7,0700","0.0",",,7",,
"USC00164355","32.81","-93.0626","65.5","2021-08-30",,,"0.08",",,7,0700","0.0",",,7",,
"USC00164355","32.81","-93.0626","65.5","2021-08-31",,,"0.00","T,,7,0700","0.0",",,7",,
"USC00164355","32.81","-93.0626","65.5","2021-09-01",,,"0.00",",,7,0700","0.0",",,7",,
"USC00164355","32.81","-93.0626","65.5","2021-09-02",,,"0.02",",,7,0700","0.0",",,7",,
"USC00164355","32.81","-93.0626","65.5","2021-09-03",,,"0.00",",,7,0700","0.0",",,7",,
"USC00164355","32.81","-93.0626","65.5","2021-09-04",,,"0.00",",,7,0700","0.0",",,7",,
"USC00164355","32.81","-93.0626","65.5","2021-09-05",,,"0.00",",,7,0700","0.0",",,7",,
"USC00164355","32.81","-93.0626","65.5","2021-09-06",,,"0.00",",,7,0700","0.0",",,7",,
"USC00164355","32.81","-93.0626","65.5","2021-09-07",,,"0.00",",,7,0700","0.0",",,7",,
"USC00164355","32.81","-93.0626","65.5","2021-09-08",,,"0.00",",,7,0700","0.0",",,7",,
"USC00164355","32.81","-93.0626","65.5","2021-09-09",,,"0.00",",,7,0700","0.0",",,7",,
"USC00164355","32.81","-93.0626","65.5","2021-09-10",,,"0.00",",,7,0700","0.0",",,7",,
"USC00164355","32.81","-93.0626","65.5","2021-09-11",,,"0.00",",,7,0700","0.0",",,7",,
"USC00164355","32.81","-93.0626","65.5","2021-09-12",,,"0.00",",,7,0700","0.0",",,7",,
"USC00164355","32.81","-93.0626","65.5","2021-09-13",,,"0.00",",,7,0700","0.0",",,7",,
"USC00164355","32.81","-93.0626","65.5","2021-09-14",,,"0.00",",,7,0700","0.0",",,7",,
"USC00164355","32.81","-93.0626","65.5","2021-09-15",,,"0.00",",,7,0700","0.0",",,7",,
"USC00164355","32.81","-93.0626","65.5","2021-09-16",,,"0.00",",,7,0700","0.0",",,7",,
"USC00164355","32.81","-93.0626","65.5","2021-09-17",,,"0.00",",,7,0700","0.0",",,7",,
"USC00164355","32.81","-93.0626","65.5","2021-09-18",,,"0.02",",,7,0700","0.0",",,7",,
"USC00164355","32.81","-93.0626","65.5","2021-09-19",,,"0.04",",,7,0700","0.0",",,7",,
"USC00164355","32.81","-93.0626","65.5","2021-09-20",,,"0.00",",,7,0700","0.0",",,7",,
"USC00164355","32.81","-93.0626","65.5","2021-09-21",,,"0.00",",,7,0700","0.0",",,7",,
"USC00164355","32.81","-93.0626","65.5","2021-09-22",,,"0.80",",,7,0700","0.0",",,7",,
"USC00164355","32.81","-93.0626","65.5","2021-09-23",,,"0.00",",,7,0700","0.0",",,7",,
"USC00164355","32.81","-93.0626","65.5","2021-09-24",,,"0.00",",,7,0700","0.0",",,7",,
"USC00164355","32.81","-93.0626","65.5","2021-09-25",,,"0.00",",,7,0700","0.0",",,7",,
"USC00164355","32.81","-93.0626","65.5","2021-09-26",,,"0.00",",,7,0700","0.0",",,7",,
"USC00164355","32.81","-93.0626","65.5","2021-09-27",,,"0.00",",,7,0700","0.0",",,7",,
"USC00164355","32.81","-93.0626","65.5","2021-09-28",,,"0.00",",,7,0700","0.0",",,7",,
"USC00164355","32.81","-93.0626","65.5","2021-09-29",,,"0.59",",,7,0700","0.0",",,7",,
"USC00164355","32.81","-93.0626","65.5","2021-09-30",,,"0.00",",,7,0700","0.0",",,7",,
"USC00164355","32.81","-93.0626","65.5","2021-10-01",,,"0.51",",,7,0700","0.0",",,7",,
"USC00164355","32.81","-93.0626","65.5","2021-10-02",,,"0.89",",,7,0700","0.0",",,7",,
"USC00164355","32.81","-93.0626","65.5","2021-10-03",,,"0.48",",,7,0700","0.0",",,7",,
"USC00164355","32.81","-93.0626","65.5","2021-10-04",,,"0.00",",,7,0700","0.0",",,7",,
"USC00164355","32.81","-93.0626","65.5","2021-10-05",,,"0.00",",,7,0700","0.0",",,7",,
"USC00164355","32.81","-93.0626","65.5","2021-10-06",,,"0.00",",,7,0700","0.0",",,7",,
"USC00164355","32.81","-93.0626","65.5","2021-10-07",,,"0.00",",,7,0700","0.0",",,7",,
"USC00164355","32.81","-93.0626","65.5","2021-10-08",,,"0.00",",,7,0700","0.0",",,7",,
"USC00164355","32.81","-93.0626","65.5","2021-10-09",,,"0.00",",,7,0700","0.0",",,7",,
"USC00164355","32.81","-93.0626","65.5","2021-10-10",,,"0.00",",,7,0700","0.0",",,7",,
"USC00164355","32.81","-93.0626","65.5","2021-10-11",,,"0.05",",,7,0700","0.0",",,7",,
"USC00164355","32.81","-93.0626","65.5","2021-10-12",,,"0.00",",,7,0700","0.0",",,7",,
"USC00164355","32.81","-93.0626","65.5","2021-10-13",,,"0.18",",,7,0700","0.0",",,7",,
"USC00164355","32.81","-93.0626","65.5","2021-10-14",,,"0.00",",,7,0700","0.0",",,7",,
"USC00164355","32.81","-93.0626","65.5","2021-10-15",,,"0.01",",,7,0700","0.0",",,7",,
"USC00164355","32.81","-93.0626","65.5","2021-10-16",,,"0.00","T,,7,0700","0.0",",,7",,
"USC00164355","32.81","-93.0626","65.5","2021-10-17",,,"0.00",",,7,0700","0.0",",,7",,
"USC00164355","32.81","-93.0626","65.5","2021-10-18",,,"0.00",",,7,0700","0.0",",,7",,
"USC00164355","32.81","-93.0626","65.5","2021-10-19",,,"0.00",",,7,0700","0.0",",,7",,
"USC00164355","32.81","-93.0626","65.5","2021-10-20",,,"0.00",",,7,0700","0.0",",,7",,
"USC00164355","32.81","-93.0626","65.5","2021-10-21",,,"0.00",",,7,0700","0.0",",,7",,
"USC00164355","32.81","-93.0626","65.5","2021-10-22",,,"0.00",",,7,0700","0.0",",,7",,
"USC00164355","32.81","-93.0626","65.5","2021-10-23",,,"0.00",",,7,0700","0.0",",,7",,
"USC00164355","32.81","-93.0626","65.5","2021-10-24",,,"0.00",",,7,0700","0.0",",,7",,
"USC00164355","32.81","-93.0626","65.5","2021-10-25",,,"0.00","T,,7,0700","0.0",",,7",,
"USC00164355","32.81","-93.0626","65.5","2021-10-26",,,"0.00",",,7,0700","0.0",",,7",,
"USC00164355","32.81","-93.0626","65.5","2021-10-27",,,"0.00",",,7,0700","0.0",",,7",,
"USC00164355","32.81","-93.0626","65.5","2021-10-28",,,"0.85",",,7,0700","0.0",",,7",,
"USC00164355","32.81","-93.0626","65.5","2021-10-29",,,"0.00","T,,7,0700","0.0",",,7",,
"USC00164355","32.81","-93.0626","65.5","2021-10-30",,,"0.00",",,7,0700","0.0",",,7",,
"USC00164355","32.81","-93.0626","65.5","2021-10-31",,,"0.00",",,7,0700","0.0",",,7",,
"USC00164355","32.81","-93.0626","65.5","2021-11-01",,,"0.00",",,N,0700","0.0",",,N",,
"USC00164355","32.81","-93.0626","65.5","2021-11-02",,,"0.00",",,N,0700","0.0",",,N",,
"USC00164355","32.81","-93.0626","65.5","2021-11-03",,,"0.30",",,N,0700",,,,
"USC00164355","32.81","-93.0626","65.5","2021-11-04",,,"0.82",",,N,0700",,,,
"USC00164355","32.81","-93.0626","65.5","2021-11-05",,,"0.00",",,N,0700","0.0",",,N",,
"USC00164355","32.81","-93.0626","65.5","2021-11-06",,,"0.00",",,N,0700","0.0",",,N",,
"USC00164355","32.81","-93.0626","65.5","2021-11-07",,,"0.00",",,N,0700","0.0",",,N",,
"USC00164355","32.81","-93.0626","65.5","2021-11-08",,,"0.00",",,N,0700","0.0",",,N",,
"USC00164355","32.81","-93.0626","65.5","2021-11-09",,,"0.00",",,N,0700","0.0",",,N",,
"USC00164355","32.81","-93.0626","65.5","2021-11-10",,,"0.00",",,N,0700","0.0",",,N",,
"USC00164355","32.81","-93.0626","65.5","2021-11-11",,,"0.73",",,N,0700",,,,
"USC00164355","32.81","-93.0626","65.5","2021-11-12",,,"0.00",",,N,0700","0.0",",,N",,
"USC00164355","32.81","-93.0626","65.5","2021-11-13",,,"0.00",",,N,0700","0.0",",,N",,
"USC00164355","32.81","-93.0626","65.5","2021-11-14",,,"0.00",",,N,0700","0.0",",,N",,
"USC00164355","32.81","-93.0626","65.5","2021-11-15",,,"0.00",",,N,0700","0.0",",,N",,
"USC00164355","32.81","-93.0626","65.5","2021-11-16",,,"0.00",",,N,0700","0.0",",,N",,
"USC00164355","32.81","-93.0626","65.5","2021-11-17",,,"0.00",",,N,0700","0.0",",,N",,
"USC00164355","32.81","-93.0626","65.5","2021-11-18",,,"0.04",",,N,0700",,,,
"USC00164355","32.81","-93.0626","65.5","2021-11-19",,,"0.00",",,N,0700","0.0",",,N",,
"USC00164355","32.81","-93.0626","65.5","2021-11-20",,,"0.00",",,N,0700","0.0",",,N",,
"USC00164355","32.81","-93.0626","65.5","2021-11-21",,,"0.00",",,N,0700","0.0",",,N",,
"USC00164355","32.81","-93.0626","65.5","2021-11-22",,,"0.11",",,N,0700","0.0",",,N",,
"USC00164355","32.81","-93.0626","65.5","2021-11-23",,,"0.00",",,N,0700","0.0",",,N",,
"USC00164355","32.81","-93.0626","65.5","2021-11-24",,,"0.00",",,N,0700","0.0",",,N",,
"USC00164355","32.81","-93.0626","65.5","2021-11-25",,,"0.43",",,N,0700",,,,
"USC00164355","32.81","-93.0626","65.5","2021-11-26",,,"0.41",",,N,0700",,,,
"USC00164355","32.81","-93.0626","65.5","2021-11-27",,,"0.00",",,N,0700","0.0",",,N",,
"USC00164355","32.81","-93.0626","65.5","2021-11-28",,,"0.16",",,N,0700",,,,
"US1MEWL0025","44.291101","-69.069971","77.7","2021-08-01",,,"0.00",",,N","0.0",",,N",,
"US1MEWL0025","44.291101","-69.069971","77.7","2021-08-02",,,"0.00",",,N","0.0",",,N",,
"US1MEWL0025","44.291101","-69.069971","77.7","2021-08-03",,,"0.00","T,,N",,,,
"US1MEWL0025","44.291101","-69.069971","77.7","2021-08-04",,,"0.00",",,N","0.0",",,N",,
"US1MEWL0025","44.291101","-69.069971","77.7","2021-08-06",,,"0.53",",,N",,,,
"US1MEWL0025","44.291101","-69.069971","77.7","2021-08-07",,,"0.00",",,N","0.0",",,N",,
"US1MEWL0025","44.291101","-69.069971","77.7","2021-08-08",,,"0.00",",,N","0.0",",,N",,
"US1MEWL0025","44.291101","-69.069971","77.7","2021-08-09",,,"0.00",",,N","0.0",",,N",,
"US1MEWL0025","44.291101","-69.069971","77.7","2021-08-10",,,"0.01",",,N",,,,
"US1MEWL0025","44.291101","-69.069971","77.7","2021-08-11",,,"0.00",",,N","0.0",",,N",,
"US1MEWL0025","44.291101","-69.069971","77.7","2021-08-12",,,"0.00","T,,N",,,,
"US1MEWL0025","44.291101","-69.069971","77.7","2021-08-13",,,"0.00",",,N","0.0",",,N",,
"US1MEWL0025","44.291101","-69.069971","77.7","2021-08-14",,,"0.00",",,N","0.0",",,N",,
"US1MEWL0025","44.291101","-69.069971","77.7","2021-08-15",,,"0.74",",,N",,,,
"US1MEWL0025","44.291101","-69.069971","77.7","2021-08-16",,,"0.00",",,N","0.0",",,N",,
"US1MEWL0025","44.291101","-69.069971","77.7","2021-08-17",,,"0.00",",,N","0.0",",,N",,
"US1MEWL0025","44.291101","-69.069971","77.7","2021-08-18",,,"0.00",",,N","0.0",",,N",,
"US1MEWL0025","44.291101","-69.069971","77.7","2021-08-19",,,"0.10",",,N",,,,
"US1MEWL0025","44.291101","-69.069971","77.7","2021-08-20",,,"0.59",",,N",,,,
"US1MEWL0025","44.291101","-69.069971","77.7","2021-08-21",,,"0.00","T,,N",,,,
"US1MEWL0025","44.291101","-69.069971","77.7","2021-08-22",,,"0.02",",,N",,,,
"US1MEWL0025","44.291101","-69.069971","77.7","2021-08-23",,,"1.52",",,N",,,,
"US1MEWL0025","44.291101","-69.069971","77.7","2021-08-25",,,"0.00",",,N","0.0",",,N",,
"US1MEWL0025","44.291101","-69.069971","77.7","2021-08-26",,,"0.00",",,N","0.0",",,N",,
"US1MEWL0025","44.291101","-69.069971","77.7","2021-08-27",,,"0.00",",,N","0.0",",,N",,
"US1MEWL0025","44.291101","-69.069971","77.7","2021-08-28",,,"0.00",",,N","0.0",",,N",,
"US1MEWL0025","44.291101","-69.069971","77.7","2021-08-29",,,"0.36",",,N",,,,
"US1MEWL0025","44.291101","-69.069971","77.7","2021-08-30",,,"0.00","T,,N",,,,
"US1MEWL0025","44.291101","-69.069971","77.7","2021-08-31",,,"0.01",",,N",,,,
"US1MEWL0025","44.291101","-69.069971","77.7","2021-09-01",,,"0.00",",,N","0.0",",,N",,
"US1MEWL0025","44.291101","-69.069971","77.7","2021-09-02",,,"0.74",",,N",,,,
"US1MEWL0025","44.291101","-69.069971","77.7","2021-09-03",,,"0.92",",,N",,,,
"US1MEWL0025","44.291101","-69.069971","77.7","2021-09-04",,,"0.18",",,N",,,,
"US1MEWL0025","44.291101","-69.069971","77.7","2021-09-05",,,"0.00",",,N","0.0",",,N",,
"US1MEWL0025","44.291101","-69.069971","77.7","2021-09-06",,,"0.04",",,N",,,,
"US1MEWL0025","44.291101","-69.069971","77.7","2021-09-07",,,"0.11",",,N",,,,
"US1MEWL0025","44.291101","-69.069971","77.7","2021-09-08",,,"0.00",",,N","0.0",",,N",,
"US1MEWL0025","44.291101","-69.069971","77.7","2021-09-09",,,"0.00",",,N","0.0",",,N",,
"US1MEWL0025","44.291101","-69.069971","77.7","2021-09-10",,,"1.82",",,N",,,,
"US1MEWL0025","44.291101","-69.069971","77.7","2021-09-11",,,"0.28",",,N",,,,
"US1MEWL0025","44.291101","-69.069971","77.7","2021-09-12",,,"0.00",",,N","0.0",",,N",,
"US1MEWL0025","44.291101","-69.069971","77.7","2021-09-13",,,"0.00","T,,N",,,,
"US1MEWL0025","44.291101","-69.069971","77.7","2021-09-14",,,"0.01",",,N",,,,
"US1MEWL0025","44.291101","-69.069971","77.7","2021-09-15",,,"0.01",",,N",,,,
"US1MEWL0025","44.291101","-69.069971","77.7","2021-09-16",,,"0.08",",,N",,,,
"US1MEWL0025","44.291101","-69.069971","77.7","2021-09-17",,,"0.00",",,N","0.0",",,N",,
"US1MEWL0025","44.291101","-69.069971","77.7","2021-09-18",,,"0.01",",,N",,,,
"US1MEWL0025","44.291101","-69.069971","77.7","2021-09-19",,,"0.11",",,N",,,,
"US1MEWL0025","44.291101","-69.069971","77.7","2021-09-20",,,"0.00",",,N","0.0",",,N",,
"US1MEWL0025","44.291101","-69.069971","77.7","2021-09-21",,,"0.00",",,N","0.0",",,N",,
"US1MEWL0025","44.291101","-69.069971","77.7","2021-09-22",,,"0.00",",,N","0.0",",,N",,
"US1MEWL0025","44.291101","-69.069971","77.7","2021-09-23",,,"0.00",",,N","0.0",",,N",,
"US1MEWL0025","44.291101","-69.069971","77.7","2021-09-24",,,"0.00",",,N","0.0",",,N",,
"US1MEWL0025","44.291101","-69.069971","77.7","2021-09-25",,,"1.42",",,N",,,,
"US1MEWL0025","44.291101","-69.069971","77.7","2021-09-26",,,"0.83",",,N",,,,
"US1MEWL0025","44.291101","-69.069971","77.7","2021-09-27",,,"1.19",",,N",,,,
"US1MEWL0025","44.291101","-69.069971","77.7","2021-09-28",,,"0.00","T,,N",,,,
"US1MEWL0025","44.291101","-69.069971","77.7","2021-09-29",,,"0.00",",,N","0.0",",,N",,
"US1MEWL0025","44.291101","-69.069971","77.7","2021-09-30",,,"0.10",",,N",,,,
"US1MEWL0025","44.291101","-69.069971","77.7","2021-10-01",,,"0.10",",,N",,,,
"US1MEWL0025","44.291101","-69.069971","77.7","2021-10-02",,,"0.00",",,N","0.0",",,N",,
"US1MEWL0025","44.291101","-69.069971","77.7","2021-10-03",,,"0.00","T,,N",,,,
"US1MEWL0025","44.291101","-69.069971","77.7","2021-10-04",,,"0.03",",,N",,,,
"US1MEWL0025","44.291101","-69.069971","77.7","2021-10-05",,,"0.00",",,N","0.0",",,N",,
"US1MEWL0025","44.291101","-69.069971","77.7","2021-10-06",,,"0.00",",,N","0.0",",,N",,
"US1MEWL0025","44.291101","-69.069971","77.7","2021-10-07",,,"0.00",",,N","0.0",",,N",,
"US1MEWL0025","44.291101","-69.069971","77.7","2021-10-08",,,"0.00",",,N","0.0",",,N",,
"US1MEWL0025","44.291101","-69.069971","77.7","2021-10-09",,,"0.00",",,N","0.0",",,N",,
"US1MEWL0025","44.291101","-69.069971","77.7","2021-10-10",,,"0.00",",,N","0.0",",,N",,
"US1MEWL0025","44.291101","-69.069971","77.7","2021-10-12",,,"0.00",",,N","0.0",",,N",,
"US1MEWL0025","44.291101","-69.069971","77.7","2021-10-13",,,"0.00",",,N","0.0",",,N",,
"US1MEWL0025","44.291101","-69.069971","77.7","2021-10-14",,,"0.00",",,N","0.0",",,N",,
"US1MEWL0025","44.291101","-69.069971","77.7","2021-10-15",,,"0.00",",,N","0.0",",,N",,
"US1MEWL0025","44.291101","-69.069971","77.7","2021-10-16",,,"0.10",",,N",,,,
"US1MEWL0025","44.291101","-69.069971","77.7","2021-10-17",,,"1.06",",,N",,,,
"US1MEWL0025","44.291101","-69.069971","77.7","2021-10-18",,,"0.21",",,N",,,,
"US1MEWL0025","44.291101","-69.069971","77.7","2021-10-19",,,"0.00",",,N","0.0",",,N",,
"US1MEWL0025","44.291101","-69.069971","77.7","2021-10-20",,,"0.05",",,N",,,,
"US1MEWL0025","44.291101","-69.069971","77.7","2021-10-21",,,"0.00",",,N","0.0",",,N",,
"US1MEWL0025","44.291101","-69.069971","77.7","2021-10-22",,,"0.04",",,N",,,,
"US1MEWL0025","44.291101","-69.069971","77.7","2021-10-23",,,"0.08",",,N",,,,
"US1MEWL0025","44.291101","-69.069971","77.7","2021-10-24",,,"0.00",",,N","0.0",",,N",,
"US1MEWL0025","44.291101","-69.069971","77.7","2021-10-25",,,"0.00",",,N","0.0",",,N",,
"US1MEWL0025","44.291101","-69.069971","77.7","2021-10-26",,,"0.17",",,N",,,,
"US1MEWL0025","44.291101","-69.069971","77.7","2021-10-27",,,"0.66",",,N",,,,
"US1MEWL0025","44.291101","-69.069971","77.7","2021-10-28",,,"0.13",",,N",,,,
"US1MEWL0025","44.291101","-69.069971","77.7","2021-10-29",,,"0.00",",,N","0.0",",,N",,
"US1MEWL0025","44.291101","-69.069971","77.7","2021-10-30",,,"0.00","T,,N",,,,
"US1MEWL0025","44.291101","-69.069971","77.7","2021-10-31",,,"5.58",",,N",,,,
"US1MEWL0025","44.291101","-69.069971","77.7","2021-11-01",,,"1.00",",,N",,,,
"US1MEWL0025","44.291101","-69.069971","77.7","2021-11-02",,,"0.00",",,N","0.0",",,N",,
"US1MEWL0025","44.291101","-69.069971","77.7","2021-11-03",,,"0.00",",,N","0.0",",,N",,
"US1MEWL0025","44.291101","-69.069971","77.7","2021-11-04",,,"0.00",",,N","0.0",",,N",,
"US1MEWL0025","44.291101","-69.069971","77.7","2021-11-05",,,"0.00",",,N","0.0",",,N",,
"US1MEWL0025","44.291101","-69.069971","77.7","2021-11-06",,,"0.00",",,N","0.0",",,N",,
"US1MEWL0025","44.291101","-69.069971","77.7","2021-11-07",,,"0.00",",,N","0.0",",,N",,
"US1MEWL0025","44.291101","-69.069971","77.7","2021-11-08",,,"0.00",",,N","0.0",",,N",,
"US1MEWL0025","44.291101","-69.069971","77.7","2021-11-10",,,"0.00","T,,N",,,,
"US1MEWL0025","44.291101","-69.069971","77.7","2021-11-11",,,"0.35",",,N",,,,
"US1MEWL0025","44.291101","-69.069971","77.7","2021-11-12",,,"0.00",",,N","0.0",",,N",,
"US1MEWL0025","44.291101","-69.069971","77.7","2021-11-13",,,"3.19",",,N",,,,
"US1MEWL0025","44.291101","-69.069971","77.7","2021-11-14",,,"0.25",",,N",,,,
"US1MEWL0025","44.291101","-69.069971","77.7","2021-11-15",,,"0.32",",,N",,,,
"US1MEWL0025","44.291101","-69.069971","77.7","2021-11-17",,,"0.00",",,N","0.0",",,N",,
"US1MEWL0025","44.291101","-69.069971","77.7","2021-11-18",,,"0.08",",,N",,,,
"US1MEWL0025","44.291101","-69.069971","77.7","2021-11-19",,,"0.19",",,N",,,,
"US1MEWL0025","44.291101","-69.069971","77.7","2021-11-21",,,"0.00",",,N","0.0",",,N",,
"US1MEWL0025","44.291101","-69.069971","77.7","2021-11-22",,,"1.23",",,N",,,,
"US1MEWL0025","44.291101","-69.069971","77.7","2021-11-24",,,"0.00",",,N","0.0",",,N",,
"US1MEWL0025","44.291101","-69.069971","77.7","2021-11-26",,,"0.00",",,N","0.0",",,N",,
"US1MEWL0025","44.291101","-69.069971","77.7","2021-11-27",,,"1.25",",,N",,,,
"US1MEWL0026","44.3985676020384","-69.3007902055979","156.7","2021-08-02",,,,,,,,
"US1MEWL0026","44.3985676020384","-69.3007902055979","156.7","2021-08-04",,,,,,,,
"US1MEWL0026","44.3985676020384","-69.3007902055979","156.7","2021-08-06",,,,,,,,
"US1MEWL0026","44.3985676020384","-69.3007902055979","156.7","2021-08-17",,,,,,,,
"US1MEWL0026","44.3985676020384","-69.3007902055979","156.7","2021-08-24",,,,,,,,
"US1MEWL0026","44.3985676020384","-69.3007902055979","156.7","2021-08-30",,,,,,,,
"US1MEWL0026","44.3985676020384","-69.3007902055979","156.7","2021-09-04",,,,,,,,
"US1MEWL0026","44.3985676020384","-69.3007902055979","156.7","2021-09-13",,,,,,,,
"US1MEWL0026","44.3985676020384","-69.3007902055979","156.7","2021-09-20",,,,,,,,
"US1MEWL0026","44.3985676020384","-69.3007902055979","156.7","2021-09-27",,,,,,,,
"US1MEWL0026","44.3985676020384","-69.3007902055979","156.7","2021-10-16",,,,,,,,
"US1MEWL0026","44.3985676020384","-69.3007902055979","156.7","2021-10-20",,,,,,,,
"US1MEWL0026","44.3985676020384","-69.3007902055979","156.7","2021-10-26",,,,,,,,
"US1MEWL0026","44.3985676020384","-69.3007902055979","156.7","2021-11-11",,,,,,,,
"US1MEWL0026","44.3985676020384","-69.3007902055979","156.7","2021-11-14",,,,,,,,
"US1MEWL0026","44.3985676020384","-69.3007902055979","156.7","2021-11-19",,,,,,,,
"US1MEWL0026","44.3985676020384","-69.3007902055979","156.7","2021-11-22",,,,,,,,
"US1MEWL0027","44.55719","-68.91732","127.1","2021-08-01",,,"0.00",",,N","0.0",",,N",,
"US1MEWL0027","44.55719","-68.91732","127.1","2021-08-02",,,"0.01",",,N",,,,
"US1MEWL0027","44.55719","-68.91732","127.1","2021-08-03",,,"0.04",",,N",,,,
"US1MEWL0027","44.55719","-68.91732","127.1","2021-08-04",,,"0.00",",,N","0.0",",,N",,
"US1MEWL0027","44.55719","-68.91732","127.1","2021-08-05",,,"0.16",",,N",,,,
"US1MEWL0027","44.55719","-68.91732","127.1","2021-08-06",,,"0.63",",,N",,,,
"US1MEWL0027","44.55719","-68.91732","127.1","2021-08-07",,,"0.00",",,N","0.0",",,N",,
"US1MEWL0027","44.55719","-68.91732","127.1","2021-08-08",,,"0.00",",,N","0.0",",,N",,
"US1MEWL0027","44.55719","-68.91732","127.1","2021-08-09",,,"0.00",",,N","0.0",",,N",,
"US1MEWL0027","44.55719","-68.91732","127.1","2021-08-10",,,"0.02",",,N",,,,
"US1MEWL0027","44.55719","-68.91732","127.1","2021-08-11",,,"0.00",",,N","0.0",",,N",,
"US1MEWL0027","44.55719","-68.91732","127.1","2021-08-12",,,"0.00",",,N","0.0",",,N",,
"US1MEWL0027","44.55719","-68.91732","127.1","2021-08-13",,,"0.00",",,N","0.0",",,N",,
"US1MEWL0027","44.55719","-68.91732","127.1","2021-08-14",,,"0.00",",,N","0.0",",,N",,
"US1MEWL0027","44.55719","-68.91732","127.1","2021-08-15",,,"0.77",",,N",,,,
"US1MEWL0027","44.55719","-68.91732","127.1","2021-08-16",,,"0.00",",,N","0.0",",,N",,
"US1MEWL0027","44.55719","-68.91732","127.1","2021-08-17",,,"0.00",",,N","0.0",",,N",,
"US1MEWL0027","44.55719","-68.91732","127.1","2021-08-18",,,"0.00",",,N","0.0",",,N",,
"US1MEWL0027","44.55719","-68.91732","127.1","2021-08-19",,,"0.08",",,N",,,,
"US1MEWL0027","44.55719","-68.91732","127.1","2021-08-20",,,"0.28",",,N",,,,
"US1MEWL0027","44.55719","-68.91732","127.1","2021-08-21",,,"0.00",",,N","0.0",",,N",,
"US1MEWL0027","44.55719","-68.91732","127.1","2021-08-22",,,"0.02",",,N",,,,
"US1MEWL0027","44.55719","-68.91732","127.1","2021-08-23",,,"0.36",",,N",,,,
"US1MEWL0027","44.55719","-68.91732","127.1","2021-08-24",,,"0.31",",,N",,,,
"US1MEWL0027","44.55719","-68.91732","127.1","2021-08-25",,,"0.01",",,N",,,,
"US1MEWL0027","44.55719","-68.91732","127.1","2021-08-26",,,"0.00",",,N","0.0",",,N",,
"US1MEWL0027","44.55719","-68.91732","127.1","2021-08-27",,,"0.00",",,N","0.0",",,N",,
"US1MEWL0027","44.55719","-68.91732","127.1","2021-08-28",,,"0.00",",,N","0.0",",,N",,
"US1MEWL0027","44.55719","-68.91732","127.1","2021-08-29",,,"0.06",",,N",,,,
"US1MEWL0027","44.55719","-68.91732","127.1","2021-08-30",,,"0.03",",,N",,,,
"US1MEWL0027","44.55719","-68.91732","127.1","2021-08-31",,,"0.02",",,N",,,,
"US1MEWL0027","44.55719","-68.91732","127.1","2021-09-01",,,"0.00",",,N","0.0",",,N",,
"US1MEWL0027","44.55719","-68.91732","127.1","2021-09-02",,,"0.77",",,N",,,,
"US1MEWL0027","44.55719","-68.91732","127.1","2021-09-03",,,"0.30",",,N",,,,
"US1MEWL0027","44.55719","-68.91732","127.1","2021-09-04",,,"0.18",",,N",,,,
"US1MEWL0027","44.55719","-68.91732","127.1","2021-09-05",,,"0.00",",,N","0.0",",,N",,
"US1MEWL0027","44.55719","-68.91732","127.1","2021-09-06",,,"0.03",",,N",,,,
"US1MEWL0027","44.55719","-68.91732","127.1","2021-09-07",,,"0.68",",,N",,,,
"US1MEWL0027","44.55719","-68.91732","127.1","2021-09-08",,,"0.00",",,N","0.0",",,N",,
"US1MEWL0027","44.55719","-68.91732","127.1","2021-09-09",,,"0.02",",,N",,,,
"US1MEWL0027","44.55719","-68.91732","127.1","2021-09-10",,,"1.76",",,N",,,,
"US1MEWL0027","44.55719","-68.91732","127.1","2021-09-11",,,"0.45",",,N",,,,
"US1MEWL0027","44.55719","-68.91732","127.1","2021-09-12",,,"0.00",",,N","0.0",",,N",,
"US1MEWL0027","44.55719","-68.91732","127.1","2021-09-13",,,"0.00","T,,N",,,,
"US1MEWL0027","44.55719","-68.91732","127.1","2021-09-14",,,"0.00",",,N","0.0",",,N",,
"US1MEWL0027","44.55719","-68.91732","127.1","2021-09-15",,,"0.01",",,N",,,,
"US1MEWL0027","44.55719","-68.91732","127.1","2021-09-16",,,"0.21",",,N",,,,
"US1MEWL0027","44.55719","-68.91732","127.1","2021-09-17",,,"0.00",",,N","0.0",",,N",,
"US1MEWL0027","44.55719","-68.91732","127.1","2021-09-18",,,"0.00",",,N","0.0",",,N",,
"US1MEWL0027","44.55719","-68.91732","127.1","2021-09-19",,,"0.04",",,N",,,,
"US1MEWL0027","44.55719","-68.91732","127.1","2021-09-20",,,"0.00",",,N","0.0",",,N",,
"US1MEWL0027","44.55719","-68.91732","127.1","2021-09-21",,,"0.00",",,N","0.0",",,N",,
"US1MEWL0027","44.55719","-68.91732","127.1","2021-09-22",,,"0.00",",,N","0.0",",,N",,
"US1MEWL0027","44.55719","-68.91732","127.1","2021-09-23",,,"0.00",",,N","0.0",",,N",,
"US1MEWL0027","44.55719","-68.91732","127.1","2021-09-24",,,"0.04",",,N",,,,
"US1MEWL0027","44.55719","-68.91732","127.1","2021-09-25",,,"2.29",",,N",,,,
"US1MEWL0027","44.55719","-68.91732","127.1","2021-09-26",,,"0.58",",,N",,,,
"US1MEWL0027","44.55719","-68.91732","127.1","2021-09-27",,,"1.24",",,N",,,,
"US1MEWL0027","44.55719","-68.91732","127.1","2021-09-28",,,"0.00",",,N","0.0",",,N",,
"US1MEWL0027","44.55719","-68.91732","127.1","2021-09-29",,,"0.00",",,N","0.0",",,N",,
"US1MEWL0027","44.55719","-68.91732","127.1","2021-09-30",,,"0.00","T,,N",,,,
"US1MEWL0027","44.55719","-68.91732","127.1","2021-10-01",,,"0.07",",,N",,,,
"US1MEWL0027","44.55719","-68.91732","127.1","2021-10-02",,,"0.00",",,N","0.0",",,N",,
"US1MEWL0027","44.55719","-68.91732","127.1","2021-10-03",,,"0.00","T,,N",,,,
"US1MEWL0027","44.55719","-68.91732","127.1","2021-10-04",,,"0.00","T,,N",,,,
"US1MEWL0027","44.55719","-68.91732","127.1","2021-10-05",,,"0.00",",,N","0.0",",,N",,
"US1MEWL0027","44.55719","-68.91732","127.1","2021-10-06",,,"0.00",",,N","0.0",",,N",,
"US1MEWL0027","44.55719","-68.91732","127.1","2021-10-07",,,"0.00",",,N","0.0",",,N",,
"US1MEWL0027","44.55719","-68.91732","127.1","2021-10-08",,,"0.00",",,N","0.0",",,N",,
"US1MEWL0027","44.55719","-68.91732","127.1","2021-10-09",,,"0.00",",,N","0.0",",,N",,
"US1MEWL0027","44.55719","-68.91732","127.1","2021-10-10",,,"0.00",",,N","0.0",",,N",,
"US1MEWL0027","44.55719","-68.91732","127.1","2021-10-11",,,"0.00",",,N","0.0",",,N",,
"US1MEWL0027","44.55719","-68.91732","127.1","2021-10-12",,,"0.00",",,N","0.0",",,N",,
"US1MEWL0027","44.55719","-68.91732","127.1","2021-10-13",,,"0.00",",,N","0.0",",,N",,
"US1MEWL0027","44.55719","-68.91732","127.1","2021-10-14",,,"0.00",",,N","0.0",",,N",,
"US1MEWL0027","44.55719","-68.91732","127.1","2021-10-15",,,"0.00",",,N","0.0",",,N",,
"US1MEWL0027","44.55719","-68.91732","127.1","2021-10-16",,,"0.08",",,N",,,,
"US1MEWL0027","44.55719","-68.91732","127.1","2021-10-17",,,"0.92",",,N",,,,
"US1MEWL0027","44.55719","-68.91732","127.1","2021-10-18",,,"0.25",",,N",,,,
"US1MEWL0027","44.55719","-68.91732","127.1","2021-10-19",,,"0.00",",,N","0.0",",,N",,
"US1MEWL0027","44.55719","-68.91732","127.1","2021-10-20",,,"0.05",",,N",,,,
"US1MEWL0027","44.55719","-68.91732","127.1","2021-10-21",,,"0.02",",,N",,,,
"US1MEWL0027","44.55719","-68.91732","127.1","2021-10-22",,,"0.03",",,N",,,,
"US1MEWL0027","44.55719","-68.91732","127.1","2021-10-23",,,"0.02",",,N",,,,
"US1MEWL0027","44.55719","-68.91732","127.1","2021-10-24",,,"0.00",",,N","0.0",",,N",,
"US1MEWL0027","44.55719","-68.91732","127.1","2021-10-25",,,"0.00",",,N","0.0",",,N",,
"US1MEWL0027","44.55719","-68.91732","127.1","2021-10-26",,,"0.08",",,N",,,,
"US1MEWL0027","44.55719","-68.91732","127.1","2021-10-27",,,"0.08",",,N",,,,
"US1MEWL0027","44.55719","-68.91732","127.1","2021-10-28",,,"0.13",",,N",,,,
"US1MEWL0027","44.55719","-68.91732","127.1","2021-10-29",,,"0.00",",,N","0.0",",,N",,
"US1MEWL0027","44.55719","-68.91732","127.1","2021-10-30",,,"0.00",",,N","0.0",",,N",,
"US1MEWL0027","44.55719","-68.91732","127.1","2021-10-31",,,"3.55",",,N",,,,
"US1MEWL0027","44.55719","-68.91732","127.1","2021-11-01",,,"0.95",",,N",,,,
"US1MEWL0027","44.55719","-68.91732","127.1","2021-11-02",,,"0.00",",,N","0.0",",,N",,
"US1MEWL0027","44.55719","-68.91732","127.1","2021-11-03",,,"0.00",",,N","0.0",",,N",,
"US1MEWL0027","44.55719","-68.91732","127.1","2021-11-04",,,"0.01",",,N",,,,
"US1MEWL0027","44.55719","-68.91732","127.1","2021-11-05",,,"0.00",",,N","0.0",",,N",,
"US1MEWL0027","44.55719","-68.91732","127.1","2021-11-06",,,"0.00",",,N","0.0",",,N",,
"US1MEWL0027","44.55719","-68.91732","127.1","2021-11-07",,,"0.00",",,N","0.0",",,N",,
"US1MEWL0027","44.55719","-68.91732","127.1","2021-11-08",,,"0.00",",,N","0.0",",,N",,
"US1MEWL0027","44.55719","-68.91732","127.1","2021-11-09",,,"0.00",",,N","0.0",",,N",,
"US1MEWL0027","44.55719","-68.91732","127.1","2021-11-10",,,"0.02",",,N",,,,
"US1MEWL0027","44.55719","-68.91732","127.1","2021-11-11",,,"0.24",",,N",,,,
"US1MEWL0027","44.55719","-68.91732","127.1","2021-11-12",,,"0.00",",,N","0.0",",,N",,
"US1MEWL0027","44.55719","-68.91732","127.1","2021-11-13",,,"1.94",",,N",,,,
"US1MEWL0027","44.55719","-68.91732","127.1","2021-11-14",,,"0.23",",,N",,,,
"US1MEWL0027","44.55719","-68.91732","127.1","2021-11-15",,,"0.21",",,N",,,,
"US1MEWL0027","44.55719","-68.91732","127.1","2021-11-16",,,"0.00",",,N","0.0",",,N",,
"US1MEWL0027","44.55719","-68.91732","127.1","2021-11-17",,,"0.00","T,,N",,,,
"US1MEWL0027","44.55719","-68.91732","127.1","2021-11-18",,,"0.19",",,N",,,,
"US1MEWL0027","44.55719","-68.91732","127.1","2021-11-19",,,"0.30",",,N",,,,
"US1MEWL0027","44.55719","-68.91732","127.1","2021-11-20",,,"0.01",",,N",,,,
"US1MEWL0027","44.55719","-68.91732","127.1","2021-11-21",,,"0.00",",,N","0.0",",,N",,
"US1MEWL0027","44.55719","-68.91732","127.1","2021-11-22",,,"1.07",",,N",,,,
"US1MEWL0027","44.55719","-68.91732","127.1","2021-11-23",,,"0.46",",,N",,,,
"US1MEWL0027","44.55719","-68.91732","127.1","2021-11-24",,,"0.00",",,N","0.0",",,N",,
"US1MEWL0027","44.55719","-68.91732","127.1","2021-11-25",,,"0.00",",,N","0.0",",,N",,
"US1MEWL0027","44.55719","-68.91732","127.1","2021-11-26",,,"0.00",",,N","0.0",",,N",,
"US1MEWL0027","44.55719","-68.91732","127.1","2021-11-27",,,"0.51",",,N","3.7",",,N",,
"US1MEWL0027","44.55719","-68.91732","127.1","2021-11-28",,,"0.02",",,N",,,,
"US1LADS0004","32.082085","-93.607716","77.7","2021-08-01",,,"0.00",",,N","0.0",",,N",,
"US1LADS0004","32.082085","-93.607716","77.7","2021-08-02",,,"0.22",",,N",,,,
"US1LADS0004","32.082085","-93.607716","77.7","2021-08-03",,,"0.12",",,N",,,,
"US1LADS0004","32.082085","-93.607716","77.7","2021-08-04",,,"0.00",",,N","0.0",",,N",,
"US1LADS0004","32.082085","-93.607716","77.7","2021-08-05",,,"0.00",",,N","0.0",",,N",,
"US1LADS0004","32.082085","-93.607716","77.7","2021-08-06",,,"0.00",",,N","0.0",",,N",,
"US1LADS0004","32.082085","-93.607716","77.7","2021-08-07",,,"0.00",",,N","0.0",",,N",,
"US1LADS0004","32.082085","-93.607716","77.7","2021-08-08",,,"0.00",",,N","0.0",",,N",,
"US1LADS0004","32.082085","-93.607716","77.7","2021-08-10",,,"0.00",",,N","0.0",",,N",,
"US1LADS0004","32.082085","-93.607716","77.7","2021-08-11",,,"0.00",",,N","0.0",",,N",,
"US1LADS0004","32.082085","-93.607716","77.7","2021-08-13",,,"0.00",",,N","0.0",",,N",,
"US1LADS0004","32.082085","-93.607716","77.7","2021-08-15",,,"0.00",",,N","0.0",",,N",,
"US1LADS0004","32.082085","-93.607716","77.7","2021-08-16",,,"0.00",",,N","0.0",",,N",,
"US1LADS0004","32.082085","-93.607716","77.7","2021-08-17",,,"1.45",",,N",,,,
"US1LADS0004","32.082085","-93.607716","77.7","2021-08-18",,,"0.45",",,N",,,,
"US1LADS0004","32.082085","-93.607716","77.7","2021-08-19",,,"0.31",",,N",,,,
"US1LADS0004","32.082085","-93.607716","77.7","2021-08-20",,,"0.08",",,N",,,,
"US1LADS0004","32.082085","-93.607716","77.7","2021-08-21",,,"0.00",",,N","0.0",",,N",,
"US1LADS0004","32.082085","-93.607716","77.7","2021-08-22",,,"0.00",",,N","0.0",",,N",,
"US1LADS0004","32.082085","-93.607716","77.7","2021-08-23",,,"0.00",",,N","0.0",",,N",,
"US1LADS0004","32.082085","-93.607716","77.7","2021-08-25",,,"0.00",",,N","0.0",",,N",,
"US1LADS0004","32.082085","-93.607716","77.7","2021-08-26",,,"0.00","T,,N",,,,
"US1LADS0004","32.082085","-93.607716","77.7","2021-08-28",,,"0.00",",,N","0.0",",,N",,
"US1LADS0004","32.082085","-93.607716","77.7","2021-08-29",,,"0.01",",,N",,,,
"US1LADS0004","32.082085","-93.607716","77.7","2021-08-30",,,"0.00","T,,N",,,,
"US1LADS0004","32.082085","-93.607716","77.7","2021-08-31",,,"0.00",",,N","0.0",",,N",,
"US1LADS0004","32.082085","-93.607716","77.7","2021-09-01",,,"0.16",",,N",,,,
"US1LADS0004","32.082085","-93.607716","77.7","2021-09-02",,,"0.00",",,N","0.0",",,N",,
"US1LADS0004","32.082085","-93.607716","77.7","2021-09-03",,,"0.13",",,N",,,,
"US1LADS0004","32.082085","-93.607716","77.7","2021-09-04",,,"0.00","T,,N",,,,
"US1LADS0004","32.082085","-93.607716","77.7","2021-09-06",,,"0.13",",,N",,,,
"US1LADS0004","32.082085","-93.607716","77.7","2021-09-08",,,"0.00",",,N","0.0",",,N",,
"US1LADS0004","32.082085","-93.607716","77.7","2021-09-09",,,"0.00",",,N","0.0",",,N",,
"US1LADS0004","32.082085","-93.607716","77.7","2021-09-12",,,"0.00",",,N","0.0",",,N",,
"US1LADS0004","32.082085","-93.607716","77.7","2021-09-13",,,"0.00","T,,N",,,,
"US1LADS0004","32.082085","-93.607716","77.7","2021-09-14",,,"0.05",",,N",,,,
"US1LADS0004","32.082085","-93.607716","77.7","2021-09-15",,,"0.19",",,N",,,,
"US1LADS0004","32.082085","-93.607716","77.7","2021-09-16",,,"0.00",",,N","0.0",",,N",,
"US1LADS0004","32.082085","-93.607716","77.7","2021-09-17",,,"0.03",",,N",,,,
"US1LADS0004","32.082085","-93.607716","77.7","2021-09-18",,,"0.27",",,N",,,,
"US1LADS0004","32.082085","-93.607716","77.7","2021-09-19",,,"0.00",",,N","0.0",",,N",,
"US1LADS0004","32.082085","-93.607716","77.7","2021-09-20",,,"0.00",",,N","0.0",",,N",,
"US1LADS0004","32.082085","-93.607716","77.7","2021-09-21",,,"0.00",",,N","0.0",",,N",,
"US1LADS0004","32.082085","-93.607716","77.7","2021-09-22",,,"0.00",",,N","0.0",",,N",,
"US1LADS0004","32.082085","-93.607716","77.7","2021-09-23",,,"0.00",",,N","0.0",",,N",,
"US1LADS0004","32.082085","-93.607716","77.7","2021-09-24",,,"0.00",",,N","0.0",",,N",,
"US1LADS0004","32.082085","-93.607716","77.7","2021-09-27",,,"0.00",",,N","0.0",",,N",,
"US1LADS0004","32.082085","-93.607716","77.7","2021-09-28",,,"0.00",",,N","0.0",",,N",,
"US1LADS0004","32.082085","-93.607716","77.7","2021-09-29",,,"0.00",",,N","0.0",",,N",,
"US1LADS0004","32.082085","-93.607716","77.7","2021-09-30",,,"0.17",",,N",,,,
"US1LADS0004","32.082085","-93.607716","77.7","2021-10-01",,,"0.02",",,N",,,,
"US1LADS0004","32.082085","-93.607716","77.7","2021-10-02",,,"0.39",",,N",,,,
"US1LADS0004","32.082085","-93.607716","77.7","2021-10-03",,,"0.04",",,N",,,,
"US1LADS0004","32.082085","-93.607716","77.7","2021-10-04",,,"0.07",",,N",,,,
"US1LADS0004","32.082085","-93.607716","77.7","2021-10-05",,,"0.00",",,N","0.0",",,N",,
"US1LADS0004","32.082085","-93.607716","77.7","2021-10-06",,,"0.00",",,N","0.0",",,N",,
"US1LADS0004","32.082085","-93.607716","77.7","2021-10-08",,,"0.00",",,N","0.0",",,N",,
"US1LADS0004","32.082085","-93.607716","77.7","2021-10-10",,,"0.00",",,N","0.0",",,N",,
"US1LADS0004","32.082085","-93.607716","77.7","2021-10-11",,,"0.04",",,N",,,,
"US1LADS0004","32.082085","-93.607716","77.7","2021-10-12",,,"0.00",",,N","0.0",",,N",,
"US1LADS0004","32.082085","-93.607716","77.7","2021-10-13",,,"0.14",",,N",,,,
"US1LADS0004","32.082085","-93.607716","77.7","2021-10-14",,,"0.00",",,N","0.0",",,N",,
"US1LADS0004","32.082085","-93.607716","77.7","2021-10-15",,,"0.03",",,N",,,,
"US1LADS0004","32.082085","-93.607716","77.7","2021-10-16",,,"0.00","T,,N",,,,
"US1LADS0004","32.082085","-93.607716","77.7","2021-10-17",,,"0.00",",,N","0.0",",,N",,
"US1LADS0004","32.082085","-93.607716","77.7","2021-10-18",,,"0.00",",,N","0.0",",,N",,
"US1LADS0004","32.082085","-93.607716","77.7","2021-10-19",,,"0.00",",,N","0.0",",,N",,
"US1LADS0004","32.082085","-93.607716","77.7","2021-10-20",,,"0.00",",,N","0.0",",,N",,
"US1LADS0004","32.082085","-93.607716","77.7","2021-10-22",,,"0.00",",,N","0.0",",,N",,
"US1LADS0004","32.082085","-93.607716","77.7","2021-10-23",,,"0.00",",,N","0.0",",,N",,
"US1LADS0004","32.082085","-93.607716","77.7","2021-10-25",,,"0.00",",,N","0.0",",,N",,
"US1LADS0004","32.082085","-93.607716","77.7","2021-10-26",,,"0.00",",,N","0.0",",,N",,
"US1LADS0004","32.082085","-93.607716","77.7","2021-10-27",,,"0.00",",,N","0.0",",,N",,
"US1LADS0004","32.082085","-93.607716","77.7","2021-10-28",,,"1.19",",,N",,,,
"US1LADS0004","32.082085","-93.607716","77.7","2021-10-29",,,"0.00",",,N","0.0",",,N",,
"US1LADS0004","32.082085","-93.607716","77.7","2021-10-30",,,"0.00",",,N","0.0",",,N",,
"US1LADS0004","32.082085","-93.607716","77.7","2021-10-31",,,"0.00",",,N","0.0",",,N",,
"US1LADS0004","32.082085","-93.607716","77.7","2021-11-01",,,"0.00",",,N","0.0",",,N",,
"US1LADS0004","32.082085","-93.607716","77.7","2021-11-03",,,"0.00",",,N","0.0",",,N",,
"US1LADS0004","32.082085","-93.607716","77.7","2021-11-04",,,"0.31",",,N",,,,
"US1LADS0004","32.082085","-93.607716","77.7","2021-11-05",,,"0.00",",,N","0.0",",,N",,
"US1LADS0004","32.082085","-93.607716","77.7","2021-11-06",,,"0.00",",,N","0.0",",,N",,
"US1LADS0004","32.082085","-93.607716","77.7","2021-11-08",,,"0.00",",,N","0.0",",,N",,
"US1LADS0004","32.082085","-93.607716","77.7","2021-11-09",,,"0.00",",,N","0.0",",,N",,
"US1LADS0004","32.082085","-93.607716","77.7","2021-11-11",,,"0.70",",,N",,,,
"US1LADS0004","32.082085","-93.607716","77.7","2021-11-13",,,"0.00",",,N","0.0",",,N",,
"US1LADS0004","32.082085","-93.607716","77.7","2021-11-14",,,"0.00",",,N","0.0",",,N",,
"US1LADS0004","32.082085","-93.607716","77.7","2021-11-17",,,"0.00",",,N","0.0",",,N",,
"US1LADS0004","32.082085","-93.607716","77.7","2021-11-18",,,"0.05",",,N",,,,
"US1LADS0004","32.082085","-93.607716","77.7","2021-11-19",,,"0.00",",,N","0.0",",,N",,
"US1LADS0004","32.082085","-93.607716","77.7","2021-11-20",,,"0.00",",,N","0.0",",,N",,
"US1LADS0004","32.082085","-93.607716","77.7","2021-11-21",,,"0.00",",,N","0.0",",,N",,
"US1LADS0004","32.082085","-93.607716","77.7","2021-11-22",,,"1.43",",,N",,,,
"US1LADS0004","32.082085","-93.607716","77.7","2021-11-23",,,"0.00",",,N","0.0",",,N",,
"US1LADS0004","32.082085","-93.607716","77.7","2021-11-27",,,"0.00",",,N","0.0",",,N",,
"US1LADS0004","32.082085","-93.607716","77.7","2021-11-28",,,"0.37",",,N",,,,
"US1LADS0005","32.234641","-93.837748","89.0","2021-08-01",,,"0.00",",,N","0.0",",,N",,
"US1LADS0005","32.234641","-93.837748","89.0","2021-08-02",,,"0.20",",,N",,,,
"US1LADS0005","32.234641","-93.837748","89.0","2021-08-03",,,"0.16",",,N",,,,
"US1LADS0005","32.234641","-93.837748","89.0","2021-08-04",,,"0.00",",,N","0.0",",,N",,
"US1LADS0005","32.234641","-93.837748","89.0","2021-08-05",,,"0.00",",,N","0.0",",,N",,
"US1LADS0005","32.234641","-93.837748","89.0","2021-08-06",,,"0.00","T,,N",,,,
"US1LADS0005","32.234641","-93.837748","89.0","2021-08-07",,,"0.00",",,N","0.0",",,N",,
"US1LADS0005","32.234641","-93.837748","89.0","2021-08-08",,,"0.00",",,N","0.0",",,N",,
"US1LADS0005","32.234641","-93.837748","89.0","2021-08-09",,,"0.00",",,N","0.0",",,N",,
"US1LADS0005","32.234641","-93.837748","89.0","2021-08-10",,,"0.00",",,N","0.0",",,N",,
"US1LADS0005","32.234641","-93.837748","89.0","2021-08-11",,,"0.00",",,N","0.0",",,N",,
"US1LADS0005","32.234641","-93.837748","89.0","2021-08-12",,,"0.00",",,N","0.0",",,N",,
"US1LADS0005","32.234641","-93.837748","89.0","2021-08-13",,,"0.00",",,N","0.0",",,N",,
"US1LADS0005","32.234641","-93.837748","89.0","2021-08-14",,,"0.00",",,N","0.0",",,N",,
"US1LADS0005","32.234641","-93.837748","89.0","2021-08-15",,,"0.00","T,,N",,,,
"US1LADS0005","32.234641","-93.837748","89.0","2021-08-16",,,"0.00","T,,N",,,,
"US1LADS0005","32.234641","-93.837748","89.0","2021-08-17",,,"0.00","T,,N",,,,
"US1LADS0005","32.234641","-93.837748","89.0","2021-08-18",,,"1.07",",,N",,,,
"US1LADS0005","32.234641","-93.837748","89.0","2021-08-19",,,"0.21",",,N",,,,
"US1LADS0005","32.234641","-93.837748","89.0","2021-08-20",,,"0.07",",,N",,,,
"US1LADS0005","32.234641","-93.837748","89.0","2021-08-21",,,"0.00",",,N","0.0",",,N",,
"US1LADS0005","32.234641","-93.837748","89.0","2021-08-22",,,"0.00",",,N","0.0",",,N",,
"US1LADS0005","32.234641","-93.837748","89.0","2021-08-23",,,"0.00",",,N","0.0",",,N",,
"US1LADS0005","32.234641","-93.837748","89.0","2021-08-24",,,"0.00",",,N","0.0",",,N",,
"US1LADS0005","32.234641","-93.837748","89.0","2021-08-25",,,"0.00",",,N","0.0",",,N",,
"US1LADS0005","32.234641","-93.837748","89.0","2021-08-26",,,"0.00",",,N","0.0",",,N",,
"US1LADS0005","32.234641","-93.837748","89.0","2021-08-27",,,"0.00",",,N","0.0",",,N",,
"US1LADS0005","32.234641","-93.837748","89.0","2021-08-28",,,"0.00",",,N","0.0",",,N",,
"US1LADS0005","32.234641","-93.837748","89.0","2021-08-29",,,"0.17",",,N",,,,
"US1LADS0005","32.234641","-93.837748","89.0","2021-08-30",,,"0.23",",,N",,,,
"US1LADS0005","32.234641","-93.837748","89.0","2021-08-31",,,"0.00","T,,N",,,,
"US1LADS0005","32.234641","-93.837748","89.0","2021-09-01",,,"0.00","T,,N",,,,
"US1LADS0005","32.234641","-93.837748","89.0","2021-09-02",,,"0.00",",,N","0.0",",,N",,
"US1LADS0005","32.234641","-93.837748","89.0","2021-09-03",,,"0.34",",,N",,,,
"US1LADS0005","32.234641","-93.837748","89.0","2021-09-04",,,"0.00",",,N","0.0",",,N",,
"US1LADS0005","32.234641","-93.837748","89.0","2021-09-05",,,"0.00",",,N","0.0",",,N",,
"US1LADS0005","32.234641","-93.837748","89.0","2021-09-06",,,"1.61",",,N",,,,
"US1LADS0005","32.234641","-93.837748","89.0","2021-09-07",,,"0.00",",,N","0.0",",,N",,
"US1LADS0005","32.234641","-93.837748","89.0","2021-09-08",,,"0.00",",,N","0.0",",,N",,
"US1LADS0005","32.234641","-93.837748","89.0","2021-09-09",,,"0.00",",,N","0.0",",,N",,
"US1LADS0005","32.234641","-93.837748","89.0","2021-09-10",,,"0.00",",,N","0.0",",,N",,
"US1LADS0005","32.234641","-93.837748","89.0","2021-09-11",,,"0.00",",,N","0.0",",,N",,
"US1LADS0005","32.234641","-93.837748","89.0","2021-09-12",,,"0.00",",,N","0.0",",,N",,
"US1LADS0005","32.234641","-93.837748","89.0","2021-09-13",,,"0.00",",,N","0.0",",,N",,
"US1LADS0005","32.234641","-93.837748","89.0","2021-09-14",,,"0.40",",,N",,,,
"US1LADS0005","32.234641","-93.837748","89.0","2021-09-15",,,"0.07",",,N",,,,
"US1LADS0005","32.234641","-93.837748","89.0","2021-09-16",,,"0.00","T,,N",,,,
"US1LADS0005","32.234641","-93.837748","89.0","2021-09-19",,,"0.35",",,N",,,,
"US1LADS0005","32.234641","-93.837748","89.0","2021-09-20",,,"0.00",",,N","0.0",",,N",,
"US1LADS0005","32.234641","-93.837748","89.0","2021-09-21",,,"0.00",",,N","0.0",",,N",,
"US1LADS0005","32.234641","-93.837748","89.0","2021-09-22",,,"0.00",",,N","0.0",",,N",,
"US1LADS0005","32.234641","-93.837748","89.0","2021-09-23",,,"0.00",",,N","0.0",",,N",,
"US1LADS0005","32.234641","-93.837748","89.0","2021-09-24",,,"0.00",",,N","0.0",",,N",,
"US1LADS0005","32.234641","-93.837748","89.0","2021-09-25",,,"0.00",",,N","0.0",",,N",,
"US1LADS0005","32.234641","-93.837748","89.0","2021-09-26",,,"0.00",",,N","0.0",",,N",,
"US1LADS0005","32.234641","-93.837748","89.0","2021-09-27",,,"0.00",",,N","0.0",",,N",,
"US1LADS0005","32.234641","-93.837748","89.0","2021-09-28",,,"0.00",",,N","0.0",",,N",,
"US1LADS0005","32.234641","-93.837748","89.0","2021-09-30",,,,,,,,
"US1LADS0005","32.234641","-93.837748","89.0","2021-10-01",,,"0.20",",,N",,,,
"US1LADS0005","32.234641","-93.837748","89.0","2021-10-02",,,"0.61",",,N",,,,
"US1LADS0005","32.234641","-93.837748","89.0","2021-10-04",,,,,,,,
"US1LADS0005","32.234641","-93.837748","89.0","2021-10-05",,,"0.00",",,N","0.0",",,N",,
"US1LADS0005","32.234641","-93.837748","89.0","2021-10-06",,,"0.00",",,N","0.0",",,N",,
"US1LADS0005","32.234641","-93.837748","89.0","2021-10-07",,,"0.00",",,N","0.0",",,N",,
"US1LADS0005","32.234641","-93.837748","89.0","2021-10-08",,,"0.00",",,N","0.0",",,N",,
"US1LADS0005","32.234641","-93.837748","89.0","2021-10-09",,,"0.00",",,N","0.0",",,N",,
"US1LADS0005","32.234641","-93.837748","89.0","2021-10-10",,,"0.00",",,N","0.0",",,N",,
"US1LADS0005","32.234641","-93.837748","89.0","2021-10-11",,,"0.00",",,N","0.0",",,N",,
"US1LADS0005","32.234641","-93.837748","89.0","2021-10-12",,,"0.00",",,N","0.0",",,N",,
"US1LADS0005","32.234641","-93.837748","89.0","2021-10-13",,,"0.31",",,N",,,,
"US1LADS0005","32.234641","-93.837748","89.0","2021-10-14",,,"0.00",",,N","0.0",",,N",,
"US1LADS0005","32.234641","-93.837748","89.0","2021-10-15",,,"0.00",",,N","0.0",",,N",,
"US1LADS0005","32.234641","-93.837748","89.0","2021-10-16",,,"0.00",",,N","0.0",",,N",,
"US1LADS0005","32.234641","-93.837748","89.0","2021-10-17",,,"0.00",",,N","0.0",",,N",,
"US1LADS0005","32.234641","-93.837748","89.0","2021-10-18",,,"0.00",",,N","0.0",",,N",,
"US1LADS0005","32.234641","-93.837748","89.0","2021-10-19",,,"0.00",",,N","0.0",",,N",,
"US1LADS0005","32.234641","-93.837748","89.0","2021-10-20",,,"0.00",",,N","0.0",",,N",,
"US1LADS0005","32.234641","-93.837748","89.0","2021-10-21",,,"0.00",",,N","0.0",",,N",,
"US1LADS0005","32.234641","-93.837748","89.0","2021-10-22",,,"0.00",",,N","0.0",",,N",,
"US1LADS0005","32.234641","-93.837748","89.0","2021-10-23",,,"0.00",",,N","0.0",",,N",,
"US1LADS0005","32.234641","-93.837748","89.0","2021-10-24",,,"0.00",",,N","0.0",",,N",,
"US1LADS0005","32.234641","-93.837748","89.0","2021-10-25",,,"0.00",",,N","0.0",",,N",,
"US1LADS0005","32.234641","-93.837748","89.0","2021-10-26",,,"0.00",",,N","0.0",",,N",,
"US1LADS0005","32.234641","-93.837748","89.0","2021-10-27",,,"0.00","T,,N",,,,
"US1LADS0005","32.234641","-93.837748","89.0","2021-10-28",,,"0.97",",,N",,,,
"US1LADS0005","32.234641","-93.837748","89.0","2021-10-29",,,"0.00",",,N","0.0",",,N",,
"US1LADS0005","32.234641","-93.837748","89.0","2021-10-30",,,"0.00",",,N","0.0",",,N",,
"US1LADS0005","32.234641","-93.837748","89.0","2021-10-31",,,"0.00",",,N","0.0",",,N",,
"US1LADS0005","32.234641","-93.837748","89.0","2021-11-01",,,"0.00",",,N","0.0",",,N",,
"US1LADS0005","32.234641","-93.837748","89.0","2021-11-02",,,"0.00",",,N","0.0",",,N",,
"US1LADS0005","32.234641","-93.837748","89.0","2021-11-03",,,"0.00","T,,N",,,,
"US1LADS0005","32.234641","-93.837748","89.0","2021-11-04",,,"0.21",",,N",,,,
"US1LADS0005","32.234641","-93.837748","89.0","2021-11-05",,,"0.00",",,N","0.0",",,N",,
"US1LADS0005","32.234641","-93.837748","89.0","2021-11-06",,,"0.00",",,N","0.0",",,N",,
"US1LADS0005","32.234641","-93.837748","89.0","2021-11-07",,,"0.00",",,N","0.0",",,N",,
"US1LADS0005","32.234641","-93.837748","89.0","2021-11-08",,,"0.00",",,N","0.0",",,N",,
"US1LADS0005","32.234641","-93.837748","89.0","2021-11-09",,,"0.00",",,N","0.0",",,N",,
"US1LADS0005","32.234641","-93.837748","89.0","2021-11-10",,,"0.00",",,N","0.0",",,N",,
"US1LADS0005","32.234641","-93.837748","89.0","2021-11-11",,,"0.66",",,N",,,,
"US1LADS0005","32.234641","-93.837748","89.0","2021-11-12",,,"0.00",",,N","0.0",",,N",,
"US1LADS0005","32.234641","-93.837748","89.0","2021-11-13",,,"0.00",",,N","0.0",",,N",,
"US1LADS0005","32.234641","-93.837748","89.0","2021-11-14",,,"0.00",",,N","0.0",",,N",,
"US1LADS0005","32.234641","-93.837748","89.0","2021-11-15",,,"0.00",",,N","0.0",",,N",,
"US1LADS0005","32.234641","-93.837748","89.0","2021-11-16",,,"0.00",",,N","0.0",",,N",,
"US1LADS0005","32.234641","-93.837748","89.0","2021-11-17",,,"0.00",",,N","0.0",",,N",,
"US1LADS0005","32.234641","-93.837748","89.0","2021-11-18",,,"0.00",",,N","0.0",",,N",,
"US1LADS0005","32.234641","-93.837748","89.0","2021-11-19",,,"0.00",",,N","0.0",",,N",,
"US1LADS0005","32.234641","-93.837748","89.0","2021-11-20",,,"0.00",",,N","0.0",",,N",,
"US1LADS0005","32.234641","-93.837748","89.0","2021-11-21",,,"0.00",",,N","0.0",",,N",,
"US1LADS0005","32.234641","-93.837748","89.0","2021-11-22",,,"0.16",",,N",,,,
"US1LADS0005","32.234641","-93.837748","89.0","2021-11-23",,,"0.00",",,N","0.0",",,N",,
"US1LADS0005","32.234641","-93.837748","89.0","2021-11-25",,,,,,,,
"US1LADS0005","32.234641","-93.837748","89.0","2021-11-26",,,"0.00",",,N","0.0",",,N",,
"US1LADS0005","32.234641","-93.837748","89.0","2021-11-27",,,"0.00",",,N","0.0",",,N",,
"US1LADS0005","32.234641","-93.837748","89.0","2021-11-28",,,"0.21",",,N",,,,
"US1LAWS0004","30.858","-89.974","100.6","2021-08-01",,,"0.00",",,N","0.0",",,N",,
"US1LAWS0004","30.858","-89.974","100.6","2021-08-02",,,"0.00",",,N","0.0",",,N",,
"US1LAWS0004","30.858","-89.974","100.6","2021-08-03",,,"0.05",",,N",,,,
"US1LAWS0004","30.858","-89.974","100.6","2021-08-04",,,"0.10",",,N",,,,
"US1LAWS0004","30.858","-89.974","100.6","2021-08-05",,,"0.00",",,N","0.0",",,N",,
"US1LAWS0004","30.858","-89.974","100.6","2021-08-06",,,"0.00",",,N","0.0",",,N",,
"US1LAWS0004","30.858","-89.974","100.6","2021-08-07",,,"0.00",",,N","0.0",",,N",,
"US1LAWS0004","30.858","-89.974","100.6","2021-08-08",,,"0.00",",,N","0.0",",,N",,
"US1LAWS0004","30.858","-89.974","100.6","2021-08-09",,,"0.15",",,N",,,,
"US1LAWS0004","30.858","-89.974","100.6","2021-08-10",,,"0.36",",,N",,,,
"US1LAWS0004","30.858","-89.974","100.6","2021-08-11",,,"0.00",",,N","0.0",",,N",,
"US1LAWS0004","30.858","-89.974","100.6","2021-08-12",,,"0.00",",,N","0.0",",,N",,
"US1LAWS0004","30.858","-89.974","100.6","2021-08-13",,,"0.02",",,N",,,,
"US1LAWS0004","30.858","-89.974","100.6","2021-08-14",,,"0.00",",,N","0.0",",,N",,
"US1LAWS0004","30.858","-89.974","100.6","2021-08-15",,,"0.07",",,N",,,,
"US1LAWS0004","30.858","-89.974","100.6","2021-08-16",,,"0.37",",,N",,,,
"US1LAWS0004","30.858","-89.974","100.6","2021-08-17",,,"0.00",",,N","0.0",",,N",,
"US1LAWS0004","30.858","-89.974","100.6","2021-08-18",,,"0.00",",,N","0.0",",,N",,
"US1LAWS0004","30.858","-89.974","100.6","2021-08-19",,,"0.02",",,N",,,,
"US1LAWS0004","30.858","-89.974","100.6","2021-08-20",,,"0.00",",,N","0.0",",,N",,
"US1LAWS0004","30.858","-89.974","100.6","2021-08-21",,,"0.00",",,N","0.0",",,N",,
"US1LAWS0004","30.858","-89.974","100.6","2021-08-22",,,"0.00",",,N","0.0",",,N",,
"US1LAWS0004","30.858","-89.974","100.6","2021-08-23",,,"0.00",",,N","0.0",",,N",,
"US1LAWS0004","30.858","-89.974","100.6","2021-08-24",,,"0.00",",,N","0.0",",,N",,
"US1LAWS0004","30.858","-89.974","100.6","2021-08-25",,,"0.00",",,N","0.0",",,N",,
"US1LAWS0004","30.858","-89.974","100.6","2021-08-26",,,"0.13",",,N",,,,
"US1LAWS0004","30.858","-89.974","100.6","2021-08-27",,,"0.25",",,N",,,,
"US1LAWS0004","30.858","-89.974","100.6","2021-08-28",,,"0.00",",,N","0.0",",,N",,
"US1LAWS0004","30.858","-89.974","100.6","2021-08-29",,,"0.02",",,N",,,,
"US1LAWS0004","30.858","-89.974","100.6","2021-08-30",,,"7.25",",,N",,,,
"US1LAWS0004","30.858","-89.974","100.6","2021-08-31",,,"0.00",",,N","0.0",",,N",,
"US1LAWS0004","30.858","-89.974","100.6","2021-09-01",,,"0.00",",,N","0.0",",,N",,
"US1LAWS0004","30.858","-89.974","100.6","2021-09-02",,,"0.00",",,N","0.0",",,N",,
"US1LAWS0004","30.858","-89.974","100.6","2021-09-03",,,"0.00",",,N","0.0",",,N",,
"US1LAWS0004","30.858","-89.974","100.6","2021-09-04",,,"0.00",",,N","0.0",",,N",,
"US1LAWS0004","30.858","-89.974","100.6","2021-09-05",,,"0.00",",,N","0.0",",,N",,
"US1LAWS0004","30.858","-89.974","100.6","2021-09-06",,,"0.10",",,N",,,,
"US1LAWS0004","30.858","-89.974","100.6","2021-09-07",,,"0.00",",,N","0.0",",,N",,
"US1LAWS0004","30.858","-89.974","100.6","2021-09-08",,,"0.00",",,N","0.0",",,N",,
"US1LAWS0004","30.858","-89.974","100.6","2021-09-09",,,"0.15",",,N",,,,
"US1LAWS0004","30.858","-89.974","100.6","2021-09-10",,,"0.00",",,N","0.0",",,N",,
"US1LAWS0004","30.858","-89.974","100.6","2021-09-11",,,"0.00",",,N","0.0",",,N",,
"US1LAWS0004","30.858","-89.974","100.6","2021-09-12",,,"0.06",",,N",,,,
"US1LAWS0004","30.858","-89.974","100.6","2021-09-13",,,"0.00",",,N","0.0",",,N",,
"US1LAWS0004","30.858","-89.974","100.6","2021-09-14",,,"0.70",",,N",,,,
"US1LAWS0004","30.858","-89.974","100.6","2021-09-15",,,"5.15",",,N",,,,
"US1LAWS0004","30.858","-89.974","100.6","2021-09-16",,,"0.32",",,N",,,,
"US1LAWS0004","30.858","-89.974","100.6","2021-09-17",,,"0.40",",,N",,,,
"US1LAWS0004","30.858","-89.974","100.6","2021-09-18",,,"0.00",",,N","0.0",",,N",,
"US1LAWS0004","30.858","-89.974","100.6","2021-09-19",,,"0.00",",,N","0.0",",,N",,
"US1LAWS0004","30.858","-89.974","100.6","2021-09-20",,,"0.00",",,N","0.0",",,N",,
"US1LAWS0004","30.858","-89.974","100.6","2021-09-21",,,"0.00",",,N","0.0",",,N",,
"US1LAWS0004","30.858","-89.974","100.6","2021-09-22",,,"0.20",",,N",,,,
"US1LAWS0004","30.858","-89.974","100.6","2021-09-23",,,"0.00",",,N","0.0",",,N",,
"US1LAWS0004","30.858","-89.974","100.6","2021-09-24",,,"0.00",",,N","0.0",",,N",,
"US1LAWS0004","30.858","-89.974","100.6","2021-09-25",,,"0.00",",,N","0.0",",,N",,
"US1LAWS0004","30.858","-89.974","100.6","2021-09-26",,,"0.00",",,N","0.0",",,N",,
"US1LAWS0004","30.858","-89.974","100.6","2021-09-27",,,"0.00",",,N","0.0",",,N",,
"US1LAWS0004","30.858","-89.974","100.6","2021-09-28",,,"0.00",",,N","0.0",",,N",,
"US1LAWS0004","30.858","-89.974","100.6","2021-09-29",,,"0.27",",,N",,,,
"US1LAWS0004","30.858","-89.974","100.6","2021-09-30",,,"0.18",",,N",,,,
"US1LAWS0004","30.858","-89.974","100.6","2021-10-01",,,"0.00",",,N","0.0",",,N",,
"US1LAWS0004","30.858","-89.974","100.6","2021-10-02",,,"0.28",",,N",,,,
"US1LAWS0004","30.858","-89.974","100.6","2021-10-03",,,"0.10",",,N",,,,
"US1LAWS0004","30.858","-89.974","100.6","2021-10-04",,,"1.45",",,N",,,,
"US1LAWS0004","30.858","-89.974","100.6","2021-10-05",,,"0.00",",,N","0.0",",,N",,
"US1LAWS0004","30.858","-89.974","100.6","2021-10-06",,,"0.00",",,N","0.0",",,N",,
"US1LAWS0004","30.858","-89.974","100.6","2021-10-07",,,"0.00",",,N","0.0",",,N",,
"US1LAWS0004","30.858","-89.974","100.6","2021-10-08",,,"0.00",",,N","0.0",",,N",,
"US1LAWS0004","30.858","-89.974","100.6","2021-10-09",,,"0.00",",,N","0.0",",,N",,
"US1LAWS0004","30.858","-89.974","100.6","2021-10-10",,,"0.00",",,N","0.0",",,N",,
"US1LAWS0004","30.858","-89.974","100.6","2021-10-11",,,"0.00",",,N","0.0",",,N",,
"US1LAWS0004","30.858","-89.974","100.6","2021-10-12",,,"0.00",",,N","0.0",",,N",,
"US1LAWS0004","30.858","-89.974","100.6","2021-10-13",,,"0.00",",,N","0.0",",,N",,
"US1LAWS0004","30.858","-89.974","100.6","2021-10-14",,,"0.00",",,N","0.0",",,N",,
"US1LAWS0004","30.858","-89.974","100.6","2021-10-15",,,"0.00",",,N","0.0",",,N",,
"US1LAWS0004","30.858","-89.974","100.6","2021-10-16",,,"0.00",",,N","0.0",",,N",,
"US1LAWS0004","30.858","-89.974","100.6","2021-10-17",,,"0.00",",,N","0.0",",,N",,
"US1LAWS0004","30.858","-89.974","100.6","2021-10-18",,,"0.00",",,N","0.0",",,N",,
"US1LAWS0004","30.858","-89.974","100.6","2021-10-19",,,"0.00",",,N","0.0",",,N",,
"US1LAWS0004","30.858","-89.974","100.6","2021-10-20",,,"0.08",",,N",,,,
"US1LAWS0004","30.858","-89.974","100.6","2021-10-21",,,"0.11",",,N",,,,
"US1LAWS0004","30.858","-89.974","100.6","2021-10-22",,,"0.00",",,N","0.0",",,N",,
"US1LAWS0004","30.858","-89.974","100.6","2021-10-23",,,"0.00",",,N","0.0",",,N",,
"US1LAWS0004","30.858","-89.974","100.6","2021-10-24",,,"0.00",",,N","0.0",",,N",,
"US1LAWS0004","30.858","-89.974","100.6","2021-10-25",,,"0.00",",,N","0.0",",,N",,
"US1LAWS0004","30.858","-89.974","100.6","2021-10-26",,,"0.00",",,N","0.0",",,N",,
"US1LAWS0004","30.858","-89.974","100.6","2021-10-27",,,"0.00",",,N","0.0",",,N",,
"US1LAWS0004","30.858","-89.974","100.6","2021-10-28",,,"4.02",",,N","0.0",",,N",,
"US1LAWS0004","30.858","-89.974","100.6","2021-10-29",,,"0.00",",,N","0.0",",,N",,
"US1LAWS0004","30.858","-89.974","100.6","2021-10-30",,,"0.00",",,N","0.0",",,N",,
"US1LAWS0004","30.858","-89.974","100.6","2021-10-31",,,"0.00",",,N","0.0",",,N",,
"US1LADS0006","32.321724","-93.75777","55.5","2021-08-02",,,"0.41",",,N",,,,
"US1LADS0006","32.321724","-93.75777","55.5","2021-08-09",,,"0.00",",,N","0.0",",,N",,
"US1LADS0006","32.321724","-93.75777","55.5","2021-08-10",,,"0.00",",,N","0.0",",,N",,
"US1LADS0006","32.321724","-93.75777","55.5","2021-08-11",,,"0.00",",,N","0.0",",,N",,
"US1LADS0006","32.321724","-93.75777","55.5","2021-08-12",,,"0.00",",,N","0.0",",,N",,
"US1LADS0006","32.321724","-93.75777","55.5","2021-08-13",,,"0.00",",,N","0.0",",,N",,
"US1LADS0006","32.321724","-93.75777","55.5","2021-08-14",,,"0.00",",,N","0.0",",,N",,
"US1LADS0006","32.321724","-93.75777","55.5","2021-08-15",,,"0.23",",,N",,,,
"US1LADS0006","32.321724","-93.75777","55.5","2021-08-16",,,"0.10",",,N",,,,
"US1LADS0006","32.321724","-93.75777","55.5","2021-08-17",,,"0.00","T,,N",,,,
"US1LADS0006","32.321724","-93.75777","55.5","2021-08-18",,,"1.06",",,N",,,,
"US1LADS0006","32.321724","-93.75777","55.5","2021-08-19",,,"0.23",",,N",,,,
"US1LADS0006","32.321724","-93.75777","55.5","2021-08-20",,,"0.19",",,N",,,,
"US1LADS0006","32.321724","-93.75777","55.5","2021-08-21",,,"0.00",",,N","0.0",",,N",,
"US1LADS0006","32.321724","-93.75777","55.5","2021-08-22",,,"0.00",",,N","0.0",",,N",,
"US1LADS0006","32.321724","-93.75777","55.5","2021-08-23",,,"0.00",",,N","0.0",",,N",,
"US1LADS0006","32.321724","-93.75777","55.5","2021-08-24",,,"0.00",",,N","0.0",",,N",,
"US1LADS0006","32.321724","-93.75777","55.5","2021-08-25",,,"0.00",",,N","0.0",",,N",,
"US1LADS0006","32.321724","-93.75777","55.5","2021-08-26",,,"0.00",",,N","0.0",",,N",,
"US1LADS0006","32.321724","-93.75777","55.5","2021-08-27",,,"0.04",",,N",,,,
"US1LADS0006","32.321724","-93.75777","55.5","2021-08-28",,,"0.00",",,N","0.0",",,N",,
"US1LADS0006","32.321724","-93.75777","55.5","2021-08-29",,,"0.17",",,N",,,,
"US1LADS0006","32.321724","-93.75777","55.5","2021-08-30",,,"0.23",",,N",,,,
"US1LADS0006","32.321724","-93.75777","55.5","2021-08-31",,,"0.00",",,N","0.0",",,N",,
"US1LADS0006","32.321724","-93.75777","55.5","2021-09-01",,,"0.00",",,N","0.0",",,N",,
"US1LADS0006","32.321724","-93.75777","55.5","2021-09-02",,,"0.00",",,N","0.0",",,N",,
"US1LADS0006","32.321724","-93.75777","55.5","2021-09-03",,,"0.02",",,N",,,,
"US1LADS0006","32.321724","-93.75777","55.5","2021-09-04",,,"0.00",",,N","0.0",",,N",,
"US1LADS0006","32.321724","-93.75777","55.5","2021-09-05",,,"0.00",",,N","0.0",",,N",,
"US1LADS0006","32.321724","-93.75777","55.5","2021-09-06",,,"0.58",",,N",,,,
"US1LADS0006","32.321724","-93.75777","55.5","2021-09-07",,,"0.00",",,N","0.0",",,N",,
"US1LADS0006","32.321724","-93.75777","55.5","2021-09-08",,,"0.00",",,N","0.0",",,N",,
"US1LADS0006","32.321724","-93.75777","55.5","2021-09-09",,,"0.00",",,N","0.0",",,N",,
"US1LADS0006","32.321724","-93.75777","55.5","2021-09-10",,,"0.00",",,N","0.0",",,N",,
"US1LADS0006","32.321724","-93.75777","55.5","2021-09-11",,,"0.00",",,N","0.0",",,N",,
"US1LADS0006","32.321724","-93.75777","55.5","2021-09-12",,,"0.00",",,N","0.0",",,N",,
"US1LADS0006","32.321724","-93.75777","55.5","2021-09-13",,,"0.00",",,N","0.0",",,N",,
"US1LADS0006","32.321724","-93.75777","55.5","2021-09-14",,,"0.12",",,N",,,,
"US1LADS0006","32.321724","-93.75777","55.5","2021-09-15",,,"0.05",",,N",,,,
"US1LADS0006","32.321724","-93.75777","55.5","2021-09-16",,,"0.00",",,N","0.0",",,N",,
"US1LADS0006","32.321724","-93.75777","55.5","2021-09-17",,,"0.00",",,N","0.0",",,N",,
"US1LADS0006","32.321724","-93.75777","55.5","2021-09-18",,,"0.00",",,N","0.0",",,N",,
"US1LADS0006","32.321724","-93.75777","55.5","2021-09-19",,,"0.00",",,N","0.0",",,N",,
"US1LADS0006","32.321724","-93.75777","55.5","2021-09-20",,,"0.00","T,,N",,,,
"US1LADS0006","32.321724","-93.75777","55.5","2021-09-21",,,"0.00",",,N","0.0",",,N",,
"US1LADS0006","32.321724","-93.75777","55.5","2021-09-22",,,"0.00","T,,N",,,,
"US1LADS0006","32.321724","-93.75777","55.5","2021-09-23",,,"0.00",",,N","0.0",",,N",,
"US1LADS0006","32.321724","-93.75777","55.5","2021-09-24",,,"0.00",",,N","0.0",",,N",,
"US1LADS0006","32.321724","-93.75777","55.5","2021-09-25",,,"0.00",",,N","0.0",",,N",,
"US1LADS0006","32.321724","-93.75777","55.5","2021-09-26",,,"0.00",",,N","0.0",",,N",,
"US1LADS0006","32.321724","-93.75777","55.5","2021-09-27",,,"0.00",",,N","0.0",",,N",,
"US1LADS0006","32.321724","-93.75777","55.5","2021-09-28",,,"0.00",",,N","0.0",",,N",,
"US1LADS0006","32.321724","-93.75777","55.5","2021-09-29",,,"0.00",",,N","0.0",",,N",,
"US1LADS0006","32.321724","-93.75777","55.5","2021-09-30",,,"0.04",",,N",,,,
"US1LADS0006","32.321724","-93.75777","55.5","2021-10-01",,,"0.71",",,N",,,,
"US1LADS0006","32.321724","-93.75777","55.5","2021-10-02",,,"0.96",",,N",,,,
"US1LADS0006","32.321724","-93.75777","55.5","2021-10-03",,,"0.13",",,N",,,,
"US1LADS0006","32.321724","-93.75777","55.5","2021-10-04",,,"0.00",",,N","0.0",",,N",,
"US1LADS0006","32.321724","-93.75777","55.5","2021-10-05",,,"0.00",",,N","0.0",",,N",,
"US1LADS0006","32.321724","-93.75777","55.5","2021-10-06",,,"0.00",",,N","0.0",",,N",,
"US1LADS0006","32.321724","-93.75777","55.5","2021-10-07",,,"0.00",",,N","0.0",",,N",,
"US1LADS0006","32.321724","-93.75777","55.5","2021-10-08",,,"0.00",",,N","0.0",",,N",,
"US1LADS0006","32.321724","-93.75777","55.5","2021-10-09",,,"0.00",",,N","0.0",",,N",,
"US1LADS0006","32.321724","-93.75777","55.5","2021-10-11",,,"0.08",",,N",,,,
"US1LADS0006","32.321724","-93.75777","55.5","2021-10-12",,,"0.00",",,N","0.0",",,N",,
"US1LADS0006","32.321724","-93.75777","55.5","2021-10-13",,,"0.12",",,N",,,,
"US1LADS0006","32.321724","-93.75777","55.5","2021-10-14",,,"0.00",",,N","0.0",",,N",,
"US1LADS0006","32.321724","-93.75777","55.5","2021-10-15",,,"0.00",",,N","0.0",",,N",,
"US1LADS0006","32.321724","-93.75777","55.5","2021-10-16",,,"0.00",",,N","0.0",",,N",,
"US1LADS0006","32.321724","-93.75777","55.5","2021-10-17",,,"0.00",",,N","0.0",",,N",,
"US1LADS0006","32.321724","-93.75777","55.5","2021-10-18",,,"0.00",",,N","0.0",",,N",,
"US1LADS0006","32.321724","-93.75777","55.5","2021-10-19",,,"0.00",",,N","0.0",",,N",,
"US1LADS0006","32.321724","-93.75777","55.5","2021-10-20",,,"0.00",",,N","0.0",",,N",,
"US1LADS0006","32.321724","-93.75777","55.5","2021-10-21",,,"0.00",",,N","0.0",",,N",,
"US1LADS0006","32.321724","-93.75777","55.5","2021-10-22",,,"0.00",",,N","0.0",",,N",,
"US1LADS0006","32.321724","-93.75777","55.5","2021-10-23",,,"0.00",",,N","0.0",",,N",,
"US1LADS0006","32.321724","-93.75777","55.5","2021-10-24",,,"0.00",",,N","0.0",",,N",,
"US1LADS0006","32.321724","-93.75777","55.5","2021-10-25",,,"0.00",",,N","0.0",",,N",,
"US1LADS0006","32.321724","-93.75777","55.5","2021-10-26",,,"0.00",",,N","0.0",",,N",,
"US1LADS0006","32.321724","-93.75777","55.5","2021-10-27",,,"0.02",",,N",,,,
"US1LADS0006","32.321724","-93.75777","55.5","2021-10-28",,,"1.62",",,N",,,,
"US1LADS0006","32.321724","-93.75777","55.5","2021-10-29",,,"0.00",",,N","0.0",",,N",,
"US1LADS0006","32.321724","-93.75777","55.5","2021-10-30",,,"0.00",",,N","0.0",",,N",,
"US1LADS0006","32.321724","-93.75777","55.5","2021-10-31",,,"0.00",",,N","0.0",",,N",,
"US1LADS0006","32.321724","-93.75777","55.5","2021-11-01",,,"0.00",",,N","0.0",",,N",,
"US1LADS0006","32.321724","-93.75777","55.5","2021-11-02",,,"0.00",",,N","0.0",",,N",,
"US1LADS0006","32.321724","-93.75777","55.5","2021-11-03",,,"0.00",",,N","0.0",",,N",,
"US1LADS0006","32.321724","-93.75777","55.5","2021-11-04",,,"0.20",",,N",,,,
"US1LADS0006","32.321724","-93.75777","55.5","2021-11-05",,,"0.00",",,N","0.0",",,N",,
"US1LADS0006","32.321724","-93.75777","55.5","2021-11-06",,,"0.00",",,N","0.0",",,N",,
"US1LADS0006","32.321724","-93.75777","55.5","2021-11-07",,,"0.00",",,N","0.0",",,N",,
"US1LADS0006","32.321724","-93.75777","55.5","2021-11-08",,,"0.00",",,N","0.0",",,N",,
"US1LADS0006","32.321724","-93.75777","55.5","2021-11-09",,,"0.00",",,N","0.0",",,N",,
"US1LADS0006","32.321724","-93.75777","55.5","2021-11-10",,,"0.00",",,N","0.0",",,N",,
"US1LADS0006","32.321724","-93.75777","55.5","2021-11-11",,,"0.68",",,N",,,,
"US1LADS0006","32.321724","-93.75777","55.5","2021-11-12",,,"0.00",",,N","0.0",",,N",,
"US1LADS0006","32.321724","-93.75777","55.5","2021-11-13",,,"0.00",",,N","0.0",",,N",,
"US1LADS0006","32.321724","-93.75777","55.5","2021-11-14",,,"0.00",",,N","0.0",",,N",,
"US1LADS0006","32.321724","-93.75777","55.5","2021-11-15",,,"0.00",",,N","0.0",",,N",,
"US1LADS0006","32.321724","-93.75777","55.5","2021-11-16",,,"0.00",",,N","0.0",",,N",,
"US1LADS0006","32.321724","-93.75777","55.5","2021-11-17",,,"0.00",",,N","0.0",",,N",,
"US1LADS0006","32.321724","-93.75777","55.5","2021-11-18",,,"0.03",",,N",,,,
"US1LADS0006","32.321724","-93.75777","55.5","2021-11-19",,,"0.00",",,N","0.0",",,N",,
"US1LADS0006","32.321724","-93.75777","55.5","2021-11-20",,,"0.00",",,N","0.0",",,N",,
"US1LADS0006","32.321724","-93.75777","55.5","2021-11-21",,,"0.00",",,N","0.0",",,N",,
"US1LADS0006","32.321724","-93.75777","55.5","2021-11-22",,,"0.72",",,N",,,,
"US1LADS0006","32.321724","-93.75777","55.5","2021-11-23",,,"0.00",",,N","0.0",",,N",,
"US1LADS0006","32.321724","-93.75777","55.5","2021-11-24",,,"0.00",",,N","0.0",",,N",,
"US1LADS0006","32.321724","-93.75777","55.5","2021-11-25",,,"0.96",",,N",,,,
"US1LADS0006","32.321724","-93.75777","55.5","2021-11-26",,,"0.09",",,N",,,,
"US1LADS0006","32.321724","-93.75777","55.5","2021-11-27",,,"0.00",",,N","0.0",",,N",,
"US1LADS0006","32.321724","-93.75777","55.5","2021-11-28",,,"0.13",",,N",,,,
"US1MEOX0028","44.13489","-70.54943","198.1","2021-08-01",,,"0.00",",,N","0.0",",,N",,
"US1MEOX0028","44.13489","-70.54943","198.1","2021-08-03",,,"0.00",",,N","0.0",",,N",,
"US1MEOX0028","44.13489","-70.54943","198.1","2021-08-04",,,"0.00",",,N","0.0",",,N",,
"US1MEOX0028","44.13489","-70.54943","198.1","2021-08-05",,,"0.00",",,N","0.0",",,N",,
"US1MEOX0028","44.13489","-70.54943","198.1","2021-08-08",,,"0.00",",,N","0.0",",,N",,
"US1MEOX0028","44.13489","-70.54943","198.1","2021-08-09",,,"0.00",",,N","0.0",",,N",,
"US1MEOX0028","44.13489","-70.54943","198.1","2021-08-10",,,"0.00",",,N","0.0",",,N",,
"US1MEOX0028","44.13489","-70.54943","198.1","2021-08-11",,,"0.00","T,,N",,,,
"US1MEOX0028","44.13489","-70.54943","198.1","2021-08-14",,,"0.00",",,N","0.0",",,N",,
"US1MEOX0028","44.13489","-70.54943","198.1","2021-08-15",,,"0.00",",,N","0.0",",,N",,
"US1MEOX0028","44.13489","-70.54943","198.1","2021-08-16",,,"0.00",",,N","0.0",",,N",,
"US1MEOX0028","44.13489","-70.54943","198.1","2021-08-17",,,"0.00",",,N","0.0",",,N",,
"US1MEOX0028","44.13489","-70.54943","198.1","2021-08-20",,,,,,,,
"US1MEOX0028","44.13489","-70.54943","198.1","2021-08-25",,,"0.00",",,N","0.0",",,N",,
"US1MEOX0028","44.13489","-70.54943","198.1","2021-08-26",,,"0.00",",,N","0.0",",,N",,
"US1MEOX0028","44.13489","-70.54943","198.1","2021-08-27",,,"0.00",",,N","0.0",",,N",,
"US1MEOX0028","44.13489","-70.54943","198.1","2021-08-28",,,"0.00",",,N","0.0",",,N",,
"US1MEOX0028","44.13489","-70.54943","198.1","2021-08-30",,,"0.00",",,N","0.0",",,N",,
"US1MEOX0028","44.13489","-70.54943","198.1","2021-08-31",,,"0.00","T,,N",,,,
"US1MEOX0028","44.13489","-70.54943","198.1","2021-09-01",,,"0.00",",,N","0.0",",,N",,
"US1MEOX0028","44.13489","-70.54943","198.1","2021-09-02",,,"1.10",",,N",,,,
"US1MEOX0028","44.13489","-70.54943","198.1","2021-09-05",,,"0.00",",,N","0.0",",,N",,
"US1MEOX0028","44.13489","-70.54943","198.1","2021-09-06",,,"0.11",",,N",,,,
"US1MEOX0028","44.13489","-70.54943","198.1","2021-09-09",,,"0.57",",,N",,,,
"US1MEOX0028","44.13489","-70.54943","198.1","2021-09-10",,,"0.83",",,N",,,,
"US1MEOX0028","44.13489","-70.54943","198.1","2021-09-11",,,"0.00",",,N","0.0",",,N",,
"US1MEOX0028","44.13489","-70.54943","198.1","2021-09-12",,,"0.00",",,N","0.0",",,N",,
"US1MEOX0028","44.13489","-70.54943","198.1","2021-09-13",,,"0.00",",,N","0.0",",,N",,
"US1MEOX0028","44.13489","-70.54943","198.1","2021-09-14",,,"0.00",",,N","0.0",",,N",,
"US1MEOX0028","44.13489","-70.54943","198.1","2021-09-15",,,"0.00",",,N","0.0",",,N",,
"US1MEOX0028","44.13489","-70.54943","198.1","2021-09-16",,,"0.27",",,N",,,,
"US1MEOX0028","44.13489","-70.54943","198.1","2021-09-21",,,"0.00",",,N","0.0",",,N",,
"US1MEOX0028","44.13489","-70.54943","198.1","2021-09-25",,,"0.43",",,N",,,,
"US1MEOX0028","44.13489","-70.54943","198.1","2021-09-29",,,"0.00",",,N","0.0",",,N",,
"US1MEOX0028","44.13489","-70.54943","198.1","2021-10-01",,,"0.00",",,N","0.0",",,N",,
"US1MEOX0028","44.13489","-70.54943","198.1","2021-10-05",,,"0.00",",,N","0.0",",,N",,
"US1MEOX0028","44.13489","-70.54943","198.1","2021-10-07",,,"0.00",",,N","0.0",",,N",,
"US1MEOX0028","44.13489","-70.54943","198.1","2021-10-08",,,"0.00",",,N","0.0",",,N",,
"US1MEOX0028","44.13489","-70.54943","198.1","2021-10-09",,,"0.00",",,N","0.0",",,N",,
"US1MEOX0028","44.13489","-70.54943","198.1","2021-10-13",,,"0.00",",,N","0.0",",,N",,
"US1MEOX0028","44.13489","-70.54943","198.1","2021-10-14",,,"0.00",",,N","0.0",",,N",,
"US1MEOX0028","44.13489","-70.54943","198.1","2021-10-15",,,"0.00",",,N","0.0",",,N",,
"US1MEOX0028","44.13489","-70.54943","198.1","2021-10-18",,,,,,,,
"US1MEOX0028","44.13489","-70.54943","198.1","2021-10-21",,,"0.00",",,N","0.0",",,N",,
"US1MEOX0028","44.13489","-70.54943","198.1","2021-10-23",,,"0.00",",,N","0.0",",,N",,
"US1MEOX0028","44.13489","-70.54943","198.1","2021-11-01",,,,,,,,
"US1MEOX0028","44.13489","-70.54943","198.1","2021-11-02",,,"0.00",",,N","0.0",",,N",,
"US1MEOX0028","44.13489","-70.54943","198.1","2021-11-04",,,"0.00",",,N","0.0",",,N",,
"US1MEOX0028","44.13489","-70.54943","198.1","2021-11-08",,,"0.00",",,N","0.0",",,N",,
"US1MEOX0028","44.13489","-70.54943","198.1","2021-11-13",,,"1.47",",,N",,,,
"US1MEOX0028","44.13489","-70.54943","198.1","2021-11-21",,,"0.00",",,N","0.0",",,N",,
"US1MEOX0028","44.13489","-70.54943","198.1","2021-11-22",,,"0.33",",,N",,,,
"US1MEOX0029","44.4084","-70.4401","201.8","2021-08-01",,,"0.00",",,N","0.0",",,N",,
"US1MEOX0029","44.4084","-70.4401","201.8","2021-08-02",,,"0.33",",,N","0.0",",,N",,
"US1MEOX0029","44.4084","-70.4401","201.8","2021-08-03",,,"0.03",",,N","0.0",",,N",,
"US1MEOX0029","44.4084","-70.4401","201.8","2021-08-04",,,"0.00",",,N","0.0",",,N",,
"US1MEOX0029","44.4084","-70.4401","201.8","2021-08-05",,,"0.00",",,N","0.0",",,N",,
"US1MEOX0029","44.4084","-70.4401","201.8","2021-08-06",,,"0.06",",,N","0.0",",,N",,
"US1MEOX0029","44.4084","-70.4401","201.8","2021-08-07",,,"0.00",",,N","0.0",",,N",,
"US1MEOX0029","44.4084","-70.4401","201.8","2021-08-08",,,"0.15",",,N","0.0",",,N",,
"US1MEOX0029","44.4084","-70.4401","201.8","2021-08-09",,,"0.00",",,N","0.0",",,N",,
"US1MEOX0029","44.4084","-70.4401","201.8","2021-08-10",,,"0.00",",,N","0.0",",,N",,
"US1MEOX0029","44.4084","-70.4401","201.8","2021-08-11",,,"0.01",",,N","0.0",",,N",,
"US1MEOX0029","44.4084","-70.4401","201.8","2021-08-12",,,"0.00",",,N","0.0",",,N",,
"US1MEOX0029","44.4084","-70.4401","201.8","2021-08-13",,,"0.12",",,N","0.0",",,N",,
"US1MEOX0029","44.4084","-70.4401","201.8","2021-08-15",,,,,,,,
"US1MEOX0029","44.4084","-70.4401","201.8","2021-08-16",,,"0.00",",,N","0.0",",,N",,
"US1MEOX0029","44.4084","-70.4401","201.8","2021-08-17",,,"0.00",",,N","0.0",",,N",,
"US1MEOX0029","44.4084","-70.4401","201.8","2021-08-18",,,"0.00",",,N","0.0",",,N",,
"US1MEOX0029","44.4084","-70.4401","201.8","2021-08-19",,,"0.21",",,N","0.0",",,N",,
"US1MEOX0029","44.4084","-70.4401","201.8","2021-08-20",,,"0.22",",,N","0.0",",,N",,
"US1MEOX0029","44.4084","-70.4401","201.8","2021-08-21",,,"0.01",",,N","0.0",",,N",,
"US1MEOX0029","44.4084","-70.4401","201.8","2021-08-22",,,"0.13",",,N","0.0",",,N",,
"US1MEOX0029","44.4084","-70.4401","201.8","2021-08-23",,,"0.34",",,N","0.0",",,N",,
"US1MEOX0029","44.4084","-70.4401","201.8","2021-08-24",,,"0.21",",,N","0.0",",,N",,
"US1MEOX0029","44.4084","-70.4401","201.8","2021-08-25",,,"0.00",",,N","0.0",",,N",,
"US1MEOX0029","44.4084","-70.4401","201.8","2021-08-26",,,"0.00",",,N","0.0",",,N",,
"US1MEOX0029","44.4084","-70.4401","201.8","2021-08-27",,,"0.00",",,N","0.0",",,N",,
"US1MEOX0029","44.4084","-70.4401","201.8","2021-08-28",,,"0.00",",,N","0.0",",,N",,
"US1MEOX0029","44.4084","-70.4401","201.8","2021-08-29",,,"0.28",",,N","0.0",",,N",,
"US1MEOX0029","44.4084","-70.4401","201.8","2021-08-30",,,"0.03",",,N","0.0",",,N",,
"US1MEOX0029","44.4084","-70.4401","201.8","2021-08-31",,,"0.28",",,N","0.0",",,N",,
"US1MEOX0029","44.4084","-70.4401","201.8","2021-09-01",,,"0.00",",,N","0.0",",,N",,
"US1MEOX0029","44.4084","-70.4401","201.8","2021-09-02",,,"0.83",",,N","0.0",",,N",,
"US1MEOX0029","44.4084","-70.4401","201.8","2021-09-03",,,"0.08",",,N","0.0",",,N",,
"US1MEOX0029","44.4084","-70.4401","201.8","2021-09-04",,,"0.02",",,N","0.0",",,N",,
"US1MEOX0029","44.4084","-70.4401","201.8","2021-09-05",,,"0.00",",,N","0.0",",,N",,
"US1MEOX0029","44.4084","-70.4401","201.8","2021-09-06",,,"0.22",",,N","0.0",",,N",,
"US1MEOX0029","44.4084","-70.4401","201.8","2021-09-07",,,"0.05",",,N","0.0",",,N",,
"US1MEOX0029","44.4084","-70.4401","201.8","2021-09-09",,,"0.30",",,N","0.0",",,N",,
"US1MEOX0029","44.4084","-70.4401","201.8","2021-09-10",,,"1.33",",,N","0.0",",,N",,
"US1MEOX0029","44.4084","-70.4401","201.8","2021-09-13",,,,,,,,
"US1MEOX0029","44.4084","-70.4401","201.8","2021-09-14",,,"0.00",",,N","0.0",",,N",,
"US1MEOX0029","44.4084","-70.4401","201.8","2021-09-15",,,"0.00",",,N","0.0",",,N",,
"US1MEOX0029","44.4084","-70.4401","201.8","2021-09-16",,,"0.85",",,N","0.0",",,N",,
"US1MEOX0029","44.4084","-70.4401","201.8","2021-09-17",,,"0.00",",,N","0.0",",,N",,
"US1MEOX0029","44.4084","-70.4401","201.8","2021-09-18",,,"0.00",",,N","0.0",",,N",,
"US1MEOX0029","44.4084","-70.4401","201.8","2021-09-19",,,"0.01",",,N","0.0",",,N",,
"US1MEOX0029","44.4084","-70.4401","201.8","2021-09-20",,,"0.00",",,N","0.0",",,N",,
"US1MEOX0029","44.4084","-70.4401","201.8","2021-09-21",,,"0.00",",,N","0.0",",,N",,
"US1MEOX0029","44.4084","-70.4401","201.8","2021-09-22",,,"0.00",",,N","0.0",",,N",,
"US1MEOX0029","44.4084","-70.4401","201.8","2021-09-23",,,"0.12",",,N","0.0",",,N",,
"US1MEOX0029","44.4084","-70.4401","201.8","2021-09-24",,,"0.02",",,N","0.0",",,N",,
"US1MEOX0029","44.4084","-70.4401","201.8","2021-09-25",,,"0.50",",,N","0.0",",,N",,
"US1MEOX0029","44.4084","-70.4401","201.8","2021-09-26",,,"0.01",",,N","0.0",",,N",,
"US1MEOX0029","44.4084","-70.4401","201.8","2021-09-27",,,"0.00",",,N","0.0",",,N",,
"US1MEOX0029","44.4084","-70.4401","201.8","2021-09-28",,,"0.02",",,N","0.0",",,N",,
"US1MEOX0029","44.4084","-70.4401","201.8","2021-09-29",,,"0.00",",,N","0.0",",,N",,
"US1MEOX0029","44.4084","-70.4401","201.8","2021-09-30",,,"0.02",",,N","0.0",",,N",,
"US1MEOX0029","44.4084","-70.4401","201.8","2021-10-01",,,"0.01",",,N","0.0",",,N",,
"US1MEOX0029","44.4084","-70.4401","201.8","2021-10-02",,,"0.00",",,N","0.0",",,N",,
"US1MEOX0029","44.4084","-70.4401","201.8","2021-10-03",,,"0.02",",,N","0.0",",,N",,
"US1MEOX0029","44.4084","-70.4401","201.8","2021-10-04",,,"0.16",",,N","0.0",",,N",,
"US1MEOX0029","44.4084","-70.4401","201.8","2021-10-05",,,"0.00",",,N","0.0",",,N",,
"US1MEOX0029","44.4084","-70.4401","201.8","2021-10-06",,,"0.00",",,N","0.0",",,N",,
"US1MEOX0029","44.4084","-70.4401","201.8","2021-10-07",,,"0.00",",,N","0.0",",,N",,
"US1MEOX0029","44.4084","-70.4401","201.8","2021-10-08",,,"0.00",",,N","0.0",",,N",,
"US1MEOX0029","44.4084","-70.4401","201.8","2021-10-09",,,"0.00",",,N","0.0",",,N",,
"US1MEOX0029","44.4084","-70.4401","201.8","2021-10-10",,,"0.00",",,N","0.0",",,N",,
"US1MEOX0029","44.4084","-70.4401","201.8","2021-10-11",,,"0.00",",,N","0.0",",,N",,
"US1MEOX0029","44.4084","-70.4401","201.8","2021-10-12",,,"0.00",",,N","0.0",",,N",,
"US1MEOX0029","44.4084","-70.4401","201.8","2021-10-13",,,"0.00",",,N","0.0",",,N",,
"US1MEOX0029","44.4084","-70.4401","201.8","2021-10-14",,,"0.00",",,N","0.0",",,N",,
"US1MEOX0029","44.4084","-70.4401","201.8","2021-10-15",,,"0.00",",,N","0.0",",,N",,
"US1MEOX0029","44.4084","-70.4401","201.8","2021-10-16",,,"0.19",",,N","0.0",",,N",,
"US1MEOX0029","44.4084","-70.4401","201.8","2021-10-17",,,"0.63",",,N","0.0",",,N",,
"US1MEOX0029","44.4084","-70.4401","201.8","2021-10-18",,,"0.00","T,,N","0.0",",,N",,
"US1MEOX0029","44.4084","-70.4401","201.8","2021-10-19",,,"0.00","T,,N","0.0",",,N",,
"US1MEOX0029","44.4084","-70.4401","201.8","2021-10-20",,,"0.00",",,N","0.0",",,N",,
"US1MEOX0029","44.4084","-70.4401","201.8","2021-10-21",,,"0.02",",,N","0.0",",,N",,
"US1MEOX0029","44.4084","-70.4401","201.8","2021-10-22",,,"0.13",",,N","0.0",",,N",,
"US1MEOX0029","44.4084","-70.4401","201.8","2021-10-23",,,"0.00",",,N","0.0",",,N",,
"US1MEOX0029","44.4084","-70.4401","201.8","2021-10-24",,,"0.00",",,N","0.0",",,N",,
"US1MEOX0029","44.4084","-70.4401","201.8","2021-10-25",,,"0.00",",,N","0.0",",,N",,
"US1MEOX0029","44.4084","-70.4401","201.8","2021-10-26",,,"0.29",",,N","0.0",",,N",,
"US1MEOX0029","44.4084","-70.4401","201.8","2021-10-27",,,"0.31",",,N","0.0",",,N",,
"US1MEOX0029","44.4084","-70.4401","201.8","2021-10-28",,,"0.00",",,N","0.0",",,N",,
"US1MEOX0029","44.4084","-70.4401","201.8","2021-10-29",,,"0.00",",,N","0.0",",,N",,
"US1MEOX0029","44.4084","-70.4401","201.8","2021-10-30",,,"0.02",",,N","0.0",",,N",,
"US1MEOX0029","44.4084","-70.4401","201.8","2021-10-31",,,"1.52",",,N","0.0",",,N",,
"US1MEOX0029","44.4084","-70.4401","201.8","2021-11-01",,,"0.33",",,N","0.0",",,N",,
"US1MEOX0029","44.4084","-70.4401","201.8","2021-11-02",,,"0.00",",,N","0.0",",,N",,
"US1MEOX0029","44.4084","-70.4401","201.8","2021-11-03",,,"0.00","T,,N","0.0",",,N",,
"US1MEOX0029","44.4084","-70.4401","201.8","2021-11-04",,,"0.00",",,N","0.0",",,N",,
"US1MEOX0029","44.4084","-70.4401","201.8","2021-11-05",,,"0.00",",,N","0.0",",,N",,
"US1MEOX0029","44.4084","-70.4401","201.8","2021-11-06",,,"0.00",",,N","0.0",",,N",,
"US1MEOX0029","44.4084","-70.4401","201.8","2021-11-07",,,"0.00",",,N","0.0",",,N",,
"US1MEOX0029","44.4084","-70.4401","201.8","2021-11-08",,,"0.00",",,N","0.0",",,N",,
"US1MEOX0029","44.4084","-70.4401","201.8","2021-11-09",,,"0.00",",,N","0.0",",,N",,
"US1MEOX0029","44.4084","-70.4401","201.8","2021-11-10",,,"0.08",",,N","0.0",",,N",,
"US1MEOX0029","44.4084","-70.4401","201.8","2021-11-11",,,"0.00",",,N","0.0",",,N",,
"US1MEOX0029","44.4084","-70.4401","201.8","2021-11-12",,,"0.00",",,N","0.0",",,N",,
"US1MEOX0029","44.4084","-70.4401","201.8","2021-11-13",,,"1.42",",,N","0.0",",,N",,
"US1MEOX0029","44.4084","-70.4401","201.8","2021-11-14",,,"0.30",",,N","0.0",",,N",,
"US1MEOX0029","44.4084","-70.4401","201.8","2021-11-15",,,"0.19",",,N","0.0",",,N",,
"US1MEOX0029","44.4084","-70.4401","201.8","2021-11-16",,,"0.00",",,N","0.0",",,N",,
"US1MEOX0029","44.4084","-70.4401","201.8","2021-11-17",,,"0.00",",,N","0.0",",,N",,
"US1MEOX0029","44.4084","-70.4401","201.8","2021-11-19",,,,,,,,
"US1MEOX0029","44.4084","-70.4401","201.8","2021-11-20",,,"0.00","T,,N","0.0",",,N",,
"US1MEOX0029","44.4084","-70.4401","201.8","2021-11-21",,,"0.00",",,N","0.0",",,N",,
"US1MEOX0029","44.4084","-70.4401","201.8","2021-11-22",,,"0.14",",,N","0.0",",,N",,
"US1MEOX0029","44.4084","-70.4401","201.8","2021-11-23",,,"0.00",",,N","0.0",",,N",,
"US1MEOX0029","44.4084","-70.4401","201.8","2021-11-24",,,"0.00",",,N","0.0",",,N",,
"US1MEOX0029","44.4084","-70.4401","201.8","2021-11-25",,,"0.00",",,N","0.0",",,N",,
"US1MEOX0029","44.4084","-70.4401","201.8","2021-11-26",,,"0.00",",,N","0.0",",,N",,
"US1MEOX0029","44.4084","-70.4401","201.8","2021-11-27",,,"0.19",",,N","0.3",",,N",,
"US1MEOX0029","44.4084","-70.4401","201.8","2021-11-28",,,"0.00",",,N","0.0",",,N",,
"US1LARR0001","32.0399","-93.3234","55.5","2021-08-02",,,,,,,,
"US1LARR0001","32.0399","-93.3234","55.5","2021-08-03",,,"0.03",",,N",,,,
"US1LARR0001","32.0399","-93.3234","55.5","2021-08-04",,,"0.00",",,N","0.0",",,N",,
"US1LARR0001","32.0399","-93.3234","55.5","2021-08-05",,,"0.00",",,N","0.0",",,N",,
"US1LARR0001","32.0399","-93.3234","55.5","2021-08-06",,,"0.00",",,N","0.0",",,N",,
"US1LARR0001","32.0399","-93.3234","55.5","2021-08-07",,,"0.00",",,N","0.0",",,N",,
"US1LARR0001","32.0399","-93.3234","55.5","2021-08-08",,,"0.00",",,N","0.0",",,N",,
"US1LARR0001","32.0399","-93.3234","55.5","2021-08-09",,,"0.00",",,N","0.0",",,N",,
"US1LARR0001","32.0399","-93.3234","55.5","2021-08-10",,,"0.00",",,N","0.0",",,N",,
"US1LARR0001","32.0399","-93.3234","55.5","2021-08-11",,,"0.00",",,N","0.0",",,N",,
"US1LARR0001","32.0399","-93.3234","55.5","2021-08-12",,,"0.00",",,N","0.0",",,N",,
"US1LARR0001","32.0399","-93.3234","55.5","2021-08-16",,,,,,,,
"US1LARR0001","32.0399","-93.3234","55.5","2021-08-17",,,"0.50",",,N",,,,
"US1LARR0001","32.0399","-93.3234","55.5","2021-08-23",,,,,,,,
"US1LARR0001","32.0399","-93.3234","55.5","2021-08-24",,,"0.00",",,N","0.0",",,N",,
"US1LARR0001","32.0399","-93.3234","55.5","2021-08-25",,,"0.00",",,N","0.0",",,N",,
"US1LARR0001","32.0399","-93.3234","55.5","2021-08-26",,,"0.00",",,N","0.0",",,N",,
"US1LARR0001","32.0399","-93.3234","55.5","2021-09-02",,,,,,,,
"US1LARR0001","32.0399","-93.3234","55.5","2021-09-09",,,,,,,,
"US1LARR0001","32.0399","-93.3234","55.5","2021-09-10",,,"0.00",",,N","0.0",",,N",,
"US1LARR0001","32.0399","-93.3234","55.5","2021-09-11",,,"0.00",",,N","0.0",",,N",,
"US1LARR0001","32.0399","-93.3234","55.5","2021-09-12",,,"0.00",",,N","0.0",",,N",,
"US1LARR0001","32.0399","-93.3234","55.5","2021-09-13",,,"0.00",",,N","0.0",",,N",,
"US1LARR0001","32.0399","-93.3234","55.5","2021-09-14",,,"0.00",",,N","0.0",",,N",,
"US1LARR0001","32.0399","-93.3234","55.5","2021-09-15",,,"0.29",",,N",,,,
"US1LARR0001","32.0399","-93.3234","55.5","2021-09-16",,,"0.04",",,N",,,,
"US1LARR0001","32.0399","-93.3234","55.5","2021-09-20",,,,,,,,
"US1LARR0001","32.0399","-93.3234","55.5","2021-09-21",,,"0.00",",,N","0.0",",,N",,
"US1LARR0001","32.0399","-93.3234","55.5","2021-09-22",,,"0.02",",,N",,,,
"US1LARR0001","32.0399","-93.3234","55.5","2021-09-23",,,"0.00",",,N","0.0",",,N",,
"US1LARR0001","32.0399","-93.3234","55.5","2021-09-24",,,"0.00",",,N","0.0",",,N",,
"US1LARR0001","32.0399","-93.3234","55.5","2021-09-25",,,"0.00",",,N","0.0",",,N",,
"US1LARR0001","32.0399","-93.3234","55.5","2021-09-26",,,"0.00",",,N","0.0",",,N",,
"US1LARR0001","32.0399","-93.3234","55.5","2021-09-27",,,"0.00",",,N","0.0",",,N",,
"US1LARR0001","32.0399","-93.3234","55.5","2021-09-28",,,"0.00",",,N","0.0",",,N",,
"US1LARR0001","32.0399","-93.3234","55.5","2021-09-29",,,"0.00",",,N","0.0",",,N",,
"US1LARR0001","32.0399","-93.3234","55.5","2021-09-30",,,"0.21",",,N",,,,
"US1LARR0001","32.0399","-93.3234","55.5","2021-10-04",,,,,,,,
"US1LARR0001","32.0399","-93.3234","55.5","2021-10-05",,,"0.00",",,N","0.0",",,N",,
"US1LARR0001","32.0399","-93.3234","55.5","2021-10-06",,,"0.05",",,N",,,,
"US1LARR0001","32.0399","-93.3234","55.5","2021-10-07",,,"0.00",",,N","0.0",",,N",,
"US1LARR0001","32.0399","-93.3234","55.5","2021-10-08",,,"0.00",",,N","0.0",",,N",,
"US1LARR0001","32.0399","-93.3234","55.5","2021-10-09",,,"0.00",",,N","0.0",",,N",,
"US1LARR0001","32.0399","-93.3234","55.5","2021-10-10",,,"0.00",",,N","0.0",",,N",,
"US1LARR0001","32.0399","-93.3234","55.5","2021-10-11",,,"0.00",",,N","0.0",",,N",,
"US1LARR0001","32.0399","-93.3234","55.5","2021-10-12",,,"0.02",",,N",,,,
"US1LARR0001","32.0399","-93.3234","55.5","2021-10-13",,,"0.00",",,N","0.0",",,N",,
"US1LARR0001","32.0399","-93.3234","55.5","2021-10-14",,,"0.00",",,N","0.0",",,N",,
"US1LARR0001","32.0399","-93.3234","55.5","2021-10-15",,,"0.00",",,N","0.0",",,N",,
"US1LARR0001","32.0399","-93.3234","55.5","2021-10-16",,,"0.00",",,N","0.0",",,N",,
"US1LARR0001","32.0399","-93.3234","55.5","2021-10-17",,,"0.00",",,N","0.0",",,N",,
"US1LARR0001","32.0399","-93.3234","55.5","2021-10-18",,,"0.00",",,N","0.0",",,N",,
"US1LARR0001","32.0399","-93.3234","55.5","2021-10-19",,,"0.00",",,N","0.0",",,N",,
"US1LARR0001","32.0399","-93.3234","55.5","2021-10-20",,,"0.00",",,N","0.0",",,N",,
"US1LARR0001","32.0399","-93.3234","55.5","2021-10-21",,,"0.00",",,N","0.0",",,N",,
"US1LARR0001","32.0399","-93.3234","55.5","2021-10-22",,,"0.00",",,N","0.0",",,N",,
"US1LARR0001","32.0399","-93.3234","55.5","2021-10-23",,,"0.00",",,N","0.0",",,N",,
"US1LARR0001","32.0399","-93.3234","55.5","2021-10-24",,,"0.00",",,N","0.0",",,N",,
"US1LARR0001","32.0399","-93.3234","55.5","2021-10-25",,,"0.00",",,N","0.0",",,N",,
"US1LARR0001","32.0399","-93.3234","55.5","2021-10-26",,,"0.00",",,N","0.0",",,N",,
"US1LARR0001","32.0399","-93.3234","55.5","2021-10-27",,,"0.00",",,N","0.0",",,N",,
"US1LARR0001","32.0399","-93.3234","55.5","2021-10-28",,,"1.60",",,N",,,,
"US1LARR0001","32.0399","-93.3234","55.5","2021-10-29",,,"0.00",",,N","0.0",",,N",,
"US1LARR0001","32.0399","-93.3234","55.5","2021-10-30",,,"0.00",",,N","0.0",",,N",,
"US1LARR0001","32.0399","-93.3234","55.5","2021-10-31",,,"0.00",",,N","0.0",",,N",,
"US1LARR0001","32.0399","-93.3234","55.5","2021-11-01",,,"0.00",",,N","0.0",",,N",,
"US1LARR0001","32.0399","-93.3234","55.5","2021-11-02",,,"0.00",",,N","0.0",",,N",,
"US1LARR0001","32.0399","-93.3234","55.5","2021-11-03",,,"0.00",",,N","0.0",",,N",,
"US1LARR0001","32.0399","-93.3234","55.5","2021-11-04",,,"0.35",",,N",,,,
"US1LARR0001","32.0399","-93.3234","55.5","2021-11-05",,,"0.02",",,N",,,,
"US1LARR0001","32.0399","-93.3234","55.5","2021-11-06",,,"0.00",",,N","0.0",",,N",,
"US1LARR0001","32.0399","-93.3234","55.5","2021-11-07",,,"0.00",",,N","0.0",",,N",,
"US1LARR0001","32.0399","-93.3234","55.5","2021-11-08",,,"0.00",",,N","0.0",",,N",,
"US1LARR0001","32.0399","-93.3234","55.5","2021-11-09",,,"0.00",",,N","0.0",",,N",,
"US1LARR0001","32.0399","-93.3234","55.5","2021-11-10",,,"0.00",",,N","0.0",",,N",,
"US1LARR0001","32.0399","-93.3234","55.5","2021-11-12",,,,,,,,
"US1LARR0001","32.0399","-93.3234","55.5","2021-11-13",,,"0.00",",,N","0.0",",,N",,
"US1LARR0001","32.0399","-93.3234","55.5","2021-11-14",,,"0.00",",,N","0.0",",,N",,
"US1LARR0001","32.0399","-93.3234","55.5","2021-11-15",,,"0.00",",,N","0.0",",,N",,
"US1LARR0001","32.0399","-93.3234","55.5","2021-11-16",,,"0.00",",,N","0.0",",,N",,
"US1LARR0001","32.0399","-93.3234","55.5","2021-11-17",,,"0.00",",,N","0.0",",,N",,
"US1LARR0001","32.0399","-93.3234","55.5","2021-11-18",,,"0.02",",,N",,,,
"USW00012930","29.9166","-90.1302","6.1","2021-08-01",,,"0.09",",,7,2400",,,,
"USW00012930","29.9166","-90.1302","6.1","2021-08-02",,,"1.55",",,7,2400",,,,
"USW00012930","29.9166","-90.1302","6.1","2021-08-03",,,"1.69",",,7,2400",,,,
"USW00012930","29.9166","-90.1302","6.1","2021-08-04",,,"0.00","T,,7,2400",,,,
"USW00012930","29.9166","-90.1302","6.1","2021-08-05",,,"0.00",",,7,2400",,,,
"USW00012930","29.9166","-90.1302","6.1","2021-08-06",,,"0.00",",,7,2400",,,,
"USW00012930","29.9166","-90.1302","6.1","2021-08-07",,,"0.00",",,7,2400",,,,
"USW00012930","29.9166","-90.1302","6.1","2021-08-08",,,"0.04",",,7,2400",,,,
"USW00012930","29.9166","-90.1302","6.1","2021-08-09",,,"0.33",",,7,2400",,,,
"USW00012930","29.9166","-90.1302","6.1","2021-08-10",,,"0.00",",,7,2400",,,,
"USW00012930","29.9166","-90.1302","6.1","2021-08-11",,,"0.00",",,7,2400",,,,
"USW00012930","29.9166","-90.1302","6.1","2021-08-12",,,"0.25",",,7,2400",,,,
"USW00012930","29.9166","-90.1302","6.1","2021-08-13",,,"0.27",",,7,2400",,,,
"USW00012930","29.9166","-90.1302","6.1","2021-08-14",,,"0.00",",,7,2400",,,,
"USW00012930","29.9166","-90.1302","6.1","2021-08-15",,,"0.00",",,7,2400",,,,
"USW00012930","29.9166","-90.1302","6.1","2021-08-16",,,"0.00",",,7,2400",,,,
"USW00012930","29.9166","-90.1302","6.1","2021-08-17",,,"0.33",",,7,2400",,,,
"USW00012930","29.9166","-90.1302","6.1","2021-08-18",,,"0.55",",,7,2400",,,,
"USW00012930","29.9166","-90.1302","6.1","2021-08-19",,,"0.00",",,7,2400",,,,
"USW00012930","29.9166","-90.1302","6.1","2021-08-20",,,"0.00",",,7,2400",,,,
"USW00012930","29.9166","-90.1302","6.1","2021-08-21",,,"0.00",",,7,2400",,,,
"USW00012930","29.9166","-90.1302","6.1","2021-08-22",,,"0.00",",,7,2400",,,,
"USW00012930","29.9166","-90.1302","6.1","2021-08-23",,,"0.00",",,7,2400",,,,
"USW00012930","29.9166","-90.1302","6.1","2021-08-24",,,"0.66",",,7,2400",,,,
"USW00012930","29.9166","-90.1302","6.1","2021-08-25",,,"0.02",",,7,2400",,,,
"USW00012930","29.9166","-90.1302","6.1","2021-08-26",,,"0.39",",,7,2400",,,,
"USW00012930","29.9166","-90.1302","6.1","2021-08-27",,,"0.13",",,7,2400",,,,
"USW00012930","29.9166","-90.1302","6.1","2021-08-28",,,,,,,,
"USW00012930","29.9166","-90.1302","6.1","2021-08-29",,,,,,,,
"USW00012930","29.9166","-90.1302","6.1","2021-08-30",,,,,,,,
"USW00012930","29.9166","-90.1302","6.1","2021-08-31",,,,,,,,
"USW00012930","29.9166","-90.1302","6.1","2021-09-01",,,"0.00",",,7,2400",,,,
"USW00012930","29.9166","-90.1302","6.1","2021-09-02",,,"0.00",",,7,2400",,,,
"USW00012930","29.9166","-90.1302","6.1","2021-09-03",,,"0.00",",,7,2400",,,,
"USW00012930","29.9166","-90.1302","6.1","2021-09-04",,,"0.00",",,7,2400",,,,
"USW00012930","29.9166","-90.1302","6.1","2021-09-05",,,"0.00",",,7,2400",,,,
"USW00012930","29.9166","-90.1302","6.1","2021-09-06",,,"0.00",",,7,2400",,,,
"USW00012930","29.9166","-90.1302","6.1","2021-09-07",,,"0.02",",,7,2400",,,,
"USW00012930","29.9166","-90.1302","6.1","2021-09-08",,,"0.15",",,7,2400",,,,
"USW00012930","29.9166","-90.1302","6.1","2021-09-09",,,"0.00",",,7,2400",,,,
"USW00012930","29.9166","-90.1302","6.1","2021-09-10",,,"0.00",",,7,2400",,,,
"USW00012930","29.9166","-90.1302","6.1","2021-09-11",,,"0.00",",,7,2400",,,,
"USW00012930","29.9166","-90.1302","6.1","2021-09-12",,,"0.00",",,7,2400",,,,
"USW00012930","29.9166","-90.1302","6.1","2021-09-13",,,"0.43",",,7,2400",,,,
"USW00012930","29.9166","-90.1302","6.1","2021-09-14",,,"0.09",",,7,2400",,,,
"USW00012930","29.9166","-90.1302","6.1","2021-09-15",,,"4.13",",,7,2400",,,,
"USW00012930","29.9166","-90.1302","6.1","2021-09-16",,,"1.31",",,7,2400",,,,
"USW00012930","29.9166","-90.1302","6.1","2021-09-17",,,"0.02",",,7,2400",,,,
"USW00012930","29.9166","-90.1302","6.1","2021-09-18",,,"0.06",",,7,2400",,,,
"USW00012930","29.9166","-90.1302","6.1","2021-09-19",,,"2.05",",,7,2400",,,,
"USW00012930","29.9166","-90.1302","6.1","2021-09-20",,,"0.43",",,7,2400",,,,
"USW00012930","29.9166","-90.1302","6.1","2021-09-21",,,"0.00",",,7,2400",,,,
"USW00012930","29.9166","-90.1302","6.1","2021-09-22",,,"0.00",",,7,2400",,,,
"USW00012930","29.9166","-90.1302","6.1","2021-09-23",,,"0.03",",,7,2400",,,,
"USW00012930","29.9166","-90.1302","6.1","2021-09-24",,,"0.00",",,7,2400",,,,
"USW00012930","29.9166","-90.1302","6.1","2021-09-25",,,"0.00",",,7,2400",,,,
"USW00012930","29.9166","-90.1302","6.1","2021-09-26",,,"0.00",",,7,2400",,,,
"USW00012930","29.9166","-90.1302","6.1","2021-09-27",,,"0.00",",,7,2400",,,,
"USW00012930","29.9166","-90.1302","6.1","2021-09-28",,,"0.00",",,7,2400",,,,
"USW00012930","29.9166","-90.1302","6.1","2021-09-29",,,"0.17",",,7,2400",,,,
"USW00012930","29.9166","-90.1302","6.1","2021-09-30",,,"1.04",",,7,2400",,,,
"USW00012930","29.9166","-90.1302","6.1","2021-10-03",,,"0.44",",,H,2400",,,,
"USW00012930","29.9166","-90.1302","6.1","2021-10-04",,,"0.06",",,H,2400",,,,
"USW00012930","29.9166","-90.1302","6.1","2021-10-05",,,,,,,,
"USW00012930","29.9166","-90.1302","6.1","2021-10-06",,,,,,,,
"USW00012930","29.9166","-90.1302","6.1","2021-10-07",,,"0.00",",,H,2400",,,,
"USW00012930","29.9166","-90.1302","6.1","2021-10-08",,,"0.20",",,H,2400",,,,
"USW00012930","29.9166","-90.1302","6.1","2021-10-09",,,"0.06",",,H,2400",,,,
"USW00012930","29.9166","-90.1302","6.1","2021-10-17",,,"0.00",",,H,2400",,,,
"USW00012930","29.9166","-90.1302","6.1","2021-10-18",,,"0.00",",,H,2400",,,,
"USW00012930","29.9166","-90.1302","6.1","2021-10-19",,,"0.00",",,H,2400",,,,
"USW00012930","29.9166","-90.1302","6.1","2021-10-20",,,"0.00",",,H,2400",,,,
"USW00012930","29.9166","-90.1302","6.1","2021-10-25",,,"0.00",",,H,2400",,,,
"USW00012930","29.9166","-90.1302","6.1","2021-10-26",,,"0.00",",,H,2400",,,,
"USW00012930","29.9166","-90.1302","6.1","2021-10-27",,,"0.00",",,H,2400",,,,
"USW00012930","29.9166","-90.1302","6.1","2021-10-28",,,"0.00",",,H,2400",,,,
"USW00012930","29.9166","-90.1302","6.1","2021-10-29",,,,,,,,
"USW00012930","29.9166","-90.1302","6.1","2021-10-30",,,,,,,,
"USW00012930","29.9166","-90.1302","6.1","2021-10-31",,,,,,,,
"USW00012930","29.9166","-90.1302","6.1","2021-11-01",,,"0.00",",,H,2400",,,,
"USW00012930","29.9166","-90.1302","6.1","2021-11-02",,,,,,,,
"USW00012930","29.9166","-90.1302","6.1","2021-11-03",,,,,,,,
"USW00012930","29.9166","-90.1302","6.1","2021-11-04",,,"0.00",",,H,2400",,,,
"USW00012930","29.9166","-90.1302","6.1","2021-11-05",,,"0.11",",,H,2400",,,,
"USW00012930","29.9166","-90.1302","6.1","2021-11-06",,,"0.06",",,H,2400",,,,
"USW00012930","29.9166","-90.1302","6.1","2021-11-07",,,"0.11",",,H,2400",,,,
"USW00012930","29.9166","-90.1302","6.1","2021-11-08",,,"0.12",",,H,2400",,,,
"USW00012930","29.9166","-90.1302","6.1","2021-11-09",,,"0.18",",,H,2400",,,,
"USW00012930","29.9166","-90.1302","6.1","2021-11-10",,,"0.13",",,H,2400",,,,
"USW00012930","29.9166","-90.1302","6.1","2021-11-11",,,"0.31",",,H,2400",,,,
"USW00012930","29.9166","-90.1302","6.1","2021-11-12",,,"0.14",",,H,2400",,,,
"USW00012930","29.9166","-90.1302","6.1","2021-11-13",,,"0.27",",,H,2400",,,,
"USW00012930","29.9166","-90.1302","6.1","2021-11-14",,,,,,,,
"USW00012930","29.9166","-90.1302","6.1","2021-11-15",,,,,,,,
"USW00012930","29.9166","-90.1302","6.1","2021-11-16",,,,,,,,
"USW00012930","29.9166","-90.1302","6.1","2021-11-17",,,"0.00",",,H,2400",,,,
"USW00012930","29.9166","-90.1302","6.1","2021-11-18",,,"0.23",",,H,2400",,,,
"USW00012930","29.9166","-90.1302","6.1","2021-11-19",,,"0.00",",,H,2400",,,,
"USW00012930","29.9166","-90.1302","6.1","2021-11-20",,,"0.20",",,H,2400",,,,
"USW00012930","29.9166","-90.1302","6.1","2021-11-21",,,"0.13",",,H,2400",,,,
"USW00012930","29.9166","-90.1302","6.1","2021-11-22",,,"0.00",",,H,2400",,,,
"USW00012930","29.9166","-90.1302","6.1","2021-11-23",,,"0.08",",,H,2400",,,,
"USW00012930","29.9166","-90.1302","6.1","2021-11-24",,,,,,,,
"USW00012930","29.9166","-90.1302","6.1","2021-11-25",,,"0.27",",,H,2400",,,,
"USW00012930","29.9166","-90.1302","6.1","2021-11-26",,,"0.15",",,H,2400",,,,
"USW00012930","29.9166","-90.1302","6.1","2021-11-27",,,"0.08",",,H,2400",,,,
"USW00012930","29.9166","-90.1302","6.1","2021-11-28",,,"0.04",",,H,2400",,,,
"US1LALY0006","30.252247","-92.0886673","10.7","2021-08-02",,,"0.38",",,N",,,,
"US1LALY0006","30.252247","-92.0886673","10.7","2021-08-03",,,"0.43",",,N",,,,
"US1LALY0006","30.252247","-92.0886673","10.7","2021-08-10",,,"0.50",",,N",,,,
"US1LALY0006","30.252247","-92.0886673","10.7","2021-08-11",,,"0.32",",,N",,,,
"US1LALY0006","30.252247","-92.0886673","10.7","2021-08-19",,,"0.24",",,N",,,,
"US1LALY0006","30.252247","-92.0886673","10.7","2021-08-24",,,"0.37",",,N",,,,
"US1LALY0006","30.252247","-92.0886673","10.7","2021-08-29",,,"0.25",",,N",,,,
"US1LALY0006","30.252247","-92.0886673","10.7","2021-08-31",,,"1.61",",,N",,,,
"US1LALY0006","30.252247","-92.0886673","10.7","2021-09-01",,,"0.13",",,N",,,,
"US1LALY0006","30.252247","-92.0886673","10.7","2021-09-06",,,"0.40",",,N",,,,
"US1LALY0006","30.252247","-92.0886673","10.7","2021-09-14",,,"4.78",",,N",,,,
"US1LALY0006","30.252247","-92.0886673","10.7","2021-09-15",,,"0.58",",,N",,,,
"US1LALY0006","30.252247","-92.0886673","10.7","2021-09-19",,,"0.05",",,N",,,,
"US1LALY0006","30.252247","-92.0886673","10.7","2021-09-20",,,"0.15",",,N",,,,
"US1LALY0006","30.252247","-92.0886673","10.7","2021-09-28",,,"0.11",",,N",,,,
"US1LALY0006","30.252247","-92.0886673","10.7","2021-09-29",,,"1.85",",,N",,,,
"US1LALY0006","30.252247","-92.0886673","10.7","2021-10-01",,,,,,,,
"US1LALY0006","30.252247","-92.0886673","10.7","2021-10-02",,,"0.50",",,N",,,,
"US1LALY0006","30.252247","-92.0886673","10.7","2021-10-27",,,"2.65",",,N",,,,
"US1LALY0006","30.252247","-92.0886673","10.7","2021-11-11",,,"0.03",",,N",,,,
"US1LALY0006","30.252247","-92.0886673","10.7","2021-11-18",,,"0.05",",,N",,,,
"USC00179721","44.30656","-69.97016","63.4","2021-08-01",,,"0.00",",,7,0830","0.0",",,7,0830",,
"USC00179721","44.30656","-69.97016","63.4","2021-08-02",,,"0.78",",,7,0830","0.0",",,7,0830",,
"USC00179721","44.30656","-69.97016","63.4","2021-08-03",,,"0.04",",,7,0830","0.0",",,7,0830",,
"USC00179721","44.30656","-69.97016","63.4","2021-08-04",,,"0.00",",,7,0830","0.0",",,7,0830",,
"USC00179721","44.30656","-69.97016","63.4","2021-08-05",,,"0.01",",,7,0830","0.0",",,7,0830",,
"USC00179721","44.30656","-69.97016","63.4","2021-08-06",,,"0.19",",,7,0830","0.0",",,7,0830",,
"USC00179721","44.30656","-69.97016","63.4","2021-08-07",,,"0.00",",,7,0830","0.0",",,7,0830",,
"USC00179721","44.30656","-69.97016","63.4","2021-08-08",,,"0.00",",,7,0830","0.0",",,7,0830",,
"USC00179721","44.30656","-69.97016","63.4","2021-08-09",,,"0.00",",,7,0830","0.0",",,7,0830",,
"USC00179721","44.30656","-69.97016","63.4","2021-08-10",,,"0.00","T,,7,0830","0.0",",,7,0830",,
"USC00179721","44.30656","-69.97016","63.4","2021-08-11",,,"0.00",",,7,0830","0.0",",,7,0830",,
"USC00179721","44.30656","-69.97016","63.4","2021-08-12",,,"0.01",",,7,0830","0.0",",,7,0830",,
"USC00179721","44.30656","-69.97016","63.4","2021-08-13",,,"0.00",",,7,0830","0.0",",,7,0830",,
"USC00179721","44.30656","-69.97016","63.4","2021-08-14",,,"0.00",",,7,0830","0.0",",,7,0830",,
"USC00179721","44.30656","-69.97016","63.4","2021-08-15",,,"0.34",",,7,0830","0.0",",,7,0830",,
"USC00179721","44.30656","-69.97016","63.4","2021-08-16",,,"0.00",",,7,0830","0.0",",,7,0830",,
"USC00179721","44.30656","-69.97016","63.4","2021-08-17",,,"0.00",",,7,0830","0.0",",,7,0830",,
"USC00179721","44.30656","-69.97016","63.4","2021-08-18",,,"0.04",",,7,0830","0.0",",,7,0830",,
"USC00179721","44.30656","-69.97016","63.4","2021-08-19",,,"1.03",",,7,0830","0.0",",,7,0830",,
"USC00179721","44.30656","-69.97016","63.4","2021-08-20",,,"0.75",",,7,0830","0.0",",,7,0830",,
"USC00179721","44.30656","-69.97016","63.4","2021-08-21",,,"0.00",",,7,0830","0.0",",,7,0830",,
"USC00179721","44.30656","-69.97016","63.4","2021-08-22",,,"0.00",",,7,0830","0.0",",,7,0830",,
"USC00179721","44.30656","-69.97016","63.4","2021-08-23",,,"0.44",",,7,0830","0.0",",,7,0830",,
"USC00179721","44.30656","-69.97016","63.4","2021-08-24",,,"0.02",",,7,0830","0.0",",,7,0830",,
"USC00179721","44.30656","-69.97016","63.4","2021-08-25",,,"0.00",",,7,0830","0.0",",,7,0830",,
"USC00179721","44.30656","-69.97016","63.4","2021-08-26",,,"0.00",",,7,0830","0.0",",,7,0830",,
"USC00179721","44.30656","-69.97016","63.4","2021-08-27",,,"0.00",",,7,0830","0.0",",,7,0830",,
"USC00179721","44.30656","-69.97016","63.4","2021-08-28",,,"0.00",",,7,0830","0.0",",,7,0830",,
"USC00179721","44.30656","-69.97016","63.4","2021-08-29",,,"0.27",",,7,0830","0.0",",,7,0830",,
"USC00179721","44.30656","-69.97016","63.4","2021-08-30",,,"0.00",",,7,0830","0.0",",,7,0830",,
"USC00179721","44.30656","-69.97016","63.4","2021-08-31",,,"0.11",",,7,0830","0.0",",,7,0830",,
"USC00179721","44.30656","-69.97016","63.4","2021-09-01",,,"0.00",",,7,0830","0.0",",,7,0830",,
"USC00179721","44.30656","-69.97016","63.4","2021-09-02",,,"0.95",",,7,0830","0.0",",,7,0830",,
"USC00179721","44.30656","-69.97016","63.4","2021-09-03",,,"0.01",",,7,0830","0.0",",,7,0830",,
"USC00179721","44.30656","-69.97016","63.4","2021-09-04",,,"0.01",",,7,0830","0.0",",,7,0830",,
"USC00179721","44.30656","-69.97016","63.4","2021-09-05",,,"0.00",",,7,0830","0.0",",,7,0830",,
"USC00179721","44.30656","-69.97016","63.4","2021-09-06",,,"0.06",",,7,0830","0.0",",,7,0830",,
"USC00179721","44.30656","-69.97016","63.4","2021-09-07",,,"0.10",",,7,0830","0.0",",,7,0830",,
"USC00179721","44.30656","-69.97016","63.4","2021-09-08",,,"0.00",",,7,0830","0.0",",,7,0830",,
"USC00179721","44.30656","-69.97016","63.4","2021-09-09",,,"0.19",",,7,0830","0.0",",,7,0830",,
"USC00179721","44.30656","-69.97016","63.4","2021-09-10",,,"0.77",",,7,0830","0.0",",,7,0830",,
"USC00179721","44.30656","-69.97016","63.4","2021-09-11",,,"0.00",",,7,0830","0.0",",,7,0830",,
"USC00179721","44.30656","-69.97016","63.4","2021-09-12",,,"0.00",",,7,0830","0.0",",,7,0830",,
"USC00179721","44.30656","-69.97016","63.4","2021-09-13",,,"0.00","T,,7,0830","0.0",",,7,0830",,
"USC00179721","44.30656","-69.97016","63.4","2021-09-14",,,"0.00",",,7,0830","0.0",",,7,0830",,
"USC00179721","44.30656","-69.97016","63.4","2021-09-15",,,"0.01",",,7,0830","0.0",",,7,0830",,
"USC00179721","44.30656","-69.97016","63.4","2021-09-16",,,"0.28",",,7,0830","0.0",",,7,0830",,
"USC00179721","44.30656","-69.97016","63.4","2021-09-17",,,"0.00",",,7,0830","0.0",",,7,0830",,
"USC00179721","44.30656","-69.97016","63.4","2021-09-18",,,"0.00",",,7,0830","0.0",",,7,0830",,
"USC00179721","44.30656","-69.97016","63.4","2021-09-19",,,"0.00","T,,7,0830","0.0",",,7,0830",,
"USC00179721","44.30656","-69.97016","63.4","2021-09-20",,,"0.00","T,,7,0830","0.0",",,7,0830",,
"USC00179721","44.30656","-69.97016","63.4","2021-09-21",,,"0.00","T,,7,0830","0.0",",,7,0830",,
"USC00179721","44.30656","-69.97016","63.4","2021-09-22",,,"0.01",",,7,0830","0.0",",,7,0830",,
"USC00179721","44.30656","-69.97016","63.4","2021-09-23",,,"0.00","T,,7,0830","0.0",",,7,0830",,
"USC00179721","44.30656","-69.97016","63.4","2021-09-24",,,"0.00","T,,7,0830","0.0",",,7,0830",,
"USC00179721","44.30656","-69.97016","63.4","2021-09-25",,,"1.28",",,7,0830","0.0",",,7,0830",,
"USC00179721","44.30656","-69.97016","63.4","2021-09-26",,,"0.91",",,7,0830","0.0",",,7,0830",,
"USC00179721","44.30656","-69.97016","63.4","2021-09-27",,,"0.16",",,7,0830","0.0",",,7,0830",,
"USC00179721","44.30656","-69.97016","63.4","2021-09-28",,,"0.00",",,7,0830","0.0",",,7,0830",,
"USC00179721","44.30656","-69.97016","63.4","2021-09-29",,,"0.00",",,7,0830","0.0",",,7,0830",,
"USC00179721","44.30656","-69.97016","63.4","2021-09-30",,,"0.31",",,7,0830","0.0",",,7,0830",,
"USC00179721","44.30656","-69.97016","63.4","2021-10-01",,,"0.09",",,H,0830","0.0",",,H,0830",,
"USC00179721","44.30656","-69.97016","63.4","2021-10-02",,,"0.00",",,H,0830","0.0",",,H,0830",,
"USC00179721","44.30656","-69.97016","63.4","2021-10-03",,,"0.03",",,H,0830","0.0",",,H,0830",,
"USC00179721","44.30656","-69.97016","63.4","2021-10-04",,,"0.11",",,H,0830","0.0",",,H,0830",,
"USC00179721","44.30656","-69.97016","63.4","2021-10-05",,,"0.00",",,H,0830","0.0",",,H,0830",,
"USC00179721","44.30656","-69.97016","63.4","2021-10-06",,,"0.00",",,H,0830","0.0",",,H,0830",,
"USC00179721","44.30656","-69.97016","63.4","2021-10-07",,,"0.00",",,H,0830",,,,
"USC00179721","44.30656","-69.97016","63.4","2021-10-08",,,"0.00",",,H,0830",,,,
"USC00179721","44.30656","-69.97016","63.4","2021-10-09",,,"0.00",",,H,0830",,,,
"USC00179721","44.30656","-69.97016","63.4","2021-10-10",,,"0.00",",,H,0830",,,,
"USC00179721","44.30656","-69.97016","63.4","2021-10-11",,,"0.00",",,H,0830","0.0",",,H,0830",,
"USC00179721","44.30656","-69.97016","63.4","2021-10-12",,,"0.00",",,H,0830","0.0",",,H,0830",,
"USC00179721","44.30656","-69.97016","63.4","2021-10-13",,,"0.00",",,H,0830","0.0",",,H,0830",,
"USC00179721","44.30656","-69.97016","63.4","2021-10-14",,,"0.00",",,H,0830","0.0",",,H,0830",,
"USC00179721","44.30656","-69.97016","63.4","2021-10-15",,,"0.00",",,H,0830","0.0",",,H,0830",,
"USC00179721","44.30656","-69.97016","63.4","2021-10-16",,,"0.33",",,H,0830",,,,
"USC00179721","44.30656","-69.97016","63.4","2021-10-17",,,"0.46",",,H,0830",,,,
"USC00179721","44.30656","-69.97016","63.4","2021-10-18",,,"0.00",",,H,0830","0.0",",,H,0830",,
"USC00179721","44.30656","-69.97016","63.4","2021-10-19",,,"0.00",",,H,0830",,,,
"USC00179721","44.30656","-69.97016","63.4","2021-10-20",,,"0.00",",,H,0830","0.0",",,H,0830",,
"USC00179721","44.30656","-69.97016","63.4","2021-10-21",,,"0.01",",,H,0830","0.0",",,H,0830",,
"USC00179721","44.30656","-69.97016","63.4","2021-10-22",,,"0.08",",,H,0830",,,,
"USC00179721","44.30656","-69.97016","63.4","2021-10-24",,,"0.00",",,H,0830","0.0",",,H,0830",,
"USC00179721","44.30656","-69.97016","63.4","2021-10-25",,,"0.05",",,H,0830","0.0",",,H,0830",,
"USC00179721","44.30656","-69.97016","63.4","2021-10-26",,,"0.20",",,H,0830","0.0",",,H,0830",,
"USC00179721","44.30656","-69.97016","63.4","2021-10-28",,,"0.02",",,H,0830","0.0",",,H,0830",,
"USC00179721","44.30656","-69.97016","63.4","2021-10-29",,,"0.00",",,H,0830","0.0",",,H,0830",,
"USC00179721","44.30656","-69.97016","63.4","2021-10-30",,,"0.02",",,H,0830","0.0",",,H,0830",,
"USC00179721","44.30656","-69.97016","63.4","2021-10-31",,,"2.46",",,H,0830","0.0",",,H,0830",,
"USC00179721","44.30656","-69.97016","63.4","2021-11-01",,,"0.04",",,H,0830","0.0",",,H,0830",,
"USC00179721","44.30656","-69.97016","63.4","2021-11-02",,,"0.00",",,H,0830","0.0",",,H,0830",,
"USC00179721","44.30656","-69.97016","63.4","2021-11-03",,,"0.00",",,H,0830","0.0",",,H,0830",,
"USC00179721","44.30656","-69.97016","63.4","2021-11-04",,,"0.00",",,H,0830","0.0",",,H,0830",,
"USC00179721","44.30656","-69.97016","63.4","2021-11-05",,,"0.00",",,H,0830","0.0",",,H,0830",,
"USC00179721","44.30656","-69.97016","63.4","2021-11-07",,,,,,,,
"USC00179721","44.30656","-69.97016","63.4","2021-11-08",,,"0.01",",,H,0830","0.0",",,H,0830",,
"USC00179721","44.30656","-69.97016","63.4","2021-11-10",,,"0.05",",,H,0830","0.0",",,H,0830",,
"USC00179721","44.30656","-69.97016","63.4","2021-11-11",,,"0.03",",,H,0830",,,,
"USC00179721","44.30656","-69.97016","63.4","2021-11-12",,,"0.00",",,H,0830","0.0",",,H,0830",,
"USC00179721","44.30656","-69.97016","63.4","2021-11-14",,,"0.25",",,H,0830",,,,
"USC00179721","44.30656","-69.97016","63.4","2021-11-15",,,"0.18",",,H,0830",,,,
"USC00179721","44.30656","-69.97016","63.4","2021-11-16",,,"0.00",",,H,0830","0.0",",,H,0830",,
"USC00179721","44.30656","-69.97016","63.4","2021-11-17",,,"0.00",",,H,0830","0.0",",,H,0830",,
"USC00179721","44.30656","-69.97016","63.4","2021-11-18",,,"0.03",",,H,0830","0.0",",,H,0830",,
"USC00179721","44.30656","-69.97016","63.4","2021-11-19",,,"0.19",",,H,0830",,,,
"USC00179721","44.30656","-69.97016","63.4","2021-11-20",,,"0.00",",,H,0830","0.0",",,H,0830",,
"USC00179721","44.30656","-69.97016","63.4","2021-11-21",,,"0.00",",,H,0830","0.0",",,H,0830",,
"USC00179721","44.30656","-69.97016","63.4","2021-11-22",,,"0.20",",,H,0830","0.0",",,H,0830",,
"USC00179721","44.30656","-69.97016","63.4","2021-11-23",,,"0.04",",,H,0830","0.0",",,H,0830",,
"USC00179721","44.30656","-69.97016","63.4","2021-11-24",,,"0.00",",,H,0830","0.0",",,H,0830",,
"USC00179721","44.30656","-69.97016","63.4","2021-11-25",,,"0.00",",,H,0830","0.0",",,H,0830",,
"USC00179721","44.30656","-69.97016","63.4","2021-11-26",,,"0.00",",,H,0830","0.0",",,H,0830",,
"USC00179721","44.30656","-69.97016","63.4","2021-11-27",,,"0.49",",,H,0830","0.3",",,H,0830",,
"USC00179721","44.30656","-69.97016","63.4","2021-11-28",,,"0.00",",,H,0830","0.0",",,H,0830",,
"US1LALY0007","30.3357289731503","-91.9781130552292","5.5","2021-08-01",,,"1.74",",,N",,,,
"US1LALY0007","30.3357289731503","-91.9781130552292","5.5","2021-08-02",,,"0.00",",,N","0.0",",,N",,
"US1LALY0007","30.3357289731503","-91.9781130552292","5.5","2021-08-03",,,"0.03",",,N",,,,
"US1LALY0007","30.3357289731503","-91.9781130552292","5.5","2021-08-04",,,"0.06",",,N",,,,
"US1LALY0007","30.3357289731503","-91.9781130552292","5.5","2021-08-05",,,"0.00",",,N","0.0",",,N",,
"US1LALY0007","30.3357289731503","-91.9781130552292","5.5","2021-08-06",,,"0.00",",,N","0.0",",,N",,
"US1LALY0007","30.3357289731503","-91.9781130552292","5.5","2021-08-07",,,"0.00",",,N","0.0",",,N",,
"US1LALY0007","30.3357289731503","-91.9781130552292","5.5","2021-08-08",,,"0.00",",,N","0.0",",,N",,
"US1LALY0007","30.3357289731503","-91.9781130552292","5.5","2021-08-09",,,"0.02",",,N",,,,
"US1LALY0007","30.3357289731503","-91.9781130552292","5.5","2021-08-10",,,"0.49",",,N",,,,
"US1LALY0007","30.3357289731503","-91.9781130552292","5.5","2021-08-11",,,"0.17",",,N",,,,
"US1LALY0007","30.3357289731503","-91.9781130552292","5.5","2021-08-12",,,"0.17",",,N",,,,
"US1LALY0007","30.3357289731503","-91.9781130552292","5.5","2021-08-13",,,"0.02",",,N",,,,
"US1LALY0007","30.3357289731503","-91.9781130552292","5.5","2021-08-14",,,"0.00",",,N","0.0",",,N",,
"US1LALY0007","30.3357289731503","-91.9781130552292","5.5","2021-08-15",,,"0.00",",,N","0.0",",,N",,
"US1LALY0007","30.3357289731503","-91.9781130552292","5.5","2021-08-16",,,"0.00",",,N","0.0",",,N",,
"US1LALY0007","30.3357289731503","-91.9781130552292","5.5","2021-08-17",,,"0.00",",,N","0.0",",,N",,
"US1LALY0007","30.3357289731503","-91.9781130552292","5.5","2021-08-18",,,"0.00",",,N","0.0",",,N",,
"US1LALY0007","30.3357289731503","-91.9781130552292","5.5","2021-08-19",,,"0.21",",,N",,,,
"US1LALY0007","30.3357289731503","-91.9781130552292","5.5","2021-08-20",,,"0.00",",,N","0.0",",,N",,
"US1LALY0007","30.3357289731503","-91.9781130552292","5.5","2021-08-21",,,"0.00",",,N","0.0",",,N",,
"US1LALY0007","30.3357289731503","-91.9781130552292","5.5","2021-08-22",,,"0.00",",,N","0.0",",,N",,
"US1LALY0007","30.3357289731503","-91.9781130552292","5.5","2021-08-23",,,"0.00",",,N","0.0",",,N",,
"US1LALY0007","30.3357289731503","-91.9781130552292","5.5","2021-08-24",,,"0.00",",,N","0.0",",,N",,
"US1LALY0007","30.3357289731503","-91.9781130552292","5.5","2021-08-25",,,"1.60",",,N",,,,
"US1LALY0007","30.3357289731503","-91.9781130552292","5.5","2021-08-26",,,"0.10",",,N",,,,
"US1LALY0007","30.3357289731503","-91.9781130552292","5.5","2021-08-27",,,"0.27",",,N",,,,
"US1LALY0007","30.3357289731503","-91.9781130552292","5.5","2021-08-28",,,"0.00","T,,N",,,,
"US1LALY0007","30.3357289731503","-91.9781130552292","5.5","2021-08-29",,,"0.68",",,N",,,,
"US1LALY0007","30.3357289731503","-91.9781130552292","5.5","2021-08-30",,,"0.32",",,N",,,,
"US1LALY0007","30.3357289731503","-91.9781130552292","5.5","2021-08-31",,,"0.02",",,N",,,,
"US1LALY0007","30.3357289731503","-91.9781130552292","5.5","2021-09-01",,,"0.44",",,N",,,,
"US1LALY0007","30.3357289731503","-91.9781130552292","5.5","2021-09-02",,,"0.01",",,N",,,,
"US1LALY0007","30.3357289731503","-91.9781130552292","5.5","2021-09-03",,,"0.00","T,,N",,,,
"US1LALY0007","30.3357289731503","-91.9781130552292","5.5","2021-09-04",,,"0.00",",,N","0.0",",,N",,
"US1LALY0007","30.3357289731503","-91.9781130552292","5.5","2021-09-05",,,"0.00",",,N","0.0",",,N",,
"US1LALY0007","30.3357289731503","-91.9781130552292","5.5","2021-09-06",,,"0.44",",,N",,,,
"US1LALY0007","30.3357289731503","-91.9781130552292","5.5","2021-09-07",,,"0.06",",,N",,,,
"US1LALY0007","30.3357289731503","-91.9781130552292","5.5","2021-09-08",,,"0.00","T,,N",,,,
"US1LALY0007","30.3357289731503","-91.9781130552292","5.5","2021-09-09",,,"0.00",",,N","0.0",",,N",,
"US1LALY0007","30.3357289731503","-91.9781130552292","5.5","2021-09-10",,,"0.00",",,N","0.0",",,N",,
"US1LALY0007","30.3357289731503","-91.9781130552292","5.5","2021-09-11",,,"0.00",",,N","0.0",",,N",,
"US1LALY0007","30.3357289731503","-91.9781130552292","5.5","2021-09-12",,,"0.00",",,N","0.0",",,N",,
"US1LALY0007","30.3357289731503","-91.9781130552292","5.5","2021-09-13",,,"0.04",",,N",,,,
"US1LALY0007","30.3357289731503","-91.9781130552292","5.5","2021-09-14",,,"1.44",",,N",,,,
"US1LALY0007","30.3357289731503","-91.9781130552292","5.5","2021-09-15",,,"3.07",",,N",,,,
"US1LALY0007","30.3357289731503","-91.9781130552292","5.5","2021-09-16",,,"0.27",",,N",,,,
"US1LALY0007","30.3357289731503","-91.9781130552292","5.5","2021-09-17",,,"0.02",",,N",,,,
"US1LALY0007","30.3357289731503","-91.9781130552292","5.5","2021-09-18",,,"0.00",",,N","0.0",",,N",,
"US1LALY0007","30.3357289731503","-91.9781130552292","5.5","2021-09-19",,,"0.00",",,N","0.0",",,N",,
"US1LALY0007","30.3357289731503","-91.9781130552292","5.5","2021-09-20",,,"0.00","T,,N",,,,
"US1LALY0007","30.3357289731503","-91.9781130552292","5.5","2021-09-21",,,"0.00",",,N","0.0",",,N",,
"US1LALY0007","30.3357289731503","-91.9781130552292","5.5","2021-09-22",,,"0.10",",,N",,,,
"US1LALY0007","30.3357289731503","-91.9781130552292","5.5","2021-09-23",,,"0.00",",,N","0.0",",,N",,
"US1LALY0007","30.3357289731503","-91.9781130552292","5.5","2021-09-24",,,"0.00",",,N","0.0",",,N",,
"US1LALY0007","30.3357289731503","-91.9781130552292","5.5","2021-09-25",,,"0.00",",,N","0.0",",,N",,
"US1LALY0007","30.3357289731503","-91.9781130552292","5.5","2021-09-26",,,"0.00",",,N","0.0",",,N",,
"US1LALY0007","30.3357289731503","-91.9781130552292","5.5","2021-09-27",,,"0.00",",,N","0.0",",,N",,
"US1LALY0007","30.3357289731503","-91.9781130552292","5.5","2021-09-28",,,"0.00",",,N","0.0",",,N",,
"US1LALY0007","30.3357289731503","-91.9781130552292","5.5","2021-09-29",,,"1.47",",,N",,,,
"US1LALY0007","30.3357289731503","-91.9781130552292","5.5","2021-09-30",,,"0.01",",,N",,,,
"US1LALY0007","30.3357289731503","-91.9781130552292","5.5","2021-10-01",,,"2.47",",,N",,,,
"US1LALY0007","30.3357289731503","-91.9781130552292","5.5","2021-10-02",,,"0.31",",,N",,,,
"US1LALY0007","30.3357289731503","-91.9781130552292","5.5","2021-10-03",,,"0.08",",,N",,,,
"US1LALY0007","30.3357289731503","-91.9781130552292","5.5","2021-10-04",,,"0.00","T,,N",,,,
"US1LALY0007","30.3357289731503","-91.9781130552292","5.5","2021-10-05",,,"0.00",",,N","0.0",",,N",,
"US1LALY0007","30.3357289731503","-91.9781130552292","5.5","2021-10-06",,,"0.00",",,N","0.0",",,N",,
"US1LALY0007","30.3357289731503","-91.9781130552292","5.5","2021-10-07",,,"0.00",",,N","0.0",",,N",,
"US1LALY0007","30.3357289731503","-91.9781130552292","5.5","2021-10-08",,,"0.00",",,N","0.0",",,N",,
"US1LALY0007","30.3357289731503","-91.9781130552292","5.5","2021-10-09",,,"0.00",",,N","0.0",",,N",,
"US1LALY0007","30.3357289731503","-91.9781130552292","5.5","2021-10-10",,,"0.00",",,N","0.0",",,N",,
"US1LALY0007","30.3357289731503","-91.9781130552292","5.5","2021-10-11",,,"0.00",",,N","0.0",",,N",,
"US1LALY0007","30.3357289731503","-91.9781130552292","5.5","2021-10-12",,,"0.00",",,N","0.0",",,N",,
"US1LALY0007","30.3357289731503","-91.9781130552292","5.5","2021-10-13",,,"0.00",",,N","0.0",",,N",,
"US1LALY0007","30.3357289731503","-91.9781130552292","5.5","2021-10-14",,,"0.00",",,N","0.0",",,N",,
"US1LALY0007","30.3357289731503","-91.9781130552292","5.5","2021-10-15",,,"0.00",",,N","0.0",",,N",,
"US1LALY0007","30.3357289731503","-91.9781130552292","5.5","2021-10-16",,,"0.34",",,N",,,,
"US1LALY0007","30.3357289731503","-91.9781130552292","5.5","2021-10-17",,,"0.00",",,N","0.0",",,N",,
"US1LALY0007","30.3357289731503","-91.9781130552292","5.5","2021-10-18",,,"0.00",",,N","0.0",",,N",,
"US1LALY0007","30.3357289731503","-91.9781130552292","5.5","2021-10-19",,,"0.00",",,N","0.0",",,N",,
"US1LALY0007","30.3357289731503","-91.9781130552292","5.5","2021-10-20",,,"0.00",",,N","0.0",",,N",,
"US1LALY0007","30.3357289731503","-91.9781130552292","5.5","2021-10-21",,,"0.00",",,N","0.0",",,N",,
"US1LALY0007","30.3357289731503","-91.9781130552292","5.5","2021-10-22",,,"0.00",",,N","0.0",",,N",,
"US1LALY0007","30.3357289731503","-91.9781130552292","5.5","2021-10-23",,,"0.00",",,N","0.0",",,N",,
"US1LALY0007","30.3357289731503","-91.9781130552292","5.5","2021-10-24",,,"0.06",",,N",,,,
"US1LALY0007","30.3357289731503","-91.9781130552292","5.5","2021-10-25",,,"0.03",",,N",,,,
"US1LALY0007","30.3357289731503","-91.9781130552292","5.5","2021-10-26",,,"0.00",",,N","0.0",",,N",,
"US1LALY0007","30.3357289731503","-91.9781130552292","5.5","2021-10-27",,,"0.03",",,N",,,,
"US1LALY0007","30.3357289731503","-91.9781130552292","5.5","2021-10-28",,,"1.20",",,N",,,,
"US1LALY0007","30.3357289731503","-91.9781130552292","5.5","2021-10-29",,,"0.00",",,N","0.0",",,N",,
"US1LALY0007","30.3357289731503","-91.9781130552292","5.5","2021-10-30",,,"0.00",",,N","0.0",",,N",,
"US1LALY0007","30.3357289731503","-91.9781130552292","5.5","2021-10-31",,,"0.00",",,N","0.0",",,N",,
"US1LALY0007","30.3357289731503","-91.9781130552292","5.5","2021-11-01",,,"0.00",",,N","0.0",",,N",,
"US1LALY0007","30.3357289731503","-91.9781130552292","5.5","2021-11-02",,,"0.00",",,N","0.0",",,N",,
"US1LALY0007","30.3357289731503","-91.9781130552292","5.5","2021-11-03",,,"0.00",",,N","0.0",",,N",,
"US1LALY0007","30.3357289731503","-91.9781130552292","5.5","2021-11-04",,,"0.00","T,,N",,,,
"US1LALY0007","30.3357289731503","-91.9781130552292","5.5","2021-11-05",,,"0.00",",,N","0.0",",,N",,
"US1LALY0007","30.3357289731503","-91.9781130552292","5.5","2021-11-06",,,"0.00",",,N","0.0",",,N",,
"US1LALY0007","30.3357289731503","-91.9781130552292","5.5","2021-11-07",,,"0.00",",,N","0.0",",,N",,
"US1LALY0007","30.3357289731503","-91.9781130552292","5.5","2021-11-08",,,"0.00",",,N","0.0",",,N",,
"US1LALY0007","30.3357289731503","-91.9781130552292","5.5","2021-11-09",,,"0.00",",,N","0.0",",,N",,
"US1LALY0007","30.3357289731503","-91.9781130552292","5.5","2021-11-10",,,"0.00",",,N","0.0",",,N",,
"US1LALY0007","30.3357289731503","-91.9781130552292","5.5","2021-11-11",,,"0.13",",,N",,,,
"US1LALY0007","30.3357289731503","-91.9781130552292","5.5","2021-11-12",,,"0.01",",,N",,,,
"US1LALY0007","30.3357289731503","-91.9781130552292","5.5","2021-11-13",,,"0.00",",,N","0.0",",,N",,
"US1LALY0007","30.3357289731503","-91.9781130552292","5.5","2021-11-14",,,"0.00",",,N","0.0",",,N",,
"US1LALY0007","30.3357289731503","-91.9781130552292","5.5","2021-11-15",,,"0.00",",,N","0.0",",,N",,
"US1LALY0007","30.3357289731503","-91.9781130552292","5.5","2021-11-16",,,"0.00",",,N","0.0",",,N",,
"US1LALY0007","30.3357289731503","-91.9781130552292","5.5","2021-11-17",,,"0.00",",,N","0.0",",,N",,
"US1LALY0007","30.3357289731503","-91.9781130552292","5.5","2021-11-18",,,"0.05",",,N",,,,
"US1LALY0007","30.3357289731503","-91.9781130552292","5.5","2021-11-19",,,"0.00",",,N","0.0",",,N",,
"US1LALY0007","30.3357289731503","-91.9781130552292","5.5","2021-11-20",,,"0.00",",,N","0.0",",,N",,
"US1LALY0007","30.3357289731503","-91.9781130552292","5.5","2021-11-21",,,"0.00",",,N","0.0",",,N",,
"US1LALY0007","30.3357289731503","-91.9781130552292","5.5","2021-11-22",,,"0.00",",,N","0.0",",,N",,
"US1LALY0007","30.3357289731503","-91.9781130552292","5.5","2021-11-23",,,"0.00",",,N","0.0",",,N",,
"US1LALY0007","30.3357289731503","-91.9781130552292","5.5","2021-11-24",,,"0.00",",,N","0.0",",,N",,
"US1LALY0007","30.3357289731503","-91.9781130552292","5.5","2021-11-25",,,"0.00",",,N","0.0",",,N",,
"US1LALY0007","30.3357289731503","-91.9781130552292","5.5","2021-11-26",,,"0.09",",,N",,,,
"US1LALY0007","30.3357289731503","-91.9781130552292","5.5","2021-11-27",,,"0.00",",,N","0.0",",,N",,
"US1LALY0007","30.3357289731503","-91.9781130552292","5.5","2021-11-28",,,"0.17",",,N",,,,
"USC00179720","43.8567","-70.4663","135.0","2021-08-01",,,"0.00",",,7,0700","0.0",",,7,0700",,
"USC00179720","43.8567","-70.4663","135.0","2021-08-02",,,"0.29",",,7,0700","0.0",",,7,0700",,
"USC00179720","43.8567","-70.4663","135.0","2021-08-03",,,"0.00",",,7,0700","0.0",",,7,0700",,
"USC00179720","43.8567","-70.4663","135.0","2021-08-04",,,"0.00",",,7,0700","0.0",",,7,0700",,
"USC00179720","43.8567","-70.4663","135.0","2021-08-05",,,"0.02",",,7,0700","0.0",",,7,0700",,
"USC00179720","43.8567","-70.4663","135.0","2021-08-06",,,"0.36",",,7,0700","0.0",",,7,0700",,
"USC00179720","43.8567","-70.4663","135.0","2021-08-07",,,"0.00",",,7,0700","0.0",",,7,0700",,
"USC00179720","43.8567","-70.4663","135.0","2021-08-08",,,"0.00",",,7,0700","0.0",",,7,0700",,
"USC00179720","43.8567","-70.4663","135.0","2021-08-09",,,"0.00","T,,7,0700","0.0",",,7,0700",,
"USC00179720","43.8567","-70.4663","135.0","2021-08-10",,,"0.00",",,7,0700","0.0",",,7,0700",,
"USC00179720","43.8567","-70.4663","135.0","2021-08-11",,,"0.00",",,7,0700","0.0",",,7,0700",,
"USC00179720","43.8567","-70.4663","135.0","2021-08-12",,,"0.00","T,,7,0700","0.0",",,7,0700",,
"USC00179720","43.8567","-70.4663","135.0","2021-08-13",,,"0.00",",,7,0700","0.0",",,7,0700",,
"USC00179720","43.8567","-70.4663","135.0","2021-08-14",,,"0.00",",,7,0700","0.0",",,7,0700",,
"USC00179720","43.8567","-70.4663","135.0","2021-08-15",,,"0.00",",,7,0700","0.0",",,7,0700",,
"USC00179720","43.8567","-70.4663","135.0","2021-08-16",,,"0.00",",,7,0700","0.0",",,7,0700",,
"USC00179720","43.8567","-70.4663","135.0","2021-08-17",,,"0.00",",,7,0700","0.0",",,7,0700",,
"USC00179720","43.8567","-70.4663","135.0","2021-08-18",,,"0.00",",,7,0700","0.0",",,7,0700",,
"USC00179720","43.8567","-70.4663","135.0","2021-08-19",,,"0.00","T,,7,0700","0.0",",,7,0700",,
"USC00179720","43.8567","-70.4663","135.0","2021-08-20",,,"0.42",",,7,0700","0.0",",,7,0700",,
"USC00179720","43.8567","-70.4663","135.0","2021-08-21",,,"0.00",",,7,0700","0.0",",,7,0700",,
"USC00179720","43.8567","-70.4663","135.0","2021-08-22",,,"0.00",",,7,0700","0.0",",,7,0700",,
"USC00179720","43.8567","-70.4663","135.0","2021-08-23",,,"0.23",",,7,0700","0.0",",,7,0700",,
"USC00179720","43.8567","-70.4663","135.0","2021-08-24",,,"0.01",",,7,0700","0.0",",,7,0700",,
"USC00179720","43.8567","-70.4663","135.0","2021-08-25",,,"0.00",",,7,0700","0.0",",,7,0700",,
"USC00179720","43.8567","-70.4663","135.0","2021-08-26",,,"0.00",",,7,0700","0.0",",,7,0700",,
"USC00179720","43.8567","-70.4663","135.0","2021-08-27",,,"0.00",",,7,0700","0.0",",,7,0700",,
"USC00179720","43.8567","-70.4663","135.0","2021-08-28",,,"0.00",",,7,0700","0.0",",,7,0700",,
"USC00179720","43.8567","-70.4663","135.0","2021-08-29",,,"0.00","T,,7,0700","0.0",",,7,0700",,
"USC00179720","43.8567","-70.4663","135.0","2021-08-30",,,"0.00",",,7,0700","0.0",",,7,0700",,
"USC00179720","43.8567","-70.4663","135.0","2021-08-31",,,"0.07",",,7,0700","0.0",",,7,0700",,
"USC00179720","43.8567","-70.4663","135.0","2021-09-01",,,"0.00",",,7,0700","0.0",",,7,0700",,
"USC00179720","43.8567","-70.4663","135.0","2021-09-02",,,"1.52",",,7,0700","0.0",",,7,0700",,
"USC00179720","43.8567","-70.4663","135.0","2021-09-03",,,"0.05",",,7,0700","0.0",",,7,0700",,
"USC00179720","43.8567","-70.4663","135.0","2021-09-04",,,"0.00","T,,7,0700","0.0",",,7,0700",,
"USC00179720","43.8567","-70.4663","135.0","2021-09-05",,,"0.00",",,7,0700","0.0",",,7,0700",,
"USC00179720","43.8567","-70.4663","135.0","2021-09-06",,,"0.10",",,7,0700","0.0",",,7,0700",,
"USC00179720","43.8567","-70.4663","135.0","2021-09-07",,,"0.04",",,7,0700","0.0",",,7,0700",,
"USC00179720","43.8567","-70.4663","135.0","2021-09-08",,,"0.00",",,7,0700","0.0",",,7,0700",,
"USC00179720","43.8567","-70.4663","135.0","2021-09-09",,,"0.15",",,7,0700","0.0",",,7,0700",,
"USC00179720","43.8567","-70.4663","135.0","2021-09-10",,,"1.62",",,7,0700","0.0",",,7,0700",,
"USC00179720","43.8567","-70.4663","135.0","2021-09-11",,,"0.00","T,,7,0700","0.0",",,7,0700",,
"USC00179720","43.8567","-70.4663","135.0","2021-09-12",,,"0.00",",,7,0700","0.0",",,7,0700",,
"USC00179720","43.8567","-70.4663","135.0","2021-09-13",,,"0.00","T,,7,0700","0.0",",,7,0700",,
"USC00179720","43.8567","-70.4663","135.0","2021-09-14",,,"0.00",",,7,0700","0.0",",,7,0700",,
"USC00179720","43.8567","-70.4663","135.0","2021-09-15",,,"0.00","T,,7,0700","0.0",",,7,0700",,
"USC00179720","43.8567","-70.4663","135.0","2021-09-16",,,"0.22",",,7,0700","0.0",",,7,0700",,
"USC00179720","43.8567","-70.4663","135.0","2021-09-17",,,"0.00",",,7,0700","0.0",",,7,0700",,
"USC00179720","43.8567","-70.4663","135.0","2021-09-18",,,"0.00",",,7,0700","0.0",",,7,0700",,
"USC00179720","43.8567","-70.4663","135.0","2021-09-19",,,"0.01",",,7,0700","0.0",",,7,0700",,
"USC00179720","43.8567","-70.4663","135.0","2021-09-20",,,"0.00",",,7,0700","0.0",",,7,0700",,
"USC00179720","43.8567","-70.4663","135.0","2021-09-21",,,"0.00",",,7,0700","0.0",",,7,0700",,
"USC00179720","43.8567","-70.4663","135.0","2021-09-22",,,"0.00",",,7,0700","0.0",",,7,0700",,
"USC00179720","43.8567","-70.4663","135.0","2021-09-23",,,"0.00",",,7,0700","0.0",",,7,0700",,
"USC00179720","43.8567","-70.4663","135.0","2021-09-24",,,"0.00","T,,7,0700","0.0",",,7,0700",,
"USC00179720","43.8567","-70.4663","135.0","2021-09-25",,,"0.30",",,7,0700","0.0",",,7,0700",,
"USC00179720","43.8567","-70.4663","135.0","2021-09-26",,,"0.12",",,7,0700","0.0",",,7,0700",,
"USC00179720","43.8567","-70.4663","135.0","2021-09-27",,,"0.17",",,7,0700","0.0",",,7,0700",,
"USC00179720","43.8567","-70.4663","135.0","2021-09-28",,,"0.02",",,7,0700","0.0",",,7,0700",,
"USC00179720","43.8567","-70.4663","135.0","2021-09-29",,,"0.00",",,7,0700","0.0",",,7,0700",,
"USC00179720","43.8567","-70.4663","135.0","2021-09-30",,,"0.00",",,7,0700","0.0",",,7,0700",,
"USC00179720","43.8567","-70.4663","135.0","2021-10-01",,,"0.00","T,,N,0700","0.0",",,N,0700",,
"USC00179720","43.8567","-70.4663","135.0","2021-10-02",,,"0.00",",,N,0700","0.0",",,N,0700",,
"USC00179720","43.8567","-70.4663","135.0","2021-10-03",,,"0.03",",,N,0700","0.0",",,N,0700",,
"USC00179720","43.8567","-70.4663","135.0","2021-10-04",,,"0.12",",,N,0700","0.0",",,N,0700",,
"USC00179720","43.8567","-70.4663","135.0","2021-10-05",,,"0.00",",,N,0700","0.0",",,N,0700",,
"USC00179720","43.8567","-70.4663","135.0","2021-10-06",,,"0.00",",,N,0700","0.0",",,N,0700",,
"USC00179720","43.8567","-70.4663","135.0","2021-10-07",,,"0.00",",,N,0700","0.0",",,N,0700",,
"USC00179720","43.8567","-70.4663","135.0","2021-10-08",,,"0.00",",,N,0700","0.0",",,N,0700",,
"USC00179720","43.8567","-70.4663","135.0","2021-10-09",,,"0.00",",,N,0700","0.0",",,N,0700",,
"USC00179720","43.8567","-70.4663","135.0","2021-10-10",,,"0.00",",,N,0700","0.0",",,N,0700",,
"USC00179720","43.8567","-70.4663","135.0","2021-10-11",,,"0.00",",,N,0700","0.0",",,N,0700",,
"USC00179720","43.8567","-70.4663","135.0","2021-10-12",,,"0.00",",,N,0700","0.0",",,N,0700",,
"USC00179720","43.8567","-70.4663","135.0","2021-10-13",,,"0.00",",,N,0700","0.0",",,N,0700",,
"USC00179720","43.8567","-70.4663","135.0","2021-10-14",,,"0.00",",,N,0700","0.0",",,N,0700",,
"USC00179720","43.8567","-70.4663","135.0","2021-10-15",,,"0.00",",,N,0700","0.0",",,N,0700",,
"USC00179720","43.8567","-70.4663","135.0","2021-10-16",,,"0.99",",,N,0700","0.0",",,N,0700",,
"USC00179720","43.8567","-70.4663","135.0","2021-10-17",,,"0.52",",,N,0700","0.0",",,N,0700",,
"USC00179720","43.8567","-70.4663","135.0","2021-10-18",,,"0.02",",,N,0700","0.0",",,N,0700",,
"USC00179720","43.8567","-70.4663","135.0","2021-10-19",,,"0.00",",,N,0700","0.0",",,N,0700",,
"USC00179720","43.8567","-70.4663","135.0","2021-10-20",,,"0.00",",,N,0700","0.0",",,N,0700",,
"USC00179720","43.8567","-70.4663","135.0","2021-10-21",,,"0.00",",,N,0700","0.0",",,N,0700",,
"USC00179720","43.8567","-70.4663","135.0","2021-10-22",,,"0.00","T,,N,0700","0.0",",,N,0700",,
"USC00179720","43.8567","-70.4663","135.0","2021-10-23",,,"0.00",",,N,0700","0.0",",,N,0700",,
"USC00179720","43.8567","-70.4663","135.0","2021-10-24",,,"0.00",",,N,0700","0.0",",,N,0700",,
"USC00179720","43.8567","-70.4663","135.0","2021-10-25",,,"0.00","T,,N,0700","0.0",",,N,0700",,
"USC00179720","43.8567","-70.4663","135.0","2021-10-26",,,"0.40",",,N,0700","0.0",",,N,0700",,
"USC00179720","43.8567","-70.4663","135.0","2021-10-27",,,"0.70",",,N,0700","0.0",",,N,0700",,
"USC00179720","43.8567","-70.4663","135.0","2021-10-28",,,"0.16",",,N,0700","0.0",",,N,0700",,
"USC00179720","43.8567","-70.4663","135.0","2021-10-29",,,"0.00",",,N,0700","0.0",",,N,0700",,
"USC00179720","43.8567","-70.4663","135.0","2021-10-30",,,"0.01",",,N,0700","0.0",",,N,0700",,
"USC00179720","43.8567","-70.4663","135.0","2021-10-31",,,"2.38",",,N,0700","0.0",",,N,0700",,
"USC00179720","43.8567","-70.4663","135.0","2021-11-01",,,"0.24",",,N,0700","0.0",",,N,0700",,
"USC00179720","43.8567","-70.4663","135.0","2021-11-02",,,"0.00",",,N,0700","0.0",",,N,0700",,
"USC00179720","43.8567","-70.4663","135.0","2021-11-03",,,"0.00",",,N,0700","0.0",",,N,0700",,
"USC00179720","43.8567","-70.4663","135.0","2021-11-04",,,"0.00",",,N,0700","0.0",",,N,0700",,
"USC00179720","43.8567","-70.4663","135.0","2021-11-05",,,"0.00",",,N,0700","0.0",",,N,0700",,
"USC00179720","43.8567","-70.4663","135.0","2021-11-06",,,"0.00",",,N,0700","0.0",",,N,0700",,
"USC00179720","43.8567","-70.4663","135.0","2021-11-07",,,"0.00",",,N,0700","0.0",",,N,0700",,
"USC00179720","43.8567","-70.4663","135.0","2021-11-08",,,"0.00",",,N,0700","0.0",",,N,0700",,
"USC00179720","43.8567","-70.4663","135.0","2021-11-09",,,"0.00",",,N,0700","0.0",",,N,0700",,
"USC00179720","43.8567","-70.4663","135.0","2021-11-10",,,"0.03",",,N,0700","0.0",",,N,0700",,
"USC00179720","43.8567","-70.4663","135.0","2021-11-11",,,"0.05",",,N,0700","0.0",",,N,0700",,
"USC00179720","43.8567","-70.4663","135.0","2021-11-12",,,"0.00","T,,N,0700","0.0",",,N,0700",,
"USC00179720","43.8567","-70.4663","135.0","2021-11-13",,,"1.66",",,N,0700","0.0",",,N,0700",,
"USC00179720","43.8567","-70.4663","135.0","2021-11-14",,,"0.47",",,N,0700","0.0",",,N,0700",,
"USC00179720","43.8567","-70.4663","135.0","2021-11-15",,,"0.19",",,N,0700","0.0",",,N,0700",,
"USC00179720","43.8567","-70.4663","135.0","2021-11-16",,,"0.01",",,N,0700","0.0","T,,N,0700",,
"USC00179720","43.8567","-70.4663","135.0","2021-11-17",,,"0.00",",,N,0700","0.0",",,N,0700",,
"USC00179720","43.8567","-70.4663","135.0","2021-11-18",,,"0.06",",,N,0700","0.0",",,N,0700",,
"USC00179720","43.8567","-70.4663","135.0","2021-11-19",,,"0.27",",,N,0700","0.0",",,N,0700",,
"USC00179720","43.8567","-70.4663","135.0","2021-11-20",,,"0.00","T,,N,0700","0.0","T,,N,0700",,
"USC00179720","43.8567","-70.4663","135.0","2021-11-21",,,"0.00",",,N,0700","0.0",",,N,0700",,
"USC00179720","43.8567","-70.4663","135.0","2021-11-22",,,"0.12",",,N,0700","0.0",",,N,0700",,
"USC00179720","43.8567","-70.4663","135.0","2021-11-23",,,"0.08",",,N,0700","0.0",",,N,0700",,
"USC00179720","43.8567","-70.4663","135.0","2021-11-24",,,"0.00",",,N,0700","0.0",",,N,0700",,
"USC00179720","43.8567","-70.4663","135.0","2021-11-25",,,"0.00",",,N,0700","0.0",",,N,0700",,
"USC00179720","43.8567","-70.4663","135.0","2021-11-26",,,"0.00",",,N,0700","0.0",",,N,0700",,
"USC00179720","43.8567","-70.4663","135.0","2021-11-27",,,"0.35",",,N,0700","0.0","T,,N,0700",,
"USC00179720","43.8567","-70.4663","135.0","2021-11-28",,,"0.00",",,N,0700","0.0",",,N,0700",,
"USC00167738","32.4219","-93.638","47.2","2021-08-01",,,"0.00",",,7,0700","0.0",",,7,0700",,
"USC00167738","32.4219","-93.638","47.2","2021-08-02",,,"0.63",",,7,0700","0.0",",,7,0700",,
"USC00167738","32.4219","-93.638","47.2","2021-08-03",,,"0.26",",,7,0700","0.0",",,7,0700",,
"USC00167738","32.4219","-93.638","47.2","2021-08-04",,,"0.00",",,7,0700","0.0",",,7,0700",,
"USC00167738","32.4219","-93.638","47.2","2021-08-05",,,"0.00",",,7,0700","0.0",",,7,0700",,
"USC00167738","32.4219","-93.638","47.2","2021-08-06",,,"0.00",",,7,0700","0.0",",,7,0700",,
"USC00167738","32.4219","-93.638","47.2","2021-08-08",,,"0.00",",,7,0700","0.0",",,7,0700",,
"USC00167738","32.4219","-93.638","47.2","2021-08-09",,,"0.00",",,7,0700","0.0",",,7,0700",,
"USC00167738","32.4219","-93.638","47.2","2021-08-10",,,"0.00",",,7,0700","0.0",",,7,0700",,
"USC00167738","32.4219","-93.638","47.2","2021-08-11",,,"0.00",",,7,0700","0.0",",,7,0700",,
"USC00167738","32.4219","-93.638","47.2","2021-08-12",,,"0.00",",,7,0700","0.0",",,7,0700",,
"USC00167738","32.4219","-93.638","47.2","2021-08-13",,,"0.00",",,7,0700","0.0",",,7,0700",,
"USC00167738","32.4219","-93.638","47.2","2021-08-14",,,"0.00",",,7,0700","0.0",",,7,0700",,
"USC00167738","32.4219","-93.638","47.2","2021-08-15",,,"0.00",",,7,0700","0.0",",,7,0700",,
"USC00167738","32.4219","-93.638","47.2","2021-08-16",,,"2.16",",,7,0700","0.0",",,7,0700",,
"USC00167738","32.4219","-93.638","47.2","2021-08-17",,,"1.10",",,7,0700","0.0",",,7,0700",,
"USC00167738","32.4219","-93.638","47.2","2021-08-18",,,"2.22",",,7,0700","0.0",",,7,0700",,
"USC00167738","32.4219","-93.638","47.2","2021-08-19",,,"1.34",",,7,0700","0.0",",,7,0700",,
"USC00167738","32.4219","-93.638","47.2","2021-08-20",,,"1.48",",,7,0700","0.0",",,7,0700",,
"USC00167738","32.4219","-93.638","47.2","2021-08-21",,,"0.00",",,7,0700","0.0",",,7,0700",,
"USC00167738","32.4219","-93.638","47.2","2021-08-22",,,"0.00",",,7,0700","0.0",",,7,0700",,
"USC00167738","32.4219","-93.638","47.2","2021-08-23",,,"0.00",",,7,0700","0.0",",,7,0700",,
"USC00167738","32.4219","-93.638","47.2","2021-08-24",,,"0.00",",,7,0700","0.0",",,7,0700",,
"USC00167738","32.4219","-93.638","47.2","2021-08-25",,,"0.00",",,7,0700","0.0",",,7,0700",,
"USC00167738","32.4219","-93.638","47.2","2021-08-26",,,"0.01",",,7,0700","0.0",",,7,0700",,
"USC00167738","32.4219","-93.638","47.2","2021-08-27",,,"0.00",",,7,0700","0.0",",,7,0700",,
"USC00167738","32.4219","-93.638","47.2","2021-08-28",,,"0.00",",,7,0700","0.0",",,7,0700",,
"USC00167738","32.4219","-93.638","47.2","2021-08-29",,,"0.35",",,7,0700","0.0",",,7,0700",,
"USC00167738","32.4219","-93.638","47.2","2021-08-30",,,"0.58",",,7,0700","0.0",",,7,0700",,
"USC00167738","32.4219","-93.638","47.2","2021-08-31",,,"0.09",",,7,0700","0.0",",,7,0700",,
"USC00167738","32.4219","-93.638","47.2","2021-09-01",,,"0.00",",,7,0700","0.0",",,7,0700",,
"USC00167738","32.4219","-93.638","47.2","2021-09-02",,,"0.00",",,7,0700","0.0",",,7,0700",,
"USC00167738","32.4219","-93.638","47.2","2021-09-03",,,"0.02",",,7,0700","0.0",",,7,0700",,
"USC00167738","32.4219","-93.638","47.2","2021-09-04",,,"0.00",",,7,0700","0.0",",,7,0700",,
"USC00167738","32.4219","-93.638","47.2","2021-09-05",,,"0.00",",,7,0700","0.0",",,7,0700",,
"USC00167738","32.4219","-93.638","47.2","2021-09-06",,,"0.33",",,7,0700","0.0",",,7,0700",,
"USC00167738","32.4219","-93.638","47.2","2021-09-07",,,"0.00",",,7,0700","0.0",",,7,0700",,
"USC00167738","32.4219","-93.638","47.2","2021-09-08",,,"0.00",",,7,0700","0.0",",,7,0700",,
"USC00167738","32.4219","-93.638","47.2","2021-09-09",,,"0.00",",,7,0700","0.0",",,7,0700",,
"USC00167738","32.4219","-93.638","47.2","2021-09-10",,,"0.00",",,7,0700","0.0",",,7,0700",,
"USC00167738","32.4219","-93.638","47.2","2021-09-11",,,"0.00",",,7,0700","0.0",",,7,0700",,
"USC00167738","32.4219","-93.638","47.2","2021-09-12",,,"0.00",",,7,0700","0.0",",,7,0700",,
"USC00167738","32.4219","-93.638","47.2","2021-09-13",,,"0.00",",,7,0700","0.0",",,7,0700",,
"USC00167738","32.4219","-93.638","47.2","2021-09-14",,,"0.01",",,7,0700","0.0",",,7,0700",,
"USC00167738","32.4219","-93.638","47.2","2021-09-15",,,"0.11",",,7,0700","0.0",",,7,0700",,
"USC00167738","32.4219","-93.638","47.2","2021-09-16",,,"0.00",",,7,0700","0.0",",,7,0700",,
"USC00167738","32.4219","-93.638","47.2","2021-09-17",,,"0.00",",,7,0700","0.0",",,7,0700",,
"USC00167738","32.4219","-93.638","47.2","2021-09-18",,,"0.02",",,7,0700","0.0",",,7,0700",,
"USC00167738","32.4219","-93.638","47.2","2021-09-19",,,"0.04",",,7,0700","0.0",",,7,0700",,
"USC00167738","32.4219","-93.638","47.2","2021-09-20",,,"0.00","T,,7,0700","0.0",",,7,0700",,
"USC00167738","32.4219","-93.638","47.2","2021-09-21",,,"0.00",",,7,0700","0.0",",,7,0700",,
"USC00167738","32.4219","-93.638","47.2","2021-09-22",,,"0.00",",,7,0700","0.0",",,7,0700",,
"USC00167738","32.4219","-93.638","47.2","2021-09-23",,,"0.00",",,7,0700","0.0",",,7,0700",,
"USC00167738","32.4219","-93.638","47.2","2021-09-24",,,"0.00",",,7,0700","0.0",",,7,0700",,
"USC00167738","32.4219","-93.638","47.2","2021-09-25",,,"0.00",",,7,0700","0.0",",,7,0700",,
"USC00167738","32.4219","-93.638","47.2","2021-09-27",,,"0.00",",,7,0700","0.0",",,7,0700",,
"USC00167738","32.4219","-93.638","47.2","2021-09-28",,,"0.00",",,7,0700","0.0",",,7,0700",,
"USC00167738","32.4219","-93.638","47.2","2021-09-29",,,"0.00",",,7,0700","0.0",",,7,0700",,
"USC00167738","32.4219","-93.638","47.2","2021-09-30",,,"0.00","T,,7,0700","0.0",",,7,0700",,
"USC00167738","32.4219","-93.638","47.2","2021-10-01",,,"0.00",",,7,0700","0.0",",,7,0700",,
"USC00167738","32.4219","-93.638","47.2","2021-10-02",,,"0.22",",,7,0700","0.0",",,7,0700",,
"USC00167738","32.4219","-93.638","47.2","2021-10-03",,,"0.02",",,7,0700","0.0",",,7,0700",,
"USC00167738","32.4219","-93.638","47.2","2021-10-04",,,"0.00",",,7,0700","0.0",",,7,0700",,
"USC00167738","32.4219","-93.638","47.2","2021-10-05",,,"0.00",",,7,0700","0.0",",,7,0700",,
"USC00167738","32.4219","-93.638","47.2","2021-10-06",,,"0.00",",,7,0700","0.0",",,7,0700",,
"USC00167738","32.4219","-93.638","47.2","2021-10-07",,,"0.00",",,7,0700","0.0",",,7,0700",,
"USC00167738","32.4219","-93.638","47.2","2021-10-08",,,"0.00",",,7,0700","0.0",",,7,0700",,
"USC00167738","32.4219","-93.638","47.2","2021-10-09",,,"0.00",",,7,0700","0.0",",,7,0700",,
"USC00167738","32.4219","-93.638","47.2","2021-10-10",,,"0.00",",,7,0700","0.0",",,7,0700",,
"USC00167738","32.4219","-93.638","47.2","2021-10-11",,,"0.07",",,7,0700","0.0",",,7,0700",,
"USC00167738","32.4219","-93.638","47.2","2021-10-12",,,"0.00",",,7,0700","0.0",",,7,0700",,
"USC00167738","32.4219","-93.638","47.2","2021-10-13",,,"0.04",",,7,0700","0.0",",,7,0700",,
"USC00167738","32.4219","-93.638","47.2","2021-10-14",,,"0.00",",,7,0700","0.0",",,7,0700",,
"USC00167738","32.4219","-93.638","47.2","2021-10-15",,,"0.00","T,,7,0700","0.0",",,7,0700",,
"USC00167738","32.4219","-93.638","47.2","2021-10-16",,,"0.00",",,7,0700","0.0",",,7,0700",,
"USC00167738","32.4219","-93.638","47.2","2021-10-17",,,"0.00",",,7,0700","0.0",",,7,0700",,
"USC00167738","32.4219","-93.638","47.2","2021-10-18",,,"0.00",",,7,0700","0.0",",,7,0700",,
"USC00167738","32.4219","-93.638","47.2","2021-10-19",,,"0.00",",,7,0700","0.0",",,7,0700",,
"USC00167738","32.4219","-93.638","47.2","2021-10-20",,,"0.00",",,7,0700","0.0",",,7,0700",,
"USC00167738","32.4219","-93.638","47.2","2021-10-21",,,"0.00",",,7,0700","0.0",",,7,0700",,
"USC00167738","32.4219","-93.638","47.2","2021-10-22",,,"0.00",",,7,0700","0.0",",,7,0700",,
"USC00167738","32.4219","-93.638","47.2","2021-10-23",,,"0.00",",,7,0700","0.0",",,7,0700",,
"USC00167738","32.4219","-93.638","47.2","2021-10-24",,,"0.00",",,7,0700","0.0",",,7,0700",,
"USC00167738","32.4219","-93.638","47.2","2021-10-25",,,"0.00",",,7,0700","0.0",",,7,0700",,
"USC00167738","32.4219","-93.638","47.2","2021-10-26",,,"0.00",",,7,0700","0.0",",,7,0700",,
"USC00167738","32.4219","-93.638","47.2","2021-10-27",,,"0.00","T,,7,0700","0.0",",,7,0700",,
"USC00167738","32.4219","-93.638","47.2","2021-10-28",,,"1.08",",,7,0700","0.0",",,7,0700",,
"USC00167738","32.4219","-93.638","47.2","2021-10-29",,,"0.00",",,7,0700","0.0",",,7,0700",,
"USC00167738","32.4219","-93.638","47.2","2021-10-30",,,"0.00",",,7,0700","0.0",",,7,0700",,
"USC00167738","32.4219","-93.638","47.2","2021-10-31",,,"0.00",",,7,0700","0.0",",,7,0700",,
"USC00167738","32.4219","-93.638","47.2","2021-11-01",,,"0.00",",,H,0700","0.0",",,H,0700",,
"USC00167738","32.4219","-93.638","47.2","2021-11-02",,,"0.00",",,H,0700","0.0",",,H,0700",,
"USC00167738","32.4219","-93.638","47.2","2021-11-03",,,"0.01",",,H,0700","0.0",",,H,0700",,
"USC00167738","32.4219","-93.638","47.2","2021-11-04",,,"0.23",",,H,0700","0.0",",,H,0700",,
"USC00167738","32.4219","-93.638","47.2","2021-11-05",,,"0.00",",,H,0700","0.0",",,H,0700",,
"USC00167738","32.4219","-93.638","47.2","2021-11-06",,,"0.00",",,H,0700","0.0",",,H,0700",,
"USC00167738","32.4219","-93.638","47.2","2021-11-07",,,"0.00",",,H,0700","0.0",",,H,0700",,
"USC00167738","32.4219","-93.638","47.2","2021-11-08",,,"0.00",",,H,0700","0.0",",,H,0700",,
"USC00167738","32.4219","-93.638","47.2","2021-11-09",,,"0.00",",,H,0700","0.0",",,H,0700",,
"USC00167738","32.4219","-93.638","47.2","2021-11-10",,,"0.00",",,H,0700","0.0",",,H,0700",,
"USC00167738","32.4219","-93.638","47.2","2021-11-11",,,"0.58",",,H,0700","0.0",",,H,0700",,
"USC00167738","32.4219","-93.638","47.2","2021-11-12",,,"0.00",",,H,0700","0.0",",,H,0700",,
"USC00167738","32.4219","-93.638","47.2","2021-11-13",,,"0.00",",,H,0700","0.0",",,H,0700",,
"USC00167738","32.4219","-93.638","47.2","2021-11-14",,,"0.00",",,H,0700","0.0",",,H,0700",,
"USC00167738","32.4219","-93.638","47.2","2021-11-15",,,"0.00",",,H,0700","0.0",",,H,0700",,
"USC00167738","32.4219","-93.638","47.2","2021-11-16",,,"0.00",",,H,0700","0.0",",,H,0700",,
"USC00167738","32.4219","-93.638","47.2","2021-11-17",,,"0.00",",,H,0700","0.0",",,H,0700",,
"USC00167738","32.4219","-93.638","47.2","2021-11-18",,,"0.00",",,H,0700","0.0",",,H,0700",,
"USC00167738","32.4219","-93.638","47.2","2021-11-19",,,"0.00",",,H,0700","0.0",",,H,0700",,
"USC00167738","32.4219","-93.638","47.2","2021-11-26",,,"0.02",",,H,0700","0.0",",,H,0700",,
"USC00167738","32.4219","-93.638","47.2","2021-11-27",,,"0.00",",,H,0700","0.0",",,H,0700",,
"USC00167738","32.4219","-93.638","47.2","2021-11-28",,,"0.11",",,H,0700","0.0",",,H,0700",,
"US1MEOX0030","44.397233","-70.77801","263.3","2021-08-26",,,"0.00",",,N","0.0",",,N",,
"US1MEOX0030","44.397233","-70.77801","263.3","2021-08-29",,,"0.13",",,N",,,,
"US1MEOX0030","44.397233","-70.77801","263.3","2021-08-30",,,"0.06",",,N",,,,
"US1MEOX0030","44.397233","-70.77801","263.3","2021-08-31",,,"0.35",",,N",,,,
"US1MEOX0030","44.397233","-70.77801","263.3","2021-09-02",,,"0.58",",,N",,,,
"US1MEOX0030","44.397233","-70.77801","263.3","2021-09-09",,,"0.41",",,N",,,,
"US1MEOX0030","44.397233","-70.77801","263.3","2021-09-10",,,"0.82",",,N",,,,
"US1MEOX0030","44.397233","-70.77801","263.3","2021-09-25",,,"0.44",",,N",,,,
"US1MEOX0030","44.397233","-70.77801","263.3","2021-11-22",,,"0.21",",,N",,,,
"US1LAAC0002","30.4009876251221","-92.2248992919922","14.9","2021-08-01",,,"0.04",",,N",,,,
"US1LAAC0002","30.4009876251221","-92.2248992919922","14.9","2021-08-02",,,"0.00",",,N","0.0",",,N",,
"US1LAAC0002","30.4009876251221","-92.2248992919922","14.9","2021-08-03",,,"0.01",",,N",,,,
"US1LAAC0002","30.4009876251221","-92.2248992919922","14.9","2021-08-04",,,"0.21",",,N",,,,
"US1LAAC0002","30.4009876251221","-92.2248992919922","14.9","2021-08-12",,,"0.32",",,N",,,,
"US1LAAC0002","30.4009876251221","-92.2248992919922","14.9","2021-08-15",,,"0.04",",,N",,,,
"US1LAAC0002","30.4009876251221","-92.2248992919922","14.9","2021-08-16",,,"0.25",",,N",,,,
"US1LAAC0002","30.4009876251221","-92.2248992919922","14.9","2021-08-18",,,"0.00",",,N","0.0",",,N",,
"US1LAAC0002","30.4009876251221","-92.2248992919922","14.9","2021-08-19",,,"0.23",",,N",,,,
"US1LAAC0002","30.4009876251221","-92.2248992919922","14.9","2021-08-20",,,"0.67",",,N",,,,
"US1LAAC0002","30.4009876251221","-92.2248992919922","14.9","2021-08-23",,,"0.00",",,N","0.0",",,N",,
"US1LAAC0002","30.4009876251221","-92.2248992919922","14.9","2021-08-24",,,"0.00",",,N","0.0",",,N",,
"US1LAAC0002","30.4009876251221","-92.2248992919922","14.9","2021-08-25",,,"1.46",",,N",,,,
"US1LAAC0002","30.4009876251221","-92.2248992919922","14.9","2021-08-26",,,"0.00",",,N","0.0",",,N",,
"US1LAAC0002","30.4009876251221","-92.2248992919922","14.9","2021-08-27",,,"0.01",",,N",,,,
"US1LAAC0002","30.4009876251221","-92.2248992919922","14.9","2021-08-28",,,"0.15",",,N",,,,
"US1LAAC0002","30.4009876251221","-92.2248992919922","14.9","2021-08-29",,,"0.11",",,N",,,,
"US1LAAC0002","30.4009876251221","-92.2248992919922","14.9","2021-08-30",,,"0.01",",,N",,,,
"US1LAAC0002","30.4009876251221","-92.2248992919922","14.9","2021-08-31",,,"0.01",",,N",,,,
"US1LAAC0002","30.4009876251221","-92.2248992919922","14.9","2021-09-01",,,"0.00","T,,N",,,,
"US1LAAC0002","30.4009876251221","-92.2248992919922","14.9","2021-09-02",,,"0.20",",,N",,,,
"US1LAAC0002","30.4009876251221","-92.2248992919922","14.9","2021-09-03",,,"0.00","T,,N",,,,
"US1LAAC0002","30.4009876251221","-92.2248992919922","14.9","2021-09-04",,,"0.18",",,N",,,,
"US1LAAC0002","30.4009876251221","-92.2248992919922","14.9","2021-09-06",,,"0.15",",,N",,,,
"US1LAAC0002","30.4009876251221","-92.2248992919922","14.9","2021-09-07",,,"0.51",",,N",,,,
"US1LAAC0002","30.4009876251221","-92.2248992919922","14.9","2021-09-08",,,"0.00",",,N","0.0",",,N",,
"US1LAAC0002","30.4009876251221","-92.2248992919922","14.9","2021-09-11",,,"0.00",",,N","0.0",",,N",,
"US1LAAC0002","30.4009876251221","-92.2248992919922","14.9","2021-09-12",,,"0.00",",,N","0.0",",,N",,
"US1LAAC0002","30.4009876251221","-92.2248992919922","14.9","2021-09-13",,,"0.05",",,N",,,,
"US1LAAC0002","30.4009876251221","-92.2248992919922","14.9","2021-09-14",,,"1.00",",,N",,,,
"US1LAAC0002","30.4009876251221","-92.2248992919922","14.9","2021-09-15",,,"3.95",",,N",,,,
"US1LAAC0002","30.4009876251221","-92.2248992919922","14.9","2021-09-16",,,"0.61",",,N",,,,
"US1LAAC0002","30.4009876251221","-92.2248992919922","14.9","2021-09-17",,,"0.32",",,N",,,,
"US1LAAC0002","30.4009876251221","-92.2248992919922","14.9","2021-09-18",,,"0.00",",,N","0.0",",,N",,
"US1LAAC0002","30.4009876251221","-92.2248992919922","14.9","2021-09-19",,,"0.00",",,N","0.0",",,N",,
"US1LAAC0002","30.4009876251221","-92.2248992919922","14.9","2021-09-20",,,"0.81",",,N",,,,
"US1LAAC0002","30.4009876251221","-92.2248992919922","14.9","2021-09-22",,,"0.06",",,N",,,,
"US1LAAC0002","30.4009876251221","-92.2248992919922","14.9","2021-09-27",,,"0.00",",,N","0.0",",,N",,
"US1LAAC0002","30.4009876251221","-92.2248992919922","14.9","2021-09-28",,,"0.00",",,N","0.0",",,N",,
"US1LAAC0002","30.4009876251221","-92.2248992919922","14.9","2021-09-29",,,"1.82",",,N",,,,
"US1LAAC0002","30.4009876251221","-92.2248992919922","14.9","2021-09-30",,,"0.11",",,N",,,,
"US1LAAC0002","30.4009876251221","-92.2248992919922","14.9","2021-10-01",,,"0.57",",,N",,,,
"US1LAAC0002","30.4009876251221","-92.2248992919922","14.9","2021-10-02",,,"0.39",",,N",,,,
"US1LAAC0002","30.4009876251221","-92.2248992919922","14.9","2021-10-03",,,"0.13",",,N",,,,
"US1LAAC0002","30.4009876251221","-92.2248992919922","14.9","2021-10-04",,,"0.00",",,N","0.0",",,N",,
"US1LAAC0002","30.4009876251221","-92.2248992919922","14.9","2021-10-06",,,"0.00",",,N","0.0",",,N",,
"US1LAAC0002","30.4009876251221","-92.2248992919922","14.9","2021-10-09",,,"0.00",",,N","0.0",",,N",,
"US1LAAC0002","30.4009876251221","-92.2248992919922","14.9","2021-10-11",,,"0.00",",,N","0.0",",,N",,
"US1LAAC0002","30.4009876251221","-92.2248992919922","14.9","2021-10-12",,,"0.00","T,,N",,,,
"US1LAAC0002","30.4009876251221","-92.2248992919922","14.9","2021-10-14",,,"0.00",",,N","0.0",",,N",,
"US1LAAC0002","30.4009876251221","-92.2248992919922","14.9","2021-10-16",,,"0.24",",,N",,,,
"US1LAAC0002","30.4009876251221","-92.2248992919922","14.9","2021-10-20",,,"0.00",",,N","0.0",",,N",,
"US1LAAC0002","30.4009876251221","-92.2248992919922","14.9","2021-10-24",,,"0.11",",,N",,,,
"US1LAAC0002","30.4009876251221","-92.2248992919922","14.9","2021-10-28",,,"1.67",",,N",,,,
"US1LAAC0002","30.4009876251221","-92.2248992919922","14.9","2021-11-04",,,"0.05",",,N",,,,
"US1LAAC0002","30.4009876251221","-92.2248992919922","14.9","2021-11-11",,,"0.00",",,N","0.0",",,N",,
"US1LAAC0002","30.4009876251221","-92.2248992919922","14.9","2021-11-12",,,"0.05",",,N",,,,
"US1LAAC0002","30.4009876251221","-92.2248992919922","14.9","2021-11-23",,,"0.00",",,N","0.0",",,N",,
"US1LAAC0002","30.4009876251221","-92.2248992919922","14.9","2021-11-28",,,"0.33",",,N",,,,
"US1LAAC0003","30.235297","-92.284336","8.8","2021-08-01",,,"0.71",",,N",,,,
"US1LAAC0003","30.235297","-92.284336","8.8","2021-08-02",,,"0.00",",,N","0.0",",,N",,
"US1LAAC0003","30.235297","-92.284336","8.8","2021-08-03",,,"0.74",",,N",,,,
"US1LAAC0003","30.235297","-92.284336","8.8","2021-08-04",,,"0.46",",,N",,,,
"US1LAAC0003","30.235297","-92.284336","8.8","2021-08-05",,,"0.00",",,N","0.0",",,N",,
"US1LAAC0003","30.235297","-92.284336","8.8","2021-08-06",,,"0.00",",,N","0.0",",,N",,
"US1LAAC0003","30.235297","-92.284336","8.8","2021-08-07",,,"0.00",",,N","0.0",",,N",,
"US1LAAC0003","30.235297","-92.284336","8.8","2021-08-13",,,"0.06",",L,N",,,,
"US1LAAC0003","30.235297","-92.284336","8.8","2021-08-14",,,"0.03",",,N",,,,
"US1LAAC0003","30.235297","-92.284336","8.8","2021-08-16",,,"0.00","T,,N",,,,
"US1LAAC0003","30.235297","-92.284336","8.8","2021-08-17",,,"0.00","T,,N",,,,
"US1LAAC0003","30.235297","-92.284336","8.8","2021-08-18",,,"0.00",",,N","0.0",",,N",,
"US1LAAC0003","30.235297","-92.284336","8.8","2021-08-19",,,"0.24",",,N",,,,
"US1LAAC0003","30.235297","-92.284336","8.8","2021-08-20",,,"0.00",",,N","0.0",",,N",,
"US1LAAC0003","30.235297","-92.284336","8.8","2021-08-21",,,"0.00",",,N","0.0",",,N",,
"US1LAAC0003","30.235297","-92.284336","8.8","2021-08-22",,,"0.00",",,N","0.0",",,N",,
"US1LAAC0003","30.235297","-92.284336","8.8","2021-08-23",,,"0.00",",,N","0.0",",,N",,
"US1LAAC0003","30.235297","-92.284336","8.8","2021-08-24",,,"0.00",",,N","0.0",",,N",,
"US1LAAC0003","30.235297","-92.284336","8.8","2021-08-25",,,"0.12",",,N",,,,
"US1LAAC0003","30.235297","-92.284336","8.8","2021-08-26",,,"0.00",",,N","0.0",",,N",,
"US1LAAC0003","30.235297","-92.284336","8.8","2021-08-27",,,"0.11",",,N",,,,
"US1LAAC0003","30.235297","-92.284336","8.8","2021-08-28",,,"0.04",",,N",,,,
"US1LAAC0003","30.235297","-92.284336","8.8","2021-08-29",,,"0.36",",,N",,,,
"US1LAAC0003","30.235297","-92.284336","8.8","2021-08-30",,,"0.04",",,N",,,,
"US1LAAC0003","30.235297","-92.284336","8.8","2021-08-31",,,"0.00",",,N","0.0",",,N",,
"US1LAAC0003","30.235297","-92.284336","8.8","2021-09-01",,,"0.21",",,N",,,,
"US1LAAC0003","30.235297","-92.284336","8.8","2021-09-02",,,"0.92",",,N",,,,
"US1LAAC0003","30.235297","-92.284336","8.8","2021-09-03",,,"0.00","T,,N",,,,
"US1LAAC0003","30.235297","-92.284336","8.8","2021-09-04",,,"0.03",",,N",,,,
"US1LAAC0003","30.235297","-92.284336","8.8","2021-09-05",,,"0.00",",,N","0.0",",,N",,
"US1LAAC0003","30.235297","-92.284336","8.8","2021-09-06",,,"0.00",",,N","0.0",",,N",,
"US1LAAC0003","30.235297","-92.284336","8.8","2021-09-07",,,"0.98",",,N",,,,
"US1LAAC0003","30.235297","-92.284336","8.8","2021-09-08",,,"0.00",",,N","0.0",",,N",,
"US1LAAC0003","30.235297","-92.284336","8.8","2021-09-09",,,"0.00",",,N","0.0",",,N",,
"US1LAAC0003","30.235297","-92.284336","8.8","2021-09-10",,,"0.00",",,N","0.0",",,N",,
"US1LAAC0003","30.235297","-92.284336","8.8","2021-09-11",,,"0.00",",,N","0.0",",,N",,
"US1LAAC0003","30.235297","-92.284336","8.8","2021-09-12",,,"0.00",",,N","0.0",",,N",,
"US1LAAC0003","30.235297","-92.284336","8.8","2021-09-13",,,"0.11",",,N",,,,
"US1LAAC0003","30.235297","-92.284336","8.8","2021-09-14",,,"1.74",",,N",,,,
"US1LAAC0003","30.235297","-92.284336","8.8","2021-09-15",,,"2.33",",,N",,,,
"US1LAAC0003","30.235297","-92.284336","8.8","2021-09-16",,,"0.27",",,N",,,,
"US1LAAC0003","30.235297","-92.284336","8.8","2021-09-17",,,"0.07",",,N",,,,
"US1LAAC0003","30.235297","-92.284336","8.8","2021-09-18",,,"0.00","T,,N",,,,
"US1LAAC0003","30.235297","-92.284336","8.8","2021-09-19",,,"0.00",",,N","0.0",",,N",,
"US1LAAC0003","30.235297","-92.284336","8.8","2021-09-20",,,"1.63",",,N",,,,
"US1LAAC0003","30.235297","-92.284336","8.8","2021-09-21",,,"0.03",",,N",,,,
"US1LAAC0003","30.235297","-92.284336","8.8","2021-09-22",,,"0.41",",,N",,,,
"US1LAAC0003","30.235297","-92.284336","8.8","2021-09-23",,,"0.00",",,N","0.0",",,N",,
"US1LAAC0003","30.235297","-92.284336","8.8","2021-09-24",,,"0.00",",,N","0.0",",,N",,
"US1LAAC0003","30.235297","-92.284336","8.8","2021-09-25",,,"0.00",",,N","0.0",",,N",,
"US1LAAC0003","30.235297","-92.284336","8.8","2021-09-26",,,"0.00",",,N","0.0",",,N",,
"US1LAAC0003","30.235297","-92.284336","8.8","2021-09-27",,,"0.00",",,N","0.0",",,N",,
"US1LAAC0003","30.235297","-92.284336","8.8","2021-09-28",,,"0.01",",,N",,,,
"US1LAAC0003","30.235297","-92.284336","8.8","2021-09-29",,,"3.59",",,N",,,,
"US1LAAC0003","30.235297","-92.284336","8.8","2021-09-30",,,"0.15",",,N",,,,
"US1LAAC0003","30.235297","-92.284336","8.8","2021-10-01",,,"1.14",",,N",,,,
"US1LAAC0003","30.235297","-92.284336","8.8","2021-10-02",,,"0.02",",,N",,,,
"US1LAAC0003","30.235297","-92.284336","8.8","2021-10-03",,,"0.00","T,,N",,,,
"US1LAAC0003","30.235297","-92.284336","8.8","2021-10-04",,,"0.00",",,N","0.0",",,N",,
"US1LAAC0003","30.235297","-92.284336","8.8","2021-10-05",,,"0.00",",,N","0.0",",,N",,
"US1LAAC0003","30.235297","-92.284336","8.8","2021-10-06",,,"0.00",",,N","0.0",",,N",,
"US1LAAC0003","30.235297","-92.284336","8.8","2021-10-07",,,"0.00",",,N","0.0",",,N",,
"US1LAAC0003","30.235297","-92.284336","8.8","2021-10-08",,,"0.00",",,N","0.0",",,N",,
"US1LAAC0003","30.235297","-92.284336","8.8","2021-10-09",,,"0.00",",,N","0.0",",,N",,
"US1LAAC0003","30.235297","-92.284336","8.8","2021-10-10",,,"0.00",",,N","0.0",",,N",,
"US1LAAC0003","30.235297","-92.284336","8.8","2021-10-11",,,"0.00",",,N","0.0",",,N",,
"US1LAAC0003","30.235297","-92.284336","8.8","2021-10-12",,,"0.00",",,N","0.0",",,N",,
"US1LAAC0003","30.235297","-92.284336","8.8","2021-10-13",,,"0.00",",,N","0.0",",,N",,
"US1LAAC0003","30.235297","-92.284336","8.8","2021-10-14",,,"0.00",",,N","0.0",",,N",,
"US1LAAC0003","30.235297","-92.284336","8.8","2021-10-15",,,"0.00",",,N","0.0",",,N",,
"US1LAAC0003","30.235297","-92.284336","8.8","2021-10-16",,,"0.00","T,,N",,,,
"US1LAAC0003","30.235297","-92.284336","8.8","2021-10-17",,,"0.00",",,N","0.0",",,N",,
"US1LAAC0003","30.235297","-92.284336","8.8","2021-10-18",,,"0.00",",,N","0.0",",,N",,
"US1LAAC0003","30.235297","-92.284336","8.8","2021-10-19",,,"0.00",",,N","0.0",",,N",,
"US1LAAC0003","30.235297","-92.284336","8.8","2021-10-20",,,"0.00",",,N","0.0",",,N",,
"US1LAAC0003","30.235297","-92.284336","8.8","2021-10-21",,,"0.00",",,N","0.0",",,N",,
"US1LAAC0003","30.235297","-92.284336","8.8","2021-10-22",,,"0.00",",,N","0.0",",,N",,
"US1LAAC0003","30.235297","-92.284336","8.8","2021-10-23",,,"0.00",",,N","0.0",",,N",,
"US1LAAC0003","30.235297","-92.284336","8.8","2021-10-24",,,"0.19",",,N",,,,
"US1LAAC0003","30.235297","-92.284336","8.8","2021-10-25",,,"0.02",",,N",,,,
"US1LAAC0003","30.235297","-92.284336","8.8","2021-10-26",,,"0.00",",,N","0.0",",,N",,
"US1LAAC0003","30.235297","-92.284336","8.8","2021-10-27",,,"0.00",",,N","0.0",",,N",,
"US1LAAC0003","30.235297","-92.284336","8.8","2021-10-28",,,"2.28",",,N",,,,
"US1LAAC0003","30.235297","-92.284336","8.8","2021-10-29",,,"0.00",",,N","0.0",",,N",,
"US1LAAC0003","30.235297","-92.284336","8.8","2021-10-30",,,"0.00",",,N","0.0",",,N",,
"US1LAAC0003","30.235297","-92.284336","8.8","2021-10-31",,,"0.00",",,N","0.0",",,N",,
"US1LAAC0003","30.235297","-92.284336","8.8","2021-11-01",,,"0.00",",,N","0.0",",,N",,
"US1LAAC0003","30.235297","-92.284336","8.8","2021-11-02",,,"0.00",",,N","0.0",",,N",,
"US1LAAC0003","30.235297","-92.284336","8.8","2021-11-03",,,"0.00",",,N","0.0",",,N",,
"US1LAAC0003","30.235297","-92.284336","8.8","2021-11-04",,,"0.02",",,N",,,,
"US1LAAC0003","30.235297","-92.284336","8.8","2021-11-05",,,"0.00",",,N","0.0",",,N",,
"US1LAAC0003","30.235297","-92.284336","8.8","2021-11-06",,,"0.00",",,N","0.0",",,N",,
"US1LAAC0003","30.235297","-92.284336","8.8","2021-11-07",,,"0.00",",,N","0.0",",,N",,
"US1LAAC0003","30.235297","-92.284336","8.8","2021-11-08",,,"0.00",",,N","0.0",",,N",,
"US1LAAC0003","30.235297","-92.284336","8.8","2021-11-09",,,"0.00",",,N","0.0",",,N",,
"US1LAAC0003","30.235297","-92.284336","8.8","2021-11-10",,,"0.00",",,N","0.0",",,N",,
"US1LAAC0003","30.235297","-92.284336","8.8","2021-11-11",,,"0.00",",,N","0.0",",,N",,
"US1LAAC0003","30.235297","-92.284336","8.8","2021-11-12",,,"0.24",",,N",,,,
"US1LAAC0003","30.235297","-92.284336","8.8","2021-11-13",,,"0.00",",,N","0.0",",,N",,
"US1LAAC0003","30.235297","-92.284336","8.8","2021-11-14",,,"0.00",",,N","0.0",",,N",,
"US1LAAC0003","30.235297","-92.284336","8.8","2021-11-15",,,"0.00",",,N","0.0",",,N",,
"US1LAAC0003","30.235297","-92.284336","8.8","2021-11-16",,,"0.00",",,N","0.0",",,N",,
"US1LAAC0003","30.235297","-92.284336","8.8","2021-11-17",,,"0.00",",,N","0.0",",,N",,
"US1LAAC0003","30.235297","-92.284336","8.8","2021-11-18",,,"0.00",",,N","0.0",",,N",,
"US1LAAC0003","30.235297","-92.284336","8.8","2021-11-19",,,"0.02",",,N",,,,
"US1LAAC0003","30.235297","-92.284336","8.8","2021-11-20",,,"0.00",",,N","0.0",",,N",,
"US1LAAC0003","30.235297","-92.284336","8.8","2021-11-21",,,"0.00",",,N","0.0",",,N",,
"US1LAAC0003","30.235297","-92.284336","8.8","2021-11-22",,,"0.04",",,N",,,,
"US1LAAC0003","30.235297","-92.284336","8.8","2021-11-23",,,"0.00",",,N","0.0",",,N",,
"US1LAAC0003","30.235297","-92.284336","8.8","2021-11-24",,,"0.00",",,N","0.0",",,N",,
"US1LAAC0003","30.235297","-92.284336","8.8","2021-11-25",,,"0.00",",,N","0.0",",,N",,
"US1LAAC0003","30.235297","-92.284336","8.8","2021-11-26",,,"0.11",",,N",,,,
"US1LAAC0003","30.235297","-92.284336","8.8","2021-11-27",,,"0.00",",,N","0.0",",,N",,
"US1LAAC0003","30.235297","-92.284336","8.8","2021-11-28",,,"0.31",",,N",,,,
"USC00165438","30.5197","-90.7544","13.1","2021-08-01",,,"0.00",",,7,0630",,,,
"USC00165438","30.5197","-90.7544","13.1","2021-08-02",,,"0.91",",,7,0630",,,,
"USC00165438","30.5197","-90.7544","13.1","2021-08-03",,,"0.19",",,7,0630",,,,
"USC00165438","30.5197","-90.7544","13.1","2021-08-04",,,"0.00",",,7,0630",,,,
"USC00165438","30.5197","-90.7544","13.1","2021-08-05",,,"0.00",",,7,0630",,,,
"USC00165438","30.5197","-90.7544","13.1","2021-08-06",,,"0.00",",,7,0630",,,,
"USC00165438","30.5197","-90.7544","13.1","2021-08-07",,,"0.00",",,7,0630",,,,
"USC00165438","30.5197","-90.7544","13.1","2021-08-08",,,"0.00",",,7,0630",,,,
"USC00165438","30.5197","-90.7544","13.1","2021-08-09",,,"0.12",",,7,0630",,,,
"USC00165438","30.5197","-90.7544","13.1","2021-08-10",,,"0.00",",,7,0630",,,,
"USC00165438","30.5197","-90.7544","13.1","2021-08-11",,,"0.00",",,7,0630",,,,
"USC00165438","30.5197","-90.7544","13.1","2021-08-12",,,"0.00",",,7,0630",,,,
"USC00165438","30.5197","-90.7544","13.1","2021-08-13",,,"0.00",",,7,0630",,,,
"USC00165438","30.5197","-90.7544","13.1","2021-08-14",,,"0.00",",,7,0630",,,,
"USC00165438","30.5197","-90.7544","13.1","2021-08-15",,,"0.00",",,7,0630",,,,
"USC00165438","30.5197","-90.7544","13.1","2021-08-16",,,"0.00",",,7,0630",,,,
"USC00165438","30.5197","-90.7544","13.1","2021-08-17",,,"0.00",",,7,0630",,,,
"USC00165438","30.5197","-90.7544","13.1","2021-08-18",,,"0.49",",,7,0630",,,,
"USC00165438","30.5197","-90.7544","13.1","2021-08-19",,,"0.19",",,7,0630",,,,
"USC00165438","30.5197","-90.7544","13.1","2021-08-20",,,"0.00",",,7,0630",,,,
"USC00165438","30.5197","-90.7544","13.1","2021-08-21",,,"0.00",",,7,0630",,,,
"USC00165438","30.5197","-90.7544","13.1","2021-08-22",,,"0.00",",,7,0630",,,,
"USC00165438","30.5197","-90.7544","13.1","2021-08-23",,,"0.00",",,7,0630",,,,
"USC00165438","30.5197","-90.7544","13.1","2021-08-24",,,"0.00",",,7,0630",,,,
"USC00165438","30.5197","-90.7544","13.1","2021-08-25",,,"0.00",",,7,0630",,,,
"USC00165438","30.5197","-90.7544","13.1","2021-08-26",,,"0.00",",,7,0630",,,,
"USC00165438","30.5197","-90.7544","13.1","2021-08-27",,,"0.05",",,7,0630",,,,
"USC00165438","30.5197","-90.7544","13.1","2021-08-28",,,"0.87",",,7,0630",,,,
"USC00165438","30.5197","-90.7544","13.1","2021-08-29",,,"0.90",",,7,0630",,,,
"USC00165438","30.5197","-90.7544","13.1","2021-08-30",,,"16.20",",,7,0630",,,,
"USC00165438","30.5197","-90.7544","13.1","2021-08-31",,,"1.28",",,7,0630",,,,
"USC00165438","30.5197","-90.7544","13.1","2021-09-01",,,"1.24",",,7,0630",,,,
"USC00165438","30.5197","-90.7544","13.1","2021-09-02",,,"0.00",",,7,0630",,,,
"USC00165438","30.5197","-90.7544","13.1","2021-09-03",,,"0.00",",,7,0630",,,,
"USC00165438","30.5197","-90.7544","13.1","2021-09-04",,,"0.95",",,7,0630",,,,
"USC00165438","30.5197","-90.7544","13.1","2021-09-05",,,"0.00",",,7,0630",,,,
"USC00165438","30.5197","-90.7544","13.1","2021-09-06",,,"0.00",",,7,0630",,,,
"USC00165438","30.5197","-90.7544","13.1","2021-09-07",,,"0.00",",,7,0630",,,,
"USC00165438","30.5197","-90.7544","13.1","2021-09-08",,,"0.00",",,7,0630",,,,
"USC00165438","30.5197","-90.7544","13.1","2021-09-09",,,"0.00",",,7,0630",,,,
"USC00165438","30.5197","-90.7544","13.1","2021-09-10",,,"0.00",",,7,0630",,,,
"USC00165438","30.5197","-90.7544","13.1","2021-09-11",,,"0.00",",,7,0630",,,,
"USC00165438","30.5197","-90.7544","13.1","2021-09-12",,,"0.00",",,7,0630",,,,
"USC00165438","30.5197","-90.7544","13.1","2021-09-13",,,"0.00",",,7,0630",,,,
"USC00165438","30.5197","-90.7544","13.1","2021-09-14",,,"1.17",",,7,0630",,,,
"USC00165438","30.5197","-90.7544","13.1","2021-09-15",,,"4.51",",,7,0630",,,,
"USC00165438","30.5197","-90.7544","13.1","2021-09-16",,,"0.00",",,7,0630",,,,
"USC00165438","30.5197","-90.7544","13.1","2021-09-17",,,"0.00",",,7,0630",,,,
"USC00165438","30.5197","-90.7544","13.1","2021-09-18",,,"0.00",",,7,0630",,,,
"USC00165438","30.5197","-90.7544","13.1","2021-09-19",,,"0.00",",,7,0630",,,,
"USC00165438","30.5197","-90.7544","13.1","2021-09-20",,,"0.00",",,7,0630",,,,
"USC00165438","30.5197","-90.7544","13.1","2021-09-21",,,"0.00",",,7,0630",,,,
"USC00165438","30.5197","-90.7544","13.1","2021-09-22",,,"0.00",",,7,0630",,,,
"USC00165438","30.5197","-90.7544","13.1","2021-09-23",,,"0.00",",,7,0630",,,,
"USC00165438","30.5197","-90.7544","13.1","2021-09-24",,,"0.00",",,7,0630",,,,
"USC00165438","30.5197","-90.7544","13.1","2021-09-25",,,"0.00",",,7,0630",,,,
"USC00165438","30.5197","-90.7544","13.1","2021-09-26",,,"0.00",",,7,0630",,,,
"USC00165438","30.5197","-90.7544","13.1","2021-09-27",,,"0.00",",,7,0630",,,,
"USC00165438","30.5197","-90.7544","13.1","2021-09-28",,,"0.00",",,7,0630",,,,
"USC00165438","30.5197","-90.7544","13.1","2021-09-29",,,"1.21",",,7,0630",,,,
"USC00165438","30.5197","-90.7544","13.1","2021-09-30",,,"0.81",",,7,0630",,,,
"USC00165438","30.5197","-90.7544","13.1","2021-10-01",,,"0.00",",,H,0630",,,,
"USC00165438","30.5197","-90.7544","13.1","2021-10-03",,,"0.00",",,H,0630",,,,
"USC00165438","30.5197","-90.7544","13.1","2021-10-04",,,"0.00",",,H,0630",,,,
"USC00165438","30.5197","-90.7544","13.1","2021-10-05",,,"0.00",",,H,0630",,,,
"USC00165438","30.5197","-90.7544","13.1","2021-10-06",,,"0.00",",,H,0630",,,,
"USC00165438","30.5197","-90.7544","13.1","2021-10-07",,,"0.00",",,H,0630",,,,
"USC00165438","30.5197","-90.7544","13.1","2021-10-08",,,"0.00",",,H,0630",,,,
"USC00165438","30.5197","-90.7544","13.1","2021-10-09",,,"0.00",",,H,0630",,,,
"USC00165438","30.5197","-90.7544","13.1","2021-10-10",,,"0.00",",,H,0630",,,,
"USC00165438","30.5197","-90.7544","13.1","2021-10-11",,,"0.00",",,H,0630",,,,
"USC00165438","30.5197","-90.7544","13.1","2021-10-13",,,"0.00",",,H,0630",,,,
"USC00165438","30.5197","-90.7544","13.1","2021-10-14",,,"0.00",",,H,0630",,,,
"USC00165438","30.5197","-90.7544","13.1","2021-10-15",,,"0.00",",,H,0630",,,,
"USC00165438","30.5197","-90.7544","13.1","2021-10-17",,,"0.00",",,H,0630",,,,
"USC00165438","30.5197","-90.7544","13.1","2021-10-18",,,"0.00",",,H,0630",,,,
"USC00165438","30.5197","-90.7544","13.1","2021-10-19",,,"0.00",",,H,0630",,,,
"USC00165438","30.5197","-90.7544","13.1","2021-10-20",,,"0.00",",,H,0630",,,,
"USC00165438","30.5197","-90.7544","13.1","2021-10-21",,,"0.51",",,H,0630",,,,
"USC00165438","30.5197","-90.7544","13.1","2021-10-22",,,"0.00",",,H,0630",,,,
"USC00165438","30.5197","-90.7544","13.1","2021-10-23",,,"0.00",",,H,0630",,,,
"USC00165438","30.5197","-90.7544","13.1","2021-10-24",,,"0.00",",,H,0630",,,,
"USC00165438","30.5197","-90.7544","13.1","2021-10-25",,,"0.21",",,H,0630",,,,
"USC00165438","30.5197","-90.7544","13.1","2021-10-26",,,"0.00",",,H,0630",,,,
"USC00165438","30.5197","-90.7544","13.1","2021-10-27",,,"1.80",",,H,0630",,,,
"USC00165438","30.5197","-90.7544","13.1","2021-10-28",,,"1.83",",,H,0630",,,,
"USC00165438","30.5197","-90.7544","13.1","2021-10-29",,,"0.00",",,H,0630",,,,
"USC00165438","30.5197","-90.7544","13.1","2021-10-30",,,"0.00",",,H,0630",,,,
"USC00165438","30.5197","-90.7544","13.1","2021-10-31",,,"0.00",",,H,0630",,,,
"USC00165438","30.5197","-90.7544","13.1","2021-11-01",,,"0.00",",,H,0630",,,,
"USC00165438","30.5197","-90.7544","13.1","2021-11-02",,,"0.00",",,H,0630",,,,
"USC00165438","30.5197","-90.7544","13.1","2021-11-03",,,"0.00",",,H,0630",,,,
"USC00165438","30.5197","-90.7544","13.1","2021-11-04",,,"0.00",",,H,0630",,,,
"USC00165438","30.5197","-90.7544","13.1","2021-11-05",,,"0.00",",,H,0630",,,,
"USC00165438","30.5197","-90.7544","13.1","2021-11-11",,,"0.00",",,H,0630",,,,
"USC00165438","30.5197","-90.7544","13.1","2021-11-12",,,"0.12",",,H,0630",,,,
"USC00165438","30.5197","-90.7544","13.1","2021-11-13",,,"0.00",",,H,0630",,,,
"USC00165438","30.5197","-90.7544","13.1","2021-11-14",,,"0.00",",,H,0630",,,,
"USC00165438","30.5197","-90.7544","13.1","2021-11-16",,,"0.00",",,H,0630",,,,
"USC00165438","30.5197","-90.7544","13.1","2021-11-17",,,"0.00",",,H,0630",,,,
"USC00165438","30.5197","-90.7544","13.1","2021-11-18",,,"0.11",",,H,0630",,,,
"USC00165438","30.5197","-90.7544","13.1","2021-11-19",,,"0.09",",,H,0630",,,,
"USC00165438","30.5197","-90.7544","13.1","2021-11-20",,,"0.00",",,H,0630",,,,
"USC00165438","30.5197","-90.7544","13.1","2021-11-21",,,"0.00",",,H,0630",,,,
"USC00165438","30.5197","-90.7544","13.1","2021-11-22",,,"0.47",",,H,0630",,,,
"USC00165438","30.5197","-90.7544","13.1","2021-11-25",,,"0.00",",,H,0630",,,,
"USC00165438","30.5197","-90.7544","13.1","2021-11-26",,,"0.00",",,H,0630",,,,
"USC00165438","30.5197","-90.7544","13.1","2021-11-27",,,"0.00",",,H,0630",,,,
"USC00165438","30.5197","-90.7544","13.1","2021-11-28",,,"0.19",",,H,0630",,,,
"US1LAEF0005","30.851752","-91.00769144","67.4","2021-08-03",,,,,,,,
"US1LAEF0005","30.851752","-91.00769144","67.4","2021-08-04",,,"1.66",",,N",,,,
"US1LAEF0005","30.851752","-91.00769144","67.4","2021-08-05",,,"0.00",",,N","0.0",",,N",,
"US1LAEF0005","30.851752","-91.00769144","67.4","2021-08-06",,,"0.00",",,N","0.0",",,N",,
"US1LAEF0005","30.851752","-91.00769144","67.4","2021-08-10",,,,,,,,
"US1LAEF0005","30.851752","-91.00769144","67.4","2021-08-11",,,"0.36",",,N",,,,
"US1LAEF0005","30.851752","-91.00769144","67.4","2021-08-17",,,,,,,,
"US1LAEF0005","30.851752","-91.00769144","67.4","2021-08-24",,,,,,,,
"US1LAEF0005","30.851752","-91.00769144","67.4","2021-08-25",,,"0.06",",,N",,,,
"US1LAEF0005","30.851752","-91.00769144","67.4","2021-09-15",,,,,,,,
"US1LAEF0005","30.851752","-91.00769144","67.4","2021-09-23",,,,,,,,
"US1LAEF0005","30.851752","-91.00769144","67.4","2021-09-29",,,,,,,,
"US1LAEF0005","30.851752","-91.00769144","67.4","2021-10-06",,,,,,,,
"US1LAEF0005","30.851752","-91.00769144","67.4","2021-10-13",,,,,,,,
"US1LAEF0005","30.851752","-91.00769144","67.4","2021-10-20",,,,,,,,
"US1LAEF0005","30.851752","-91.00769144","67.4","2021-10-27",,,,,,,,
"US1LAEF0005","30.851752","-91.00769144","67.4","2021-11-03",,,,,,,,
"USC00167732","31.1872","-92.2905","22.9","2021-09-01",,,"0.00",",,7,0700",,,,
"USC00167732","31.1872","-92.2905","22.9","2021-09-02",,,"0.00",",,7,0700",,,,
"USC00167732","31.1872","-92.2905","22.9","2021-09-03",,,"0.00",",,7,0700",,,,
"USC00167732","31.1872","-92.2905","22.9","2021-09-04",,,"0.38",",,7,0700",,,,
"USC00167732","31.1872","-92.2905","22.9","2021-09-05",,,"0.00",",,7,0700",,,,
"USC00167732","31.1872","-92.2905","22.9","2021-09-06",,,"0.22",",,7,0700",,,,
"USC00167732","31.1872","-92.2905","22.9","2021-09-07",,,"1.28",",,7,0700",,,,
"USC00167732","31.1872","-92.2905","22.9","2021-09-08",,,"0.00",",,7,0700",,,,
"USC00167732","31.1872","-92.2905","22.9","2021-09-09",,,"0.00",",,7,0700",,,,
"USC00167732","31.1872","-92.2905","22.9","2021-09-10",,,"0.00",",,7,0700",,,,
"USC00167732","31.1872","-92.2905","22.9","2021-09-11",,,"0.00",",,7,0700",,,,
"USC00167732","31.1872","-92.2905","22.9","2021-09-12",,,"0.00",",,7,0700",,,,
"USC00167732","31.1872","-92.2905","22.9","2021-09-13",,,"0.00",",,7,0700",,,,
"USC00167732","31.1872","-92.2905","22.9","2021-09-14",,,"0.00",",,7,0700",,,,
"USC00167732","31.1872","-92.2905","22.9","2021-09-15",,,"7.85",",,7,0700",,,,
"USC00167732","31.1872","-92.2905","22.9","2021-09-16",,,"1.21",",,7,0700",,,,
"USC00167732","31.1872","-92.2905","22.9","2021-09-17",,,"0.13",",,7,0700",,,,
"USC00167732","31.1872","-92.2905","22.9","2021-09-18",,,"0.00",",,7,0700",,,,
"USC00167732","31.1872","-92.2905","22.9","2021-09-19",,,"0.00",",,7,0700",,,,
"USC00167732","31.1872","-92.2905","22.9","2021-09-20",,,"0.29",",,7,0700",,,,
"USC00167732","31.1872","-92.2905","22.9","2021-09-21",,,"0.00",",,7,0700",,,,
"USC00167732","31.1872","-92.2905","22.9","2021-09-22",,,"0.64",",,7,0700",,,,
"USC00167732","31.1872","-92.2905","22.9","2021-09-23",,,"0.00",",,7,0700",,,,
"USC00167732","31.1872","-92.2905","22.9","2021-09-24",,,"0.00",",,7,0700",,,,
"USC00167732","31.1872","-92.2905","22.9","2021-09-25",,,"0.00",",,7,0700",,,,
"USC00167732","31.1872","-92.2905","22.9","2021-09-26",,,"0.00",",,7,0700",,,,
"USC00167732","31.1872","-92.2905","22.9","2021-09-27",,,"0.00",",,7,0700",,,,
"USC00167732","31.1872","-92.2905","22.9","2021-09-28",,,"0.00",",,7,0700",,,,
"USC00167732","31.1872","-92.2905","22.9","2021-09-29",,,"0.65",",,7,0700",,,,
"USC00167732","31.1872","-92.2905","22.9","2021-09-30",,,"0.00",",,7,0700",,,,
"USC00167732","31.1872","-92.2905","22.9","2021-10-01",,,"0.48",",,7,0700",,,,
"USC00167732","31.1872","-92.2905","22.9","2021-10-02",,,"0.24",",,7,0700",,,,
"USC00167732","31.1872","-92.2905","22.9","2021-10-03",,,"0.78",",,7,0700",,,,
"USC00167732","31.1872","-92.2905","22.9","2021-10-04",,,"0.30",",,7,0700",,,,
"USC00167732","31.1872","-92.2905","22.9","2021-10-05",,,"0.00",",,7,0700",,,,
"USC00167732","31.1872","-92.2905","22.9","2021-10-06",,,"0.00",",,7,0700",,,,
"USC00167732","31.1872","-92.2905","22.9","2021-10-07",,,"0.00",",,7,0700",,,,
"USC00167732","31.1872","-92.2905","22.9","2021-10-08",,,"0.00",",,7,0700",,,,
"USC00167732","31.1872","-92.2905","22.9","2021-10-09",,,"0.00",",,7,0700",,,,
"USC00167732","31.1872","-92.2905","22.9","2021-10-10",,,"0.00",",,7,0700",,,,
"USC00167732","31.1872","-92.2905","22.9","2021-10-11",,,"0.00",",,7,0700",,,,
"USC00167732","31.1872","-92.2905","22.9","2021-10-12",,,"0.00",",,7,0700",,,,
"USC00167732","31.1872","-92.2905","22.9","2021-10-13",,,"0.00",",,7,0700",,,,
"USC00167732","31.1872","-92.2905","22.9","2021-10-14",,,"0.00",",,7,0700",,,,
"USC00167732","31.1872","-92.2905","22.9","2021-10-15",,,"0.00",",,7,0700",,,,
"USC00167732","31.1872","-92.2905","22.9","2021-10-16",,,"0.00",",,7,0700",,,,
"USC00167732","31.1872","-92.2905","22.9","2021-10-17",,,"0.00",",,7,0700",,,,
"USC00167732","31.1872","-92.2905","22.9","2021-10-18",,,"0.00",",,7,0700",,,,
"USC00167732","31.1872","-92.2905","22.9","2021-10-19",,,"0.00",",,7,0700",,,,
"USC00167732","31.1872","-92.2905","22.9","2021-10-20",,,"0.00",",,7,0700",,,,
"USC00167732","31.1872","-92.2905","22.9","2021-10-21",,,"0.00",",,7,0700",,,,
"USC00167732","31.1872","-92.2905","22.9","2021-10-22",,,"0.00",",,7,0700",,,,
"USC00167732","31.1872","-92.2905","22.9","2021-10-23",,,"0.00",",,7,0700",,,,
"USC00167732","31.1872","-92.2905","22.9","2021-10-24",,,"0.00",",,7,0700",,,,
"USC00167732","31.1872","-92.2905","22.9","2021-10-25",,,"0.00",",,7,0700",,,,
"USC00167732","31.1872","-92.2905","22.9","2021-10-26",,,"0.00",",,7,0700",,,,
"USC00167732","31.1872","-92.2905","22.9","2021-10-27",,,"0.00",",,7,0700",,,,
"USC00167732","31.1872","-92.2905","22.9","2021-10-28",,,"0.60",",,7,0700",,,,
"USC00167732","31.1872","-92.2905","22.9","2021-10-29",,,"0.00",",,7,0700",,,,
"USC00167732","31.1872","-92.2905","22.9","2021-10-30",,,"0.00",",,7,0700",,,,
"USC00167732","31.1872","-92.2905","22.9","2021-10-31",,,"0.00",",,7,0700",,,,
"USC00167732","31.1872","-92.2905","22.9","2021-11-01",,,"0.00",",,H,0700",,,,
"USC00167732","31.1872","-92.2905","22.9","2021-11-02",,,"0.00",",,H,0700",,,,
"USC00167732","31.1872","-92.2905","22.9","2021-11-03",,,"0.00",",,H,0700",,,,
"USC00167732","31.1872","-92.2905","22.9","2021-11-04",,,"0.22",",,H,0700",,,,
"USC00167732","31.1872","-92.2905","22.9","2021-11-05",,,"0.00",",,H,0700",,,,
"USC00167732","31.1872","-92.2905","22.9","2021-11-06",,,"0.00",",,H,0700",,,,
"USC00167732","31.1872","-92.2905","22.9","2021-11-07",,,"0.00",",,H,0700",,,,
"USC00167732","31.1872","-92.2905","22.9","2021-11-08",,,"0.00",",,H,0700",,,,
"USC00167732","31.1872","-92.2905","22.9","2021-11-09",,,"0.00",",,H,0700",,,,
"USC00167732","31.1872","-92.2905","22.9","2021-11-10",,,"0.00",",,H,0700",,,,
"USC00167732","31.1872","-92.2905","22.9","2021-11-11",,,"0.00",",,H,0700",,,,
"USC00167732","31.1872","-92.2905","22.9","2021-11-12",,,"0.79",",,H,0700",,,,
"USC00167732","31.1872","-92.2905","22.9","2021-11-13",,,"0.00",",,H,0700",,,,
"USC00167732","31.1872","-92.2905","22.9","2021-11-14",,,"0.00",",,H,0700",,,,
"USC00167732","31.1872","-92.2905","22.9","2021-11-15",,,"0.00",",,H,0700",,,,
"USC00167732","31.1872","-92.2905","22.9","2021-11-16",,,"0.00",",,H,0700",,,,
"USC00167732","31.1872","-92.2905","22.9","2021-11-17",,,"0.00",",,H,0700",,,,
"USC00167732","31.1872","-92.2905","22.9","2021-11-18",,,"0.00",",,H,0700",,,,
"USC00167732","31.1872","-92.2905","22.9","2021-11-19",,,"0.00",",,H,0700",,,,
"USC00167732","31.1872","-92.2905","22.9","2021-11-21",,,"0.00",",,H,0700",,,,
"USC00167732","31.1872","-92.2905","22.9","2021-11-22",,,"0.30",",,H,0700",,,,
"USC00167732","31.1872","-92.2905","22.9","2021-11-24",,,"0.00",",,H,0700",,,,
"USC00167732","31.1872","-92.2905","22.9","2021-11-25",,,"0.00",",,H,0700",,,,
"USC00167732","31.1872","-92.2905","22.9","2021-11-26",,,"0.12",",,H,0700",,,,
"USC00167732","31.1872","-92.2905","22.9","2021-11-27",,,"0.00",",,H,0700",,,,
"USC00167732","31.1872","-92.2905","22.9","2021-11-28",,,"0.11",",,H,0700",,,,
"US1LAAS0011","30.1518993377686","-90.9289169311523","4.3","2021-08-01",,,"1.70",",,N",,,,
"US1LAAS0011","30.1518993377686","-90.9289169311523","4.3","2021-08-02",,,"0.83",",,N",,,,
"US1LAAS0011","30.1518993377686","-90.9289169311523","4.3","2021-08-03",,,"0.57",",,N",,,,
"US1LAAS0011","30.1518993377686","-90.9289169311523","4.3","2021-08-04",,,"1.64",",,N",,,,
"US1LAAS0011","30.1518993377686","-90.9289169311523","4.3","2021-08-05",,,"0.00",",,N","0.0",",,N",,
"US1LAAS0011","30.1518993377686","-90.9289169311523","4.3","2021-08-06",,,"0.00",",,N","0.0",",,N",,
"US1LAAS0011","30.1518993377686","-90.9289169311523","4.3","2021-08-07",,,"0.00",",,N","0.0",",,N",,
"US1LAAS0011","30.1518993377686","-90.9289169311523","4.3","2021-08-08",,,"0.00",",,N","0.0",",,N",,
"US1LAAS0011","30.1518993377686","-90.9289169311523","4.3","2021-08-09",,,"0.00",",,N","0.0",",,N",,
"US1LAAS0011","30.1518993377686","-90.9289169311523","4.3","2021-08-10",,,"0.00","T,,N",,,,
"US1LAAS0011","30.1518993377686","-90.9289169311523","4.3","2021-08-11",,,"0.00",",,N","0.0",",,N",,
"US1LAAS0011","30.1518993377686","-90.9289169311523","4.3","2021-08-12",,,"0.07",",,N",,,,
"US1LAAS0011","30.1518993377686","-90.9289169311523","4.3","2021-08-13",,,"2.79",",,N",,,,
"US1LAAS0011","30.1518993377686","-90.9289169311523","4.3","2021-08-14",,,"0.04",",,N",,,,
"US1LAAS0011","30.1518993377686","-90.9289169311523","4.3","2021-08-15",,,"0.00",",,N","0.0",",,N",,
"US1LAAS0011","30.1518993377686","-90.9289169311523","4.3","2021-08-16",,,"0.00",",,N","0.0",",,N",,
"US1LAAS0011","30.1518993377686","-90.9289169311523","4.3","2021-08-17",,,"0.00",",,N","0.0",",,N",,
"US1LAAS0011","30.1518993377686","-90.9289169311523","4.3","2021-08-18",,,"0.00",",,N","0.0",",,N",,
"US1LAAS0011","30.1518993377686","-90.9289169311523","4.3","2021-08-19",,,"0.52",",,N",,,,
"US1LAAS0011","30.1518993377686","-90.9289169311523","4.3","2021-08-20",,,"0.81",",,N",,,,
"US1LAAS0011","30.1518993377686","-90.9289169311523","4.3","2021-08-21",,,"0.00",",,N","0.0",",,N",,
"US1LAAS0011","30.1518993377686","-90.9289169311523","4.3","2021-08-22",,,"0.00",",,N","0.0",",,N",,
"US1LAAS0011","30.1518993377686","-90.9289169311523","4.3","2021-08-23",,,"0.00",",,N","0.0",",,N",,
"US1LAAS0011","30.1518993377686","-90.9289169311523","4.3","2021-08-24",,,"0.05",",,N",,,,
"US1LAAS0011","30.1518993377686","-90.9289169311523","4.3","2021-08-25",,,"0.00",",,N","0.0",",,N",,
"US1LAAS0011","30.1518993377686","-90.9289169311523","4.3","2021-08-26",,,"0.00",",,N","0.0",",,N",,
"US1LAAS0011","30.1518993377686","-90.9289169311523","4.3","2021-08-27",,,"0.00","T,,N",,,,
"US1LAAS0011","30.1518993377686","-90.9289169311523","4.3","2021-08-28",,,"0.38",",,N",,,,
"US1LAAS0011","30.1518993377686","-90.9289169311523","4.3","2021-08-29",,,"0.05",",,N",,,,
"US1LAAS0011","30.1518993377686","-90.9289169311523","4.3","2021-09-13",,,,,,,,
"US1LAAS0011","30.1518993377686","-90.9289169311523","4.3","2021-09-14",,,"0.09",",,N",,,,
"US1LAAS0011","30.1518993377686","-90.9289169311523","4.3","2021-09-15",,,"4.71",",,N",,,,
"US1LAAS0011","30.1518993377686","-90.9289169311523","4.3","2021-09-16",,,"0.63",",,N",,,,
"US1LAAS0011","30.1518993377686","-90.9289169311523","4.3","2021-09-17",,,"0.00",",,N","0.0",",,N",,
"US1LAAS0011","30.1518993377686","-90.9289169311523","4.3","2021-09-18",,,"0.00",",,N","0.0",",,N",,
"US1LAAS0011","30.1518993377686","-90.9289169311523","4.3","2021-09-19",,,"0.00",",,N","0.0",",,N",,
"US1LAAS0011","30.1518993377686","-90.9289169311523","4.3","2021-09-20",,,"0.19",",,N",,,,
"US1LAAS0011","30.1518993377686","-90.9289169311523","4.3","2021-09-21",,,"0.00",",,N","0.0",",,N",,
"US1LAAS0011","30.1518993377686","-90.9289169311523","4.3","2021-09-22",,,"0.20",",,N",,,,
"US1LAAS0011","30.1518993377686","-90.9289169311523","4.3","2021-09-23",,,"0.00",",,N","0.0",",,N",,
"US1LAAS0011","30.1518993377686","-90.9289169311523","4.3","2021-09-24",,,"0.00",",,N","0.0",",,N",,
"US1LAAS0011","30.1518993377686","-90.9289169311523","4.3","2021-09-25",,,"0.00",",,N","0.0",",,N",,
"US1LAAS0011","30.1518993377686","-90.9289169311523","4.3","2021-09-26",,,"0.00",",,N","0.0",",,N",,
"US1LAAS0011","30.1518993377686","-90.9289169311523","4.3","2021-09-27",,,"0.00",",,N","0.0",",,N",,
"US1LAAS0011","30.1518993377686","-90.9289169311523","4.3","2021-09-28",,,"0.00","T,,N",,,,
"US1LAAS0011","30.1518993377686","-90.9289169311523","4.3","2021-09-29",,,"0.18",",,N",,,,
"US1LAAS0011","30.1518993377686","-90.9289169311523","4.3","2021-09-30",,,"2.11",",,N",,,,
"US1LAAS0011","30.1518993377686","-90.9289169311523","4.3","2021-10-01",,,"0.57",",,N",,,,
"US1LAAS0011","30.1518993377686","-90.9289169311523","4.3","2021-10-02",,,"0.00","T,,N",,,,
"US1LAAS0011","30.1518993377686","-90.9289169311523","4.3","2021-10-03",,,"0.66",",,N",,,,
"US1LAAS0011","30.1518993377686","-90.9289169311523","4.3","2021-10-04",,,"1.53",",,N",,,,
"US1LAAS0011","30.1518993377686","-90.9289169311523","4.3","2021-10-05",,,"0.00",",,N","0.0",",,N",,
"US1LAAS0011","30.1518993377686","-90.9289169311523","4.3","2021-10-06",,,"0.25",",,N",,,,
"US1LAAS0011","30.1518993377686","-90.9289169311523","4.3","2021-10-07",,,"0.00",",,N","0.0",",,N",,
"US1LAAS0011","30.1518993377686","-90.9289169311523","4.3","2021-10-08",,,"0.00",",,N","0.0",",,N",,
"US1LAAS0011","30.1518993377686","-90.9289169311523","4.3","2021-10-09",,,"0.00",",,N","0.0",",,N",,
"US1LAAS0011","30.1518993377686","-90.9289169311523","4.3","2021-10-10",,,"0.00",",,N","0.0",",,N",,
"US1LAAS0011","30.1518993377686","-90.9289169311523","4.3","2021-10-11",,,"0.00",",,N","0.0",",,N",,
"US1LAAS0011","30.1518993377686","-90.9289169311523","4.3","2021-10-12",,,"0.00","T,,N",,,,
"US1LAAS0011","30.1518993377686","-90.9289169311523","4.3","2021-10-13",,,"0.00",",,N","0.0",",,N",,
"US1LAAS0011","30.1518993377686","-90.9289169311523","4.3","2021-10-14",,,"0.00",",,N","0.0",",,N",,
"US1LAAS0011","30.1518993377686","-90.9289169311523","4.3","2021-10-15",,,"0.00",",,N","0.0",",,N",,
"US1LAAS0011","30.1518993377686","-90.9289169311523","4.3","2021-10-16",,,"0.23",",,N",,,,
"US1LAAS0011","30.1518993377686","-90.9289169311523","4.3","2021-10-24",,,,,,,,
"US1LAAS0011","30.1518993377686","-90.9289169311523","4.3","2021-10-26",,,"0.00",",,N","0.0",",,N",,
"US1LAAS0011","30.1518993377686","-90.9289169311523","4.3","2021-10-27",,,"0.00",",,N","0.0",",,N",,
"US1LAAS0011","30.1518993377686","-90.9289169311523","4.3","2021-10-28",,,"1.29",",,N",,,,
"US1LAAS0011","30.1518993377686","-90.9289169311523","4.3","2021-10-29",,,"0.00",",,N","0.0",",,N",,
"US1LAAS0011","30.1518993377686","-90.9289169311523","4.3","2021-10-30",,,"0.00",",,N","0.0",",,N",,
"US1LAAS0011","30.1518993377686","-90.9289169311523","4.3","2021-10-31",,,"0.00",",,N","0.0",",,N",,
"US1LAAS0011","30.1518993377686","-90.9289169311523","4.3","2021-11-01",,,"0.00",",,N","0.0",",,N",,
"US1LAAS0011","30.1518993377686","-90.9289169311523","4.3","2021-11-02",,,"0.00",",,N","0.0",",,N",,
"US1LAAS0011","30.1518993377686","-90.9289169311523","4.3","2021-11-03",,,"0.00",",,N","0.0",",,N",,
"US1LAAS0011","30.1518993377686","-90.9289169311523","4.3","2021-11-04",,,"0.00",",,N","0.0",",,N",,
"US1LAAS0011","30.1518993377686","-90.9289169311523","4.3","2021-11-07",,,"0.00",",,N","0.0",",,N",,
"US1LAAS0011","30.1518993377686","-90.9289169311523","4.3","2021-11-08",,,"0.00",",,N","0.0",",,N",,
"US1LAAS0011","30.1518993377686","-90.9289169311523","4.3","2021-11-09",,,"0.00",",,N","0.0",",,N",,
"US1LAAS0011","30.1518993377686","-90.9289169311523","4.3","2021-11-10",,,"0.00",",,N","0.0",",,N",,
"US1LAAS0011","30.1518993377686","-90.9289169311523","4.3","2021-11-11",,,"0.00",",,N","0.0",",,N",,
"US1LAAS0011","30.1518993377686","-90.9289169311523","4.3","2021-11-12",,,"0.05",",,N",,,,
"US1LAAS0011","30.1518993377686","-90.9289169311523","4.3","2021-11-13",,,"0.00",",,N","0.0",",,N",,
"US1LAAS0011","30.1518993377686","-90.9289169311523","4.3","2021-11-14",,,"0.00",",,N","0.0",",,N",,
"US1LAAS0011","30.1518993377686","-90.9289169311523","4.3","2021-11-15",,,"0.00",",,N","0.0",",,N",,
"US1LAAS0011","30.1518993377686","-90.9289169311523","4.3","2021-11-16",,,"0.00",",,N","0.0",",,N",,
"US1LAAS0011","30.1518993377686","-90.9289169311523","4.3","2021-11-17",,,"0.00",",,N","0.0",",,N",,
"US1LAAS0011","30.1518993377686","-90.9289169311523","4.3","2021-11-18",,,"0.78",",,N",,,,
"US1LAAS0011","30.1518993377686","-90.9289169311523","4.3","2021-11-19",,,"0.23",",,N",,,,
"US1LAAS0011","30.1518993377686","-90.9289169311523","4.3","2021-11-20",,,"0.00",",,N","0.0",",,N",,
"US1LAAS0011","30.1518993377686","-90.9289169311523","4.3","2021-11-21",,,"0.00",",,N","0.0",",,N",,
"US1LAAS0011","30.1518993377686","-90.9289169311523","4.3","2021-11-22",,,"0.20",",,N",,,,
"US1LAAS0011","30.1518993377686","-90.9289169311523","4.3","2021-11-23",,,"0.00",",,N","0.0",",,N",,
"US1LAAS0011","30.1518993377686","-90.9289169311523","4.3","2021-11-24",,,"0.00",",,N","0.0",",,N",,
"US1LAAS0011","30.1518993377686","-90.9289169311523","4.3","2021-11-25",,,"0.00",",,N","0.0",",,N",,
"US1LAAS0011","30.1518993377686","-90.9289169311523","4.3","2021-11-26",,,"0.18",",,N",,,,
"US1LAAS0011","30.1518993377686","-90.9289169311523","4.3","2021-11-27",,,"0.00",",,N","0.0",",,N",,
"US1LAAS0011","30.1518993377686","-90.9289169311523","4.3","2021-11-28",,,"0.07",",,N",,,,
"USR0000LCAT","31.5022","-92.4617","70.1","2021-08-01",,,,,,,"83",",,U"
"USR0000LCAT","31.5022","-92.4617","70.1","2021-08-02",,,,,,,"77",",,U"
"USR0000LCAT","31.5022","-92.4617","70.1","2021-08-03",,,,,,,"79",",,U"
"USR0000LCAT","31.5022","-92.4617","70.1","2021-08-04",,,,,,,"78",",,U"
"USR0000LCAT","31.5022","-92.4617","70.1","2021-08-05",,,,,,,"77",",,U"
"USR0000LCAT","31.5022","-92.4617","70.1","2021-08-06",,,,,,,"79",",,U"
"USR0000LCAT","31.5022","-92.4617","70.1","2021-08-07",,,,,,,"81",",,U"
"USR0000LCAT","31.5022","-92.4617","70.1","2021-08-08",,,,,,,"83",",,U"
"USR0000LCAT","31.5022","-92.4617","70.1","2021-08-09",,,,,,,"82",",,U"
"USR0000LCAT","31.5022","-92.4617","70.1","2021-08-10",,,,,,,"84",",,U"
"USR0000LCAT","31.5022","-92.4617","70.1","2021-08-11",,,,,,,"82",",,U"
"USR0000LCAT","31.5022","-92.4617","70.1","2021-08-12",,,,,,,"82",",,U"
"USR0000LCAT","31.5022","-92.4617","70.1","2021-08-13",,,,,,,"83",",,U"
"USR0000LCAT","31.5022","-92.4617","70.1","2021-08-14",,,,,,,"79",",,U"
"USR0000LCAT","31.5022","-92.4617","70.1","2021-08-15",,,,,,,"80",",,U"
"USR0000LCAT","31.5022","-92.4617","70.1","2021-08-16",,,,,,,"80",",,U"
"USR0000LCAT","31.5022","-92.4617","70.1","2021-08-17",,,,,,,"81",",,U"
"USR0000LCAT","31.5022","-92.4617","70.1","2021-08-18",,,,,,,"81",",,U"
"USR0000LCAT","31.5022","-92.4617","70.1","2021-08-19",,,,,,,"79",",,U"
"USR0000LCAT","31.5022","-92.4617","70.1","2021-08-20",,,,,,,"83",",,U"
"USR0000LCAT","31.5022","-92.4617","70.1","2021-08-21",,,,,,,"83",",,U"
"USR0000LCAT","31.5022","-92.4617","70.1","2021-08-22",,,,,,,"85",",,U"
"USR0000LCAT","31.5022","-92.4617","70.1","2021-08-23",,,,,,,"85",",,U"
"USR0000LCAT","31.5022","-92.4617","70.1","2021-08-24",,,,,,,"84",",,U"
"USR0000LCAT","31.5022","-92.4617","70.1","2021-08-25",,,,,,,"83",",,U"
"USR0000LCAT","31.5022","-92.4617","70.1","2021-08-26",,,,,,,"81",",,U"
"USR0000LCAT","31.5022","-92.4617","70.1","2021-08-27",,,,,,,"81",",,U"
"USR0000LCAT","31.5022","-92.4617","70.1","2021-08-28",,,,,,,"80",",,U"
"USR0000LCAT","31.5022","-92.4617","70.1","2021-08-29",,,,,,,"80",",,U"
"USR0000LCAT","31.5022","-92.4617","70.1","2021-08-30",,,,,,,"76",",,U"
"USR0000LCAT","31.5022","-92.4617","70.1","2021-08-31",,,,,,,"81",",,U"
"USR0000LCAT","31.5022","-92.4617","70.1","2021-09-01",,,,,,,"83",",,U"
"USR0000LCAT","31.5022","-92.4617","70.1","2021-09-02",,,,,,,"80",",,U"
"USR0000LCAT","31.5022","-92.4617","70.1","2021-09-03",,,,,,,"81",",,U"
"USR0000LCAT","31.5022","-92.4617","70.1","2021-09-04",,,,,,,"83",",,U"
"USR0000LCAT","31.5022","-92.4617","70.1","2021-09-05",,,,,,,"83",",,U"
"USR0000LCAT","31.5022","-92.4617","70.1","2021-09-06",,,,,,,"77",",,U"
"USR0000LCAT","31.5022","-92.4617","70.1","2021-09-07",,,,,,,"76",",,U"
"USR0000LCAT","31.5022","-92.4617","70.1","2021-09-08",,,,,,,"79",",,U"
"USR0000LCAT","31.5022","-92.4617","70.1","2021-09-09",,,,,,,"77",",,U"
"USR0000LCAT","31.5022","-92.4617","70.1","2021-09-10",,,,,,,"72",",,U"
"USR0000LCAT","31.5022","-92.4617","70.1","2021-09-11",,,,,,,"72",",,U"
"USR0000LCAT","31.5022","-92.4617","70.1","2021-09-12",,,,,,,"76",",,U"
"USR0000LCAT","31.5022","-92.4617","70.1","2021-09-13",,,,,,,"77",",,U"
"USR0000LCAT","31.5022","-92.4617","70.1","2021-09-14",,,,,,,"72",",,U"
"USR0000LCAT","31.5022","-92.4617","70.1","2021-09-15",,,,,,,"73",",,U"
"USR0000LCAT","31.5022","-92.4617","70.1","2021-09-16",,,,,,,"74",",,U"
"USR0000LCAT","31.5022","-92.4617","70.1","2021-09-17",,,,,,,"77",",,U"
"USR0000LCAT","31.5022","-92.4617","70.1","2021-09-18",,,,,,,"80",",,U"
"USR0000LCAT","31.5022","-92.4617","70.1","2021-09-19",,,,,,,"76",",,U"
"USR0000LCAT","31.5022","-92.4617","70.1","2021-09-20",,,,,,,"80",",,U"
"USR0000LCAT","31.5022","-92.4617","70.1","2021-09-21",,,,,,,"80",",,U"
"USR0000LCAT","31.5022","-92.4617","70.1","2021-09-22",,,,,,,"68",",,U"
"USR0000LCAT","31.5022","-92.4617","70.1","2021-09-23",,,,,,,"65",",,U"
"USR0000LCAT","31.5022","-92.4617","70.1","2021-09-24",,,,,,,"66",",,U"
"USR0000LCAT","31.5022","-92.4617","70.1","2021-09-25",,,,,,,"68",",,U"
"USR0000LCAT","31.5022","-92.4617","70.1","2021-09-26",,,,,,,"70",",,U"
"USR0000LCAT","31.5022","-92.4617","70.1","2021-09-27",,,,,,,"75",",,U"
"USR0000LCAT","31.5022","-92.4617","70.1","2021-09-28",,,,,,,"73",",,U"
"USR0000LCAT","31.5022","-92.4617","70.1","2021-09-29",,,,,,,"73",",,U"
"USR0000LCAT","31.5022","-92.4617","70.1","2021-09-30",,,,,,,"76",",,U"
"USR0000LCAT","31.5022","-92.4617","70.1","2021-10-01",,,,,,,"76",",,U"
"USR0000LCAT","31.5022","-92.4617","70.1","2021-10-02",,,,,,,"75",",,U"
"USR0000LCAT","31.5022","-92.4617","70.1","2021-10-03",,,,,,,"74",",,U"
"USR0000LCAT","31.5022","-92.4617","70.1","2021-10-04",,,,,,,"74",",,U"
"USR0000LCAT","31.5022","-92.4617","70.1","2021-10-05",,,,,,,"72",",,U"
"USR0000LCAT","31.5022","-92.4617","70.1","2021-10-06",,,,,,,"70",",,U"
"USR0000LCAT","31.5022","-92.4617","70.1","2021-10-07",,,,,,,"72",",,U"
"USR0000LCAT","31.5022","-92.4617","70.1","2021-10-08",,,,,,,"73",",,U"
"USR0000LCAT","31.5022","-92.4617","70.1","2021-10-09",,,,,,,"74",",,U"
"USR0000LCAT","31.5022","-92.4617","70.1","2021-10-10",,,,,,,"76",",,U"
"USR0000LCAT","31.5022","-92.4617","70.1","2021-10-11",,,,,,,"76",",,U"
"USR0000LCAT","31.5022","-92.4617","70.1","2021-10-12",,,,,,,"76",",,U"
"USR0000LCAT","31.5022","-92.4617","70.1","2021-10-13",,,,,,,"78",",,U"
"USR0000LCAT","31.5022","-92.4617","70.1","2021-10-14",,,,,,,"77",",,U"
"USR0000LCAT","31.5022","-92.4617","70.1","2021-10-15",,,,,,,"78",",,U"
"USR0000LCAT","31.5022","-92.4617","70.1","2021-10-16",,,,,,,"61",",,U"
"USR0000LCAT","31.5022","-92.4617","70.1","2021-10-17",,,,,,,"58",",,U"
"USR0000LCAT","31.5022","-92.4617","70.1","2021-10-18",,,,,,,"59",",,U"
"USR0000LCAT","31.5022","-92.4617","70.1","2021-10-19",,,,,,,"62",",,U"
"USR0000LCAT","31.5022","-92.4617","70.1","2021-10-20",,,,,,,"71",",,U"
"USR0000LCAT","31.5022","-92.4617","70.1","2021-10-21",,,,,,,"74",",,U"
"USR0000LCAT","31.5022","-92.4617","70.1","2021-10-22",,,,,,,"71",",,U"
"USR0000LCAT","31.5022","-92.4617","70.1","2021-10-23",,,,,,,"73",",,U"
"USR0000LCAT","31.5022","-92.4617","70.1","2021-10-24",,,,,,,"75",",,U"
"USR0000LCAT","31.5022","-92.4617","70.1","2021-10-25",,,,,,,"74",",,U"
"USR0000LCAT","31.5022","-92.4617","70.1","2021-10-26",,,,,,,"70",",,U"
"USR0000LCAT","31.5022","-92.4617","70.1","2021-10-27",,,,,,,"69",",,U"
"USR0000LCAT","31.5022","-92.4617","70.1","2021-10-28",,,,,,,"60",",,U"
"USR0000LCAT","31.5022","-92.4617","70.1","2021-10-29",,,,,,,"58",",,U"
"USR0000LCAT","31.5022","-92.4617","70.1","2021-10-30",,,,,,,"57",",,U"
"USR0000LCAT","31.5022","-92.4617","70.1","2021-10-31",,,,,,,"59",",,U"
"USR0000LCAT","31.5022","-92.4617","70.1","2021-11-01",,,,,,,"60",",,U"
"USR0000LCAT","31.5022","-92.4617","70.1","2021-11-02",,,,,,,"59",",,U"
"USR0000LCAT","31.5022","-92.4617","70.1","2021-11-03",,,,,,,"50",",,U"
"USR0000LCAT","31.5022","-92.4617","70.1","2021-11-04",,,,,,,"47",",,U"
"USR0000LCAT","31.5022","-92.4617","70.1","2021-11-05",,,,,,,"49",",,U"
"USR0000LCAT","31.5022","-92.4617","70.1","2021-11-06",,,,,,,"47",",,U"
"USR0000LCAT","31.5022","-92.4617","70.1","2021-11-07",,,,,,,"50",",,U"
"USR0000LCAT","31.5022","-92.4617","70.1","2021-11-08",,,,,,,"54",",,U"
"USR0000LCAT","31.5022","-92.4617","70.1","2021-11-09",,,,,,,"56",",,U"
"USR0000LCAT","31.5022","-92.4617","70.1","2021-11-10",,,,,,,"61",",,U"
"USR0000LCAT","31.5022","-92.4617","70.1","2021-11-11",,,,,,,"61",",,U"
"USR0000LCAT","31.5022","-92.4617","70.1","2021-11-12",,,,,,,"57",",,U"
"USR0000LCAT","31.5022","-92.4617","70.1","2021-11-13",,,,,,,"47",",,U"
"USR0000LCAT","31.5022","-92.4617","70.1","2021-11-14",,,,,,,"52",",,U"
"USR0000LCAT","31.5022","-92.4617","70.1","2021-11-15",,,,,,,"60",",,U"
"USR0000LCAT","31.5022","-92.4617","70.1","2021-11-16",,,,,,,"66",",,U"
"USR0000LCAT","31.5022","-92.4617","70.1","2021-11-17",,,,,,,"69",",,U"
"USR0000LCAT","31.5022","-92.4617","70.1","2021-11-18",,,,,,,"55",",,U"
"USR0000LCAT","31.5022","-92.4617","70.1","2021-11-19",,,,,,,"47",",,U"
"USR0000LCAT","31.5022","-92.4617","70.1","2021-11-20",,,,,,,"54",",,U"
"USR0000LCAT","31.5022","-92.4617","70.1","2021-11-21",,,,,,,"65",",,U"
"USR0000LCAT","31.5022","-92.4617","70.1","2021-11-22",,,,,,,"56",",,U"
"USR0000LCAT","31.5022","-92.4617","70.1","2021-11-23",,,,,,,"49",",,U"
"USR0000LCAT","31.5022","-92.4617","70.1","2021-11-24",,,,,,,"58",",,U"
"USR0000LCAT","31.5022","-92.4617","70.1","2021-11-25",,,,,,,"60",",,U"
"USR0000LCAT","31.5022","-92.4617","70.1","2021-11-26",,,,,,,"44",",,U"
"USR0000LCAT","31.5022","-92.4617","70.1","2021-11-27",,,,,,,"44",",,U"
"USR0000LCAT","31.5022","-92.4617","70.1","2021-11-28",,,,,,,"49",",,U"
"USR0000LCAN","32.8042","-93.0667","70.1","2021-08-01",,,,,,,"85",",,U"
"USR0000LCAN","32.8042","-93.0667","70.1","2021-08-02",,,,,,,"77",",,U"
"USR0000LCAN","32.8042","-93.0667","70.1","2021-08-03",,,,,,,"79",",,U"
"USR0000LCAN","32.8042","-93.0667","70.1","2021-08-04",,,,,,,"77",",,U"
"USR0000LCAN","32.8042","-93.0667","70.1","2021-08-05",,,,,,,"77",",,U"
"USR0000LCAN","32.8042","-93.0667","70.1","2021-08-06",,,,,,,"80",",,U"
"USR0000LCAN","32.8042","-93.0667","70.1","2021-08-07",,,,,,,"80",",,U"
"USR0000LCAN","32.8042","-93.0667","70.1","2021-08-08",,,,,,,"84",",,U"
"USR0000LCAN","32.8042","-93.0667","70.1","2021-08-09",,,,,,,"85",",,U"
"USR0000LCAN","32.8042","-93.0667","70.1","2021-08-10",,,,,,,"85",",,U"
"USR0000LCAN","32.8042","-93.0667","70.1","2021-08-11",,,,,,,"85",",,U"
"USR0000LCAN","32.8042","-93.0667","70.1","2021-08-12",,,,,,,"85",",,U"
"USR0000LCAN","32.8042","-93.0667","70.1","2021-08-13",,,,,,,"84",",,U"
"USR0000LCAN","32.8042","-93.0667","70.1","2021-08-14",,,,,,,"80",",,U"
"USR0000LCAN","32.8042","-93.0667","70.1","2021-08-15",,,,,,,"80",",,U"
"USR0000LCAN","32.8042","-93.0667","70.1","2021-08-16",,,,,,,"79",",,U"
"USR0000LCAN","32.8042","-93.0667","70.1","2021-08-17",,,,,,,"79",",,U"
"USR0000LCAN","32.8042","-93.0667","70.1","2021-08-18",,,,,,,"78",",,U"
"USR0000LCAN","32.8042","-93.0667","70.1","2021-08-19",,,,,,,"77",",,U"
"USR0000LCAN","32.8042","-93.0667","70.1","2021-08-20",,,,,,,"82",",,U"
"USR0000LCAN","32.8042","-93.0667","70.1","2021-08-21",,,,,,,"83",",,U"
"USR0000LCAN","32.8042","-93.0667","70.1","2021-08-22",,,,,,,"85",",,U"
"USR0000LCAN","32.8042","-93.0667","70.1","2021-08-23",,,,,,,"85",",,U"
"USR0000LCAN","32.8042","-93.0667","70.1","2021-08-24",,,,,,,"85",",,U"
"USR0000LCAN","32.8042","-93.0667","70.1","2021-08-25",,,,,,,"82",",,U"
"USR0000LCAN","32.8042","-93.0667","70.1","2021-08-26",,,,,,,"83",",,U"
"USR0000LCAN","32.8042","-93.0667","70.1","2021-08-27",,,,,,,"83",",,U"
"USR0000LCAN","32.8042","-93.0667","70.1","2021-08-28",,,,,,,"81",",,U"
"USR0000LCAN","32.8042","-93.0667","70.1","2021-08-29",,,,,,,"81",",,U"
"USR0000LCAN","32.8042","-93.0667","70.1","2021-08-30",,,,,,,"80",",,U"
"USR0000LCAN","32.8042","-93.0667","70.1","2021-08-31",,,,,,,"81",",,U"
"USR0000LCAN","32.8042","-93.0667","70.1","2021-09-01",,,,,,,"84",",,U"
"USR0000LCAN","32.8042","-93.0667","70.1","2021-09-02",,,,,,,"82",",,U"
"USR0000LCAN","32.8042","-93.0667","70.1","2021-09-03",,,,,,,"82",",,U"
"USR0000LCAN","32.8042","-93.0667","70.1","2021-09-04",,,,,,,"82",",,U"
"USR0000LCAN","32.8042","-93.0667","70.1","2021-09-05",,,,,,,"83",",,U"
"USR0000LCAN","32.8042","-93.0667","70.1","2021-09-06",,,,,,,"78",",,U"
"USR0000LCAN","32.8042","-93.0667","70.1","2021-09-07",,,,,,,"73",",,U"
"USR0000LCAN","32.8042","-93.0667","70.1","2021-09-08",,,,,,,"76",",,U"
"USR0000LCAN","32.8042","-93.0667","70.1","2021-09-09",,,,,,,"74",",,U"
"USR0000LCAN","32.8042","-93.0667","70.1","2021-09-10",,,,,,,"72",",,U"
"USR0000LCAN","32.8042","-93.0667","70.1","2021-09-11",,,,,,,"71",",,U"
"USR0000LCAN","32.8042","-93.0667","70.1","2021-09-12",,,,,,,"74",",,U"
"USR0000LCAN","32.8042","-93.0667","70.1","2021-09-13",,,,,,,"77",",,U"
"USR0000LCAN","32.8042","-93.0667","70.1","2021-09-14",,,,,,,"75",",,U"
"USR0000LCAN","32.8042","-93.0667","70.1","2021-09-15",,,,,,,"75",",,U"
"USR0000LCAN","32.8042","-93.0667","70.1","2021-09-16",,,,,,,"74",",,U"
"USR0000LCAN","32.8042","-93.0667","70.1","2021-09-17",,,,,,,"76",",,U"
"USR0000LCAN","32.8042","-93.0667","70.1","2021-09-18",,,,,,,"78",",,U"
"USR0000LCAN","32.8042","-93.0667","70.1","2021-09-19",,,,,,,"77",",,U"
"USR0000LCAN","32.8042","-93.0667","70.1","2021-09-20",,,,,,,"78",",,U"
"USR0000LCAN","32.8042","-93.0667","70.1","2021-09-21",,,,,,,"78",",,U"
"USR0000LCAN","32.8042","-93.0667","70.1","2021-09-22",,,,,,,"66",",,U"
"USR0000LCAN","32.8042","-93.0667","70.1","2021-09-23",,,,,,,"64",",,U"
"USR0000LCAN","32.8042","-93.0667","70.1","2021-09-24",,,,,,,"65",",,U"
"USR0000LCAN","32.8042","-93.0667","70.1","2021-09-25",,,,,,,"68",",,U"
"USR0000LCAN","32.8042","-93.0667","70.1","2021-09-26",,,,,,,"69",",,U"
"USR0000LCAN","32.8042","-93.0667","70.1","2021-09-27",,,,,,,"71",",,U"
"USR0000LCAN","32.8042","-93.0667","70.1","2021-09-28",,,,,,,"75",",,U"
"USR0000LCAN","32.8042","-93.0667","70.1","2021-09-29",,,,,,,"73",",,U"
"USR0000LCAN","32.8042","-93.0667","70.1","2021-09-30",,,,,,,"76",",,U"
"USR0000LCAN","32.8042","-93.0667","70.1","2021-10-01",,,,,,,"73",",,U"
"USR0000LCAN","32.8042","-93.0667","70.1","2021-10-02",,,,,,,"75",",,U"
"USR0000LCAN","32.8042","-93.0667","70.1","2021-10-03",,,,,,,"75",",,U"
"USR0000LCAN","32.8042","-93.0667","70.1","2021-10-04",,,,,,,"71",",,U"
"USR0000LCAN","32.8042","-93.0667","70.1","2021-10-05",,,,,,,"70",",,U"
"USR0000LCAN","32.8042","-93.0667","70.1","2021-10-06",,,,,,,"68",",,U"
"USR0000LCAN","32.8042","-93.0667","70.1","2021-10-07",,,,,,,"70",",,U"
"USR0000LCAN","32.8042","-93.0667","70.1","2021-10-08",,,,,,,"72",",,U"
"USR0000LCAN","32.8042","-93.0667","70.1","2021-10-09",,,,,,,"74",",,U"
"USR0000LCAN","32.8042","-93.0667","70.1","2021-10-10",,,,,,,"77",",,U"
"USR0000LCAN","32.8042","-93.0667","70.1","2021-10-11",,,,,,,"72",",,U"
"USR0000LCAN","32.8042","-93.0667","70.1","2021-10-12",,,,,,,"69",",,U"
"USR0000LCAN","32.8042","-93.0667","70.1","2021-10-13",,,,,,,"78",",,U"
"USR0000LCAN","32.8042","-93.0667","70.1","2021-10-14",,,,,,,"76",",,U"
"USR0000LCAN","32.8042","-93.0667","70.1","2021-10-15",,,,,,,"76",",,U"
"USR0000LCAN","32.8042","-93.0667","70.1","2021-10-16",,,,,,,"58",",,U"
"USR0000LCAN","32.8042","-93.0667","70.1","2021-10-17",,,,,,,"56",",,U"
"USR0000LCAN","32.8042","-93.0667","70.1","2021-10-18",,,,,,,"57",",,U"
"USR0000LCAN","32.8042","-93.0667","70.1","2021-10-19",,,,,,,"58",",,U"
"USR0000LCAN","32.8042","-93.0667","70.1","2021-10-20",,,,,,,"66",",,U"
"USR0000LCAN","32.8042","-93.0667","70.1","2021-10-21",,,,,,,"70",",,U"
"USR0000LCAN","32.8042","-93.0667","70.1","2021-10-22",,,,,,,"61",",,U"
"USR0000LCAN","32.8042","-93.0667","70.1","2021-10-23",,,,,,,"70",",,U"
"USR0000LCAN","32.8042","-93.0667","70.1","2021-10-24",,,,,,,"75",",,U"
"USR0000LCAN","32.8042","-93.0667","70.1","2021-10-25",,,,,,,"73",",,U"
"USR0000LCAN","32.8042","-93.0667","70.1","2021-10-26",,,,,,,"66",",,U"
"USR0000LCAN","32.8042","-93.0667","70.1","2021-10-27",,,,,,,"67",",,U"
"USR0000LCAN","32.8042","-93.0667","70.1","2021-10-28",,,,,,,"58",",,U"
"USR0000LCAN","32.8042","-93.0667","70.1","2021-10-29",,,,,,,"57",",,U"
"USR0000LCAN","32.8042","-93.0667","70.1","2021-10-30",,,,,,,"56",",,U"
"USR0000LCAN","32.8042","-93.0667","70.1","2021-10-31",,,,,,,"55",",,U"
"USR0000LCAN","32.8042","-93.0667","70.1","2021-11-01",,,,,,,"56",",,U"
"USR0000LCAN","32.8042","-93.0667","70.1","2021-11-02",,,,,,,"54",",,U"
"USR0000LCAN","32.8042","-93.0667","70.1","2021-11-03",,,,,,,"45",",,U"
"USR0000LCAN","32.8042","-93.0667","70.1","2021-11-04",,,,,,,"47",",,U"
"USR0000LCAN","32.8042","-93.0667","70.1","2021-11-05",,,,,,,"45",",,U"
"USR0000LCAN","32.8042","-93.0667","70.1","2021-11-06",,,,,,,"47",",,U"
"USR0000LCAN","32.8042","-93.0667","70.1","2021-11-07",,,,,,,"49",",,U"
"USR0000LCAN","32.8042","-93.0667","70.1","2021-11-08",,,,,,,"51",",,U"
"USR0000LCAN","32.8042","-93.0667","70.1","2021-11-09",,,,,,,"52",",,U"
"USR0000LCAN","32.8042","-93.0667","70.1","2021-11-10",,,,,,,"59",",,U"
"USR0000LCAN","32.8042","-93.0667","70.1","2021-11-11",,,,,,,"60",",,U"
"USR0000LCAN","32.8042","-93.0667","70.1","2021-11-12",,,,,,,"51",",,U"
"USR0000LCAN","32.8042","-93.0667","70.1","2021-11-13",,,,,,,"44",",,U"
"USR0000LCAN","32.8042","-93.0667","70.1","2021-11-14",,,,,,,"50",",,U"
"USR0000LCAN","32.8042","-93.0667","70.1","2021-11-15",,,,,,,"59",",,U"
"USR0000LCAN","32.8042","-93.0667","70.1","2021-11-16",,,,,,,"67",",,U"
"USR0000LCAN","32.8042","-93.0667","70.1","2021-11-17",,,,,,,"69",",,U"
"USR0000LCAN","32.8042","-93.0667","70.1","2021-11-18",,,,,,,"51",",,U"
"USR0000LCAN","32.8042","-93.0667","70.1","2021-11-19",,,,,,,"42",",,U"
"USR0000LCAN","32.8042","-93.0667","70.1","2021-11-20",,,,,,,"50",",,U"
"USR0000LCAN","32.8042","-93.0667","70.1","2021-11-21",,,,,,,"62",",,U"
"USR0000LCAN","32.8042","-93.0667","70.1","2021-11-22",,,,,,,"52",",,U"
"USR0000LCAN","32.8042","-93.0667","70.1","2021-11-23",,,,,,,"47",",,U"
"USR0000LCAN","32.8042","-93.0667","70.1","2021-11-24",,,,,,,"58",",,U"
"USR0000LCAN","32.8042","-93.0667","70.1","2021-11-25",,,,,,,"56",",,U"
"USR0000LCAN","32.8042","-93.0667","70.1","2021-11-26",,,,,,,"41",",,U"
"USR0000LCAN","32.8042","-93.0667","70.1","2021-11-27",,,,,,,"42",",,U"
"USR0000LCAN","32.8042","-93.0667","70.1","2021-11-28",,,,,,,"52",",,U"
"US1MEOX0035","43.833953","-70.938297","195.7","2021-08-03",,,,,,,,
"US1MEOX0035","43.833953","-70.938297","195.7","2021-08-04",,,"0.00",",,N","0.0",",,N",,
"US1MEOX0035","43.833953","-70.938297","195.7","2021-08-05",,,"0.00",",,N","0.0",",,N",,
"US1MEOX0035","43.833953","-70.938297","195.7","2021-08-06",,,"0.00",",,N","0.0",",,N",,
"US1MEOX0035","43.833953","-70.938297","195.7","2021-08-09",,,,,,,,
"US1MEOX0035","43.833953","-70.938297","195.7","2021-08-10",,,"0.00","T,,N",,,,
"US1MEOX0035","43.833953","-70.938297","195.7","2021-08-11",,,"0.00",",,N","0.0",",,N",,
"US1MEOX0035","43.833953","-70.938297","195.7","2021-08-12",,,"0.11",",,N",,,,
"US1MEOX0035","43.833953","-70.938297","195.7","2021-08-13",,,"0.00",",,N","0.0",",,N",,
"US1MEOX0035","43.833953","-70.938297","195.7","2021-08-16",,,,,,,,
"US1MEOX0035","43.833953","-70.938297","195.7","2021-08-17",,,"0.00",",,N","0.0",",,N",,
"US1MEOX0035","43.833953","-70.938297","195.7","2021-08-18",,,"0.03",",,N",,,,
"US1MEOX0035","43.833953","-70.938297","195.7","2021-08-20",,,,,,,,
"US1MEOX0035","43.833953","-70.938297","195.7","2021-08-24",,,,,,,,
"US1MEOX0035","43.833953","-70.938297","195.7","2021-08-25",,,"0.00",",,N","0.0",",,N",,
"US1MEOX0035","43.833953","-70.938297","195.7","2021-08-26",,,"0.00",",,N","0.0",",,N",,
"US1MEOX0035","43.833953","-70.938297","195.7","2021-08-27",,,"0.06",",,N",,,,
"US1MEOX0035","43.833953","-70.938297","195.7","2021-08-30",,,,,,,,
"US1MEOX0035","43.833953","-70.938297","195.7","2021-09-01",,,,,,,,
"US1MEOX0035","43.833953","-70.938297","195.7","2021-09-02",,,"1.50",",,N",,,,
"US1MEOX0035","43.833953","-70.938297","195.7","2021-09-03",,,"0.06",",,N",,,,
"US1MEOX0035","43.833953","-70.938297","195.7","2021-09-07",,,,,,,,
"US1MEOX0035","43.833953","-70.938297","195.7","2021-09-08",,,"0.00",",,N","0.0",",,N",,
"US1MEOX0035","43.833953","-70.938297","195.7","2021-09-09",,,"0.55",",,N",,,,
"US1MEOX0035","43.833953","-70.938297","195.7","2021-09-10",,,"0.82",",,N",,,,
"US1MEOX0035","43.833953","-70.938297","195.7","2021-09-13",,,,,,,,
"US1MEOX0035","43.833953","-70.938297","195.7","2021-09-14",,,"0.00",",,N","0.0",",,N",,
"US1MEOX0035","43.833953","-70.938297","195.7","2021-09-16",,,"0.20",",,N",,,,
"US1MEOX0035","43.833953","-70.938297","195.7","2021-09-20",,,,,,,,
"US1MEOX0035","43.833953","-70.938297","195.7","2021-09-21",,,"0.00",",,N","0.0",",,N",,
"US1MEOX0035","43.833953","-70.938297","195.7","2021-09-22",,,"0.03",",,N",,,,
"US1MEOX0035","43.833953","-70.938297","195.7","2021-09-23",,,"0.04",",,N",,,,
"US1MEOX0035","43.833953","-70.938297","195.7","2021-09-24",,,"0.04",",,N",,,,
"US1MEOX0035","43.833953","-70.938297","195.7","2021-09-27",,,,,,,,
"US1MEOX0035","43.833953","-70.938297","195.7","2021-09-28",,,"0.02",",,N",,,,
"US1MEOX0035","43.833953","-70.938297","195.7","2021-09-29",,,"0.01",",,N",,,,
"US1MEOX0035","43.833953","-70.938297","195.7","2021-09-30",,,"0.00",",,N","0.0",",,N",,
"US1MEOX0035","43.833953","-70.938297","195.7","2021-10-01",,,"0.03",",,N",,,,
"US1MEOX0035","43.833953","-70.938297","195.7","2021-10-07",,,,,,,,
"US1MEOX0035","43.833953","-70.938297","195.7","2021-10-09",,,,,,,,
"US1MEOX0035","43.833953","-70.938297","195.7","2021-10-12",,,,,,,,
"US1MEOX0035","43.833953","-70.938297","195.7","2021-10-13",,,"0.00",",,N","0.0",",,N",,
"US1MEOX0035","43.833953","-70.938297","195.7","2021-10-14",,,"0.00",",,N","0.0",",,N",,
"US1MEOX0035","43.833953","-70.938297","195.7","2021-10-15",,,"0.00",",,N","0.0",",,N",,
"US1MEOX0035","43.833953","-70.938297","195.7","2021-10-18",,,,,,,,
"US1MEOX0035","43.833953","-70.938297","195.7","2021-10-19",,,"0.00","T,,N",,,,
"US1MEOX0035","43.833953","-70.938297","195.7","2021-10-20",,,"0.00",",,N","0.0",",,N",,
"US1MEOX0035","43.833953","-70.938297","195.7","2021-10-21",,,"0.00",",,N","0.0",",,N",,
"US1MEOX0035","43.833953","-70.938297","195.7","2021-10-22",,,"0.04",",,N",,,,
"US1MEOX0035","43.833953","-70.938297","195.7","2021-10-25",,,,,,,,
"US1MEOX0035","43.833953","-70.938297","195.7","2021-10-26",,,"0.39",",,N",,,,
"US1MEOX0035","43.833953","-70.938297","195.7","2021-10-27",,,"1.03",",,N",,,,
"US1MEOX0035","43.833953","-70.938297","195.7","2021-10-28",,,"0.09",",,N",,,,
"US1MEOX0035","43.833953","-70.938297","195.7","2021-10-29",,,"0.00",",,N","0.0",",,N",,
"US1MEOX0035","43.833953","-70.938297","195.7","2021-11-02",,,,,,,,
"US1MEOX0035","43.833953","-70.938297","195.7","2021-11-03",,,"0.00",",,N","0.0",",,N",,
"US1MEOX0035","43.833953","-70.938297","195.7","2021-11-05",,,"0.00",",,N","0.0",",,N",,
"US1MEOX0035","43.833953","-70.938297","195.7","2021-11-08",,,,,,,,
"US1MEOX0035","43.833953","-70.938297","195.7","2021-11-10",,,,,,,,
"US1MEOX0035","43.833953","-70.938297","195.7","2021-11-19",,,,,,,,
"US1MEOX0035","43.833953","-70.938297","195.7","2021-11-20",,,"0.00","T,,N",,,,
"US1MEOX0035","43.833953","-70.938297","195.7","2021-11-22",,,,,,,,
"US1MEOX0035","43.833953","-70.938297","195.7","2021-11-23",,,"0.03",",,N",,,,
"US1MEOX0035","43.833953","-70.938297","195.7","2021-11-24",,,"0.00",",,N","0.0",",,N",,
"US1MEOX0035","43.833953","-70.938297","195.7","2021-11-26",,,,,,,,
"US1LAVN0004","31.039364","-93.311775","66.8","2021-08-01",,,"0.00",",,N","0.0",",,N",,
"US1LAVN0004","31.039364","-93.311775","66.8","2021-08-02",,,"0.00",",,N","0.0",",,N",,
"US1LAVN0004","31.039364","-93.311775","66.8","2021-08-03",,,"0.64",",,N",,,,
"US1LAVN0004","31.039364","-93.311775","66.8","2021-08-04",,,"0.58",",,N",,,,
"US1LAVN0004","31.039364","-93.311775","66.8","2021-08-06",,,"0.00",",,N","0.0",",,N",,
"US1LAVN0004","31.039364","-93.311775","66.8","2021-08-07",,,"0.00",",,N","0.0",",,N",,
"US1LAVN0004","31.039364","-93.311775","66.8","2021-08-08",,,"0.02",",,N",,,,
"US1LAVN0004","31.039364","-93.311775","66.8","2021-08-09",,,"0.02",",,N",,,,
"US1LAVN0004","31.039364","-93.311775","66.8","2021-08-10",,,"0.00",",,N","0.0",",,N",,
"US1LAVN0004","31.039364","-93.311775","66.8","2021-08-11",,,"0.00",",,N","0.0",",,N",,
"US1LAVN0004","31.039364","-93.311775","66.8","2021-08-12",,,"0.00",",,N","0.0",",,N",,
"US1LAVN0004","31.039364","-93.311775","66.8","2021-08-13",,,"0.01",",,N",,,,
"US1LAVN0004","31.039364","-93.311775","66.8","2021-08-14",,,"0.00",",,N","0.0",",,N",,
"US1LAVN0004","31.039364","-93.311775","66.8","2021-08-15",,,"0.01",",,N",,,,
"US1LAVN0004","31.039364","-93.311775","66.8","2021-08-16",,,"0.00",",,N","0.0",",,N",,
"US1LAVN0004","31.039364","-93.311775","66.8","2021-08-17",,,"0.12",",,N",,,,
"US1LAVN0004","31.039364","-93.311775","66.8","2021-08-18",,,"0.00",",,N","0.0",",,N",,
"US1LAVN0004","31.039364","-93.311775","66.8","2021-08-19",,,"0.06",",,N",,,,
"US1LAVN0004","31.039364","-93.311775","66.8","2021-08-20",,,"0.07",",,N",,,,
"US1LAVN0004","31.039364","-93.311775","66.8","2021-08-22",,,"0.00",",,N","0.0",",,N",,
"US1LAVN0004","31.039364","-93.311775","66.8","2021-08-23",,,"0.00",",,N","0.0",",,N",,
"US1LAVN0004","31.039364","-93.311775","66.8","2021-08-24",,,"0.00",",,N","0.0",",,N",,
"US1LAVN0004","31.039364","-93.311775","66.8","2021-08-25",,,"0.46",",,N",,,,
"US1LAVN0004","31.039364","-93.311775","66.8","2021-08-26",,,"0.00",",,N","0.0",",,N",,
"US1LAVN0004","31.039364","-93.311775","66.8","2021-08-27",,,"0.14",",,N",,,,
"US1LAVN0004","31.039364","-93.311775","66.8","2021-08-28",,,"0.03",",,N",,,,
"US1LAVN0004","31.039364","-93.311775","66.8","2021-08-29",,,"0.00",",,N","0.0",",,N",,
"US1LAVN0004","31.039364","-93.311775","66.8","2021-08-30",,,"0.00",",,N","0.0",",,N",,
"US1LAVN0004","31.039364","-93.311775","66.8","2021-08-31",,,"0.00",",,N","0.0",",,N",,
"US1LAVN0004","31.039364","-93.311775","66.8","2021-09-01",,,"0.00",",,N","0.0",",,N",,
"US1LAVN0004","31.039364","-93.311775","66.8","2021-09-02",,,"1.26",",,N",,,,
"US1LAVN0004","31.039364","-93.311775","66.8","2021-09-03",,,"0.00",",,N","0.0",",,N",,
"US1LAVN0004","31.039364","-93.311775","66.8","2021-09-04",,,"0.00",",,N","0.0",",,N",,
"US1LAVN0004","31.039364","-93.311775","66.8","2021-09-05",,,"0.00",",,N","0.0",",,N",,
"US1LAVN0004","31.039364","-93.311775","66.8","2021-09-06",,,"0.07",",,N",,,,
"US1LAVN0004","31.039364","-93.311775","66.8","2021-09-07",,,"0.00",",,N","0.0",",,N",,
"US1LAVN0004","31.039364","-93.311775","66.8","2021-09-08",,,"0.00",",,N","0.0",",,N",,
"US1LAVN0004","31.039364","-93.311775","66.8","2021-09-09",,,"0.00",",,N","0.0",",,N",,
"US1LAVN0004","31.039364","-93.311775","66.8","2021-09-10",,,"0.00",",,N","0.0",",,N",,
"US1LAVN0004","31.039364","-93.311775","66.8","2021-09-11",,,"0.00",",,N","0.0",",,N",,
"US1LAVN0004","31.039364","-93.311775","66.8","2021-09-12",,,"0.00",",,N","0.0",",,N",,
"US1LAVN0004","31.039364","-93.311775","66.8","2021-09-13",,,"0.00",",,N","0.0",",,N",,
"US1LAVN0004","31.039364","-93.311775","66.8","2021-09-14",,,"0.39",",,N",,,,
"US1LAVN0004","31.039364","-93.311775","66.8","2021-09-15",,,"3.53",",,N",,,,
"US1LAVN0004","31.039364","-93.311775","66.8","2021-09-16",,,"0.32",",,N",,,,
"US1LAVN0004","31.039364","-93.311775","66.8","2021-09-17",,,"0.20",",,N",,,,
"US1LAVN0004","31.039364","-93.311775","66.8","2021-09-18",,,"0.02",",,N",,,,
"US1LAVN0004","31.039364","-93.311775","66.8","2021-09-20",,,"1.14",",,N",,,,
"US1LAVN0004","31.039364","-93.311775","66.8","2021-09-22",,,"0.17",",,N",,,,
"US1LAVN0004","31.039364","-93.311775","66.8","2021-09-28",,,"1.22",",,N",,,,
"US1LAVN0004","31.039364","-93.311775","66.8","2021-09-29",,,"5.03",",,N",,,,
"US1LAVN0004","31.039364","-93.311775","66.8","2021-09-30",,,"0.05",",,N",,,,
"US1LAVN0004","31.039364","-93.311775","66.8","2021-10-02",,,"0.10",",,N",,,,
"US1LAVN0004","31.039364","-93.311775","66.8","2021-10-03",,,"0.03",",,N",,,,
"US1LAVN0004","31.039364","-93.311775","66.8","2021-10-04",,,"0.28",",,N",,,,
"US1LAVN0004","31.039364","-93.311775","66.8","2021-10-05",,,"0.00",",,N","0.0",",,N",,
"US1LAVN0004","31.039364","-93.311775","66.8","2021-10-07",,,"0.00",",,N","0.0",",,N",,
"US1LAVN0004","31.039364","-93.311775","66.8","2021-10-08",,,"0.00",",,N","0.0",",,N",,
"US1LAVN0004","31.039364","-93.311775","66.8","2021-10-11",,,"0.02",",,N",,,,
"US1LAVN0004","31.039364","-93.311775","66.8","2021-10-12",,,"0.15",",,N",,,,
"US1LAVN0004","31.039364","-93.311775","66.8","2021-10-13",,,"0.06",",,N",,,,
"US1LAVN0004","31.039364","-93.311775","66.8","2021-10-15",,,"0.00",",,N","0.0",",,N",,
"US1LAVN0004","31.039364","-93.311775","66.8","2021-10-16",,,"0.00",",,N","0.0",",,N",,
"US1LAVN0004","31.039364","-93.311775","66.8","2021-10-18",,,"0.00",",,N","0.0",",,N",,
"US1LAVN0004","31.039364","-93.311775","66.8","2021-10-19",,,"0.00",",,N","0.0",",,N",,
"US1LAVN0004","31.039364","-93.311775","66.8","2021-10-22",,,"0.00",",,N","0.0",",,N",,
"US1LAVN0004","31.039364","-93.311775","66.8","2021-10-23",,,"0.00",",,N","0.0",",,N",,
"US1LAVN0004","31.039364","-93.311775","66.8","2021-10-24",,,"0.21",",,N",,,,
"US1LAVN0004","31.039364","-93.311775","66.8","2021-10-25",,,"0.00",",,N","0.0",",,N",,
"US1LAVN0004","31.039364","-93.311775","66.8","2021-10-27",,,"0.00",",,N","0.0",",,N",,
"US1LAVN0004","31.039364","-93.311775","66.8","2021-10-28",,,"0.88",",,N",,,,
"US1LAVN0004","31.039364","-93.311775","66.8","2021-10-29",,,"0.00",",,N","0.0",",,N",,
"US1LAVN0004","31.039364","-93.311775","66.8","2021-10-30",,,"0.00",",,N","0.0",",,N",,
"US1LAVN0004","31.039364","-93.311775","66.8","2021-11-03",,,"0.00",",,N","0.0",",,N",,
"US1LAVN0004","31.039364","-93.311775","66.8","2021-11-04",,,"0.48",",,N",,,,
"US1LAVN0004","31.039364","-93.311775","66.8","2021-11-05",,,"0.00",",,N","0.0",",,N",,
"US1LAVN0004","31.039364","-93.311775","66.8","2021-11-06",,,"0.00",",,N","0.0",",,N",,
"US1LAVN0004","31.039364","-93.311775","66.8","2021-11-09",,,"0.00",",,N","0.0",",,N",,
"US1LAVN0004","31.039364","-93.311775","66.8","2021-11-10",,,"0.00",",,N","0.0",",,N",,
"US1LAVN0004","31.039364","-93.311775","66.8","2021-11-11",,,"0.57",",,N",,,,
"US1LAVN0004","31.039364","-93.311775","66.8","2021-11-12",,,"0.11",",,N",,,,
"US1LAVN0004","31.039364","-93.311775","66.8","2021-11-13",,,"0.00",",,N","0.0",",,N",,
"US1LAVN0004","31.039364","-93.311775","66.8","2021-11-14",,,"0.00",",,N","0.0",",,N",,
"US1LAVN0004","31.039364","-93.311775","66.8","2021-11-15",,,"0.00",",,N","0.0",",,N",,
"US1LAVN0004","31.039364","-93.311775","66.8","2021-11-16",,,"0.00",",,N","0.0",",,N",,
"US1LAVN0004","31.039364","-93.311775","66.8","2021-11-22",,,"0.00",",,N","0.0",",,N",,
"US1LAVN0004","31.039364","-93.311775","66.8","2021-11-24",,,"0.00",",,N","0.0",",,N",,
"US1LAVN0004","31.039364","-93.311775","66.8","2021-11-25",,,"0.00",",,N","0.0",",,N",,
"US1LAVN0004","31.039364","-93.311775","66.8","2021-11-26",,,"0.02",",,N",,,,
"US1LAVN0004","31.039364","-93.311775","66.8","2021-11-27",,,"0.00",",,N","0.0",",,N",,
"US1LAVN0004","31.039364","-93.311775","66.8","2021-11-28",,,"0.26",",,N",,,,
"USC00173295","43.8925","-70.2544","115.2","2021-08-01",,,"0.00","T,,7,2400","0.0",",,7,0700",,
"USC00173295","43.8925","-70.2544","115.2","2021-08-02",,,"0.10",",,7,2400","0.0",",,7,0700",,
"USC00173295","43.8925","-70.2544","115.2","2021-08-03",,,"0.00",",,7,2400","0.0",",,7,0700",,
"USC00173295","43.8925","-70.2544","115.2","2021-08-04",,,"0.00","T,,7,2400","0.0",",,7,0700",,
"USC00173295","43.8925","-70.2544","115.2","2021-08-05",,,"0.34",",,7,2400","0.0",",,7,0700",,
"USC00173295","43.8925","-70.2544","115.2","2021-08-06",,,"0.00",",,7,2400","0.0",",,7,0700",,
"USC00173295","43.8925","-70.2544","115.2","2021-08-07",,,"0.00",",,7,2400","0.0",",,7,0700",,
"USC00173295","43.8925","-70.2544","115.2","2021-08-08",,,"0.00",",,7,2400","0.0",",,7,0700",,
"USC00173295","43.8925","-70.2544","115.2","2021-08-09",,,"0.01",",,7,2400","0.0",",,7,0700",,
"USC00173295","43.8925","-70.2544","115.2","2021-08-10",,,"0.01",",,7,2400","0.0",",,7,0700",,
"USC00173295","43.8925","-70.2544","115.2","2021-08-11",,,"0.00","T,,7,2400","0.0",",,7,0700",,
"USC00173295","43.8925","-70.2544","115.2","2021-08-12",,,"0.01",",,7,2400","0.0",",,7,0700",,
"USC00173295","43.8925","-70.2544","115.2","2021-08-13",,,"0.00",",,7,2400","0.0",",,7,0700",,
"USC00173295","43.8925","-70.2544","115.2","2021-08-14",,,"0.00",",,7,2400","0.0",",,7,0700",,
"USC00173295","43.8925","-70.2544","115.2","2021-08-15",,,"0.00",",,7,2400","0.0",",,7,0700",,
"USC00173295","43.8925","-70.2544","115.2","2021-08-16",,,"0.00",",,7,2400","0.0",",,7,0700",,
"USC00173295","43.8925","-70.2544","115.2","2021-08-17",,,"0.00",",,7,2400","0.0",",,7,0700",,
"USC00173295","43.8925","-70.2544","115.2","2021-08-18",,,"0.00","T,,7,2400","0.0",",,7,0700",,
"USC00173295","43.8925","-70.2544","115.2","2021-08-19",,,"0.44",",,7,2400","0.0",",,7,0700",,
"USC00173295","43.8925","-70.2544","115.2","2021-08-20",,,"0.06",",,7,2400","0.0",",,7,0700",,
"USC00173295","43.8925","-70.2544","115.2","2021-08-21",,,"0.00",",,7,2400","0.0",",,7,0700",,
"USC00173295","43.8925","-70.2544","115.2","2021-08-22",,,"0.18",",,7,2400","0.0",",,7,0700",,
"USC00173295","43.8925","-70.2544","115.2","2021-08-23",,,"0.06",",,7,2400","0.0",",,7,0700",,
"USC00173295","43.8925","-70.2544","115.2","2021-08-24",,,"0.28",",,7,2400","0.0",",,7,0700",,
"USC00173295","43.8925","-70.2544","115.2","2021-08-25",,,"0.00",",,7,2400","0.0",",,7,0700",,
"USC00173295","43.8925","-70.2544","115.2","2021-08-26",,,"0.00",",,7,2400","0.0",",,7,0700",,
"USC00173295","43.8925","-70.2544","115.2","2021-08-27",,,"0.00",",,7,2400","0.0",",,7,0700",,
"USC00173295","43.8925","-70.2544","115.2","2021-08-28",,,"0.01",",,7,2400","0.0",",,7,0700",,
"USC00173295","43.8925","-70.2544","115.2","2021-08-29",,,"0.01",",,7,2400","0.0",",,7,0700",,
"USC00173295","43.8925","-70.2544","115.2","2021-08-30",,,"0.16",",,7,2400","0.0",",,7,0700",,
"USC00173295","43.8925","-70.2544","115.2","2021-08-31",,,"0.02",",,7,2400","0.0",",,7,0700",,
"USC00173295","43.8925","-70.2544","115.2","2021-09-01",,,"0.36",",,7,2400","0.0",",,7,0700",,
"USC00173295","43.8925","-70.2544","115.2","2021-09-02",,,"1.21",",,7,2400","0.0",",,7,0700",,
"USC00173295","43.8925","-70.2544","115.2","2021-09-03",,,"0.00","T,,7,2400","0.0",",,7,0700",,
"USC00173295","43.8925","-70.2544","115.2","2021-09-04",,,"0.00",",,7,2400","0.0",",,7,0700",,
"USC00173295","43.8925","-70.2544","115.2","2021-09-05",,,"0.10",",,7,2400","0.0",",,7,0700",,
"USC00173295","43.8925","-70.2544","115.2","2021-09-06",,,"0.16",",,7,2400","0.0",",,7,0700",,
"USC00173295","43.8925","-70.2544","115.2","2021-09-07",,,"0.00","T,,7,2400","0.0",",,7,0700",,
"USC00173295","43.8925","-70.2544","115.2","2021-09-08",,,"0.00",",,7,2400","0.0",",,7,0700",,
"USC00173295","43.8925","-70.2544","115.2","2021-09-09",,,"1.35",",,7,2400","0.0",",,7,0700",,
"USC00173295","43.8925","-70.2544","115.2","2021-09-10",,,"0.21",",,7,2400","0.0",",,7,0700",,
"USC00173295","43.8925","-70.2544","115.2","2021-09-11",,,"0.00",",,7,2400","0.0",",,7,0700",,
"USC00173295","43.8925","-70.2544","115.2","2021-09-12",,,"0.00",",,7,2400","0.0",",,7,0700",,
"USC00173295","43.8925","-70.2544","115.2","2021-09-13",,,"0.00","T,,7,2400","0.0",",,7,0700",,
"USC00173295","43.8925","-70.2544","115.2","2021-09-14",,,"0.00",",,7,2400","0.0",",,7,0700",,
"USC00173295","43.8925","-70.2544","115.2","2021-09-15",,,"0.35",",,7,2400","0.0",",,7,0700",,
"USC00173295","43.8925","-70.2544","115.2","2021-09-16",,,"0.05",",,7,2400","0.0",",,7,0700",,
"USC00173295","43.8925","-70.2544","115.2","2021-09-17",,,"0.00","T,,7,2400","0.0",",,7,0700",,
"USC00173295","43.8925","-70.2544","115.2","2021-09-18",,,"0.04",",,7,2400","0.0",",,7,0700",,
"USC00173295","43.8925","-70.2544","115.2","2021-09-19",,,"0.00",",,7,2400","0.0",",,7,0700",,
"USC00173295","43.8925","-70.2544","115.2","2021-09-20",,,"0.00",",,7,2400","0.0",",,7,0700",,
"USC00173295","43.8925","-70.2544","115.2","2021-09-21",,,"0.00",",,7,2400","0.0",",,7,0700",,
"USC00173295","43.8925","-70.2544","115.2","2021-09-22",,,"0.02",",,7,2400","0.0",",,7,0700",,
"USC00173295","43.8925","-70.2544","115.2","2021-09-23",,,"0.03",",,7,2400","0.0",",,7,0700",,
"USC00173295","43.8925","-70.2544","115.2","2021-09-24",,,"0.87",",,7,2400","0.0",",,7,0700",,
"USC00173295","43.8925","-70.2544","115.2","2021-09-25",,,"0.04",",,7,2400","0.0",",,7,0700",,
"USC00173295","43.8925","-70.2544","115.2","2021-09-26",,,"0.40",",,7,2400","0.0",",,7,0700",,
"USC00173295","43.8925","-70.2544","115.2","2021-09-27",,,"0.03",",,7,2400","0.0",",,7,0700",,
"USC00173295","43.8925","-70.2544","115.2","2021-09-28",,,"0.01",",,7,2400","0.0",",,7,0700",,
"USC00173295","43.8925","-70.2544","115.2","2021-09-29",,,"0.00",",,7,2400","0.0",",,7,0700",,
"USC00173295","43.8925","-70.2544","115.2","2021-09-30",,,"0.09",",,7,2400","0.0",",,7,0700",,
"USC00173295","43.8925","-70.2544","115.2","2021-10-01",,,"0.00",",,7,2400","0.0",",,7,0700",,
"USC00173295","43.8925","-70.2544","115.2","2021-10-02",,,"0.04",",,7,2400","0.0",",,7,0700",,
"USC00173295","43.8925","-70.2544","115.2","2021-10-03",,,"0.16",",,7,2400","0.0",",,7,0700",,
"USC00173295","43.8925","-70.2544","115.2","2021-10-04",,,"0.00",",,7,2400","0.0",",,7,0700",,
"USC00173295","43.8925","-70.2544","115.2","2021-10-05",,,"0.00",",,7,2400","0.0",",,7,0700",,
"USC00173295","43.8925","-70.2544","115.2","2021-10-06",,,"0.00",",,7,2400","0.0",",,7,0700",,
"USC00173295","43.8925","-70.2544","115.2","2021-10-07",,,"0.00",",,7,2400","0.0",",,7,0700",,
"USC00173295","43.8925","-70.2544","115.2","2021-10-08",,,"0.00",",,7,2400","0.0",",,7,0700",,
"USC00173295","43.8925","-70.2544","115.2","2021-10-09",,,"0.00",",,7,2400","0.0",",,7,0700",,
"USC00173295","43.8925","-70.2544","115.2","2021-10-10",,,"0.00",",,7,2400","0.0",",,7,0700",,
"USC00173295","43.8925","-70.2544","115.2","2021-10-11",,,"0.00",",,7,2400","0.0",",,7,0700",,
"USC00173295","43.8925","-70.2544","115.2","2021-10-12",,,"0.00",",,7,2400","0.0",",,7,0700",,
"USC00173295","43.8925","-70.2544","115.2","2021-10-13",,,"0.00",",,7,2400","0.0",",,7,0700",,
"USC00173295","43.8925","-70.2544","115.2","2021-10-14",,,"0.00",",,7,2400","0.0",",,7,0700",,
"USC00173295","43.8925","-70.2544","115.2","2021-10-15",,,"0.00",",,7,2400","0.0",",,7,0700",,
"USC00173295","43.8925","-70.2544","115.2","2021-10-16",,,"1.38",",,7,2400","0.0",",,7,0700",,
"USC00173295","43.8925","-70.2544","115.2","2021-10-17",,,"0.25",",,7,2400","0.0",",,7,0700",,
"USC00173295","43.8925","-70.2544","115.2","2021-10-18",,,"0.00",",,7,2400","0.0",",,7,0700",,
"USC00173295","43.8925","-70.2544","115.2","2021-10-19",,,"0.00",",,7,2400","0.0",",,7,0700",,
"USC00173295","43.8925","-70.2544","115.2","2021-10-20",,,"0.00",",,7,2400","0.0",",,7,0700",,
"USC00173295","43.8925","-70.2544","115.2","2021-10-21",,,"0.01",",,7,2400","0.0",",,7,0700",,
"USC00173295","43.8925","-70.2544","115.2","2021-10-22",,,"0.01",",,7,2400","0.0",",,7,0700",,
"USC00173295","43.8925","-70.2544","115.2","2021-10-23",,,"0.00",",,7,2400","0.0",",,7,0700",,
"USC00173295","43.8925","-70.2544","115.2","2021-10-24",,,"0.00",",,7,2400","0.0",",,7,0700",,
"USC00173295","43.8925","-70.2544","115.2","2021-10-25",,,"0.33",",,7,2400","0.0",",,7,0700",,
"USC00173295","43.8925","-70.2544","115.2","2021-10-26",,,"0.84",",,7,2400","0.0",",,7,0700",,
"USC00173295","43.8925","-70.2544","115.2","2021-10-27",,,"0.24",",,7,2400","0.0",",,7,0700",,
"USC00173295","43.8925","-70.2544","115.2","2021-10-28",,,"0.00",",,7,2400","0.0",",,7,0700",,
"USC00173295","43.8925","-70.2544","115.2","2021-10-29",,,"0.00",",,7,2400","0.0",",,7,0700",,
"USC00173295","43.8925","-70.2544","115.2","2021-10-30",,,"1.52",",,7,2400","0.0",",,7,0700",,
"USC00173295","43.8925","-70.2544","115.2","2021-10-31",,,"1.84",",,D,2400","0.0",",,D,0700",,
"USC00173295","43.8925","-70.2544","115.2","2021-11-01",,,"0.00",",,D,2400","0.0",",,D,0700",,
"USC00173295","43.8925","-70.2544","115.2","2021-11-02",,,"0.00",",,D,2400","0.0",",,D,0700",,
"USC00173295","43.8925","-70.2544","115.2","2021-11-03",,,"0.00",",,D,2400","0.0",",,D,0700",,
"USC00173295","43.8925","-70.2544","115.2","2021-11-04",,,"0.00",",,D,2400","0.0",",,D,0700",,
"USC00173295","43.8925","-70.2544","115.2","2021-11-05",,,"0.00",",,D,2400","0.0",",,D,0700",,
"USC00173295","43.8925","-70.2544","115.2","2021-11-06",,,"0.00",",,D,2400","0.0",",,D,0700",,
"USC00173295","43.8925","-70.2544","115.2","2021-11-07",,,"0.00",",,D,2400","0.0",",,D,0700",,
"USC00173295","43.8925","-70.2544","115.2","2021-11-08",,,"0.00",",,D,2400","0.0",",,D,0700",,
"USC00173295","43.8925","-70.2544","115.2","2021-11-09",,,"0.00",",,D,2400","0.0",",,D,0700",,
"USC00173295","43.8925","-70.2544","115.2","2021-11-10",,,"0.07",",,D,2400","0.0",",,D,0700",,
"USC00173295","43.8925","-70.2544","115.2","2021-11-11",,,"0.00",",,D,2400","0.0",",,D,0700",,
"USC00173295","43.8925","-70.2544","115.2","2021-11-12",,,"1.75",",,D,2400","0.0",",,D,0700",,
"USC00173295","43.8925","-70.2544","115.2","2021-11-13",,,"0.34",",,D,2400","0.0",",,D,0700",,
"USC00173295","43.8925","-70.2544","115.2","2021-11-14",,,"0.00",",,D,2400","0.0",",,D,0700",,
"USC00173295","43.8925","-70.2544","115.2","2021-11-15",,,"0.22",",,D,2400","0.0","T,,D,0700",,
"USC00173295","43.8925","-70.2544","115.2","2021-11-16",,,"0.00","T,,D,2400","0.0","T,,D,0700",,
"USC00173295","43.8925","-70.2544","115.2","2021-11-17",,,"0.02",",,D,2400","0.0",",,D,0700",,
"USC00173295","43.8925","-70.2544","115.2","2021-11-18",,,"0.10",",,D,2400","0.0",",,D,0700",,
"USC00173295","43.8925","-70.2544","115.2","2021-11-19",,,"0.19",",,D,2400","0.0","T,,D,0700",,
"USC00173295","43.8925","-70.2544","115.2","2021-11-20",,,"0.00",",,D,2400","0.0",",,D,0700",,
"USC00173295","43.8925","-70.2544","115.2","2021-11-21",,,"0.04",",,D,2400","0.0",",,D,0700",,
"USC00173295","43.8925","-70.2544","115.2","2021-11-22",,,"0.25",",,D,2400","0.0",",,D,0700",,
"USC00173295","43.8925","-70.2544","115.2","2021-11-23",,,"0.00",",,D,2400","0.0",",,D,0700",,
"USC00173295","43.8925","-70.2544","115.2","2021-11-24",,,"0.00",",,D,2400","0.0",",,D,0700",,
"USC00173295","43.8925","-70.2544","115.2","2021-11-25",,,"0.00",",,D,2400","0.0",",,D,0700",,
"USC00173295","43.8925","-70.2544","115.2","2021-11-26",,,"0.26",",,D,2400","0.1",",,D,0700",,
"USC00173295","43.8925","-70.2544","115.2","2021-11-27",,,"0.02",",,D,2400","0.3",",,D,0700",,
"USC00173295","43.8925","-70.2544","115.2","2021-11-28",,,"0.00","T,,D,2400","0.0","T,,D,0700",,
"US1MEOX0034","44.641568","-70.827823","287.4","2021-08-01",,,"0.00",",,N","0.0",",,N",,
"US1MEOX0034","44.641568","-70.827823","287.4","2021-08-02",,,"0.33",",,N",,,,
"US1MEOX0034","44.641568","-70.827823","287.4","2021-08-03",,,"0.02",",,N",,,,
"US1MEOX0034","44.641568","-70.827823","287.4","2021-08-04",,,"0.00",",,N","0.0",",,N",,
"US1MEOX0034","44.641568","-70.827823","287.4","2021-08-05",,,"0.00",",,N","0.0",",,N",,
"US1MEOX0034","44.641568","-70.827823","287.4","2021-08-06",,,"0.01",",,N",,,,
"US1MEOX0034","44.641568","-70.827823","287.4","2021-08-07",,,"0.00",",,N","0.0",",,N",,
"US1MEOX0034","44.641568","-70.827823","287.4","2021-08-08",,,"0.09",",,N",,,,
"US1MEOX0034","44.641568","-70.827823","287.4","2021-08-11",,,,,,,,
"US1MEOX0034","44.641568","-70.827823","287.4","2021-08-12",,,"0.28",",,N",,,,
"US1MEOX0034","44.641568","-70.827823","287.4","2021-08-13",,,"0.01",",,N",,,,
"US1MEOX0034","44.641568","-70.827823","287.4","2021-08-14",,,"0.07",",,N",,,,
"US1MEOX0034","44.641568","-70.827823","287.4","2021-08-15",,,"0.89",",,N",,,,
"US1MEOX0034","44.641568","-70.827823","287.4","2021-08-16",,,"0.02",",,N",,,,
"US1MEOX0034","44.641568","-70.827823","287.4","2021-08-17",,,"0.00",",,N","0.0",",,N",,
"US1MEOX0034","44.641568","-70.827823","287.4","2021-08-18",,,"0.05",",,N",,,,
"US1MEOX0034","44.641568","-70.827823","287.4","2021-08-19",,,"0.02",",,N",,,,
"US1MEOX0034","44.641568","-70.827823","287.4","2021-08-20",,,"0.16",",,N",,,,
"US1MEOX0034","44.641568","-70.827823","287.4","2021-08-24",,,,,,,,
"US1MEOX0034","44.641568","-70.827823","287.4","2021-08-25",,,"0.00",",,N","0.0",",,N",,
"US1MEOX0034","44.641568","-70.827823","287.4","2021-08-26",,,"0.00",",,N","0.0",",,N",,
"US1MEOX0034","44.641568","-70.827823","287.4","2021-08-27",,,"0.00",",,N","0.0",",,N",,
"US1MEOX0034","44.641568","-70.827823","287.4","2021-08-28",,,"0.00","T,,N",,,,
"US1MEOX0034","44.641568","-70.827823","287.4","2021-08-29",,,"0.57",",,N",,,,
"US1MEOX0034","44.641568","-70.827823","287.4","2021-08-30",,,"0.11",",,N",,,,
"US1MEOX0034","44.641568","-70.827823","287.4","2021-08-31",,,"0.72",",,N",,,,
"US1MEOX0034","44.641568","-70.827823","287.4","2021-09-01",,,"0.00","T,,N",,,,
"US1MEOX0034","44.641568","-70.827823","287.4","2021-09-02",,,"0.38",",,N",,,,
"US1MEOX0034","44.641568","-70.827823","287.4","2021-09-04",,,,,,,,
"US1MEOX0034","44.641568","-70.827823","287.4","2021-09-05",,,"0.00",",,N","0.0",",,N",,
"US1MEOX0034","44.641568","-70.827823","287.4","2021-09-06",,,"0.11",",,N",,,,
"US1MEOX0034","44.641568","-70.827823","287.4","2021-09-07",,,"0.49",",,N",,,,
"US1MEOX0034","44.641568","-70.827823","287.4","2021-09-08",,,"0.00",",,N","0.0",",,N",,
"US1MEOX0034","44.641568","-70.827823","287.4","2021-09-09",,,"0.46",",,N",,,,
"US1MEOX0034","44.641568","-70.827823","287.4","2021-09-10",,,"0.35",",,N",,,,
"US1MEOX0034","44.641568","-70.827823","287.4","2021-09-11",,,"0.02",",,N",,,,
"US1MEOX0034","44.641568","-70.827823","287.4","2021-09-14",,,,,,,,
"US1MEOX0034","44.641568","-70.827823","287.4","2021-09-15",,,"0.00",",,N","0.0",",,N",,
"US1MEOX0034","44.641568","-70.827823","287.4","2021-09-16",,,"0.67",",,N",,,,
"US1MEOX0034","44.641568","-70.827823","287.4","2021-09-17",,,"0.00","T,,N",,,,
"US1MEOX0034","44.641568","-70.827823","287.4","2021-09-18",,,"0.00",",,N","0.0",",,N",,
"US1MEOX0034","44.641568","-70.827823","287.4","2021-09-21",,,,,,,,
"US1MEOX0034","44.641568","-70.827823","287.4","2021-09-22",,,"0.00",",,N","0.0",",,N",,
"US1MEOX0034","44.641568","-70.827823","287.4","2021-09-23",,,"0.20",",,N",,,,
"US1MEOX0034","44.641568","-70.827823","287.4","2021-09-25",,,,,,,,
"US1MEOX0034","44.641568","-70.827823","287.4","2021-09-26",,,"0.02",",,N",,,,
"US1MEOX0034","44.641568","-70.827823","287.4","2021-09-27",,,"0.00",",,N","0.0",",,N",,
"US1MEOX0034","44.641568","-70.827823","287.4","2021-09-28",,,"0.00","T,,N",,,,
"US1MEOX0034","44.641568","-70.827823","287.4","2021-09-29",,,"0.00",",,N","0.0",",,N",,
"US1MEOX0034","44.641568","-70.827823","287.4","2021-10-01",,,,,,,,
"US1MEOX0034","44.641568","-70.827823","287.4","2021-10-02",,,"0.00","T,,N",,,,
"US1MEOX0034","44.641568","-70.827823","287.4","2021-10-03",,,"0.22",",,N",,,,
"US1MEOX0034","44.641568","-70.827823","287.4","2021-10-05",,,,,,,,
"US1MEOX0034","44.641568","-70.827823","287.4","2021-10-06",,,"0.01",",,N",,,,
"US1MEOX0034","44.641568","-70.827823","287.4","2021-10-09",,,,,,,,
"US1MEOX0034","44.641568","-70.827823","287.4","2021-10-10",,,"0.00","T,,N",,,,
"US1MEOX0034","44.641568","-70.827823","287.4","2021-10-11",,,"0.00",",,N","0.0",",,N",,
"US1MEOX0034","44.641568","-70.827823","287.4","2021-10-12",,,"0.00",",,N","0.0",",,N",,
"US1MEOX0034","44.641568","-70.827823","287.4","2021-10-13",,,"0.00",",,N","0.0",",,N",,
"US1MEOX0034","44.641568","-70.827823","287.4","2021-10-14",,,"0.00",",,N","0.0",",,N",,
"US1MEOX0034","44.641568","-70.827823","287.4","2021-10-15",,,"0.00",",,N","0.0",",,N",,
"US1MEOX0034","44.641568","-70.827823","287.4","2021-10-16",,,"0.19",",,N",,,,
"US1MEOX0034","44.641568","-70.827823","287.4","2021-10-17",,,"0.66",",,N",,,,
"US1MEOX0034","44.641568","-70.827823","287.4","2021-10-20",,,,,,,,
"US1MEOX0034","44.641568","-70.827823","287.4","2021-10-22",,,,,,,,
"US1MEOX0034","44.641568","-70.827823","287.4","2021-10-23",,,"0.01",",,N",,,,
"US1MEOX0034","44.641568","-70.827823","287.4","2021-10-26",,,,,,,,
"US1MEOX0034","44.641568","-70.827823","287.4","2021-10-27",,,"0.82",",,N",,,,
"US1MEOX0034","44.641568","-70.827823","287.4","2021-10-28",,,"0.00",",,N","0.0",",,N",,
"US1MEOX0034","44.641568","-70.827823","287.4","2021-10-29",,,"0.00",",,N","0.0",",,N",,
"US1MEOX0034","44.641568","-70.827823","287.4","2021-10-30",,,"0.07",",,N",,,,
"US1MEOX0034","44.641568","-70.827823","287.4","2021-10-31",,,"1.78",",,N",,,,
"US1MEOX0034","44.641568","-70.827823","287.4","2021-11-01",,,"0.48",",,N",,,,
"US1MEOX0034","44.641568","-70.827823","287.4","2021-11-02",,,"0.00",",,N","0.0",",,N",,
"US1MEOX0034","44.641568","-70.827823","287.4","2021-11-03",,,"0.00",",,N","0.0",",,N",,
"US1MEOX0034","44.641568","-70.827823","287.4","2021-11-04",,,"0.04",",,N",,,,
"US1MEOX0034","44.641568","-70.827823","287.4","2021-11-05",,,"0.00","T,,N","0.0","T,,N",,
"US1MEOX0034","44.641568","-70.827823","287.4","2021-11-06",,,"0.00",",,N","0.0",",,N",,
"US1MEOX0034","44.641568","-70.827823","287.4","2021-11-07",,,"0.00",",,N","0.0",",,N",,
"US1MEOX0034","44.641568","-70.827823","287.4","2021-11-08",,,"0.00",",,N","0.0",",,N",,
"US1MEOX0034","44.641568","-70.827823","287.4","2021-11-09",,,"0.00",",,N","0.0",",,N",,
"US1MEOX0034","44.641568","-70.827823","287.4","2021-11-10",,,"0.11",",,N",,,,
"US1MEOX0034","44.641568","-70.827823","287.4","2021-11-11",,,"0.09",",,N",,,,
"US1MEOX0034","44.641568","-70.827823","287.4","2021-11-12",,,"0.00",",,N","0.0",",,N",,
"US1MEOX0034","44.641568","-70.827823","287.4","2021-11-13",,,"1.37",",,N",,,,
"US1MEOX0034","44.641568","-70.827823","287.4","2021-11-14",,,"0.15",",,N",,,,
"US1MEOX0034","44.641568","-70.827823","287.4","2021-11-15",,,"0.08",",,N","0.5",",,N",,
"US1MEOX0034","44.641568","-70.827823","287.4","2021-11-16",,,"0.02",",,N","0.0","T,,N",,
"US1MEOX0034","44.641568","-70.827823","287.4","2021-11-17",,,"0.00",",,N","0.0",",,N",,
"US1MEOX0034","44.641568","-70.827823","287.4","2021-11-18",,,"0.06",",,N",,,,
"US1MEOX0034","44.641568","-70.827823","287.4","2021-11-19",,,"0.11",",,N","0.1",",,N",,
"US1MEOX0034","44.641568","-70.827823","287.4","2021-11-20",,,"0.01",",,N","0.0","T,,N",,
"US1MEOX0034","44.641568","-70.827823","287.4","2021-11-21",,,"0.00",",,N","0.0",",,N",,
"US1MEOX0034","44.641568","-70.827823","287.4","2021-11-22",,,"0.06",",,N",,,,
"US1MEOX0034","44.641568","-70.827823","287.4","2021-11-24",,,,,,,,
"US1MEOX0034","44.641568","-70.827823","287.4","2021-11-25",,,"0.00",",,N","0.0",",,N",,
"US1MEOX0034","44.641568","-70.827823","287.4","2021-11-26",,,"0.00",",,N","0.0",",,N",,
"US1MEOX0034","44.641568","-70.827823","287.4","2021-11-27",,,"0.20",",,N","0.1",",,N",,
"US1MEOX0034","44.641568","-70.827823","287.4","2021-11-28",,,"0.01",",,N","0.1",",,N",,
"USR0000LVER","31.0167","-93.1869","106.7","2021-08-01",,,,,,,"85",",,U"
"USR0000LVER","31.0167","-93.1869","106.7","2021-08-02",,,,,,,"76",",,U"
"USR0000LVER","31.0167","-93.1869","106.7","2021-08-03",,,,,,,"79",",,U"
"USR0000LVER","31.0167","-93.1869","106.7","2021-08-04",,,,,,,"80",",,U"
"USR0000LVER","31.0167","-93.1869","106.7","2021-08-05",,,,,,,"79",",,U"
"USR0000LVER","31.0167","-93.1869","106.7","2021-08-06",,,,,,,"80",",,U"
"USR0000LVER","31.0167","-93.1869","106.7","2021-08-07",,,,,,,"80",",,U"
"USR0000LVER","31.0167","-93.1869","106.7","2021-08-08",,,,,,,"82",",,U"
"USR0000LVER","31.0167","-93.1869","106.7","2021-08-09",,,,,,,"82",",,U"
"USR0000LVER","31.0167","-93.1869","106.7","2021-08-10",,,,,,,"84",",,U"
"USR0000LVER","31.0167","-93.1869","106.7","2021-08-11",,,,,,,"82",",,U"
"USR0000LVER","31.0167","-93.1869","106.7","2021-08-12",,,,,,,"78",",,U"
"USR0000LVER","31.0167","-93.1869","106.7","2021-08-13",,,,,,,"82",",,U"
"USR0000LVER","31.0167","-93.1869","106.7","2021-08-14",,,,,,,"80",",,U"
"USR0000LVER","31.0167","-93.1869","106.7","2021-08-15",,,,,,,"80",",,U"
"USR0000LVER","31.0167","-93.1869","106.7","2021-08-16",,,,,,,"79",",,U"
"USR0000LVER","31.0167","-93.1869","106.7","2021-08-17",,,,,,,"82",",,U"
"USR0000LVER","31.0167","-93.1869","106.7","2021-08-18",,,,,,,"82",",,U"
"USR0000LVER","31.0167","-93.1869","106.7","2021-08-19",,,,,,,"81",",,U"
"USR0000LVER","31.0167","-93.1869","106.7","2021-08-20",,,,,,,"83",",,U"
"USR0000LVER","31.0167","-93.1869","106.7","2021-08-21",,,,,,,"83",",,U"
"USR0000LVER","31.0167","-93.1869","106.7","2021-08-22",,,,,,,"85",",,U"
"USR0000LVER","31.0167","-93.1869","106.7","2021-08-23",,,,,,,"85",",,U"
"USR0000LVER","31.0167","-93.1869","106.7","2021-08-24",,,,,,,"81",",,U"
"USR0000LVER","31.0167","-93.1869","106.7","2021-08-25",,,,,,,"83",",,U"
"USR0000LVER","31.0167","-93.1869","106.7","2021-08-26",,,,,,,"81",",,U"
"USR0000LVER","31.0167","-93.1869","106.7","2021-08-27",,,,,,,"82",",,U"
"USR0000LVER","31.0167","-93.1869","106.7","2021-08-28",,,,,,,"79",",,U"
"USR0000LVER","31.0167","-93.1869","106.7","2021-08-29",,,,,,,"79",",,U"
"USR0000LVER","31.0167","-93.1869","106.7","2021-08-30",,,,,,,"80",",,U"
"USR0000LVER","31.0167","-93.1869","106.7","2021-08-31",,,,,,,"84",",,U"
"USR0000LVER","31.0167","-93.1869","106.7","2021-09-01",,,,,,,"80",",,U"
"USR0000LVER","31.0167","-93.1869","106.7","2021-09-02",,,,,,,"79",",,U"
"USR0000LVER","31.0167","-93.1869","106.7","2021-09-03",,,,,,,"80",",,U"
"USR0000LVER","31.0167","-93.1869","106.7","2021-09-04",,,,,,,"83",",,U"
"USR0000LVER","31.0167","-93.1869","106.7","2021-09-05",,,,,,,"84",",,U"
"USR0000LVER","31.0167","-93.1869","106.7","2021-09-06",,,,,,,"77",",,U"
"USR0000LVER","31.0167","-93.1869","106.7","2021-09-07",,,,,,,"77",",,U"
"USR0000LVER","31.0167","-93.1869","106.7","2021-09-08",,,,,,,"80",",,U"
"USR0000LVER","31.0167","-93.1869","106.7","2021-09-09",,,,,,,"79",",,U"
"USR0000LVER","31.0167","-93.1869","106.7","2021-09-10",,,,,,,"75",",,U"
"USR0000LVER","31.0167","-93.1869","106.7","2021-09-11",,,,,,,"74",",,U"
"USR0000LVER","31.0167","-93.1869","106.7","2021-09-12",,,,,,,"76",",,U"
"USR0000LVER","31.0167","-93.1869","106.7","2021-09-13",,,,,,,"78",",,U"
"USR0000LVER","31.0167","-93.1869","106.7","2021-09-14",,,,,,,"72",",,U"
"USR0000LVER","31.0167","-93.1869","106.7","2021-09-15",,,,,,,"73",",,U"
"USR0000LVER","31.0167","-93.1869","106.7","2021-09-16",,,,,,,"73",",,U"
"USR0000LVER","31.0167","-93.1869","106.7","2021-09-17",,,,,,,"78",",,U"
"USR0000LVER","31.0167","-93.1869","106.7","2021-09-18",,,,,,,"79",",,U"
"USR0000LVER","31.0167","-93.1869","106.7","2021-09-19",,,,,,,"76",",,U"
"USR0000LVER","31.0167","-93.1869","106.7","2021-09-20",,,,,,,"79",",,U"
"USR0000LVER","31.0167","-93.1869","106.7","2021-09-21",,,,,,,"81",",,U"
"USR0000LVER","31.0167","-93.1869","106.7","2021-09-22",,,,,,,"70",",,U"
"USR0000LVER","31.0167","-93.1869","106.7","2021-09-23",,,,,,,"68",",,U"
"USR0000LVER","31.0167","-93.1869","106.7","2021-09-24",,,,,,,"67",",,U"
"USR0000LVER","31.0167","-93.1869","106.7","2021-09-25",,,,,,,"69",",,U"
"USR0000LVER","31.0167","-93.1869","106.7","2021-09-26",,,,,,,"71",",,U"
"USR0000LVER","31.0167","-93.1869","106.7","2021-09-27",,,,,,,"77",",,U"
"USR0000LVER","31.0167","-93.1869","106.7","2021-09-28",,,,,,,"71",",,U"
"USR0000LVER","31.0167","-93.1869","106.7","2021-09-29",,,,,,,"73",",,U"
"USR0000LVER","31.0167","-93.1869","106.7","2021-09-30",,,,,,,"76",",,U"
"USR0000LVER","31.0167","-93.1869","106.7","2021-10-01",,,,,,,"74",",,U"
"USR0000LVER","31.0167","-93.1869","106.7","2021-10-02",,,,,,,"75",",,U"
"USR0000LVER","31.0167","-93.1869","106.7","2021-10-03",,,,,,,"76",",,U"
"USR0000LVER","31.0167","-93.1869","106.7","2021-10-04",,,,,,,"75",",,U"
"USR0000LVER","31.0167","-93.1869","106.7","2021-10-05",,,,,,,"73",",,U"
"USR0000LVER","31.0167","-93.1869","106.7","2021-10-06",,,,,,,"71",",,U"
"USR0000LVER","31.0167","-93.1869","106.7","2021-10-07",,,,,,,"74",",,U"
"USR0000LVER","31.0167","-93.1869","106.7","2021-10-08",,,,,,,"74",",,U"
"USR0000LVER","31.0167","-93.1869","106.7","2021-10-09",,,,,,,"74",",,U"
"USR0000LVER","31.0167","-93.1869","106.7","2021-10-10",,,,,,,"76",",,U"
"USR0000LVER","31.0167","-93.1869","106.7","2021-10-11",,,,,,,"75",",,U"
"USR0000LVER","31.0167","-93.1869","106.7","2021-10-12",,,,,,,"76",",,U"
"USR0000LVER","31.0167","-93.1869","106.7","2021-10-13",,,,,,,"77",",,U"
"USR0000LVER","31.0167","-93.1869","106.7","2021-10-14",,,,,,,"77",",,U"
"USR0000LVER","31.0167","-93.1869","106.7","2021-10-15",,,,,,,"78",",,U"
"USR0000LVER","31.0167","-93.1869","106.7","2021-10-16",,,,,,,"63",",,U"
"USR0000LVER","31.0167","-93.1869","106.7","2021-10-17",,,,,,,"61",",,U"
"USR0000LVER","31.0167","-93.1869","106.7","2021-10-18",,,,,,,"61",",,U"
"USR0000LVER","31.0167","-93.1869","106.7","2021-10-19",,,,,,,"65",",,U"
"USR0000LVER","31.0167","-93.1869","106.7","2021-10-20",,,,,,,"72",",,U"
"USR0000LVER","31.0167","-93.1869","106.7","2021-10-21",,,,,,,"76",",,U"
"USR0000LVER","31.0167","-93.1869","106.7","2021-10-22",,,,,,,"74",",,U"
"USR0000LVER","31.0167","-93.1869","106.7","2021-10-23",,,,,,,"73",",,U"
"USR0000LVER","31.0167","-93.1869","106.7","2021-10-24",,,,,,,"75",",,U"
"USR0000LVER","31.0167","-93.1869","106.7","2021-10-25",,,,,,,"76",",,U"
"USR0000LVER","31.0167","-93.1869","106.7","2021-10-26",,,,,,,"73",",,U"
"USR0000LVER","31.0167","-93.1869","106.7","2021-10-27",,,,,,,"69",",,U"
"USR0000LVER","31.0167","-93.1869","106.7","2021-10-28",,,,,,,"63",",,U"
"USR0000LVER","31.0167","-93.1869","106.7","2021-10-29",,,,,,,"58",",,U"
"USR0000LVER","31.0167","-93.1869","106.7","2021-10-30",,,,,,,"57",",,U"
"USR0000LVER","31.0167","-93.1869","106.7","2021-10-31",,,,,,,"60",",,U"
"USR0000LVER","31.0167","-93.1869","106.7","2021-11-01",,,,,,,"62",",,U"
"USR0000LVER","31.0167","-93.1869","106.7","2021-11-02",,,,,,,"62",",,U"
"USR0000LVER","31.0167","-93.1869","106.7","2021-11-03",,,,,,,"52",",,U"
"USR0000LVER","31.0167","-93.1869","106.7","2021-11-04",,,,,,,"48",",,U"
"USR0000LVER","31.0167","-93.1869","106.7","2021-11-05",,,,,,,"51",",,U"
"USR0000LVER","31.0167","-93.1869","106.7","2021-11-06",,,,,,,"49",",,U"
"USR0000LVER","31.0167","-93.1869","106.7","2021-11-07",,,,,,,"53",",,U"
"USR0000LVER","31.0167","-93.1869","106.7","2021-11-08",,,,,,,"56",",,U"
"USR0000LVER","31.0167","-93.1869","106.7","2021-11-09",,,,,,,"57",",,U"
"USR0000LVER","31.0167","-93.1869","106.7","2021-11-10",,,,,,,"63",",,U"
"USR0000LVER","31.0167","-93.1869","106.7","2021-11-11",,,,,,,"61",",,U"
"USR0000LVER","31.0167","-93.1869","106.7","2021-11-12",,,,,,,"59",",,U"
"USR0000LVER","31.0167","-93.1869","106.7","2021-11-13",,,,,,,"48",",,U"
"USR0000LVER","31.0167","-93.1869","106.7","2021-11-14",,,,,,,"55",",,U"
"USR0000LVER","31.0167","-93.1869","106.7","2021-11-15",,,,,,,"62",",,U"
"USR0000LVER","31.0167","-93.1869","106.7","2021-11-16",,,,,,,"66",",,U"
"USR0000LVER","31.0167","-93.1869","106.7","2021-11-17",,,,,,,"69",",,U"
"USR0000LVER","31.0167","-93.1869","106.7","2021-11-18",,,,,,,"55",",,U"
"USR0000LVER","31.0167","-93.1869","106.7","2021-11-19",,,,,,,"50",",,U"
"USR0000LVER","31.0167","-93.1869","106.7","2021-11-20",,,,,,,"57",",,U"
"USR0000LVER","31.0167","-93.1869","106.7","2021-11-21",,,,,,,"65",",,U"
"USR0000LVER","31.0167","-93.1869","106.7","2021-11-22",,,,,,,"59",",,U"
"USR0000LVER","31.0167","-93.1869","106.7","2021-11-23",,,,,,,"51",",,U"
"USR0000LVER","31.0167","-93.1869","106.7","2021-11-24",,,,,,,"60",",,U"
"USR0000LVER","31.0167","-93.1869","106.7","2021-11-25",,,,,,,"59",",,U"
"USR0000LVER","31.0167","-93.1869","106.7","2021-11-26",,,,,,,"47",",,U"
"USR0000LVER","31.0167","-93.1869","106.7","2021-11-27",,,,,,,"46",",,U"
"USR0000LVER","31.0167","-93.1869","106.7","2021-11-28",,,,,,,"50",",,U"
"USW00013957","32.4472","-93.8244","77.4","2021-08-01","5.59",",,W","0.34",",,W,2400","0.0",",,W,2400","88","H,,S"
"USW00013957","32.4472","-93.8244","77.4","2021-08-02","4.47",",,W","0.28",",,W,2400","0.0",",,W,2400","81","H,,S"
"USW00013957","32.4472","-93.8244","77.4","2021-08-03","6.93",",,W","0.00",",,W,2400","0.0",",,W,2400","81","H,,S"
"USW00013957","32.4472","-93.8244","77.4","2021-08-04","5.59",",,W","0.00",",,W,2400","0.0",",,W,2400","81","H,,S"
"USW00013957","32.4472","-93.8244","77.4","2021-08-05","2.24",",,W","0.00",",,W,2400","0.0",",,W,2400","79","H,,S"
"USW00013957","32.4472","-93.8244","77.4","2021-08-06","2.46",",,W","0.00",",,W,2400","0.0",",,W,2400","82","H,,S"
"USW00013957","32.4472","-93.8244","77.4","2021-08-07","6.93",",,W","0.00",",,W,2400","0.0",",,W,2400","82","H,,S"
"USW00013957","32.4472","-93.8244","77.4","2021-08-08","9.84",",,W","0.00",",,W,2400","0.0",",,W,2400","85","H,,S"
"USW00013957","32.4472","-93.8244","77.4","2021-08-09","9.62",",,W","0.00",",,W,2400","0.0",",,W,2400","85","H,,S"
"USW00013957","32.4472","-93.8244","77.4","2021-08-10","7.83",",,W","0.00",",,W,2400","0.0",",,W,2400","87","H,,S"
"USW00013957","32.4472","-93.8244","77.4","2021-08-11","7.16",",,W","0.00",",,W,2400","0.0",",,W,2400","86","H,,S"
"USW00013957","32.4472","-93.8244","77.4","2021-08-12","6.26",",,W","0.00",",,W,2400","0.0",",,W,2400","86","H,,S"
"USW00013957","32.4472","-93.8244","77.4","2021-08-13","2.91",",,W","0.00",",,W,2400","0.0",",,W,2400","85","H,,S"
"USW00013957","32.4472","-93.8244","77.4","2021-08-14","4.92",",,W","0.00",",,W,2400","0.0",",,W,2400","85","H,,S"
"USW00013957","32.4472","-93.8244","77.4","2021-08-15","2.68",",,W","1.76",",,W,2400","0.0",",,W,2400","82","H,,S"
"USW00013957","32.4472","-93.8244","77.4","2021-08-16","4.70",",,W","0.00",",,W,2400","0.0",",,W,2400","80","H,,S"
"USW00013957","32.4472","-93.8244","77.4","2021-08-17","6.04",",,W","0.11",",,W,2400","0.0",",,W,2400","83","H,,S"
"USW00013957","32.4472","-93.8244","77.4","2021-08-18","4.25",",,W","0.60",",,W,2400","0.0",",,W,2400","79","H,,S"
"USW00013957","32.4472","-93.8244","77.4","2021-08-19","5.82",",,W","0.12",",,W,2400","0.0",",,W,2400","79","H,,S"
"USW00013957","32.4472","-93.8244","77.4","2021-08-20","6.93",",,W","0.00",",,W,2400","0.0",",,W,2400","82","H,,S"
"USW00013957","32.4472","-93.8244","77.4","2021-08-21","6.04",",,W","0.00",",,W,2400","0.0",",,W,2400","85","H,,S"
"USW00013957","32.4472","-93.8244","77.4","2021-08-22","5.14",",,W","0.00",",,W,2400","0.0",",,W,2400","86","H,,S"
"USW00013957","32.4472","-93.8244","77.4","2021-08-23","2.68",",,W","0.00",",,W,2400","0.0",",,W,2400","85","H,,S"
"USW00013957","32.4472","-93.8244","77.4","2021-08-24","3.13",",,W","0.00",",,W,2400","0.0",",,W,2400","86","H,,S"
"USW00013957","32.4472","-93.8244","77.4","2021-08-25","2.91",",,W","0.18",",,W,2400","0.0",",,W,2400","87","H,,S"
"USW00013957","32.4472","-93.8244","77.4","2021-08-26","5.82",",,W","0.00",",,W,2400","0.0",",,W,2400","85","H,,S"
"USW00013957","32.4472","-93.8244","77.4","2021-08-27","7.38",",,W","0.00",",,W,2400","0.0",",,W,2400","84","H,,S"
"USW00013957","32.4472","-93.8244","77.4","2021-08-28","6.93",",,W","0.10",",,W,2400","0.0",",,W,2400","82","H,,S"
"USW00013957","32.4472","-93.8244","77.4","2021-08-29","6.93",",,W","0.13",",,W,2400","0.0",",,W,2400","83","H,,S"
"USW00013957","32.4472","-93.8244","77.4","2021-08-30","9.62",",,W","0.00","T,,W,2400","0.0",",,W,2400","82","H,,S"
"USW00013957","32.4472","-93.8244","77.4","2021-08-31","2.68",",,W","0.00",",,W,2400","0.0",",,W,2400","84","H,,S"
"USW00013957","32.4472","-93.8244","77.4","2021-09-01","3.58",",,W","0.00",",,W,2400","0.0",",,W,2400","86","H,,S"
"USW00013957","32.4472","-93.8244","77.4","2021-09-02","3.36",",,W","0.00","T,,W,2400","0.0",",,W,2400","86","H,,S"
"USW00013957","32.4472","-93.8244","77.4","2021-09-03","3.36",",,W","0.00","T,,W,2400","0.0",",,W,2400","82","H,,S"
"USW00013957","32.4472","-93.8244","77.4","2021-09-04","3.13",",,W","0.00",",,W,2400","0.0",",,W,2400","84","H,,S"
"USW00013957","32.4472","-93.8244","77.4","2021-09-05","5.82",",,W","0.06",",,W,2400","0.0",",,W,2400","85","H,,S"
"USW00013957","32.4472","-93.8244","77.4","2021-09-06","6.49",",,W","0.00",",,W,2400","0.0",",,W,2400","83","H,,S"
"USW00013957","32.4472","-93.8244","77.4","2021-09-07","2.91",",,W","0.00",",,W,2400","0.0",",,W,2400","78","H,,S"
"USW00013957","32.4472","-93.8244","77.4","2021-09-08","5.14",",,W","0.00",",,W,2400","0.0",",,W,2400","78","H,,S"
"USW00013957","32.4472","-93.8244","77.4","2021-09-09","6.71",",,W","0.00",",,W,2400","0.0",",,W,2400","82","H,,S"
"USW00013957","32.4472","-93.8244","77.4","2021-09-10","2.46",",,W","0.00",",,W,2400","0.0",",,W,2400","75","H,,S"
"USW00013957","32.4472","-93.8244","77.4","2021-09-11","3.80",",,W","0.00",",,W,2400","0.0",",,W,2400","76","H,,S"
"USW00013957","32.4472","-93.8244","77.4","2021-09-12","4.47",",,W","0.00",",,W,2400","0.0",",,W,2400","77","H,,S"
"USW00013957","32.4472","-93.8244","77.4","2021-09-13","6.04",",,W","0.02",",,W,2400","0.0",",,W,2400","80","H,,S"
"USW00013957","32.4472","-93.8244","77.4","2021-09-14","10.07",",,W","0.03",",,W,2400","0.0",",,W,2400","78","H,,S"
"USW00013957","32.4472","-93.8244","77.4","2021-09-15","10.96",",,W","0.00",",,W,2400","0.0",",,W,2400","77","H,,S"
"USW00013957","32.4472","-93.8244","77.4","2021-09-16","8.72",",,W","0.00",",,W,2400","0.0",",,W,2400","77","H,,S"
"USW00013957","32.4472","-93.8244","77.4","2021-09-17","6.04",",,W","0.11",",,W,2400","0.0",",,W,2400","78","H,,S"
"USW00013957","32.4472","-93.8244","77.4","2021-09-18","5.59",",,W","0.27",",,W,2400","0.0",",,W,2400","78","H,,S"
"USW00013957","32.4472","-93.8244","77.4","2021-09-19","4.70",",,W","0.00","T,,W,2400","0.0",",,W,2400","80","H,,S"
"USW00013957","32.4472","-93.8244","77.4","2021-09-20","5.59",",,W","0.00",",,W,2400","0.0",",,W,2400","80","H,,S"
"USW00013957","32.4472","-93.8244","77.4","2021-09-21","10.29",",,W","0.02",",,W,2400","0.0",",,W,2400","83","H,,S"
"USW00013957","32.4472","-93.8244","77.4","2021-09-22","9.62",",,W","0.00",",,W,2400","0.0",",,W,2400","73","H,,S"
"USW00013957","32.4472","-93.8244","77.4","2021-09-23","2.01",",,W","0.00",",,W,2400","0.0",",,W,2400","69","H,,S"
"USW00013957","32.4472","-93.8244","77.4","2021-09-24","3.13",",,W","0.00",",,W,2400","0.0",",,W,2400","69","H,,S"
"USW00013957","32.4472","-93.8244","77.4","2021-09-25","2.68",",,W","0.00",",,W,2400","0.0",",,W,2400","73","H,,S"
"USW00013957","32.4472","-93.8244","77.4","2021-09-26","3.36",",,W","0.00",",,W,2400","0.0",",,W,2400","75","H,,S"
"USW00013957","32.4472","-93.8244","77.4","2021-09-27","2.91",",,W","0.00",",,W,2400","0.0",",,W,2400","74","H,,S"
"USW00013957","32.4472","-93.8244","77.4","2021-09-28","8.05",",,W","0.19",",,W,2400","0.0",",,W,2400","79","H,,S"
"USW00013957","32.4472","-93.8244","77.4","2021-09-29","6.71",",,W","0.00","T,,W,2400","0.0",",,W,2400","77","H,,S"
"USW00013957","32.4472","-93.8244","77.4","2021-09-30","5.82",",,W","0.00",",,W,2400","0.0",",,W,2400","79","H,,S"
"USW00013957","32.4472","-93.8244","77.4","2021-10-01","4.92",",,W","1.47",",,W,2400","0.0",",,W,2400","76","H,,S"
"USW00013957","32.4472","-93.8244","77.4","2021-10-02","2.68",",,W","0.61",",,W,2400","0.0",",,W,2400","76","H,,S"
"USW00013957","32.4472","-93.8244","77.4","2021-10-03","4.70",",,W","0.02",",,W,2400","0.0",",,W,2400","79","H,,S"
"USW00013957","32.4472","-93.8244","77.4","2021-10-04","4.70",",,W","0.00",",,W,2400","0.0",",,W,2400","76","H,,S"
"USW00013957","32.4472","-93.8244","77.4","2021-10-05","5.59",",,W","0.00",",,W,2400","0.0",",,W,2400","74","H,,S"
"USW00013957","32.4472","-93.8244","77.4","2021-10-06","1.79",",,W","0.00",",,W,2400","0.0",",,W,2400","74","H,,S"
"USW00013957","32.4472","-93.8244","77.4","2021-10-07","2.91",",,W","0.00",",,W,2400","0.0",",,W,2400","74","H,,S"
"USW00013957","32.4472","-93.8244","77.4","2021-10-08","4.03",",,W","0.00",",,W,2400","0.0",",,W,2400","76","H,,S"
"USW00013957","32.4472","-93.8244","77.4","2021-10-09","7.16",",,W","0.00",",,W,2400","0.0",",,W,2400","77","H,,S"
"USW00013957","32.4472","-93.8244","77.4","2021-10-10","11.63",",,W","0.00",",,W,2400","0.0",",,W,2400","77","H,,S"
"USW00013957","32.4472","-93.8244","77.4","2021-10-11","8.28",",,W","0.01",",,W,2400","0.0",",,W,2400","78","H,,S"
"USW00013957","32.4472","-93.8244","77.4","2021-10-12","6.04",",,W","0.02",",,W,2400","0.0",",,W,2400","71","H,,S"
"USW00013957","32.4472","-93.8244","77.4","2021-10-13","10.74",",,W","0.00",",,W,2400","0.0",",,W,2400","81","H,,S"
"USW00013957","32.4472","-93.8244","77.4","2021-10-14","6.49",",,W","0.06",",,W,2400","0.0",",,W,2400","79","H,,S"
"USW00013957","32.4472","-93.8244","77.4","2021-10-15","12.08",",,W","0.00",",,W,2400","0.0",",,W,2400","79","H,,S"
"USW00013957","32.4472","-93.8244","77.4","2021-10-16","8.28",",,W","0.00",",,W,2400","0.0",",,W,2400","67","H,,S"
"USW00013957","32.4472","-93.8244","77.4","2021-10-17","2.01",",,W","0.00",",,W,2400","0.0",",,W,2400","61","H,,S"
"USW00013957","32.4472","-93.8244","77.4","2021-10-18","3.80",",,W","0.00",",,W,2400","0.0",",,W,2400","62","H,,S"
"USW00013957","32.4472","-93.8244","77.4","2021-10-19","5.37",",,W","0.00",",,W,2400","0.0",",,W,2400","62","H,,S"
"USW00013957","32.4472","-93.8244","77.4","2021-10-20","2.46",",,W","0.00",",,W,2400","0.0",",,W,2400","70","H,,S"
"USW00013957","32.4472","-93.8244","77.4","2021-10-21","5.14",",,W","0.00",",,W,2400","0.0",",,W,2400","75","H,,S"
"USW00013957","32.4472","-93.8244","77.4","2021-10-22","3.80",",,W","0.00",",,W,2400","0.0",",,W,2400","71","H,,S"
"USW00013957","32.4472","-93.8244","77.4","2021-10-23","6.93",",,W","0.00",",,W,2400","0.0",",,W,2400","71","H,,S"
"USW00013957","32.4472","-93.8244","77.4","2021-10-24","9.17",",,W","0.00",",,W,2400","0.0",",,W,2400","78","H,,S"
"USW00013957","32.4472","-93.8244","77.4","2021-10-25","5.82",",,W","0.00",",,W,2400","0.0",",,W,2400","79","H,,S"
"USW00013957","32.4472","-93.8244","77.4","2021-10-26","8.05",",,W","0.00",",,W,2400","0.0",",,W,2400","71","H,,S"
"USW00013957","32.4472","-93.8244","77.4","2021-10-27","10.51",",,W","1.15",",,W,2400","0.0",",,W,2400","74","H,,S"
"USW00013957","32.4472","-93.8244","77.4","2021-10-28","13.20",",,W","0.00",",,W,2400","0.0",",,W,2400","63","H,,S"
"USW00013957","32.4472","-93.8244","77.4","2021-10-29","12.75",",,W","0.00",",,W,2400","0.0",",,W,2400","61","H,,S"
"USW00013957","32.4472","-93.8244","77.4","2021-10-30","5.14",",,W","0.00",",,W,2400","0.0",",,W,2400","58","H,,S"
"USW00013957","32.4472","-93.8244","77.4","2021-10-31","2.01",",,W","0.00",",,W,2400","0.0",",,W,2400","58","H,,S"
"USW00013957","32.4472","-93.8244","77.4","2021-11-01","3.36",",,W","0.00",",,W,2400","0.0",",,W,2400","60","H,,S"
"USW00013957","32.4472","-93.8244","77.4","2021-11-02","7.61",",,W","0.00","T,,W,2400","0.0",",,W,2400","61","H,,S"
"USW00013957","32.4472","-93.8244","77.4","2021-11-03","9.40",",,W","0.13",",,W,2400","0.0",",,W,2400","51","H,,S"
"USW00013957","32.4472","-93.8244","77.4","2021-11-04","7.83",",,W","0.00",",,W,2400","0.0",",,W,2400","50","H,,S"
"USW00013957","32.4472","-93.8244","77.4","2021-11-05","4.92",",,W","0.00",",,W,2400","0.0",",,W,2400","50","H,,S"
"USW00013957","32.4472","-93.8244","77.4","2021-11-06","1.12",",,W","0.00",",,W,2400","0.0",",,W,2400","49","H,,S"
"USW00013957","32.4472","-93.8244","77.4","2021-11-07","2.01",",,W","0.00",",,W,2400","0.0",",,W,2400","52","H,,S"
"USW00013957","32.4472","-93.8244","77.4","2021-11-08","3.58",",,W","0.00",",,W,2400","0.0",",,W,2400","55","H,,S"
"USW00013957","32.4472","-93.8244","77.4","2021-11-09","2.68",",,W","0.00",",,W,2400","0.0",",,W,2400","57","H,,S"
"USW00013957","32.4472","-93.8244","77.4","2021-11-10","6.93",",,W","0.00","T,,W,2400","0.0",",,W,2400","60","H,,S"
"USW00013957","32.4472","-93.8244","77.4","2021-11-11","7.83",",,W","0.56",",,W,2400","0.0",",,W,2400","66","H,,S"
"USW00013957","32.4472","-93.8244","77.4","2021-11-12","7.61",",,W","0.00",",,W,2400","0.0",",,W,2400","56","H,,S"
"USW00013957","32.4472","-93.8244","77.4","2021-11-13","5.14",",,W","0.00",",,W,2400","0.0",",,W,2400","51","H,,S"
"USW00013957","32.4472","-93.8244","77.4","2021-11-14","4.03",",,W","0.00",",,W,2400","0.0",",,W,2400","53","H,,S"
"USW00013957","32.4472","-93.8244","77.4","2021-11-15","6.71",",,W","0.00",",,W,2400","0.0",",,W,2400","61","H,,S"
"USW00013957","32.4472","-93.8244","77.4","2021-11-16","10.51",",,W","0.00",",,W,2400","0.0",",,W,2400","69","H,,S"
"USW00013957","32.4472","-93.8244","77.4","2021-11-17","10.29",",,W","0.00",",,W,2400","0.0",",,W,2400","71","H,,S"
"USW00013957","32.4472","-93.8244","77.4","2021-11-18","12.97",",,W","0.00","T,,W,2400","0.0",",,W,2400","63","H,,S"
"USW00013957","32.4472","-93.8244","77.4","2021-11-19","4.47",",,W","0.00",",,W,2400","0.0",",,W,2400","49","H,,S"
"USW00013957","32.4472","-93.8244","77.4","2021-11-20","5.82",",,W","0.00",",,W,2400","0.0",",,W,2400","52","H,,S"
"USW00013957","32.4472","-93.8244","77.4","2021-11-21","7.61",",,W","0.53",",,W,2400","0.0",",,W,2400","65","H,,S"
"USW00013957","32.4472","-93.8244","77.4","2021-11-22","5.82",",,W","0.00",",,W,2400","0.0",",,W,2400","60","H,,S"
"USW00013957","32.4472","-93.8244","77.4","2021-11-23","6.04",",,W","0.00",",,W,2400","0.0",",,W,2400","51","H,,S"
"USW00013957","32.4472","-93.8244","77.4","2021-11-24","11.41",",,W","0.00",",,W,2400",,,"56","H,,S"
"USW00013957","32.4472","-93.8244","77.4","2021-11-25","8.95",",,W","0.80",",,W,2400",,,"62","H,,S"
"USW00013957","32.4472","-93.8244","77.4","2021-11-26","4.03",",,W","0.00",",,D,2400","0.0",",,D,2400","46","H,,S"
"USW00013957","32.4472","-93.8244","77.4","2021-11-27","2.91",",,W","0.06",",,D,2400","0.0",",,D,2400","41","H,,S"
"USW00013957","32.4472","-93.8244","77.4","2021-11-28","3.58",",,W","0.05",",,D,2400","0.0",",,D,2400","53","H,,S"
"USC00164696","31.6782","-92.1288","43.6","2021-08-01",,,"0.00",",,7,0800","0.0",",,7",,
"USC00164696","31.6782","-92.1288","43.6","2021-08-02",,,,,"0.0",",,7",,
"USC00164696","31.6782","-92.1288","43.6","2021-08-03",,,,,"0.0",",,7",,
"USC00164696","31.6782","-92.1288","43.6","2021-08-04",,,"0.36",",,7,0800","0.0",",,7",,
"USC00164696","31.6782","-92.1288","43.6","2021-08-05",,,"0.00",",,7,0800","0.0",",,7",,
"USC00164696","31.6782","-92.1288","43.6","2021-08-06",,,"0.00",",,7,0800","0.0",",,7",,
"USC00164696","31.6782","-92.1288","43.6","2021-08-07",,,,,"0.0",",,7",,
"USC00164696","31.6782","-92.1288","43.6","2021-08-08",,,,,"0.0",",,7",,
"USC00164696","31.6782","-92.1288","43.6","2021-08-09",,,"0.00",",,7,0800","0.0",",,7",,
"USC00164696","31.6782","-92.1288","43.6","2021-08-10",,,"0.00",",,7,0800","0.0",",,7",,
"USC00164696","31.6782","-92.1288","43.6","2021-08-11",,,"0.00",",,7,0800","0.0",",,7",,
"USC00164696","31.6782","-92.1288","43.6","2021-08-12",,,"0.00",",,7,0800","0.0",",,7",,
"USC00164696","31.6782","-92.1288","43.6","2021-08-13",,,"0.00",",,7,0800","0.0",",,7",,
"USC00164696","31.6782","-92.1288","43.6","2021-08-14",,,"0.00",",,7,0800","0.0",",,7",,
"USC00164696","31.6782","-92.1288","43.6","2021-08-15",,,"0.00",",,7,0800","0.0",",,7",,
"USC00164696","31.6782","-92.1288","43.6","2021-08-16",,,"0.00",",,7,0800","0.0",",,7",,
"USC00164696","31.6782","-92.1288","43.6","2021-08-17",,,"0.46",",,7,0800","0.0",",,7",,
"USC00164696","31.6782","-92.1288","43.6","2021-08-18",,,"0.24",",,7,0800","0.0",",,7",,
"USC00164696","31.6782","-92.1288","43.6","2021-08-19",,,"0.20",",,7,0800","0.0",",,7",,
"USC00164696","31.6782","-92.1288","43.6","2021-08-20",,,"0.37",",,7,0800","0.0",",,7",,
"USC00164696","31.6782","-92.1288","43.6","2021-08-21",,,"0.00",",,7,0800","0.0",",,7",,
"USC00164696","31.6782","-92.1288","43.6","2021-08-22",,,"0.00",",,7,0800","0.0",",,7",,
"USC00164696","31.6782","-92.1288","43.6","2021-08-23",,,"0.00",",,7,0800","0.0",",,7",,
"USC00164696","31.6782","-92.1288","43.6","2021-08-24",,,"0.00",",,7,0800","0.0",",,7",,
"USC00164696","31.6782","-92.1288","43.6","2021-08-25",,,"0.92",",,7,0800","0.0",",,7",,
"USC00164696","31.6782","-92.1288","43.6","2021-08-26",,,"0.00",",,7,0800","0.0",",,7",,
"USC00164696","31.6782","-92.1288","43.6","2021-08-27",,,"0.00",",,7,0800","0.0",",,7",,
"USC00164696","31.6782","-92.1288","43.6","2021-08-28",,,"0.00",",,7,0800","0.0",",,7",,
"USC00164696","31.6782","-92.1288","43.6","2021-08-29",,,"0.60",",,7,0800","0.0",",,7",,
"USC00164696","31.6782","-92.1288","43.6","2021-08-30",,,"0.00",",,7,0800","0.0",",,7",,
"USC00164696","31.6782","-92.1288","43.6","2021-08-31",,,"0.39",",,7,0800","0.0",",,7",,
"USC00164696","31.6782","-92.1288","43.6","2021-09-01",,,"0.00",",,7,0800","0.0",",,7",,
"USC00164696","31.6782","-92.1288","43.6","2021-09-02",,,"0.00",",,7,0800","0.0",",,7",,
"USC00164696","31.6782","-92.1288","43.6","2021-09-03",,,"0.00",",,7,0800","0.0",",,7",,
"USC00164696","31.6782","-92.1288","43.6","2021-09-04",,,"0.00",",,7,0800","0.0",",,7",,
"USC00164696","31.6782","-92.1288","43.6","2021-09-05",,,"0.00",",,7,0800","0.0",",,7",,
"USC00164696","31.6782","-92.1288","43.6","2021-09-06",,,"0.32",",,7,0800","0.0",",,7",,
"USC00164696","31.6782","-92.1288","43.6","2021-09-07",,,"0.00",",,7,0800","0.0",",,7",,
"USC00164696","31.6782","-92.1288","43.6","2021-09-08",,,,,"0.0",",,7",,
"USC00164696","31.6782","-92.1288","43.6","2021-09-09",,,"0.00",",,7,0800","0.0",",,7",,
"USC00164696","31.6782","-92.1288","43.6","2021-09-10",,,"0.00",",,7,0800","0.0",",,7",,
"USC00164696","31.6782","-92.1288","43.6","2021-09-11",,,"0.00",",,7,0800","0.0",",,7",,
"USC00164696","31.6782","-92.1288","43.6","2021-09-12",,,"0.00",",,7,0800","0.0",",,7",,
"USC00164696","31.6782","-92.1288","43.6","2021-09-13",,,"0.00",",,7,0800","0.0",",,7",,
"USC00164696","31.6782","-92.1288","43.6","2021-09-14",,,"0.40",",,7,0800","0.0",",,7",,
"USC00164696","31.6782","-92.1288","43.6","2021-09-15",,,"1.98",",,7,0800","0.0",",,7",,
"USC00164696","31.6782","-92.1288","43.6","2021-09-16",,,,,"0.0",",,7",,
"USC00164696","31.6782","-92.1288","43.6","2021-09-17",,,"0.00",",,7,0800","0.0",",,7",,
"USC00164696","31.6782","-92.1288","43.6","2021-09-18",,,,,"0.0",",,7",,
"USC00164696","31.6782","-92.1288","43.6","2021-09-19",,,,,"0.0",",,7",,
"USC00164696","31.6782","-92.1288","43.6","2021-09-20",,,"0.00",",,7,0800","0.0",",,7",,
"USC00164696","31.6782","-92.1288","43.6","2021-09-21",,,"0.00",",,7,0800","0.0",",,7",,
"USC00164696","31.6782","-92.1288","43.6","2021-09-22",,,"0.70",",,7,0800","0.0",",,7",,
"USC00164696","31.6782","-92.1288","43.6","2021-09-23",,,"0.00",",,7,0800","0.0",",,7",,
"USC00164696","31.6782","-92.1288","43.6","2021-09-24",,,,,"0.0",",,7",,
"USC00164696","31.6782","-92.1288","43.6","2021-09-25",,,,,"0.0",",,7",,
"USC00164696","31.6782","-92.1288","43.6","2021-09-26",,,"0.00",",,7,0800","0.0",",,7",,
"USC00164696","31.6782","-92.1288","43.6","2021-09-27",,,,,"0.0",",,7",,
"USC00164696","31.6782","-92.1288","43.6","2021-09-28",,,"0.00",",,7,0800","0.0",",,7",,
"USC00164696","31.6782","-92.1288","43.6","2021-09-29",,,"0.15",",,7,0800","0.0",",,7",,
"USC00164696","31.6782","-92.1288","43.6","2021-09-30",,,"1.52",",,7,0800","0.0",",,7",,
"USC00164696","31.6782","-92.1288","43.6","2021-10-01",,,"0.00",",,7,0800","0.0",",,7",,
"USC00164696","31.6782","-92.1288","43.6","2021-10-02",,,"0.00",",,7,0800","0.0",",,7",,
"USC00164696","31.6782","-92.1288","43.6","2021-10-03",,,"0.91",",,7,0800","0.0",",,7",,
"USC00164696","31.6782","-92.1288","43.6","2021-10-04",,,,,"0.0",",,7",,
"USC00164696","31.6782","-92.1288","43.6","2021-10-05",,,"0.00",",,7,0800","0.0",",,7",,
"USC00164696","31.6782","-92.1288","43.6","2021-10-06",,,"0.00",",,7,0800","0.0",",,7",,
"USC00164696","31.6782","-92.1288","43.6","2021-10-07",,,"0.00",",,7,0800","0.0",",,7",,
"USC00164696","31.6782","-92.1288","43.6","2021-10-08",,,"0.00",",,7,0800","0.0",",,7",,
"USC00164696","31.6782","-92.1288","43.6","2021-10-09",,,"0.00",",,7,0800","0.0",",,7",,
"USC00164696","31.6782","-92.1288","43.6","2021-10-10",,,,,"0.0",",,7",,
"USC00164696","31.6782","-92.1288","43.6","2021-10-11",,,"0.00",",,7,0800","0.0",",,7",,
"USC00164696","31.6782","-92.1288","43.6","2021-10-12",,,,,"0.0",",,7",,
"USC00164696","31.6782","-92.1288","43.6","2021-10-13",,,"0.00",",,7,0800","0.0",",,7",,
"USC00164696","31.6782","-92.1288","43.6","2021-10-14",,,"0.10",",,7,0800","0.0",",,7",,
"USC00164696","31.6782","-92.1288","43.6","2021-10-15",,,"0.00",",,7,0800","0.0",",,7",,
"USC00164696","31.6782","-92.1288","43.6","2021-10-16",,,,,"0.0",",,7",,
"USC00164696","31.6782","-92.1288","43.6","2021-10-17",,,,,"0.0",",,7",,
"USC00164696","31.6782","-92.1288","43.6","2021-10-18",,,"0.00",",,7,0800","0.0",",,7",,
"USC00164696","31.6782","-92.1288","43.6","2021-10-19",,,"0.00",",,7,0800","0.0",",,7",,
"USC00164696","31.6782","-92.1288","43.6","2021-10-20",,,"0.00",",,7,0800","0.0",",,7",,
"USC00164696","31.6782","-92.1288","43.6","2021-10-21",,,,,"0.0",",,7",,
"USC00164696","31.6782","-92.1288","43.6","2021-10-22",,,"0.00",",,7,0800","0.0",",,7",,
"USC00164696","31.6782","-92.1288","43.6","2021-10-23",,,"0.00",",,7,0800","0.0",",,7",,
"USC00164696","31.6782","-92.1288","43.6","2021-10-24",,,"0.00",",,7,0800","0.0",",,7",,
"USC00164696","31.6782","-92.1288","43.6","2021-10-25",,,,,"0.0",",,7",,
"USC00164696","31.6782","-92.1288","43.6","2021-10-26",,,,,"0.0",",,7",,
"USC00164696","31.6782","-92.1288","43.6","2021-10-27",,,"0.00",",,7,0800","0.0",",,7",,
"USC00164696","31.6782","-92.1288","43.6","2021-10-28",,,"0.70",",,7,0800","0.0",",,7",,
"USC00164696","31.6782","-92.1288","43.6","2021-10-29",,,,,"0.0",",,7",,
"USC00164696","31.6782","-92.1288","43.6","2021-10-30",,,"0.00",",,7,0800","0.0",",,7",,
"USC00164696","31.6782","-92.1288","43.6","2021-10-31",,,"0.00",",,7,0800","0.0",",,7",,
"USC00164696","31.6782","-92.1288","43.6","2021-11-01",,,"0.00",",,H,0800",,,,
"USC00164696","31.6782","-92.1288","43.6","2021-11-14",,,,,,,,
"USC00164696","31.6782","-92.1288","43.6","2021-11-16",,,"0.00",",,H,0800",,,,
"USC00164696","31.6782","-92.1288","43.6","2021-11-17",,,"0.00",",,H,0800",,,,
"USC00164696","31.6782","-92.1288","43.6","2021-11-28",,,"0.38",",,H,0800",,,,
"USC00160098","31.3205","-92.4611","26.5","2021-08-01",,,"0.24",",,7,0800","0.0",",,7",,
"USC00160098","31.3205","-92.4611","26.5","2021-08-02",,,"0.00",",,7,0800","0.0",",,7",,
"USC00160098","31.3205","-92.4611","26.5","2021-08-03",,,"0.00",",,7,0800","0.0",",,7",,
"USC00160098","31.3205","-92.4611","26.5","2021-08-04",,,"0.12",",,7,0800",,,,
"USC00160098","31.3205","-92.4611","26.5","2021-08-05",,,"0.00",",,7,0800",,,,
"USC00160098","31.3205","-92.4611","26.5","2021-08-06",,,"0.08",",,7,0800","0.0",",,7",,
"USC00160098","31.3205","-92.4611","26.5","2021-08-07",,,"0.00",",,7,0800","0.0",",,7",,
"USC00160098","31.3205","-92.4611","26.5","2021-08-08",,,"0.00",",,7,0800","0.0",",,7",,
"USC00160098","31.3205","-92.4611","26.5","2021-08-09",,,"0.00",",,7,0800","0.0",",,7",,
"USC00160098","31.3205","-92.4611","26.5","2021-08-10",,,"0.00",",,7,0800","0.0",",,7",,
"USC00160098","31.3205","-92.4611","26.5","2021-08-11",,,"0.00",",,7,0800","0.0",",,7",,
"USC00160098","31.3205","-92.4611","26.5","2021-08-12",,,"0.00",",,7,0800","0.0",",,7",,
"USC00160098","31.3205","-92.4611","26.5","2021-08-13",,,"0.00",",,7,0800",,,,
"USC00160098","31.3205","-92.4611","26.5","2021-08-14",,,"0.00",",,7,0800",,,,
"USC00160098","31.3205","-92.4611","26.5","2021-08-15",,,"0.10",",,7,0800",,,,
"USC00160098","31.3205","-92.4611","26.5","2021-08-16",,,"0.24",",,7,0800","0.0",",,7",,
"USC00160098","31.3205","-92.4611","26.5","2021-08-17",,,"0.00",",,7,0800","0.0",",,7",,
"USC00160098","31.3205","-92.4611","26.5","2021-08-18",,,"0.00",",,7,0800","0.0",",,7",,
"USC00160098","31.3205","-92.4611","26.5","2021-08-19",,,"0.07",",,7,0800","0.0",",,7",,
"USC00160098","31.3205","-92.4611","26.5","2021-08-20",,,"1.10",",,7,0800","0.0",",,7",,
"USC00160098","31.3205","-92.4611","26.5","2021-08-21",,,"0.00",",,7,0800","0.0",",,7",,
"USC00160098","31.3205","-92.4611","26.5","2021-08-22",,,"0.00",",,7,0800","0.0",",,7",,
"USC00160098","31.3205","-92.4611","26.5","2021-08-23",,,"0.00",",,7,0800",,,,
"USC00160098","31.3205","-92.4611","26.5","2021-08-24",,,"0.00",",,7,0800",,,,
"USC00160098","31.3205","-92.4611","26.5","2021-08-25",,,"0.17",",,7,0800","0.0",",,7",,
"USC00160098","31.3205","-92.4611","26.5","2021-08-26",,,"0.00",",,7,0800","0.0",",,7",,
"USC00160098","31.3205","-92.4611","26.5","2021-08-27",,,"0.33",",,7,0800","0.0",",,7",,
"USC00160098","31.3205","-92.4611","26.5","2021-08-28",,,"0.00",",,7,0800","0.0",",,7",,
"USC00160098","31.3205","-92.4611","26.5","2021-08-29",,,"0.14",",,7,0800","0.0",",,7",,
"USC00160098","31.3205","-92.4611","26.5","2021-08-30",,,"0.00",",,7,0800","0.0",",,7",,
"USC00160098","31.3205","-92.4611","26.5","2021-08-31",,,"0.09",",,7,0800","0.0",",,7",,
"USC00160098","31.3205","-92.4611","26.5","2021-10-01",,,"0.45",",,7,0800","0.0",",,7",,
"USC00160098","31.3205","-92.4611","26.5","2021-10-02",,,"0.07",",,7,0800","0.0",",,7",,
"USC00160098","31.3205","-92.4611","26.5","2021-10-03",,,"0.08",",,7,0800","0.0",",,7",,
"USC00160098","31.3205","-92.4611","26.5","2021-10-04",,,"0.26",",,7,0800","0.0",",,7",,
"USC00160098","31.3205","-92.4611","26.5","2021-10-05",,,"0.00",",,7,0800","0.0",",,7",,
"USC00160098","31.3205","-92.4611","26.5","2021-10-06",,,"0.00",",,7,0800",,,,
"USC00160098","31.3205","-92.4611","26.5","2021-10-07",,,"0.00",",,7,0800","0.0",",,7",,
"USC00160098","31.3205","-92.4611","26.5","2021-10-08",,,"0.00",",,7,0800","0.0",",,7",,
"USC00160098","31.3205","-92.4611","26.5","2021-10-09",,,"0.00",",,7,0800","0.0",",,7",,
"USC00160098","31.3205","-92.4611","26.5","2021-10-10",,,"0.00",",,7,0800","0.0",",,7",,
"USC00160098","31.3205","-92.4611","26.5","2021-10-11",,,"0.00",",,7,0800","0.0",",,7",,
"USC00160098","31.3205","-92.4611","26.5","2021-10-12",,,"0.01",",,7,0800","0.0",",,7",,
"USC00160098","31.3205","-92.4611","26.5","2021-10-13",,,"0.30",",,7,0800","0.0",",,7",,
"USC00160098","31.3205","-92.4611","26.5","2021-10-14",,,"0.00",",,7,0800","0.0",",,7",,
"USC00160098","31.3205","-92.4611","26.5","2021-10-15",,,"0.00",",,7,0800","0.0",",,7",,
"USC00160098","31.3205","-92.4611","26.5","2021-10-16",,,"0.00",",,7,0800","0.0",",,7",,
"USC00160098","31.3205","-92.4611","26.5","2021-10-17",,,"0.00",",,7,0800","0.0",",,7",,
"USC00160098","31.3205","-92.4611","26.5","2021-10-18",,,"0.00",",,7,0800",,,,
"USC00160098","31.3205","-92.4611","26.5","2021-10-19",,,"0.00",",,7,0800","0.0",",,7",,
"USC00160098","31.3205","-92.4611","26.5","2021-10-20",,,"0.00",",,7,0800","0.0",",,7",,
"USC00160098","31.3205","-92.4611","26.5","2021-10-21",,,"0.00",",,7,0800","0.0",",,7",,
"USC00160098","31.3205","-92.4611","26.5","2021-10-22",,,"0.00",",,7,0800","0.0",",,7",,
"USC00160098","31.3205","-92.4611","26.5","2021-10-23",,,"0.00",",,7,0800","0.0",",,7",,
"USC00160098","31.3205","-92.4611","26.5","2021-10-24",,,"0.00",",,7,0800","0.0",",,7",,
"USC00160098","31.3205","-92.4611","26.5","2021-10-25",,,"0.00",",,7,0800","0.0",",,7",,
"USC00160098","31.3205","-92.4611","26.5","2021-10-26",,,"0.00",",,7,0800","0.0",",,7",,
"USC00160098","31.3205","-92.4611","26.5","2021-10-27",,,"0.00",",,7,0800",,,,
"USC00160098","31.3205","-92.4611","26.5","2021-10-28",,,"0.15",",,7,0800",,,,
"USC00160098","31.3205","-92.4611","26.5","2021-10-29",,,"0.00",",,7,0800","0.0",",,7",,
"USC00160098","31.3205","-92.4611","26.5","2021-10-30",,,"0.00",",,7,0800","0.0",",,7",,
"USC00160098","31.3205","-92.4611","26.5","2021-10-31",,,"0.00",",,7,0800","0.0",",,7",,
"USC00160098","31.3205","-92.4611","26.5","2021-11-01",,,"0.00",",,H,0800","0.0",",,H",,
"USC00160098","31.3205","-92.4611","26.5","2021-11-02",,,"0.00",",,H,0800","0.0",",,H",,
"USC00160098","31.3205","-92.4611","26.5","2021-11-03",,,"0.00",",,H,0800","0.0",",,H",,
"USC00160098","31.3205","-92.4611","26.5","2021-11-04",,,"0.22",",,H,0800","0.0",",,H",,
"USC00160098","31.3205","-92.4611","26.5","2021-11-05",,,"0.00",",,H,0800","0.0",",,H",,
"USC00160098","31.3205","-92.4611","26.5","2021-11-06",,,"0.00",",,H,0800","0.0",",,H",,
"USC00160098","31.3205","-92.4611","26.5","2021-11-07",,,"0.00",",,H,0800","0.0",",,H",,
"USC00160098","31.3205","-92.4611","26.5","2021-11-08",,,"0.00",",,H,0800","0.0",",,H",,
"USC00160098","31.3205","-92.4611","26.5","2021-11-09",,,"0.00",",,H,0800","0.0",",,H",,
"USC00160098","31.3205","-92.4611","26.5","2021-11-10",,,"0.00",",,H,0800","0.0",",,H",,
"USC00160098","31.3205","-92.4611","26.5","2021-11-11",,,"0.45",",,H,0800","0.0",",,H",,
"USC00160098","31.3205","-92.4611","26.5","2021-11-12",,,"0.04",",,H,0800","0.0",",,H",,
"USC00160098","31.3205","-92.4611","26.5","2021-11-13",,,"0.00",",,H,0800","0.0",",,H",,
"USC00160098","31.3205","-92.4611","26.5","2021-11-14",,,"0.00",",,H,0800","0.0",",,H",,
"USC00160098","31.3205","-92.4611","26.5","2021-11-15",,,"0.00",",,H,0800",,,,
"USC00160098","31.3205","-92.4611","26.5","2021-11-16",,,"0.00",",,H,0800","0.0",",,H",,
"USC00160098","31.3205","-92.4611","26.5","2021-11-17",,,"0.00",",,H,0800","0.0",",,H",,
"USC00160098","31.3205","-92.4611","26.5","2021-11-18",,,"0.00",",,H,0800","0.0",",,H",,
"USC00160098","31.3205","-92.4611","26.5","2021-11-19",,,"0.00",",,H,0800","0.0",",,H",,
"USC00160098","31.3205","-92.4611","26.5","2021-11-20",,,"0.00",",,H,0800","0.0",",,H",,
"USC00160098","31.3205","-92.4611","26.5","2021-11-21",,,"0.00",",,H,0800","0.0",",,H",,
"USC00160098","31.3205","-92.4611","26.5","2021-11-22",,,"0.20",",,H,0800","0.0",",,H",,
"USC00160098","31.3205","-92.4611","26.5","2021-11-23",,,"0.00",",,H,0800","0.0",",,H",,
"USC00160098","31.3205","-92.4611","26.5","2021-11-24",,,"0.00",",,H,0800","0.0",",,H",,
"USC00160098","31.3205","-92.4611","26.5","2021-11-25",,,"0.00",",,H,0800","0.0",",,H",,
"USC00160098","31.3205","-92.4611","26.5","2021-11-26",,,"0.11",",,H,0800","0.0",",,H",,
"USC00160098","31.3205","-92.4611","26.5","2021-11-27",,,"0.00",",,H,0800","0.0",",,H",,
"USC00160098","31.3205","-92.4611","26.5","2021-11-28",,,"0.07",",,H,0800","0.0",",,H",,
"US1LACC0023","30.190118","-93.222177","4.0","2021-08-01",,,"0.00",",,N","0.0",",,N",,
"US1LACC0023","30.190118","-93.222177","4.0","2021-08-02",,,"0.35",",,N",,,,
"US1LACC0023","30.190118","-93.222177","4.0","2021-08-03",,,"1.00",",,N",,,,
"US1LACC0023","30.190118","-93.222177","4.0","2021-08-04",,,"1.34",",,N",,,,
"US1LACC0023","30.190118","-93.222177","4.0","2021-08-05",,,"0.00",",,N","0.0",",,N",,
"US1LACC0023","30.190118","-93.222177","4.0","2021-08-06",,,"0.00",",,N","0.0",",,N",,
"US1LACC0023","30.190118","-93.222177","4.0","2021-08-07",,,"0.00",",,N","0.0",",,N",,
"US1LACC0023","30.190118","-93.222177","4.0","2021-08-08",,,"0.39",",,N",,,,
"US1LACC0023","30.190118","-93.222177","4.0","2021-08-09",,,"0.00",",,N","0.0",",,N",,
"US1LACC0023","30.190118","-93.222177","4.0","2021-08-10",,,"0.00",",,N","0.0",",,N",,
"US1LACC0023","30.190118","-93.222177","4.0","2021-08-11",,,"0.00",",,N","0.0",",,N",,
"US1LACC0023","30.190118","-93.222177","4.0","2021-08-12",,,"0.00",",,N","0.0",",,N",,
"US1LACC0023","30.190118","-93.222177","4.0","2021-08-13",,,"1.38",",,N",,,,
"US1LACC0023","30.190118","-93.222177","4.0","2021-08-14",,,"0.00",",,N","0.0",",,N",,
"US1LACC0023","30.190118","-93.222177","4.0","2021-08-15",,,"0.20",",,N",,,,
"US1LACC0023","30.190118","-93.222177","4.0","2021-08-16",,,"2.33",",,N",,,,
"US1LACC0023","30.190118","-93.222177","4.0","2021-08-17",,,"0.00",",,N","0.0",",,N",,
"US1LACC0023","30.190118","-93.222177","4.0","2021-08-18",,,"0.00",",,N","0.0",",,N",,
"US1LACC0023","30.190118","-93.222177","4.0","2021-08-19",,,"0.00",",,N","0.0",",,N",,
"US1LACC0023","30.190118","-93.222177","4.0","2021-08-20",,,"0.00",",,N","0.0",",,N",,
"US1LACC0023","30.190118","-93.222177","4.0","2021-08-21",,,"0.00",",,N","0.0",",,N",,
"US1LACC0023","30.190118","-93.222177","4.0","2021-08-22",,,"0.00",",,N","0.0",",,N",,
"US1LACC0023","30.190118","-93.222177","4.0","2021-08-23",,,"0.00",",,N","0.0",",,N",,
"US1LACC0023","30.190118","-93.222177","4.0","2021-08-24",,,"0.00",",,N","0.0",",,N",,
"US1LACC0023","30.190118","-93.222177","4.0","2021-08-25",,,"1.07",",,N",,,,
"US1LACC0023","30.190118","-93.222177","4.0","2021-08-26",,,"0.00",",,N","0.0",",,N",,
"US1LACC0023","30.190118","-93.222177","4.0","2021-08-27",,,"0.43",",,N",,,,
"US1LACC0023","30.190118","-93.222177","4.0","2021-08-28",,,"0.00",",,N","0.0",",,N",,
"US1LACC0023","30.190118","-93.222177","4.0","2021-08-29",,,"0.00",",,N","0.0",",,N",,
"US1LACC0023","30.190118","-93.222177","4.0","2021-08-30",,,"0.00",",,N","0.0",",,N",,
"US1LACC0023","30.190118","-93.222177","4.0","2021-08-31",,,"0.00",",,N","0.0",",,N",,
"US1LACC0023","30.190118","-93.222177","4.0","2021-09-01",,,"0.57",",,N",,,,
"US1LACC0023","30.190118","-93.222177","4.0","2021-09-02",,,"0.00",",,N","0.0",",,N",,
"US1LACC0023","30.190118","-93.222177","4.0","2021-09-03",,,"0.54",",,N",,,,
"US1LACC0023","30.190118","-93.222177","4.0","2021-09-04",,,"0.00",",,N","0.0",",,N",,
"US1LACC0023","30.190118","-93.222177","4.0","2021-09-05",,,"0.00",",,N","0.0",",,N",,
"US1LACC0023","30.190118","-93.222177","4.0","2021-09-06",,,"0.00",",,N","0.0",",,N",,
"US1LACC0023","30.190118","-93.222177","4.0","2021-09-07",,,"1.27",",,N",,,,
"US1LACC0023","30.190118","-93.222177","4.0","2021-09-08",,,"0.00",",,N","0.0",",,N",,
"US1LACC0023","30.190118","-93.222177","4.0","2021-09-09",,,"0.00",",,N","0.0",",,N",,
"US1LACC0023","30.190118","-93.222177","4.0","2021-09-10",,,"0.00",",,N","0.0",",,N",,
"US1LACC0023","30.190118","-93.222177","4.0","2021-09-11",,,"0.00",",,N","0.0",",,N",,
"US1LACC0023","30.190118","-93.222177","4.0","2021-09-12",,,"0.00",",,N","0.0",",,N",,
"US1LACC0023","30.190118","-93.222177","4.0","2021-09-13",,,"0.00",",,N","0.0",",,N",,
"US1LACC0023","30.190118","-93.222177","4.0","2021-09-14",,,"2.05",",,N",,,,
"US1LACC0023","30.190118","-93.222177","4.0","2021-09-15",,,"1.90",",,N",,,,
"US1LACC0023","30.190118","-93.222177","4.0","2021-09-16",,,"0.00",",,N","0.0",",,N",,
"US1LACC0023","30.190118","-93.222177","4.0","2021-09-17",,,"0.00",",,N","0.0",",,N",,
"US1LACC0023","30.190118","-93.222177","4.0","2021-09-18",,,"0.00",",,N","0.0",",,N",,
"US1LACC0023","30.190118","-93.222177","4.0","2021-09-19",,,"0.00",",,N","0.0",",,N",,
"US1LACC0023","30.190118","-93.222177","4.0","2021-09-20",,,"1.19",",,N",,,,
"US1LACC0023","30.190118","-93.222177","4.0","2021-09-21",,,"0.00",",,N","0.0",",,N",,
"US1LACC0023","30.190118","-93.222177","4.0","2021-09-22",,,"0.00",",,N","0.0",",,N",,
"US1LACC0023","30.190118","-93.222177","4.0","2021-09-23",,,"0.00",",,N","0.0",",,N",,
"US1LACC0023","30.190118","-93.222177","4.0","2021-09-24",,,"0.00",",,N","0.0",",,N",,
"US1LACC0023","30.190118","-93.222177","4.0","2021-09-25",,,"0.00",",,N","0.0",",,N",,
"US1LACC0023","30.190118","-93.222177","4.0","2021-09-26",,,"0.00",",,N","0.0",",,N",,
"US1LACC0023","30.190118","-93.222177","4.0","2021-09-27",,,"0.00",",,N","0.0",",,N",,
"US1LACC0023","30.190118","-93.222177","4.0","2021-09-28",,,"0.25",",,N",,,,
"US1LACC0023","30.190118","-93.222177","4.0","2021-09-29",,,"2.25",",,N",,,,
"US1LACC0023","30.190118","-93.222177","4.0","2021-09-30",,,"0.10",",,N",,,,
"US1LACC0023","30.190118","-93.222177","4.0","2021-10-01",,,"0.00",",,N","0.0",",,N",,
"US1LACC0023","30.190118","-93.222177","4.0","2021-10-02",,,"0.35",",,N",,,,
"US1LACC0023","30.190118","-93.222177","4.0","2021-10-03",,,"0.10",",,N",,,,
"US1LACC0023","30.190118","-93.222177","4.0","2021-10-04",,,"0.10",",,N",,,,
"US1LACC0023","30.190118","-93.222177","4.0","2021-10-05",,,"0.00",",,N","0.0",",,N",,
"US1LACC0023","30.190118","-93.222177","4.0","2021-10-06",,,"0.00",",,N","0.0",",,N",,
"US1LACC0023","30.190118","-93.222177","4.0","2021-10-07",,,"0.00",",,N","0.0",",,N",,
"US1LACC0023","30.190118","-93.222177","4.0","2021-10-08",,,"0.00",",,N","0.0",",,N",,
"US1LACC0023","30.190118","-93.222177","4.0","2021-10-09",,,"0.00",",,N","0.0",",,N",,
"US1LACC0023","30.190118","-93.222177","4.0","2021-10-10",,,"0.00",",,N","0.0",",,N",,
"US1LACC0023","30.190118","-93.222177","4.0","2021-10-11",,,"0.05",",,N",,,,
"US1LACC0023","30.190118","-93.222177","4.0","2021-10-12",,,"0.00",",,N","0.0",",,N",,
"US1LACC0023","30.190118","-93.222177","4.0","2021-10-13",,,"0.00",",,N","0.0",",,N",,
"US1LACC0023","30.190118","-93.222177","4.0","2021-10-14",,,"0.00",",,N","0.0",",,N",,
"US1LACC0023","30.190118","-93.222177","4.0","2021-10-15",,,"0.00",",,N","0.0",",,N",,
"US1LACC0023","30.190118","-93.222177","4.0","2021-10-16",,,"0.00",",,N","0.0",",,N",,
"US1LACC0023","30.190118","-93.222177","4.0","2021-10-17",,,"0.07",",,N",,,,
"US1LACC0023","30.190118","-93.222177","4.0","2021-10-18",,,"0.00",",,N","0.0",",,N",,
"US1LACC0023","30.190118","-93.222177","4.0","2021-10-19",,,"0.00",",,N","0.0",",,N",,
"US1LACC0023","30.190118","-93.222177","4.0","2021-10-20",,,"0.00",",,N","0.0",",,N",,
"US1LACC0023","30.190118","-93.222177","4.0","2021-10-21",,,"0.00",",,N","0.0",",,N",,
"US1LACC0023","30.190118","-93.222177","4.0","2021-10-22",,,"0.00",",,N","0.0",",,N",,
"US1LACC0023","30.190118","-93.222177","4.0","2021-10-23",,,"0.00",",,N","0.0",",,N",,
"US1LACC0023","30.190118","-93.222177","4.0","2021-10-24",,,"0.00",",,N","0.0",",,N",,
"US1LACC0023","30.190118","-93.222177","4.0","2021-10-25",,,"0.00",",,N","0.0",",,N",,
"US1LACC0023","30.190118","-93.222177","4.0","2021-10-26",,,"0.00",",,N","0.0",",,N",,
"US1LACC0023","30.190118","-93.222177","4.0","2021-10-27",,,"0.00",",,N","0.0",",,N",,
"US1LACC0023","30.190118","-93.222177","4.0","2021-10-28",,,"1.17",",,N",,,,
"US1LACC0023","30.190118","-93.222177","4.0","2021-10-29",,,"0.00",",,N","0.0",",,N",,
"US1LACC0023","30.190118","-93.222177","4.0","2021-10-30",,,"0.00",",,N","0.0",",,N",,
"US1LACC0023","30.190118","-93.222177","4.0","2021-10-31",,,"0.00",",,N","0.0",",,N",,
"US1LACC0023","30.190118","-93.222177","4.0","2021-11-01",,,"0.00",",,N","0.0",",,N",,
"US1LACC0023","30.190118","-93.222177","4.0","2021-11-02",,,"0.00",",,N","0.0",",,N",,
"US1LACC0023","30.190118","-93.222177","4.0","2021-11-03",,,"0.12",",,N",,,,
"US1LACC0023","30.190118","-93.222177","4.0","2021-11-04",,,"0.00",",,N","0.0",",,N",,
"US1LACC0023","30.190118","-93.222177","4.0","2021-11-05",,,"0.00",",,N","0.0",",,N",,
"US1LACC0023","30.190118","-93.222177","4.0","2021-11-06",,,"0.00",",,N","0.0",",,N",,
"US1LACC0023","30.190118","-93.222177","4.0","2021-11-07",,,"0.00",",,N","0.0",",,N",,
"US1LACC0023","30.190118","-93.222177","4.0","2021-11-08",,,"0.00",",,N","0.0",",,N",,
"US1LACC0023","30.190118","-93.222177","4.0","2021-11-09",,,"0.00",",,N","0.0",",,N",,
"US1LACC0023","30.190118","-93.222177","4.0","2021-11-10",,,"0.00",",,N","0.0",",,N",,
"US1LACC0023","30.190118","-93.222177","4.0","2021-11-11",,,"0.00",",,N","0.0",",,N",,
"US1LACC0023","30.190118","-93.222177","4.0","2021-11-12",,,"0.19",",,N",,,,
"US1LACC0023","30.190118","-93.222177","4.0","2021-11-13",,,"0.00",",,N","0.0",",,N",,
"US1LACC0023","30.190118","-93.222177","4.0","2021-11-14",,,"0.00",",,N","0.0",",,N",,
"US1LACC0023","30.190118","-93.222177","4.0","2021-11-15",,,"0.00",",,N","0.0",",,N",,
"US1LACC0023","30.190118","-93.222177","4.0","2021-11-16",,,"0.00",",,N","0.0",",,N",,
"US1LACC0023","30.190118","-93.222177","4.0","2021-11-17",,,"0.00",",,N","0.0",",,N",,
"US1LACC0023","30.190118","-93.222177","4.0","2021-11-18",,,"0.00",",,N","0.0",",,N",,
"US1LACC0023","30.190118","-93.222177","4.0","2021-11-19",,,"0.00",",,N","0.0",",,N",,
"US1LACC0023","30.190118","-93.222177","4.0","2021-11-20",,,"0.00",",,N","0.0",",,N",,
"US1LACC0023","30.190118","-93.222177","4.0","2021-11-21",,,"0.00",",,N","0.0",",,N",,
"US1LACC0023","30.190118","-93.222177","4.0","2021-11-22",,,"0.00",",,N","0.0",",,N",,
"US1LACC0023","30.190118","-93.222177","4.0","2021-11-23",,,"0.00",",,N","0.0",",,N",,
"US1LACC0023","30.190118","-93.222177","4.0","2021-11-24",,,"0.00",",,N","0.0",",,N",,
"US1LACC0023","30.190118","-93.222177","4.0","2021-11-25",,,"0.00",",,N","0.0",",,N",,
"US1LACC0023","30.190118","-93.222177","4.0","2021-11-26",,,"0.27",",,N",,,,
"US1LACC0023","30.190118","-93.222177","4.0","2021-11-28",,,"0.67",",,N",,,,
"US1LAOC0032","32.62277","-92.00386","29.0","2021-08-02",,,"0.70",",,N",,,,
"US1LAOC0032","32.62277","-92.00386","29.0","2021-08-15",,,"1.00",",,N",,,,
"US1LAOC0032","32.62277","-92.00386","29.0","2021-08-20",,,"3.30",",,N",,,,
"US1LAOC0032","32.62277","-92.00386","29.0","2021-08-27",,,"0.10",",,N",,,,
"US1LAOC0032","32.62277","-92.00386","29.0","2021-08-29",,,"0.05",",,N",,,,
"US1LAOC0032","32.62277","-92.00386","29.0","2021-08-30",,,"0.25",",,N",,,,
"US1LAOC0032","32.62277","-92.00386","29.0","2021-08-31",,,"0.39",",,N",,,,
"US1LAOC0032","32.62277","-92.00386","29.0","2021-09-15",,,"0.15",",,N",,,,
"US1LAOC0032","32.62277","-92.00386","29.0","2021-09-18",,,"0.70",",,N",,,,
"US1LAOC0032","32.62277","-92.00386","29.0","2021-09-20",,,"0.57",",,N",,,,
"US1LAOC0032","32.62277","-92.00386","29.0","2021-09-23",,,"0.08",",,N",,,,
"US1LAOC0032","32.62277","-92.00386","29.0","2021-10-01",,,"0.12",",,N",,,,
"US1LAOC0032","32.62277","-92.00386","29.0","2021-10-02",,,"0.41",",,N",,,,
"US1LAOC0032","32.62277","-92.00386","29.0","2021-10-28",,,"1.00",",,N",,,,
"US1LAOC0032","32.62277","-92.00386","29.0","2021-11-03",,,"0.18",",,N",,,,
"US1LAOC0032","32.62277","-92.00386","29.0","2021-11-11",,,"0.33",",,N",,,,
"US1LAOC0032","32.62277","-92.00386","29.0","2021-11-18",,,"0.15",",,N",,,,
"US1LAOC0032","32.62277","-92.00386","29.0","2021-11-19",,,"0.55",",,N",,,,
"US1LAOC0032","32.62277","-92.00386","29.0","2021-11-25",,,"0.10",",,N",,,,
"US1LAOC0032","32.62277","-92.00386","29.0","2021-11-26",,,"0.15",",,N",,,,
"US1LAAS0005","30.158418","-90.920684","4.9","2021-08-01",,,"0.01",",,N",,,,
"US1LAAS0005","30.158418","-90.920684","4.9","2021-08-02",,,"1.17",",,N",,,,
"US1LAAS0005","30.158418","-90.920684","4.9","2021-08-03",,,"1.62",",,N",,,,
"US1LAAS0005","30.158418","-90.920684","4.9","2021-08-04",,,"0.00",",,N","0.0",",,N",,
"US1LAAS0005","30.158418","-90.920684","4.9","2021-08-05",,,"0.00",",,N","0.0",",,N",,
"US1LAAS0005","30.158418","-90.920684","4.9","2021-08-06",,,"0.00",",,N","0.0",",,N",,
"US1LAAS0005","30.158418","-90.920684","4.9","2021-08-07",,,"0.00",",,N","0.0",",,N",,
"US1LAAS0005","30.158418","-90.920684","4.9","2021-08-08",,,"0.00",",,N","0.0",",,N",,
"US1LAAS0005","30.158418","-90.920684","4.9","2021-08-09",,,"0.00","T,,N",,,,
"US1LAAS0005","30.158418","-90.920684","4.9","2021-08-10",,,"0.00",",,N","0.0",",,N",,
"US1LAAS0005","30.158418","-90.920684","4.9","2021-08-11",,,"0.21",",,N",,,,
"US1LAAS0005","30.158418","-90.920684","4.9","2021-08-12",,,"2.38",",,N",,,,
"US1LAAS0005","30.158418","-90.920684","4.9","2021-08-13",,,"0.22",",,N",,,,
"US1LAAS0005","30.158418","-90.920684","4.9","2021-08-14",,,"0.00",",,N","0.0",",,N",,
"US1LAAS0005","30.158418","-90.920684","4.9","2021-08-15",,,"0.00",",,N","0.0",",,N",,
"US1LAAS0005","30.158418","-90.920684","4.9","2021-08-16",,,"0.00",",,N","0.0",",,N",,
"US1LAAS0005","30.158418","-90.920684","4.9","2021-08-17",,,"0.00",",,N","0.0",",,N",,
"US1LAAS0005","30.158418","-90.920684","4.9","2021-08-19",,,"1.24",",,N",,,,
"US1LAAS0005","30.158418","-90.920684","4.9","2021-08-20",,,"0.00",",,N","0.0",",,N",,
"US1LAAS0005","30.158418","-90.920684","4.9","2021-08-21",,,"0.00",",,N","0.0",",,N",,
"US1LAAS0005","30.158418","-90.920684","4.9","2021-08-22",,,"0.00",",,N","0.0",",,N",,
"US1LAAS0005","30.158418","-90.920684","4.9","2021-08-23",,,"0.00",",,N","0.0",",,N",,
"US1LAAS0005","30.158418","-90.920684","4.9","2021-08-24",,,"0.01",",,N",,,,
"US1LAAS0005","30.158418","-90.920684","4.9","2021-08-25",,,"0.00",",,N","0.0",",,N",,
"US1LAAS0005","30.158418","-90.920684","4.9","2021-08-26",,,"0.05",",,N",,,,
"US1LAAS0005","30.158418","-90.920684","4.9","2021-08-27",,,"0.18",",,N",,,,
"US1LAAS0005","30.158418","-90.920684","4.9","2021-08-28",,,"0.14",",,N",,,,
"US1LAAS0005","30.158418","-90.920684","4.9","2021-08-29",,,"1.16",",,N",,,,
"US1LAAS0005","30.158418","-90.920684","4.9","2021-08-30",,,"3.48",",,N",,,,
"US1LAAS0005","30.158418","-90.920684","4.9","2021-08-31",,,"0.00",",,N","0.0",",,N",,
"US1LAAS0005","30.158418","-90.920684","4.9","2021-09-01",,,"0.04",",,N",,,,
"US1LAAS0005","30.158418","-90.920684","4.9","2021-09-02",,,"0.35",",,N",,,,
"US1LAAS0005","30.158418","-90.920684","4.9","2021-09-03",,,"0.35",",,N",,,,
"US1LAAS0005","30.158418","-90.920684","4.9","2021-09-04",,,"0.00","T,,N",,,,
"US1LAAS0005","30.158418","-90.920684","4.9","2021-09-05",,,"0.00","T,,N",,,,
"US1LAAS0005","30.158418","-90.920684","4.9","2021-09-06",,,"0.03",",,N",,,,
"US1LAAS0005","30.158418","-90.920684","4.9","2021-09-07",,,"0.43",",,N",,,,
"US1LAAS0005","30.158418","-90.920684","4.9","2021-09-08",,,"0.13",",,N",,,,
"US1LAAS0005","30.158418","-90.920684","4.9","2021-09-09",,,"0.43",",,N",,,,
"US1LAAS0005","30.158418","-90.920684","4.9","2021-09-10",,,"0.00",",,N","0.0",",,N",,
"US1LAAS0005","30.158418","-90.920684","4.9","2021-09-11",,,"0.00",",,N","0.0",",,N",,
"US1LAAS0005","30.158418","-90.920684","4.9","2021-09-12",,,"0.05",",,N",,,,
"US1LAAS0005","30.158418","-90.920684","4.9","2021-09-13",,,"0.03",",,N",,,,
"US1LAAS0005","30.158418","-90.920684","4.9","2021-09-14",,,"2.90",",,N",,,,
"US1LAAS0005","30.158418","-90.920684","4.9","2021-09-15",,,"2.33",",,N",,,,
"US1LAAS0005","30.158418","-90.920684","4.9","2021-09-17",,,"0.08",",,N","0.0",",,N",,
"US1LAAS0005","30.158418","-90.920684","4.9","2021-09-18",,,"0.20",",,N",,,,
"US1LAAS0005","30.158418","-90.920684","4.9","2021-09-19",,,"0.02",",,N",,,,
"US1LAAS0005","30.158418","-90.920684","4.9","2021-09-20",,,"0.01",",,N",,,,
"US1LAAS0005","30.158418","-90.920684","4.9","2021-09-21",,,"0.10",",,N",,,,
"US1LAAS0005","30.158418","-90.920684","4.9","2021-09-22",,,"0.00",",,N","0.0",",,N",,
"US1LAAS0005","30.158418","-90.920684","4.9","2021-09-23",,,"0.00",",,N","0.0",",,N",,
"US1LAAS0005","30.158418","-90.920684","4.9","2021-09-24",,,"0.00",",,N","0.0",",,N",,
"US1LAAS0005","30.158418","-90.920684","4.9","2021-09-25",,,"0.00",",,N","0.0",",,N",,
"US1LAAS0005","30.158418","-90.920684","4.9","2021-09-26",,,"0.00",",,N","0.0",",,N",,
"US1LAAS0005","30.158418","-90.920684","4.9","2021-09-27",,,"0.00","T,,N",,,,
"US1LAAS0005","30.158418","-90.920684","4.9","2021-09-28",,,"0.24",",,N",,,,
"US1LAAS0005","30.158418","-90.920684","4.9","2021-09-29",,,"2.43",",,N",,,,
"US1LAAS0005","30.158418","-90.920684","4.9","2021-09-30",,,"1.42",",,N",,,,
"US1LAAS0005","30.158418","-90.920684","4.9","2021-10-01",,,"0.00",",,N","0.0",",,N",,
"US1LAAS0005","30.158418","-90.920684","4.9","2021-10-02",,,"0.00",",,N","0.0",",,N",,
"US1LAAS0005","30.158418","-90.920684","4.9","2021-10-03",,,"0.09",",,N",,,,
"US1LAAS0005","30.158418","-90.920684","4.9","2021-10-04",,,"1.09",",,N",,,,
"US1LAAS0005","30.158418","-90.920684","4.9","2021-10-05",,,"0.22",",,N",,,,
"US1LAAS0005","30.158418","-90.920684","4.9","2021-10-06",,,"0.00",",,N","0.0",",,N",,
"US1LAAS0005","30.158418","-90.920684","4.9","2021-10-07",,,"0.00",",,N","0.0",",,N",,
"US1LAAS0005","30.158418","-90.920684","4.9","2021-10-08",,,"0.00",",,N","0.0",",,N",,
"US1LAAS0005","30.158418","-90.920684","4.9","2021-10-09",,,"0.00",",,N","0.0",",,N",,
"US1LAAS0005","30.158418","-90.920684","4.9","2021-10-10",,,"0.00",",,N","0.0",",,N",,
"US1LAAS0005","30.158418","-90.920684","4.9","2021-10-11",,,"0.00",",,N","0.0",",,N",,
"US1LAAS0005","30.158418","-90.920684","4.9","2021-10-12",,,"0.00",",,N","0.0",",,N",,
"US1LAAS0005","30.158418","-90.920684","4.9","2021-10-13",,,"0.00",",,N","0.0",",,N",,
"US1LAAS0005","30.158418","-90.920684","4.9","2021-10-14",,,"0.00",",,N","0.0",",,N",,
"US1LAAS0005","30.158418","-90.920684","4.9","2021-10-15",,,"0.03",",,N",,,,
"US1LAAS0005","30.158418","-90.920684","4.9","2021-10-16",,,"0.00",",,N","0.0",",,N",,
"US1LAAS0005","30.158418","-90.920684","4.9","2021-10-17",,,"0.00",",L,N","0.0",",,N",,
"US1LAAS0005","30.158418","-90.920684","4.9","2021-10-18",,,"0.00",",L,N","0.0",",,N",,
"US1LAAS0005","30.158418","-90.920684","4.9","2021-10-19",,,"0.00",",L,N","0.0",",,N",,
"US1LAAS0005","30.158418","-90.920684","4.9","2021-10-20",,,"0.00",",L,N","0.0",",,N",,
"US1LAAS0005","30.158418","-90.920684","4.9","2021-10-21",,,"0.00",",L,N","0.0",",,N",,
"US1LAAS0005","30.158418","-90.920684","4.9","2021-10-22",,,"0.00",",L,N","0.0",",,N",,
"US1LAAS0005","30.158418","-90.920684","4.9","2021-10-23",,,"0.00",",L,N","0.0",",,N",,
"US1LAAS0005","30.158418","-90.920684","4.9","2021-10-24",,,"0.18",",,N",,,,
"US1LAAS0005","30.158418","-90.920684","4.9","2021-10-25",,,"0.00",",,N","0.0",",,N",,
"US1LAAS0005","30.158418","-90.920684","4.9","2021-10-26",,,"0.00",",,N","0.0",",,N",,
"US1LAAS0005","30.158418","-90.920684","4.9","2021-10-27",,,"0.24",",,N",,,,
"US1LAAS0005","30.158418","-90.920684","4.9","2021-10-28",,,"1.13",",,N",,,,
"US1LAAS0005","30.158418","-90.920684","4.9","2021-10-29",,,"0.00",",,N","0.0",",,N",,
"US1LAAS0005","30.158418","-90.920684","4.9","2021-10-30",,,"0.00",",,N","0.0",",,N",,
"US1LAAS0005","30.158418","-90.920684","4.9","2021-10-31",,,"0.00",",,N","0.0",",,N",,
"US1LAAS0005","30.158418","-90.920684","4.9","2021-11-01",,,"0.00",",,N","0.0",",,N",,
"US1LAAS0005","30.158418","-90.920684","4.9","2021-11-02",,,"0.00",",,N","0.0",",,N",,
"US1LAAS0005","30.158418","-90.920684","4.9","2021-11-03",,,"0.00",",,N","0.0",",,N",,
"US1LAAS0005","30.158418","-90.920684","4.9","2021-11-04",,,"0.00",",,N","0.0",",,N",,
"US1LAAS0005","30.158418","-90.920684","4.9","2021-11-05",,,"0.00",",,N","0.0",",,N",,
"US1LAAS0005","30.158418","-90.920684","4.9","2021-11-06",,,"0.00",",,N","0.0",",,N",,
"US1LAAS0005","30.158418","-90.920684","4.9","2021-11-07",,,"0.00",",,N","0.0",",,N",,
"US1LAAS0005","30.158418","-90.920684","4.9","2021-11-08",,,"0.00",",,N","0.0",",,N",,
"US1LAAS0005","30.158418","-90.920684","4.9","2021-11-09",,,"0.00",",,N","0.0",",,N",,
"US1LAAS0005","30.158418","-90.920684","4.9","2021-11-10",,,"0.00",",,N","0.0",",,N",,
"US1LAAS0005","30.158418","-90.920684","4.9","2021-11-11",,,"0.09",",,N",,,,
"US1LAAS0005","30.158418","-90.920684","4.9","2021-11-12",,,"0.00",",,N","0.0",",,N",,
"US1LAAS0005","30.158418","-90.920684","4.9","2021-11-13",,,"0.00",",,N","0.0",",,N",,
"US1LAAS0005","30.158418","-90.920684","4.9","2021-11-14",,,"0.00",",,N","0.0",",,N",,
"US1LAAS0005","30.158418","-90.920684","4.9","2021-11-15",,,"0.00",",,N","0.0",",,N",,
"US1LAAS0005","30.158418","-90.920684","4.9","2021-11-16",,,"0.00",",,N","0.0",",,N",,
"US1LAAS0005","30.158418","-90.920684","4.9","2021-11-17",,,"0.17",",,N",,,,
"US1LAAS0005","30.158418","-90.920684","4.9","2021-11-18",,,"0.79",",,N",,,,
"US1LAAS0005","30.158418","-90.920684","4.9","2021-11-19",,,"0.00",",,N","0.0",",,N",,
"US1LAAS0005","30.158418","-90.920684","4.9","2021-11-20",,,"0.00",",,N","0.0",",,N",,
"US1LAAS0005","30.158418","-90.920684","4.9","2021-11-21",,,"0.00",",,N","0.0",",,N",,
"US1LAAS0005","30.158418","-90.920684","4.9","2021-11-22",,,"0.24",",,N",,,,
"US1LAAS0005","30.158418","-90.920684","4.9","2021-11-23",,,"0.00",",,N","0.0",",,N",,
"US1LAAS0005","30.158418","-90.920684","4.9","2021-11-24",,,"0.00",",,N","0.0",",,N",,
"US1LAAS0005","30.158418","-90.920684","4.9","2021-11-25",,,"0.08",",,N",,,,
"US1LAAS0005","30.158418","-90.920684","4.9","2021-11-26",,,"0.04",",,N",,,,
"US1LAAS0005","30.158418","-90.920684","4.9","2021-11-27",,,"0.01",",,N",,,,
"US1LAAS0005","30.158418","-90.920684","4.9","2021-11-28",,,"0.08",",,N",,,,
"US1LAOC0034","32.5155664","-92.2362126","36.3","2021-08-02",,,"2.38",",,N",,,,
"US1LAOC0034","32.5155664","-92.2362126","36.3","2021-08-03",,,"0.09",",,N",,,,
"US1LAOC0034","32.5155664","-92.2362126","36.3","2021-08-04",,,"0.00",",,N","0.0",",,N",,
"US1LAOC0034","32.5155664","-92.2362126","36.3","2021-08-05",,,"0.00",",,N","0.0",",,N",,
"US1LAOC0034","32.5155664","-92.2362126","36.3","2021-08-06",,,"0.00",",,N","0.0",",,N",,
"US1LAOC0034","32.5155664","-92.2362126","36.3","2021-08-07",,,"0.00",",,N","0.0",",,N",,
"US1LAOC0034","32.5155664","-92.2362126","36.3","2021-08-09",,,"0.00",",,N","0.0",",,N",,
"US1LAOC0034","32.5155664","-92.2362126","36.3","2021-08-10",,,"0.00",",,N","0.0",",,N",,
"US1LAOC0034","32.5155664","-92.2362126","36.3","2021-08-11",,,"0.00",",,N","0.0",",,N",,
"US1LAOC0034","32.5155664","-92.2362126","36.3","2021-08-12",,,"0.00",",,N","0.0",",,N",,
"US1LAOC0034","32.5155664","-92.2362126","36.3","2021-08-13",,,"0.00",",,N","0.0",",,N",,
"US1LAOC0034","32.5155664","-92.2362126","36.3","2021-08-14",,,"0.00",",,N","0.0",",,N",,
"US1LAOC0034","32.5155664","-92.2362126","36.3","2021-08-15",,,"0.00",",,N","0.0",",,N",,
"US1LAOC0034","32.5155664","-92.2362126","36.3","2021-08-16",,,"0.00","T,,N",,,,
"US1LAOC0034","32.5155664","-92.2362126","36.3","2021-08-17",,,"0.00",",,N","0.0",",,N",,
"US1LAOC0034","32.5155664","-92.2362126","36.3","2021-08-18",,,"0.05",",,N",,,,
"US1LAOC0034","32.5155664","-92.2362126","36.3","2021-08-19",,,"0.17",",,N",,,,
"US1LAOC0034","32.5155664","-92.2362126","36.3","2021-08-20",,,"0.78",",,N",,,,
"US1LAOC0034","32.5155664","-92.2362126","36.3","2021-08-22",,,,,,,,
"US1LAOC0034","32.5155664","-92.2362126","36.3","2021-08-23",,,"0.00",",,N","0.0",",,N",,
"US1LAOC0034","32.5155664","-92.2362126","36.3","2021-08-27",,,,,,,,
"US1LAOC0034","32.5155664","-92.2362126","36.3","2021-08-29",,,"0.18",",,N",,,,
"US1LAOC0034","32.5155664","-92.2362126","36.3","2021-08-30",,,"0.20",",,N",,,,
"US1LAOC0034","32.5155664","-92.2362126","36.3","2021-08-31",,,"0.14",",,N",,,,
"US1LAOC0034","32.5155664","-92.2362126","36.3","2021-09-01",,,"0.00",",,N","0.0",",,N",,
"US1LAOC0034","32.5155664","-92.2362126","36.3","2021-09-02",,,"0.16",",,N",,,,
"US1LAOC0034","32.5155664","-92.2362126","36.3","2021-09-06",,,"0.07",",,N",,,,
"US1LAOC0034","32.5155664","-92.2362126","36.3","2021-09-07",,,"0.00",",,N","0.0",",,N",,
"US1LAOC0034","32.5155664","-92.2362126","36.3","2021-09-08",,,"0.00",",,N","0.0",",,N",,
"US1LAOC0034","32.5155664","-92.2362126","36.3","2021-09-09",,,"0.00",",,N","0.0",",,N",,
"US1LAOC0034","32.5155664","-92.2362126","36.3","2021-09-10",,,"0.00",",,N","0.0",",,N",,
"US1LAOC0034","32.5155664","-92.2362126","36.3","2021-09-14",,,,,,,,
"US1LAOC0034","32.5155664","-92.2362126","36.3","2021-09-15",,,"0.10",",,N",,,,
"US1LAOC0034","32.5155664","-92.2362126","36.3","2021-09-16",,,"0.00","T,,N",,,,
"US1LAOC0034","32.5155664","-92.2362126","36.3","2021-09-17",,,"0.00","T,,N",,,,
"US1LAOC0034","32.5155664","-92.2362126","36.3","2021-09-18",,,"0.73",",,N",,,,
"US1LAOC0034","32.5155664","-92.2362126","36.3","2021-09-19",,,"0.00",",,N","0.0",",,N",,
"US1LAOC0034","32.5155664","-92.2362126","36.3","2021-09-20",,,"0.07",",,N",,,,
"US1LAOC0034","32.5155664","-92.2362126","36.3","2021-09-21",,,"0.00",",,N","0.0",",,N",,
"US1LAOC0034","32.5155664","-92.2362126","36.3","2021-09-22",,,"0.32",",,N",,,,
"US1LAOC0034","32.5155664","-92.2362126","36.3","2021-09-23",,,"0.00",",,N","0.0",",,N",,
"US1LAOC0034","32.5155664","-92.2362126","36.3","2021-09-25",,,"0.00",",,N","0.0",",,N",,
"US1LAOC0034","32.5155664","-92.2362126","36.3","2021-09-26",,,"0.00",",,N","0.0",",,N",,
"US1LAOC0034","32.5155664","-92.2362126","36.3","2021-09-27",,,"0.00",",,N","0.0",",,N",,
"US1LAOC0034","32.5155664","-92.2362126","36.3","2021-09-28",,,"0.00",",,N","0.0",",,N",,
"US1LAOC0034","32.5155664","-92.2362126","36.3","2021-09-29",,,"0.00",",,N","0.0",",,N",,
"US1LAOC0034","32.5155664","-92.2362126","36.3","2021-09-30",,,"0.85",",,N",,,,
"US1LAOC0034","32.5155664","-92.2362126","36.3","2021-10-01",,,"0.02",",,N",,,,
"US1LAOC0034","32.5155664","-92.2362126","36.3","2021-10-02",,,"0.14",",,N",,,,
"US1LAOC0034","32.5155664","-92.2362126","36.3","2021-10-03",,,"0.13",",,N",,,,
"US1LAOC0034","32.5155664","-92.2362126","36.3","2021-10-04",,,"0.00",",,N","0.0",",,N",,
"US1LAOC0034","32.5155664","-92.2362126","36.3","2021-10-05",,,"0.00",",,N","0.0",",,N",,
"US1LAOC0034","32.5155664","-92.2362126","36.3","2021-10-06",,,"0.00",",,N","0.0",",,N",,
"US1LAOC0034","32.5155664","-92.2362126","36.3","2021-10-07",,,"0.00",",,N","0.0",",,N",,
"US1LAOC0034","32.5155664","-92.2362126","36.3","2021-10-08",,,"0.00",",,N","0.0",",,N",,
"US1LAOC0034","32.5155664","-92.2362126","36.3","2021-10-09",,,"0.00",",,N","0.0",",,N",,
"US1LAOC0034","32.5155664","-92.2362126","36.3","2021-10-10",,,"0.00",",,N","0.0",",,N",,
"US1LAOC0034","32.5155664","-92.2362126","36.3","2021-10-11",,,"0.00",",,N","0.0",",,N",,
"US1LAOC0034","32.5155664","-92.2362126","36.3","2021-10-12",,,"0.00",",,N","0.0",",,N",,
"US1LAOC0034","32.5155664","-92.2362126","36.3","2021-10-13",,,"0.00","T,,N",,,,
"US1LAOC0034","32.5155664","-92.2362126","36.3","2021-10-14",,,"0.00",",,N","0.0",",,N",,
"US1LAOC0034","32.5155664","-92.2362126","36.3","2021-10-15",,,"0.00",",,N","0.0",",,N",,
"US1LAOC0034","32.5155664","-92.2362126","36.3","2021-10-16",,,"0.94",",,N",,,,
"US1LAOC0034","32.5155664","-92.2362126","36.3","2021-10-18",,,"0.00",",,N","0.0",",,N",,
"US1LAOC0034","32.5155664","-92.2362126","36.3","2021-10-19",,,"0.00",",,N","0.0",",,N",,
"US1LAOC0034","32.5155664","-92.2362126","36.3","2021-10-23",,,"0.00",",,N","0.0",",,N",,
"US1LAOC0034","32.5155664","-92.2362126","36.3","2021-10-25",,,"0.00",",,N","0.0",",,N",,
"US1LAOC0034","32.5155664","-92.2362126","36.3","2021-10-26",,,"0.00",",,N","0.0",",,N",,
"US1LAOC0034","32.5155664","-92.2362126","36.3","2021-10-27",,,"0.00",",,N","0.0",",,N",,
"US1LAOC0034","32.5155664","-92.2362126","36.3","2021-10-28",,,"1.06",",,N",,,,
"US1LAOC0034","32.5155664","-92.2362126","36.3","2021-10-29",,,"0.00",",,N","0.0",",,N",,
"US1LAOC0034","32.5155664","-92.2362126","36.3","2021-10-30",,,"0.00",",,N","0.0",",,N",,
"US1LAOC0034","32.5155664","-92.2362126","36.3","2021-10-31",,,"0.00",",,N","0.0",",,N",,
"US1LAOC0034","32.5155664","-92.2362126","36.3","2021-11-01",,,"0.00",",,N","0.0",",,N",,
"US1LAOC0034","32.5155664","-92.2362126","36.3","2021-11-02",,,"0.00",",,N","0.0",",,N",,
"US1LAOC0034","32.5155664","-92.2362126","36.3","2021-11-03",,,"0.00",",,N","0.0",",,N",,
"US1LAOC0034","32.5155664","-92.2362126","36.3","2021-11-04",,,"0.39",",,N",,,,
"US1LAOC0034","32.5155664","-92.2362126","36.3","2021-11-05",,,"0.00",",,N","0.0",",,N",,
"US1LAOC0034","32.5155664","-92.2362126","36.3","2021-11-06",,,"0.00",",,N","0.0",",,N",,
"US1LAOC0034","32.5155664","-92.2362126","36.3","2021-11-07",,,"0.00",",,N","0.0",",,N",,
"US1LAOC0034","32.5155664","-92.2362126","36.3","2021-11-08",,,"0.00",",,N","0.0",",,N",,
"US1LAOC0034","32.5155664","-92.2362126","36.3","2021-11-09",,,"0.00",",,N","0.0",",,N",,
"US1LAOC0034","32.5155664","-92.2362126","36.3","2021-11-10",,,"0.00",",,N","0.0",",,N",,
"US1LAOC0034","32.5155664","-92.2362126","36.3","2021-11-11",,,"0.38",",,N",,,,
"US1LAOC0034","32.5155664","-92.2362126","36.3","2021-11-12",,,"0.00",",,N","0.0",",,N",,
"US1LAOC0034","32.5155664","-92.2362126","36.3","2021-11-13",,,"0.00",",,N","0.0",",,N",,
"US1LAOC0034","32.5155664","-92.2362126","36.3","2021-11-18",,,"0.11",",,N",,,,
"US1LAOC0034","32.5155664","-92.2362126","36.3","2021-11-19",,,"0.04",",,N",,,,
"US1LAOC0034","32.5155664","-92.2362126","36.3","2021-11-21",,,,,,,,
"US1LAOC0034","32.5155664","-92.2362126","36.3","2021-11-22",,,"0.58",",,N",,,,
"US1LAOC0034","32.5155664","-92.2362126","36.3","2021-11-25",,,"0.22",",,N",,,,
"US1LAOC0034","32.5155664","-92.2362126","36.3","2021-11-26",,,"0.19",",,N",,,,
"USC00175460","45.5853","-69.7187","316.1","2021-08-01",,,"0.00",",,7,0700","0.0",",,7,0700",,
"USC00175460","45.5853","-69.7187","316.1","2021-08-02",,,"0.51",",,7,0700","0.0",",,7,0700",,
"USC00175460","45.5853","-69.7187","316.1","2021-08-03",,,"0.00",",,7,0700","0.0",",,7,0700",,
"USC00175460","45.5853","-69.7187","316.1","2021-08-04",,,"0.00",",,7,0700","0.0",",,7,0700",,
"USC00175460","45.5853","-69.7187","316.1","2021-08-05",,,"0.00",",,7,0700","0.0",",,7,0700",,
"USC00175460","45.5853","-69.7187","316.1","2021-08-06",,,"0.00",",,7,0700","0.0",",,7,0700",,
"USC00175460","45.5853","-69.7187","316.1","2021-08-07",,,"0.00",",,7,0700","0.0",",,7,0700",,
"USC00175460","45.5853","-69.7187","316.1","2021-08-08",,,"0.42",",,7,0700","0.0",",,7,0700",,
"USC00175460","45.5853","-69.7187","316.1","2021-08-09",,,"0.00",",,7,0700","0.0",",,7,0700",,
"USC00175460","45.5853","-69.7187","316.1","2021-08-10",,,"0.00",",,7,0700","0.0",",,7,0700",,
"USC00175460","45.5853","-69.7187","316.1","2021-08-11",,,"0.00",",,7,0700","0.0",",,7,0700",,
"USC00175460","45.5853","-69.7187","316.1","2021-08-12",,,"0.00",",,7,0700","0.0",",,7,0700",,
"USC00175460","45.5853","-69.7187","316.1","2021-08-13",,,"0.04",",,7,0700","0.0",",,7,0700",,
"USC00175460","45.5853","-69.7187","316.1","2021-08-14",,,"0.00",",,7,0700","0.0",",,7,0700",,
"USC00175460","45.5853","-69.7187","316.1","2021-08-15",,,"0.49",",,7,0700","0.0",",,7,0700",,
"USC00175460","45.5853","-69.7187","316.1","2021-08-16",,,"0.00",",,7,0700","0.0",",,7,0700",,
"USC00175460","45.5853","-69.7187","316.1","2021-08-17",,,"0.00",",,7,0700","0.0",",,7,0700",,
"USC00175460","45.5853","-69.7187","316.1","2021-08-18",,,"0.02",",,7,0700","0.0",",,7,0700",,
"USC00175460","45.5853","-69.7187","316.1","2021-08-19",,,"0.53",",,7,0700","0.0",",,7,0700",,
"USC00175460","45.5853","-69.7187","316.1","2021-08-20",,,"0.00","T,,7,0700","0.0",",,7,0700",,
"USC00175460","45.5853","-69.7187","316.1","2021-08-21",,,"0.00",",,7,0700","0.0",",,7,0700",,
"USC00175460","45.5853","-69.7187","316.1","2021-08-22",,,"0.00",",,7,0700","0.0",",,7,0700",,
"USC00175460","45.5853","-69.7187","316.1","2021-08-23",,,"0.00",",,7,0700","0.0",",,7,0700",,
"USC00175460","45.5853","-69.7187","316.1","2021-08-24",,,"0.12",",,7,0700","0.0",",,7,0700",,
"USC00175460","45.5853","-69.7187","316.1","2021-08-25",,,"0.00",",,7,0700","0.0",",,7,0700",,
"USC00175460","45.5853","-69.7187","316.1","2021-08-26",,,"0.00",",,7,0700","0.0",",,7,0700",,
"USC00175460","45.5853","-69.7187","316.1","2021-08-27",,,"0.00",",,7,0700","0.0",",,7,0700",,
"USC00175460","45.5853","-69.7187","316.1","2021-08-28",,,"0.00",",,7,0700","0.0",",,7,0700",,
"USC00175460","45.5853","-69.7187","316.1","2021-08-29",,,"0.00","T,,7,0700","0.0",",,7,0700",,
"USC00175460","45.5853","-69.7187","316.1","2021-08-30",,,"0.00","T,,7,0700","0.0",",,7,0700",,
"USC00175460","45.5853","-69.7187","316.1","2021-08-31",,,"0.00","T,,7,0700","0.0",",,7,0700",,
"USC00175460","45.5853","-69.7187","316.1","2021-09-01",,,"0.00",",,7,0700","0.0",",,7,0700",,
"USC00175460","45.5853","-69.7187","316.1","2021-09-02",,,"0.00",",,7,0700","0.0",",,7,0700",,
"USC00175460","45.5853","-69.7187","316.1","2021-09-03",,,"0.00",",,7,0700","0.0",",,7,0700",,
"USC00175460","45.5853","-69.7187","316.1","2021-09-04",,,"0.37",",,7,0700","0.0",",,7,0700",,
"USC00175460","45.5853","-69.7187","316.1","2021-09-05",,,"0.00",",,7,0700","0.0",",,7,0700",,
"USC00175460","45.5853","-69.7187","316.1","2021-09-06",,,"0.15",",,7,0700","0.0",",,7,0700",,
"USC00175460","45.5853","-69.7187","316.1","2021-09-07",,,"0.61",",,7,0700","0.0",",,7,0700",,
"USC00175460","45.5853","-69.7187","316.1","2021-09-08",,,"0.00",",,7,0700","0.0",",,7,0700",,
"USC00175460","45.5853","-69.7187","316.1","2021-09-09",,,"0.34",",,7,0700","0.0",",,7,0700",,
"USC00175460","45.5853","-69.7187","316.1","2021-09-10",,,"0.75",",,7,0700","0.0",",,7,0700",,
"USC00175460","45.5853","-69.7187","316.1","2021-09-11",,,"0.08",",,7,0700","0.0",",,7,0700",,
"USC00175460","45.5853","-69.7187","316.1","2021-09-12",,,"0.00",",,7,0700","0.0",",,7,0700",,
"USC00175460","45.5853","-69.7187","316.1","2021-09-13",,,"0.00",",,7,0700","0.0",",,7,0700",,
"USC00175460","45.5853","-69.7187","316.1","2021-09-14",,,"0.00",",,7,0700","0.0",",,7,0700",,
"USC00175460","45.5853","-69.7187","316.1","2021-09-15",,,"0.00",",,7,0700","0.0",",,7,0700",,
"USC00175460","45.5853","-69.7187","316.1","2021-09-16",,,"0.80",",,7,0700","0.0",",,7,0700",,
"USC00175460","45.5853","-69.7187","316.1","2021-09-17",,,"0.00",",,7,0700","0.0",",,7,0700",,
"USC00175460","45.5853","-69.7187","316.1","2021-09-18",,,"0.00",",,7,0700","0.0",",,7,0700",,
"USC00175460","45.5853","-69.7187","316.1","2021-09-19",,,"0.03",",,7,0700","0.0",",,7,0700",,
"USC00175460","45.5853","-69.7187","316.1","2021-09-20",,,"0.00",",,7,0700","0.0",",,7,0700",,
"USC00175460","45.5853","-69.7187","316.1","2021-09-21",,,"0.00",",,7,0700","0.0",",,7,0700",,
"USC00175460","45.5853","-69.7187","316.1","2021-09-22",,,"0.00",",,7,0700","0.0",",,7,0700",,
"USC00175460","45.5853","-69.7187","316.1","2021-09-23",,,"0.00",",,7,0700","0.0",",,7,0700",,
"USC00175460","45.5853","-69.7187","316.1","2021-09-24",,,"0.00",",,7,0700","0.0",",,7,0700",,
"USC00175460","45.5853","-69.7187","316.1","2021-09-25",,,"0.83",",,7,0700","0.0",",,7,0700",,
"USC00175460","45.5853","-69.7187","316.1","2021-09-26",,,"0.91",",,7,0700","0.0",",,7,0700",,
"USC00175460","45.5853","-69.7187","316.1","2021-09-27",,,"0.05",",,7,0700","0.0",",,7,0700",,
"USC00175460","45.5853","-69.7187","316.1","2021-09-28",,,"0.00","T,,7,0700","0.0",",,7,0700",,
"USC00175460","45.5853","-69.7187","316.1","2021-09-29",,,"0.00",",,7,0700","0.0",",,7,0700",,
"USC00175460","45.5853","-69.7187","316.1","2021-09-30",,,"0.22",",,7,0700","0.0",",,7,0700",,
"USC00175460","45.5853","-69.7187","316.1","2021-10-03",,,"0.00",",,H,0700","0.0",",,H,0700",,
"USC00175460","45.5853","-69.7187","316.1","2021-10-04",,,"0.00",",,H,0700","0.0",",,H,0700",,
"USC00175460","45.5853","-69.7187","316.1","2021-10-05",,,"0.00",",,H,0700","0.0",",,H,0700",,
"USC00175460","45.5853","-69.7187","316.1","2021-10-06",,,"0.00",",,H,0700","0.0",",,H,0700",,
"USC00175460","45.5853","-69.7187","316.1","2021-10-07",,,"0.00",",,H,0700","0.0",",,H,0700",,
"USC00175460","45.5853","-69.7187","316.1","2021-10-08",,,"0.00",",,H,0700","0.0",",,H,0700",,
"USC00175460","45.5853","-69.7187","316.1","2021-10-09",,,"0.00",",,H,0700","0.0",",,H,0700",,
"USC00175460","45.5853","-69.7187","316.1","2021-10-10",,,"0.00",",,H,0700","0.0",",,H,0700",,
"USC00175460","45.5853","-69.7187","316.1","2021-10-11",,,"0.00",",,H,0700","0.0",",,H,0700",,
"USC00175460","45.5853","-69.7187","316.1","2021-10-12",,,"0.00",",,H,0700","0.0",",,H,0700",,
"USC00175460","45.5853","-69.7187","316.1","2021-10-13",,,"0.00",",,H,0700","0.0",",,H,0700",,
"USC00175460","45.5853","-69.7187","316.1","2021-10-14",,,"0.00",",,H,0700","0.0",",,H,0700",,
"USC00175460","45.5853","-69.7187","316.1","2021-10-15",,,"0.00",",,H,0700","0.0",",,H,0700",,
"USC00175460","45.5853","-69.7187","316.1","2021-10-16",,,"0.15",",,H,0700","0.0",",,H,0700",,
"USC00175460","45.5853","-69.7187","316.1","2021-10-17",,,"0.83",",,H,0700","0.0",",,H,0700",,
"USC00175460","45.5853","-69.7187","316.1","2021-10-18",,,"0.05",",,H,0700","0.0",",,H,0700",,
"USC00175460","45.5853","-69.7187","316.1","2021-10-19",,,"0.00",",,H,0700","0.0",",,H,0700",,
"USC00175460","45.5853","-69.7187","316.1","2021-10-20",,,"0.01",",,H,0700","0.0",",,H,0700",,
"USC00175460","45.5853","-69.7187","316.1","2021-10-21",,,"0.00",",,H,0700","0.0",",,H,0700",,
"USC00175460","45.5853","-69.7187","316.1","2021-10-22",,,"0.15",",,H,0700","0.0",",,H,0700",,
"USC00175460","45.5853","-69.7187","316.1","2021-10-23",,,"0.04",",,H,0700","0.0",",,H,0700",,
"USC00175460","45.5853","-69.7187","316.1","2021-10-24",,,"0.00",",,H,0700","0.0",",,H,0700",,
"USC00175460","45.5853","-69.7187","316.1","2021-10-25",,,"0.00",",,H,0700","0.0",",,H,0700",,
"USC00175460","45.5853","-69.7187","316.1","2021-10-26",,,"0.00",",,H,0700","0.0",",,H,0700",,
"USC00175460","45.5853","-69.7187","316.1","2021-10-27",,,"0.00",",,H,0700","0.0",",,H,0700",,
"USC00175460","45.5853","-69.7187","316.1","2021-10-28",,,"0.00",",,H,0700","0.0",",,H,0700",,
"USC00175460","45.5853","-69.7187","316.1","2021-10-29",,,"0.00",",,H,0700","0.0",",,H,0700",,
"USC00175460","45.5853","-69.7187","316.1","2021-10-30",,,"0.00",",,H,0700","0.0",",,H,0700",,
"USC00175460","45.5853","-69.7187","316.1","2021-10-31",,,"1.46",",,H,0700","0.0",",,H,0700",,
"USC00175460","45.5853","-69.7187","316.1","2021-11-01",,,"0.38",",,H,0700","0.0",",,H,0700",,
"USC00175460","45.5853","-69.7187","316.1","2021-11-02",,,"0.00",",,H,0700","0.0",",,H,0700",,
"USC00175460","45.5853","-69.7187","316.1","2021-11-04",,,"0.00",",,H,0700","0.0",",,H,0700",,
"USC00175460","45.5853","-69.7187","316.1","2021-11-06",,,"0.00",",,H,0700","0.0",",,H,0700",,
"USC00175460","45.5853","-69.7187","316.1","2021-11-07",,,"0.00",",,H,0700",,,,
"USC00175460","45.5853","-69.7187","316.1","2021-11-08",,,"0.00",",,H,0700","0.0",",,H,0700",,
"USC00175460","45.5853","-69.7187","316.1","2021-11-09",,,"0.00",",,H,0700","0.0",",,H,0700",,
"USC00175460","45.5853","-69.7187","316.1","2021-11-10",,,"0.00",",,H,0700","0.0",",,H,0700",,
"USC00175460","45.5853","-69.7187","316.1","2021-11-14",,,"0.09",",,H,0700","0.0",",,H,0700",,
"USC00175460","45.5853","-69.7187","316.1","2021-11-15",,,"0.02",",,H,0700","0.0",",,H,0700",,
"USC00175460","45.5853","-69.7187","316.1","2021-11-16",,,"0.06",",,H,0700","0.0",",,H,0700",,
"USC00175460","45.5853","-69.7187","316.1","2021-11-17",,,"0.00",",,H,0700","0.0",",,H,0700",,
"USC00175460","45.5853","-69.7187","316.1","2021-11-20",,,"0.02",",,H,0700","0.0",",,H,0700",,
"USC00175460","45.5853","-69.7187","316.1","2021-11-21",,,"0.00",",,H,0700","0.0",",,H,0700",,
"USC00175460","45.5853","-69.7187","316.1","2021-11-24",,,"0.00",",,H,0700","0.0",",,H,0700",,
"USC00175460","45.5853","-69.7187","316.1","2021-11-25",,,"0.00",",,H,0700","0.0",",,H,0700",,
"USC00175460","45.5853","-69.7187","316.1","2021-11-26",,,"0.03",",,H,0700","0.0",",,H,0700",,
"USC00175460","45.5853","-69.7187","316.1","2021-11-27",,,"0.46",",,H,0700","3.5",",,H,0700",,
"USC00175460","45.5853","-69.7187","316.1","2021-11-28",,,"0.04",",,H,0700","0.0",",,H,0700",,
"US1LAEV0002","30.688369","-92.27826512","22.6","2021-08-02",,,,,,,,
"US1LAEV0002","30.688369","-92.27826512","22.6","2021-08-03",,,"0.20",",,N",,,,
"US1LAEV0002","30.688369","-92.27826512","22.6","2021-08-04",,,"0.15",",,N",,,,
"US1LAEV0002","30.688369","-92.27826512","22.6","2021-08-05",,,"0.00",",,N","0.0",",,N",,
"US1LAEV0002","30.688369","-92.27826512","22.6","2021-08-06",,,"0.00",",,N","0.0",",,N",,
"US1LAEV0002","30.688369","-92.27826512","22.6","2021-08-09",,,,,,,,
"US1LAEV0002","30.688369","-92.27826512","22.6","2021-08-10",,,"0.21",",,N",,,,
"US1LAEV0002","30.688369","-92.27826512","22.6","2021-08-11",,,"0.00",",,N","0.0",",,N",,
"US1LAEV0002","30.688369","-92.27826512","22.6","2021-08-12",,,"0.04",",,N",,,,
"US1LAEV0002","30.688369","-92.27826512","22.6","2021-08-13",,,"0.00",",,N","0.0",",,N",,
"US1LAEV0002","30.688369","-92.27826512","22.6","2021-08-16",,,,,,,,
"US1LAEV0002","30.688369","-92.27826512","22.6","2021-08-17",,,"0.00",",,N","0.0",",,N",,
"US1LAEV0002","30.688369","-92.27826512","22.6","2021-08-18",,,"0.00",",,N","0.0",",,N",,
"US1LAEV0002","30.688369","-92.27826512","22.6","2021-08-19",,,"0.00",",,N","0.0",",,N",,
"US1LAEV0002","30.688369","-92.27826512","22.6","2021-08-23",,,,,,,,
"US1LAEV0002","30.688369","-92.27826512","22.6","2021-08-24",,,"0.00",",,N","0.0",",,N",,
"US1LAEV0002","30.688369","-92.27826512","22.6","2021-08-25",,,"0.09",",,N",,,,
"US1LAEV0002","30.688369","-92.27826512","22.6","2021-08-26",,,"0.49",",,N",,,,
"US1LAEV0002","30.688369","-92.27826512","22.6","2021-08-27",,,"0.00",",,N","0.0",",,N",,
"US1LAEV0002","30.688369","-92.27826512","22.6","2021-08-30",,,,,,,,
"US1LAEV0002","30.688369","-92.27826512","22.6","2021-08-31",,,"0.00",",,N","0.0",",,N",,
"US1LAEV0002","30.688369","-92.27826512","22.6","2021-09-01",,,"0.00",",,N","0.0",",,N",,
"US1LAEV0002","30.688369","-92.27826512","22.6","2021-09-07",,,,,,,,
"US1LAEV0002","30.688369","-92.27826512","22.6","2021-09-08",,,"0.00",",,N","0.0",",,N",,
"US1LAEV0002","30.688369","-92.27826512","22.6","2021-09-09",,,"0.00",",,N","0.0",",,N",,
"US1LAEV0002","30.688369","-92.27826512","22.6","2021-09-10",,,"0.00",",,N","0.0",",,N",,
"US1LAEV0002","30.688369","-92.27826512","22.6","2021-09-13",,,,,,,,
"US1LAEV0002","30.688369","-92.27826512","22.6","2021-09-14",,,"0.82",",,N",,,,
"US1LAEV0002","30.688369","-92.27826512","22.6","2021-09-15",,,"8.19",",,N",,,,
"US1LAEV0002","30.688369","-92.27826512","22.6","2021-09-17",,,"3.93",",,N",,,,
"US1LAEV0002","30.688369","-92.27826512","22.6","2021-09-20",,,,,,,,
"US1LAEV0002","30.688369","-92.27826512","22.6","2021-09-21",,,"0.00",",,N","0.0",",,N",,
"US1LAEV0002","30.688369","-92.27826512","22.6","2021-09-22",,,"0.34",",,N",,,,
"US1LAEV0002","30.688369","-92.27826512","22.6","2021-09-23",,,"0.00",",,N","0.0",",,N",,
"US1LAEV0002","30.688369","-92.27826512","22.6","2021-09-24",,,"0.00",",,N","0.0",",,N",,
"US1LAEV0002","30.688369","-92.27826512","22.6","2021-09-27",,,,,,,,
"US1LAEV0002","30.688369","-92.27826512","22.6","2021-09-28",,,"0.00",",,N","0.0",",,N",,
"US1LAEV0002","30.688369","-92.27826512","22.6","2021-09-29",,,"0.67",",,N",,,,
"US1LAEV0002","30.688369","-92.27826512","22.6","2021-09-30",,,"0.26",",,N",,,,
"US1LAEV0002","30.688369","-92.27826512","22.6","2021-10-01",,,"0.77",",,N",,,,
"US1LAEV0002","30.688369","-92.27826512","22.6","2021-10-04",,,,,,,,
"US1LAEV0002","30.688369","-92.27826512","22.6","2021-10-05",,,"0.00",",,N","0.0",",,N",,
"US1LAEV0002","30.688369","-92.27826512","22.6","2021-10-06",,,"0.00",",,N","0.0",",,N",,
"US1LAEV0002","30.688369","-92.27826512","22.6","2021-10-07",,,"0.00",",,N","0.0",",,N",,
"US1LAEV0002","30.688369","-92.27826512","22.6","2021-10-08",,,"0.00",",,N","0.0",",,N",,
"US1LAEV0002","30.688369","-92.27826512","22.6","2021-10-12",,,,,,,,
"US1LAEV0002","30.688369","-92.27826512","22.6","2021-10-13",,,"0.00",",,N","0.0",",,N",,
"US1LAEV0002","30.688369","-92.27826512","22.6","2021-10-14",,,"0.00",",,N","0.0",",,N",,
"US1LAEV0002","30.688369","-92.27826512","22.6","2021-10-15",,,"0.00",",,N","0.0",",,N",,
"US1LAEV0002","30.688369","-92.27826512","22.6","2021-10-18",,,,,,,,
"US1LAEV0002","30.688369","-92.27826512","22.6","2021-10-19",,,"0.00",",,N","0.0",",,N",,
"US1LAEV0002","30.688369","-92.27826512","22.6","2021-10-20",,,"0.00",",,N","0.0",",,N",,
"US1LAEV0002","30.688369","-92.27826512","22.6","2021-10-21",,,"0.00",",,N","0.0",",,N",,
"US1LAEV0002","30.688369","-92.27826512","22.6","2021-10-22",,,"0.00",",,N","0.0",",,N",,
"US1LAEV0002","30.688369","-92.27826512","22.6","2021-10-25",,,,,,,,
"US1LAEV0002","30.688369","-92.27826512","22.6","2021-10-26",,,"0.00",",,N","0.0",",,N",,
"US1LAEV0002","30.688369","-92.27826512","22.6","2021-10-27",,,"0.00",",,N","0.0",",,N",,
"US1LAEV0002","30.688369","-92.27826512","22.6","2021-10-28",,,"0.94",",,N",,,,
"US1LAEV0002","30.688369","-92.27826512","22.6","2021-10-29",,,"0.00",",,N","0.0",",,N",,
"US1LAEV0002","30.688369","-92.27826512","22.6","2021-11-01",,,,,,,,
"US1LAEV0002","30.688369","-92.27826512","22.6","2021-11-02",,,"0.00",",,N","0.0",",,N",,
"US1LAEV0002","30.688369","-92.27826512","22.6","2021-11-03",,,"0.00",",,N","0.0",",,N",,
"US1LAEV0002","30.688369","-92.27826512","22.6","2021-11-04",,,"0.07",",,N",,,,
"US1LAEV0002","30.688369","-92.27826512","22.6","2021-11-05",,,"0.00",",,N","0.0",",,N",,
"US1LAEV0002","30.688369","-92.27826512","22.6","2021-11-08",,,,,,,,
"US1LAEV0002","30.688369","-92.27826512","22.6","2021-11-09",,,"0.00",",,N","0.0",",,N",,
"US1LAEV0002","30.688369","-92.27826512","22.6","2021-11-10",,,"0.00",",,N","0.0",",,N",,
"US1LAEV0002","30.688369","-92.27826512","22.6","2021-11-15",,,,,,,,
"US1LAEV0002","30.688369","-92.27826512","22.6","2021-11-16",,,"0.00",",,N","0.0",",,N",,
"US1LAEV0002","30.688369","-92.27826512","22.6","2021-11-17",,,"0.00",",,N","0.0",",,N",,
"US1LAEV0002","30.688369","-92.27826512","22.6","2021-11-18",,,"0.00",",,N","0.0",",,N",,
"US1LAEV0002","30.688369","-92.27826512","22.6","2021-11-19",,,"0.00",",,N","0.0",",,N",,
"US1LAEV0002","30.688369","-92.27826512","22.6","2021-11-22",,,,,,,,
"US1LAEV0002","30.688369","-92.27826512","22.6","2021-11-23",,,"0.00",",,N","0.0",",,N",,
"US1LAEV0002","30.688369","-92.27826512","22.6","2021-11-24",,,"0.00",",,N","0.0",",,N",,
"US1LAEV0002","30.688369","-92.27826512","22.6","2021-11-26",,,,,,,,
"US1LALN0003","32.6093","-92.66288333","54.6","2021-08-01",,,"0.00",",,N","0.0",",,N",,
"US1LALN0003","32.6093","-92.66288333","54.6","2021-08-02",,,"3.27",",,N",,,,
"US1LALN0003","32.6093","-92.66288333","54.6","2021-08-03",,,"0.18",",,N",,,,
"US1LALN0003","32.6093","-92.66288333","54.6","2021-08-04",,,"0.00",",,N","0.0",",,N",,
"US1LALN0003","32.6093","-92.66288333","54.6","2021-08-05",,,"0.00",",,N","0.0",",,N",,
"US1LALN0003","32.6093","-92.66288333","54.6","2021-08-06",,,"0.00",",,N","0.0",",,N",,
"US1LALN0003","32.6093","-92.66288333","54.6","2021-08-07",,,"0.00",",,N","0.0",",,N",,
"US1LALN0003","32.6093","-92.66288333","54.6","2021-08-08",,,"0.00",",,N","0.0",",,N",,
"US1LALN0003","32.6093","-92.66288333","54.6","2021-08-09",,,"0.00",",,N","0.0",",,N",,
"US1LALN0003","32.6093","-92.66288333","54.6","2021-08-10",,,"0.00",",,N","0.0",",,N",,
"US1LALN0003","32.6093","-92.66288333","54.6","2021-08-11",,,"0.00",",,N","0.0",",,N",,
"US1LALN0003","32.6093","-92.66288333","54.6","2021-08-12",,,"0.00",",,N","0.0",",,N",,
"US1LALN0003","32.6093","-92.66288333","54.6","2021-08-13",,,"0.00",",,N","0.0",",,N",,
"US1LALN0003","32.6093","-92.66288333","54.6","2021-08-14",,,"0.00",",,N","0.0",",,N",,
"US1LALN0003","32.6093","-92.66288333","54.6","2021-08-15",,,"0.59",",,N",,,,
"US1LALN0003","32.6093","-92.66288333","54.6","2021-08-16",,,"0.00",",,N","0.0",",,N",,
"US1LALN0003","32.6093","-92.66288333","54.6","2021-08-17",,,"0.00",",,N","0.0",",,N",,
"US1LALN0003","32.6093","-92.66288333","54.6","2021-08-18",,,"0.24",",,N",,,,
"US1LALN0003","32.6093","-92.66288333","54.6","2021-08-19",,,"0.57",",,N",,,,
"US1LALN0003","32.6093","-92.66288333","54.6","2021-08-20",,,"1.64",",,N",,,,
"US1LALN0003","32.6093","-92.66288333","54.6","2021-08-21",,,"0.03",",,N",,,,
"US1LALN0003","32.6093","-92.66288333","54.6","2021-08-22",,,"0.00",",,N","0.0",",,N",,
"US1LALN0003","32.6093","-92.66288333","54.6","2021-08-23",,,"0.00",",,N","0.0",",,N",,
"US1LALN0003","32.6093","-92.66288333","54.6","2021-08-24",,,"0.00",",,N","0.0",",,N",,
"US1LALN0003","32.6093","-92.66288333","54.6","2021-08-25",,,"0.00",",,N","0.0",",,N",,
"US1LALN0003","32.6093","-92.66288333","54.6","2021-08-26",,,"0.00",",,N","0.0",",,N",,
"US1LALN0003","32.6093","-92.66288333","54.6","2021-08-27",,,"0.00",",,N","0.0",",,N",,
"US1LALN0003","32.6093","-92.66288333","54.6","2021-08-29",,,"0.66",",,N",,,,
"US1LALN0003","32.6093","-92.66288333","54.6","2021-08-30",,,"0.83",",,N",,,,
"US1LALN0003","32.6093","-92.66288333","54.6","2021-08-31",,,"0.11",",,N",,,,
"US1LALN0003","32.6093","-92.66288333","54.6","2021-09-01",,,"0.00",",,N","0.0",",,N",,
"US1LALN0003","32.6093","-92.66288333","54.6","2021-09-02",,,"0.00",",,N","0.0",",,N",,
"US1LALN0003","32.6093","-92.66288333","54.6","2021-09-03",,,"0.00",",,N","0.0",",,N",,
"US1LALN0003","32.6093","-92.66288333","54.6","2021-09-04",,,"0.00",",,N","0.0",",,N",,
"US1LALN0003","32.6093","-92.66288333","54.6","2021-09-05",,,"0.00",",,N","0.0",",,N",,
"US1LALN0003","32.6093","-92.66288333","54.6","2021-09-06",,,"0.04",",,N",,,,
"US1LALN0003","32.6093","-92.66288333","54.6","2021-09-07",,,"0.00",",,N","0.0",",,N",,
"US1LALN0003","32.6093","-92.66288333","54.6","2021-09-08",,,"0.00",",,N","0.0",",,N",,
"US1LALN0003","32.6093","-92.66288333","54.6","2021-09-09",,,"0.00",",,N","0.0",",,N",,
"US1LALN0003","32.6093","-92.66288333","54.6","2021-09-10",,,"0.00",",,N","0.0",",,N",,
"US1LALN0003","32.6093","-92.66288333","54.6","2021-09-11",,,"0.00",",,N","0.0",",,N",,
"US1LALN0003","32.6093","-92.66288333","54.6","2021-09-12",,,"0.00",",,N","0.0",",,N",,
"US1LALN0003","32.6093","-92.66288333","54.6","2021-09-13",,,"0.00",",,N","0.0",",,N",,
"US1LALN0003","32.6093","-92.66288333","54.6","2021-09-14",,,"0.00",",,N","0.0",",,N",,
"US1LALN0003","32.6093","-92.66288333","54.6","2021-09-15",,,"0.03",",,N",,,,
"US1LALN0003","32.6093","-92.66288333","54.6","2021-09-16",,,"0.00",",,N","0.0",",,N",,
"US1LALN0003","32.6093","-92.66288333","54.6","2021-09-17",,,"0.00",",,N","0.0",",,N",,
"US1LALN0003","32.6093","-92.66288333","54.6","2021-09-18",,,"0.55",",,N",,,,
"US1LALN0003","32.6093","-92.66288333","54.6","2021-09-19",,,"0.88",",,N","0.0",",,N",,
"US1LALN0003","32.6093","-92.66288333","54.6","2021-09-20",,,"0.00",",,N","0.0",",,N",,
"US1LALN0003","32.6093","-92.66288333","54.6","2021-09-21",,,"0.00",",,N","0.0",",,N",,
"US1LALN0003","32.6093","-92.66288333","54.6","2021-09-22",,,"0.60",",,N",,,,
"US1LALN0003","32.6093","-92.66288333","54.6","2021-09-23",,,"0.00",",,N","0.0",",,N",,
"US1LALN0003","32.6093","-92.66288333","54.6","2021-09-24",,,"0.00",",,N","0.0",",,N",,
"US1LALN0003","32.6093","-92.66288333","54.6","2021-09-25",,,"0.00",",,N","0.0",",,N",,
"US1LALN0003","32.6093","-92.66288333","54.6","2021-09-26",,,"0.00",",,N","0.0",",,N",,
"US1LALN0003","32.6093","-92.66288333","54.6","2021-09-27",,,"0.00",",,N","0.0",",,N",,
"US1LALN0003","32.6093","-92.66288333","54.6","2021-09-28",,,"0.00",",,N","0.0",",,N",,
"US1LALN0003","32.6093","-92.66288333","54.6","2021-09-29",,,"0.05",",,N",,,,
"US1LALN0003","32.6093","-92.66288333","54.6","2021-09-30",,,"0.18",",,N",,,,
"US1LALN0003","32.6093","-92.66288333","54.6","2021-10-01",,,"0.11",",,N",,,,
"US1LALN0003","32.6093","-92.66288333","54.6","2021-10-02",,,"1.09",",,N",,,,
"US1LALN0003","32.6093","-92.66288333","54.6","2021-10-03",,,"0.48",",,N",,,,
"US1LALN0003","32.6093","-92.66288333","54.6","2021-10-04",,,"0.00",",,N","0.0",",,N",,
"US1LALN0003","32.6093","-92.66288333","54.6","2021-10-05",,,"0.00",",,N","0.0",",,N",,
"US1LALN0003","32.6093","-92.66288333","54.6","2021-10-06",,,"0.13",",,N",,,,
"US1LALN0003","32.6093","-92.66288333","54.6","2021-10-07",,,"0.00",",,N","0.0",",,N",,
"US1LALN0003","32.6093","-92.66288333","54.6","2021-10-08",,,"0.00",",,N","0.0",",,N",,
"US1LALN0003","32.6093","-92.66288333","54.6","2021-10-09",,,"0.00",",,N","0.0",",,N",,
"US1LALN0003","32.6093","-92.66288333","54.6","2021-10-10",,,"0.00",",,N","0.0",",,N",,
"US1LALN0003","32.6093","-92.66288333","54.6","2021-10-11",,,"0.05",",,N",,,,
"US1LALN0003","32.6093","-92.66288333","54.6","2021-10-12",,,"0.00",",,N","0.0",",,N",,
"US1LALN0003","32.6093","-92.66288333","54.6","2021-10-13",,,"0.13",",,N",,,,
"US1LALN0003","32.6093","-92.66288333","54.6","2021-10-14",,,"0.00",",,N","0.0",",,N",,
"US1LALN0003","32.6093","-92.66288333","54.6","2021-10-15",,,"0.00",",,N","0.0",",,N",,
"US1LALN0003","32.6093","-92.66288333","54.6","2021-10-16",,,"0.48",",,N",,,,
"US1LALN0003","32.6093","-92.66288333","54.6","2021-10-17",,,"0.00",",,N","0.0",",,N",,
"US1LALN0003","32.6093","-92.66288333","54.6","2021-10-18",,,"0.00",",,N","0.0",",,N",,
"US1LALN0003","32.6093","-92.66288333","54.6","2021-10-19",,,"0.00",",,N","0.0",",,N",,
"US1LALN0003","32.6093","-92.66288333","54.6","2021-10-20",,,"0.00",",,N","0.0",",,N",,
"US1LALN0003","32.6093","-92.66288333","54.6","2021-10-21",,,"0.00",",,N","0.0",",,N",,
"US1LALN0003","32.6093","-92.66288333","54.6","2021-10-22",,,"0.00",",,N","0.0",",,N",,
"US1LALN0003","32.6093","-92.66288333","54.6","2021-10-23",,,"0.00",",,N","0.0",",,N",,
"US1LALN0003","32.6093","-92.66288333","54.6","2021-10-24",,,"0.00",",,N","0.0",",,N",,
"US1LALN0003","32.6093","-92.66288333","54.6","2021-10-25",,,"0.00",",,N","0.0",",,N",,
"US1LALN0003","32.6093","-92.66288333","54.6","2021-10-26",,,"0.00",",,N","0.0",",,N",,
"US1LALN0003","32.6093","-92.66288333","54.6","2021-10-27",,,"0.00",",,N","0.0",",,N",,
"US1LALN0003","32.6093","-92.66288333","54.6","2021-10-28",,,"0.61",",,N",,,,
"US1LALN0003","32.6093","-92.66288333","54.6","2021-10-29",,,"0.02",",,N",,,,
"US1LALN0003","32.6093","-92.66288333","54.6","2021-10-30",,,"0.00",",,N","0.0",",,N",,
"US1LALN0003","32.6093","-92.66288333","54.6","2021-10-31",,,"0.00",",,N","0.0",",,N",,
"US1LALN0003","32.6093","-92.66288333","54.6","2021-11-01",,,"0.00",",,N","0.0",",,N",,
"US1LALN0003","32.6093","-92.66288333","54.6","2021-11-02",,,"0.00",",,N","0.0",",,N",,
"US1LALN0003","32.6093","-92.66288333","54.6","2021-11-03",,,"0.10",",,N",,,,
"US1LALN0003","32.6093","-92.66288333","54.6","2021-11-04",,,"0.52",",,N",,,,
"US1LALN0003","32.6093","-92.66288333","54.6","2021-11-05",,,"0.00",",,N","0.0",",,N",,
"US1LALN0003","32.6093","-92.66288333","54.6","2021-11-06",,,"0.00",",,N","0.0",",,N",,
"US1LALN0003","32.6093","-92.66288333","54.6","2021-11-07",,,"0.00",",,N","0.0",",,N",,
"US1LALN0003","32.6093","-92.66288333","54.6","2021-11-08",,,"0.00",",,N","0.0",",,N",,
"US1LALN0003","32.6093","-92.66288333","54.6","2021-11-09",,,"0.00",",,N","0.0",",,N",,
"US1LALN0003","32.6093","-92.66288333","54.6","2021-11-10",,,"0.00",",,N","0.0",",,N",,
"US1LALN0003","32.6093","-92.66288333","54.6","2021-11-13",,,,,,,,
"US1LALN0003","32.6093","-92.66288333","54.6","2021-11-14",,,"0.00",",,N","0.0",",,N",,
"US1LALN0003","32.6093","-92.66288333","54.6","2021-11-15",,,"0.00",",,N","0.0",",,N",,
"US1LALN0003","32.6093","-92.66288333","54.6","2021-11-16",,,"0.00",",,N","0.0",",,N",,
"US1LALN0003","32.6093","-92.66288333","54.6","2021-11-17",,,"0.00",",,N","0.0",",,N",,
"US1LALN0003","32.6093","-92.66288333","54.6","2021-11-18",,,"0.09",",,N",,,,
"US1LALN0003","32.6093","-92.66288333","54.6","2021-11-19",,,"0.00",",,N","0.0",",,N",,
"US1LALN0003","32.6093","-92.66288333","54.6","2021-11-20",,,"0.00",",,N","0.0",",,N",,
"US1LALN0003","32.6093","-92.66288333","54.6","2021-11-21",,,"0.00",",,N","0.0",",,N",,
"US1LALN0003","32.6093","-92.66288333","54.6","2021-11-22",,,"0.21",",,N",,,,
"US1LALN0003","32.6093","-92.66288333","54.6","2021-11-23",,,"0.00",",,N","0.0",",,N",,
"US1LALN0003","32.6093","-92.66288333","54.6","2021-11-24",,,"0.00",",,N","0.0",",,N",,
"US1LALN0003","32.6093","-92.66288333","54.6","2021-11-25",,,"0.46",",,N",,,,
"US1LALN0003","32.6093","-92.66288333","54.6","2021-11-26",,,"0.03",",,N",,,,
"US1LALN0003","32.6093","-92.66288333","54.6","2021-11-27",,,"0.00",",,N","0.0",",,N",,
"US1LALN0003","32.6093","-92.66288333","54.6","2021-11-28",,,"0.00",",,N","0.0",",,N",,
"USC00165896","31.5119","-93.6199","87.2","2021-08-01",,,"0.00",",,7,0700","0.0",",,7",,
"USC00165896","31.5119","-93.6199","87.2","2021-08-02",,,"0.03",",,7,0700","0.0",",,7",,
"USC00165896","31.5119","-93.6199","87.2","2021-08-03",,,"0.60",",,7,0700","0.0",",,7",,
"USC00165896","31.5119","-93.6199","87.2","2021-08-04",,,"0.00",",,7,0700","0.0",",,7",,
"USC00165896","31.5119","-93.6199","87.2","2021-08-05",,,"0.00",",,7,0700","0.0",",,7",,
"USC00165896","31.5119","-93.6199","87.2","2021-08-06",,,"0.00",",,7,0700","0.0",",,7",,
"USC00165896","31.5119","-93.6199","87.2","2021-08-07",,,"0.00",",,7,0700","0.0",",,7",,
"USC00165896","31.5119","-93.6199","87.2","2021-08-08",,,"0.00",",,7,0700","0.0",",,7",,
"USC00165896","31.5119","-93.6199","87.2","2021-08-09",,,"0.00",",,7,0700","0.0",",,7",,
"USC00165896","31.5119","-93.6199","87.2","2021-08-10",,,"0.00",",,7,0700","0.0",",,7",,
"USC00165896","31.5119","-93.6199","87.2","2021-08-11",,,"0.09",",,7,0700","0.0",",,7",,
"USC00165896","31.5119","-93.6199","87.2","2021-08-12",,,"0.00",",,7,0700","0.0",",,7",,
"USC00165896","31.5119","-93.6199","87.2","2021-08-13",,,"0.00",",,7,0700","0.0",",,7",,
"USC00165896","31.5119","-93.6199","87.2","2021-08-14",,,"0.00",",,7,0700","0.0",",,7",,
"USC00165896","31.5119","-93.6199","87.2","2021-08-15",,,"0.00",",,7,0700","0.0",",,7",,
"USC00165896","31.5119","-93.6199","87.2","2021-08-16",,,"0.00",",,7,0700","0.0",",,7",,
"USC00165896","31.5119","-93.6199","87.2","2021-08-17",,,"0.00",",,7,0700","0.0",",,7",,
"USC00165896","31.5119","-93.6199","87.2","2021-08-18",,,"0.00",",,7,0700","0.0",",,7",,
"USC00165896","31.5119","-93.6199","87.2","2021-08-19",,,"0.29",",,7,0700","0.0",",,7",,
"USC00165896","31.5119","-93.6199","87.2","2021-08-20",,,"0.17",",,7,0700","0.0",",,7",,
"USC00165896","31.5119","-93.6199","87.2","2021-08-21",,,"0.00",",,7,0700","0.0",",,7",,
"USC00165896","31.5119","-93.6199","87.2","2021-08-22",,,"0.00",",,7,0700","0.0",",,7",,
"USC00165896","31.5119","-93.6199","87.2","2021-08-23",,,"0.00",",,7,0700","0.0",",,7",,
"USC00165896","31.5119","-93.6199","87.2","2021-08-24",,,"0.00",",,7,0700","0.0",",,7",,
"USC00165896","31.5119","-93.6199","87.2","2021-08-25",,,"0.36",",,7,0700","0.0",",,7",,
"USC00165896","31.5119","-93.6199","87.2","2021-08-26",,,"0.02",",,7,0700","0.0",",,7",,
"USC00165896","31.5119","-93.6199","87.2","2021-08-27",,,"0.16",",,7,0700","0.0",",,7",,
"USC00165896","31.5119","-93.6199","87.2","2021-08-28",,,"0.01",",,7,0700","0.0",",,7",,
"USC00165896","31.5119","-93.6199","87.2","2021-08-29",,,"0.48",",,7,0700","0.0",",,7",,
"USC00165896","31.5119","-93.6199","87.2","2021-08-30",,,"0.43",",,7,0700","0.0",",,7",,
"USC00165896","31.5119","-93.6199","87.2","2021-08-31",,,"0.03",",,7,0700","0.0",",,7",,
"USC00165896","31.5119","-93.6199","87.2","2021-09-01",,,"0.00",",,7,0700","0.0",",,7",,
"USC00165896","31.5119","-93.6199","87.2","2021-09-02",,,"0.00",",,7,0700","0.0",",,7",,
"USC00165896","31.5119","-93.6199","87.2","2021-09-03",,,"0.00",",,7,0700","0.0",",,7",,
"USC00165896","31.5119","-93.6199","87.2","2021-09-04",,,"0.00",",,7,0700","0.0",",,7",,
"USC00165896","31.5119","-93.6199","87.2","2021-09-05",,,"0.00",",,7,0700","0.0",",,7",,
"USC00165896","31.5119","-93.6199","87.2","2021-09-06",,,"0.20",",,7,0700","0.0",",,7",,
"USC00165896","31.5119","-93.6199","87.2","2021-09-07",,,"0.00",",,7,0700","0.0",",,7",,
"USC00165896","31.5119","-93.6199","87.2","2021-09-08",,,"0.00",",,7,0700","0.0",",,7",,
"USC00165896","31.5119","-93.6199","87.2","2021-09-09",,,"0.00",",,7,0700","0.0",",,7",,
"USC00165896","31.5119","-93.6199","87.2","2021-09-10",,,"0.00",",,7,0700","0.0",",,7",,
"USC00165896","31.5119","-93.6199","87.2","2021-09-11",,,"0.00",",,7,0700","0.0",",,7",,
"USC00165896","31.5119","-93.6199","87.2","2021-09-12",,,"0.00",",,7,0700","0.0",",,7",,
"USC00165896","31.5119","-93.6199","87.2","2021-09-13",,,"0.00",",,7,0700","0.0",",,7",,
"USC00165896","31.5119","-93.6199","87.2","2021-09-14",,,"0.08",",,7,0700","0.0",",,7",,
"USC00165896","31.5119","-93.6199","87.2","2021-09-15",,,"0.53",",,7,0700","0.0",",,7",,
"USC00165896","31.5119","-93.6199","87.2","2021-09-16",,,"0.00",",,7,0700","0.0",",,7",,
"USC00165896","31.5119","-93.6199","87.2","2021-09-17",,,"0.05",",,7,0700","0.0",",,7",,
"USC00165896","31.5119","-93.6199","87.2","2021-09-18",,,"0.18",",,7,0700","0.0",",,7",,
"USC00165896","31.5119","-93.6199","87.2","2021-09-19",,,"0.00",",,7,0700","0.0",",,7",,
"USC00165896","31.5119","-93.6199","87.2","2021-09-20",,,"0.22",",,7,0700","0.0",",,7",,
"USC00165896","31.5119","-93.6199","87.2","2021-09-21",,,"0.01",",,7,0700","0.0",",,7",,
"USC00165896","31.5119","-93.6199","87.2","2021-09-22",,,"0.13",",,7,0700","0.0",",,7",,
"USC00165896","31.5119","-93.6199","87.2","2021-09-23",,,"0.00",",,7,0700","0.0",",,7",,
"USC00165896","31.5119","-93.6199","87.2","2021-09-24",,,"0.00",",,7,0700","0.0",",,7",,
"USC00165896","31.5119","-93.6199","87.2","2021-09-25",,,"0.00",",,7,0700","0.0",",,7",,
"USC00165896","31.5119","-93.6199","87.2","2021-09-26",,,"0.00",",,7,0700","0.0",",,7",,
"USC00165896","31.5119","-93.6199","87.2","2021-09-27",,,"0.00",",,7,0700","0.0",",,7",,
"USC00165896","31.5119","-93.6199","87.2","2021-09-28",,,"0.00",",,7,0700","0.0",",,7",,
"USC00165896","31.5119","-93.6199","87.2","2021-09-29",,,"0.00",",,7,0700","0.0",",,7",,
"USC00165896","31.5119","-93.6199","87.2","2021-09-30",,,"0.00",",,7,0700","0.0",",,7",,
"USC00165896","31.5119","-93.6199","87.2","2021-10-01",,,"0.03",",,7,0700","0.0",",,7",,
"USC00165896","31.5119","-93.6199","87.2","2021-10-02",,,"0.78",",,7,0700","0.0",",,7",,
"USC00165896","31.5119","-93.6199","87.2","2021-10-03",,,"0.01",",,7,0700","0.0",",,7",,
"USC00165896","31.5119","-93.6199","87.2","2021-10-04",,,"0.00",",,7,0700","0.0",",,7",,
"USC00165896","31.5119","-93.6199","87.2","2021-10-05",,,"0.00",",,7,0700","0.0",",,7",,
"USC00165896","31.5119","-93.6199","87.2","2021-10-06",,,"0.00",",,7,0700","0.0",",,7",,
"USC00165896","31.5119","-93.6199","87.2","2021-10-07",,,"0.00",",,7,0700","0.0",",,7",,
"USC00165896","31.5119","-93.6199","87.2","2021-10-08",,,"0.00",",,7,0700","0.0",",,7",,
"USC00165896","31.5119","-93.6199","87.2","2021-10-09",,,"0.00",",,7,0700","0.0",",,7",,
"USC00165896","31.5119","-93.6199","87.2","2021-10-10",,,"0.00",",,7,0700","0.0",",,7",,
"USC00165896","31.5119","-93.6199","87.2","2021-10-11",,,"0.10",",,7,0700","0.0",",,7",,
"USC00165896","31.5119","-93.6199","87.2","2021-10-12",,,"0.04",",,7,0700","0.0",",,7",,
"USC00165896","31.5119","-93.6199","87.2","2021-10-13",,,"0.00",",,7,0700","0.0",",,7",,
"USC00165896","31.5119","-93.6199","87.2","2021-10-14",,,"0.00",",,7,0700","0.0",",,7",,
"USC00165896","31.5119","-93.6199","87.2","2021-10-15",,,"0.00",",,7,0700","0.0",",,7",,
"USC00165896","31.5119","-93.6199","87.2","2021-10-16",,,"0.42",",,7,0700","0.0",",,7",,
"USC00165896","31.5119","-93.6199","87.2","2021-10-17",,,"0.00",",,7,0700","0.0",",,7",,
"USC00165896","31.5119","-93.6199","87.2","2021-10-18",,,"0.00",",,7,0700","0.0",",,7",,
"USC00165896","31.5119","-93.6199","87.2","2021-10-19",,,"0.00",",,7,0700","0.0",",,7",,
"USC00165896","31.5119","-93.6199","87.2","2021-10-20",,,"0.00",",,7,0700","0.0",",,7",,
"USC00165896","31.5119","-93.6199","87.2","2021-10-21",,,"0.00",",,7,0700","0.0",",,7",,
"USC00165896","31.5119","-93.6199","87.2","2021-10-22",,,"0.00",",,7,0700","0.0",",,7",,
"USC00165896","31.5119","-93.6199","87.2","2021-10-23",,,"0.00",",,7,0700","0.0",",,7",,
"USC00165896","31.5119","-93.6199","87.2","2021-10-24",,,"0.04",",,7,0700","0.0",",,7",,
"USC00165896","31.5119","-93.6199","87.2","2021-10-25",,,"0.00",",,7,0700","0.0",",,7",,
"USC00165896","31.5119","-93.6199","87.2","2021-10-26",,,"0.00",",,7,0700","0.0",",,7",,
"USC00165896","31.5119","-93.6199","87.2","2021-10-27",,,"0.00",",,7,0700","0.0",",,7",,
"USC00165896","31.5119","-93.6199","87.2","2021-10-28",,,"1.21",",,7,0700","0.0",",,7",,
"USC00165896","31.5119","-93.6199","87.2","2021-10-29",,,"0.00",",,7,0700","0.0",",,7",,
"USC00165896","31.5119","-93.6199","87.2","2021-10-30",,,"0.00",",,7,0700","0.0",",,7",,
"USC00165896","31.5119","-93.6199","87.2","2021-10-31",,,"0.00",",,7,0700","0.0",",,7",,
"USC00165896","31.5119","-93.6199","87.2","2021-11-07",,,"0.01",",,H,0700","0.0",",,H",,
"USC00165896","31.5119","-93.6199","87.2","2021-11-08",,,"0.02",",,H,0700","0.0",",,H",,
"USC00165896","31.5119","-93.6199","87.2","2021-11-09",,,"0.02",",,H,0700","0.0",",,H",,
"USC00165896","31.5119","-93.6199","87.2","2021-11-25",,,"0.51",",,H,0700","0.0",",,H",,
"USC00165896","31.5119","-93.6199","87.2","2021-11-28",,,"0.24",",,H,0700","0.0",",,H",,
"US1LACD0001","32.382509","-93.797925","59.1","2021-08-01",,,"0.00",",,N","0.0",",,N",,
"US1LACD0001","32.382509","-93.797925","59.1","2021-08-02",,,"0.14",",,N",,,,
"US1LACD0001","32.382509","-93.797925","59.1","2021-08-03",,,"0.02",",,N",,,,
"US1LACD0001","32.382509","-93.797925","59.1","2021-08-04",,,"0.00",",,N","0.0",",,N",,
"US1LACD0001","32.382509","-93.797925","59.1","2021-08-05",,,"0.00",",,N","0.0",",,N",,
"US1LACD0001","32.382509","-93.797925","59.1","2021-08-06",,,"0.00",",,N","0.0",",,N",,
"US1LACD0001","32.382509","-93.797925","59.1","2021-08-07",,,"0.00",",,N","0.0",",,N",,
"US1LACD0001","32.382509","-93.797925","59.1","2021-08-08",,,"0.00",",,N","0.0",",,N",,
"US1LACD0001","32.382509","-93.797925","59.1","2021-08-09",,,"0.00",",,N","0.0",",,N",,
"US1LACD0001","32.382509","-93.797925","59.1","2021-08-10",,,"0.00",",,N","0.0",",,N",,
"US1LACD0001","32.382509","-93.797925","59.1","2021-08-11",,,"0.00",",,N","0.0",",,N",,
"US1LACD0001","32.382509","-93.797925","59.1","2021-08-12",,,"0.00",",,N","0.0",",,N",,
"US1LACD0001","32.382509","-93.797925","59.1","2021-08-13",,,"0.00",",,N","0.0",",,N",,
"US1LACD0001","32.382509","-93.797925","59.1","2021-08-14",,,"0.00",",,N","0.0",",,N",,
"US1LACD0001","32.382509","-93.797925","59.1","2021-08-15",,,"0.06",",,N",,,,
"US1LACD0001","32.382509","-93.797925","59.1","2021-08-16",,,"0.69",",,N",,,,
"US1LACD0001","32.382509","-93.797925","59.1","2021-08-17",,,"0.07",",,N",,,,
"US1LACD0001","32.382509","-93.797925","59.1","2021-08-18",,,"0.41",",,N",,,,
"US1LACD0001","32.382509","-93.797925","59.1","2021-08-19",,,"1.12",",,N",,,,
"US1LACD0001","32.382509","-93.797925","59.1","2021-08-20",,,"0.08",",,N",,,,
"US1LACD0001","32.382509","-93.797925","59.1","2021-08-21",,,"0.00",",,N","0.0",",,N",,
"US1LACD0001","32.382509","-93.797925","59.1","2021-08-22",,,"0.00",",,N","0.0",",,N",,
"US1LACD0001","32.382509","-93.797925","59.1","2021-08-23",,,"0.00",",,N","0.0",",,N",,
"US1LACD0001","32.382509","-93.797925","59.1","2021-08-24",,,"0.00",",,N","0.0",",,N",,
"US1LACD0001","32.382509","-93.797925","59.1","2021-08-25",,,"0.00",",,N","0.0",",,N",,
"US1LACD0001","32.382509","-93.797925","59.1","2021-08-26",,,"0.00",",,N","0.0",",,N",,
"US1LACD0001","32.382509","-93.797925","59.1","2021-08-27",,,"0.00","T,,N",,,,
"US1LACD0001","32.382509","-93.797925","59.1","2021-08-28",,,"0.00",",,N","0.0",",,N",,
"US1LACD0001","32.382509","-93.797925","59.1","2021-08-29",,,"0.23",",,N",,,,
"US1LACD0001","32.382509","-93.797925","59.1","2021-08-30",,,"0.37",",,N",,,,
"US1LACD0001","32.382509","-93.797925","59.1","2021-08-31",,,"0.00","T,,N",,,,
"US1LACD0001","32.382509","-93.797925","59.1","2021-09-01",,,"0.00",",,N","0.0",",,N",,
"US1LACD0001","32.382509","-93.797925","59.1","2021-09-02",,,"0.00",",,N","0.0",",,N",,
"US1LACD0001","32.382509","-93.797925","59.1","2021-09-03",,,"0.00",",,N","0.0",",,N",,
"US1LACD0001","32.382509","-93.797925","59.1","2021-09-04",,,"0.00",",,N","0.0",",,N",,
"US1LACD0001","32.382509","-93.797925","59.1","2021-09-05",,,"0.00",",,N","0.0",",,N",,
"US1LACD0001","32.382509","-93.797925","59.1","2021-09-06",,,"0.00","T,,N",,,,
"US1LACD0001","32.382509","-93.797925","59.1","2021-09-07",,,"0.00",",,N","0.0",",,N",,
"US1LACD0001","32.382509","-93.797925","59.1","2021-09-08",,,"0.00",",,N","0.0",",,N",,
"US1LACD0001","32.382509","-93.797925","59.1","2021-09-09",,,"0.00",",,N","0.0",",,N",,
"US1LACD0001","32.382509","-93.797925","59.1","2021-09-10",,,"0.00",",,N","0.0",",,N",,
"US1LACD0001","32.382509","-93.797925","59.1","2021-09-11",,,"0.00",",,N","0.0",",,N",,
"US1LACD0001","32.382509","-93.797925","59.1","2021-09-12",,,"0.00",",,N","0.0",",,N",,
"US1LACD0001","32.382509","-93.797925","59.1","2021-09-13",,,"0.00","T,,N",,,,
"US1LACD0001","32.382509","-93.797925","59.1","2021-09-14",,,"0.08",",,N",,,,
"US1LACD0001","32.382509","-93.797925","59.1","2021-09-15",,,"0.04",",,N",,,,
"US1LACD0001","32.382509","-93.797925","59.1","2021-09-16",,,"0.00",",,N","0.0",",,N",,
"US1LACD0001","32.382509","-93.797925","59.1","2021-09-17",,,"0.00",",,N","0.0",",,N",,
"US1LACD0001","32.382509","-93.797925","59.1","2021-09-18",,,"0.03",",,N",,,,
"US1LACD0001","32.382509","-93.797925","59.1","2021-09-19",,,"0.78",",,N",,,,
"US1LACD0001","32.382509","-93.797925","59.1","2021-09-20",,,"0.01",",,N",,,,
"US1LACD0001","32.382509","-93.797925","59.1","2021-09-21",,,"0.00",",,N","0.0",",,N",,
"US1LACD0001","32.382509","-93.797925","59.1","2021-09-22",,,"0.21",",,N",,,,
"US1LACD0001","32.382509","-93.797925","59.1","2021-09-23",,,"0.00",",,N","0.0",",,N",,
"US1LACD0001","32.382509","-93.797925","59.1","2021-09-24",,,"0.00",",,N","0.0",",,N",,
"US1LACD0001","32.382509","-93.797925","59.1","2021-09-25",,,"0.00",",,N","0.0",",,N",,
"US1LACD0001","32.382509","-93.797925","59.1","2021-09-26",,,"0.00",",,N","0.0",",,N",,
"US1LACD0001","32.382509","-93.797925","59.1","2021-09-27",,,"0.00",",,N","0.0",",,N",,
"US1LACD0001","32.382509","-93.797925","59.1","2021-09-28",,,"0.00",",,N","0.0",",,N",,
"US1LACD0001","32.382509","-93.797925","59.1","2021-09-29",,,"0.00",",,N","0.0",",,N",,
"US1LACD0001","32.382509","-93.797925","59.1","2021-09-30",,,"0.00","T,,N",,,,
"US1LACD0001","32.382509","-93.797925","59.1","2021-10-01",,,"0.02",",,N",,,,
"US1LACD0001","32.382509","-93.797925","59.1","2021-10-02",,,"0.43",",,N",,,,
"US1LACD0001","32.382509","-93.797925","59.1","2021-10-03",,,"0.09",",,N",,,,
"US1LACD0001","32.382509","-93.797925","59.1","2021-10-04",,,"0.15",",,N",,,,
"US1LACD0001","32.382509","-93.797925","59.1","2021-10-05",,,"0.00",",,N","0.0",",,N",,
"US1LACD0001","32.382509","-93.797925","59.1","2021-10-06",,,"0.00",",,N","0.0",",,N",,
"US1LACD0001","32.382509","-93.797925","59.1","2021-10-07",,,"0.00",",,N","0.0",",,N",,
"US1LACD0001","32.382509","-93.797925","59.1","2021-10-08",,,"0.00",",,N","0.0",",,N",,
"US1LACD0001","32.382509","-93.797925","59.1","2021-10-09",,,"0.00",",,N","0.0",",,N",,
"US1LACD0001","32.382509","-93.797925","59.1","2021-10-10",,,"0.00",",,N","0.0",",,N",,
"US1LACD0001","32.382509","-93.797925","59.1","2021-10-11",,,"0.03",",,N",,,,
"US1LACD0001","32.382509","-93.797925","59.1","2021-10-12",,,"0.00",",,N","0.0",",,N",,
"US1LACD0001","32.382509","-93.797925","59.1","2021-10-13",,,"0.25",",,N",,,,
"US1LACD0001","32.382509","-93.797925","59.1","2021-10-14",,,"0.00",",,N","0.0",",,N",,
"US1LACD0001","32.382509","-93.797925","59.1","2021-10-15",,,"0.00","T,,N",,,,
"US1LACD0001","32.382509","-93.797925","59.1","2021-10-16",,,"0.00",",,N","0.0",",,N",,
"US1LACD0001","32.382509","-93.797925","59.1","2021-10-17",,,"0.00",",,N","0.0",",,N",,
"US1LACD0001","32.382509","-93.797925","59.1","2021-10-18",,,"0.00",",,N","0.0",",,N",,
"US1LACD0001","32.382509","-93.797925","59.1","2021-10-19",,,"0.00",",,N","0.0",",,N",,
"US1LACD0001","32.382509","-93.797925","59.1","2021-10-20",,,"0.00",",,N","0.0",",,N",,
"US1LACD0001","32.382509","-93.797925","59.1","2021-10-21",,,"0.00",",,N","0.0",",,N",,
"US1LACD0001","32.382509","-93.797925","59.1","2021-10-22",,,"0.00",",,N","0.0",",,N",,
"US1LACD0001","32.382509","-93.797925","59.1","2021-10-23",,,"0.00",",,N","0.0",",,N",,
"US1LACD0001","32.382509","-93.797925","59.1","2021-10-24",,,"0.00",",,N","0.0",",,N",,
"US1LACD0001","32.382509","-93.797925","59.1","2021-10-25",,,"0.00",",,N","0.0",",,N",,
"US1LACD0001","32.382509","-93.797925","59.1","2021-10-26",,,"0.00",",,N","0.0",",,N",,
"US1LACD0001","32.382509","-93.797925","59.1","2021-10-27",,,"0.00","T,,N",,,,
"US1LACD0001","32.382509","-93.797925","59.1","2021-10-28",,,"1.43",",,N",,,,
"US1LACD0001","32.382509","-93.797925","59.1","2021-10-29",,,"0.00",",,N","0.0",",,N",,
"US1LACD0001","32.382509","-93.797925","59.1","2021-10-30",,,"0.00",",,N","0.0",",,N",,
"US1LACD0001","32.382509","-93.797925","59.1","2021-10-31",,,"0.00",",,N","0.0",",,N",,
"US1LACD0001","32.382509","-93.797925","59.1","2021-11-01",,,"0.00",",,N","0.0",",,N",,
"US1LACD0001","32.382509","-93.797925","59.1","2021-11-02",,,"0.00",",,N","0.0",",,N",,
"US1LACD0001","32.382509","-93.797925","59.1","2021-11-03",,,"0.00","T,,N",,,,
"US1LACD0001","32.382509","-93.797925","59.1","2021-11-04",,,"0.20",",,N",,,,
"US1LACD0001","32.382509","-93.797925","59.1","2021-11-05",,,"0.00",",,N","0.0",",,N",,
"US1LACD0001","32.382509","-93.797925","59.1","2021-11-06",,,"0.00",",,N","0.0",",,N",,
"US1LACD0001","32.382509","-93.797925","59.1","2021-11-07",,,"0.00",",,N","0.0",",,N",,
"US1LACD0001","32.382509","-93.797925","59.1","2021-11-08",,,"0.00",",,N","0.0",",,N",,
"US1LACD0001","32.382509","-93.797925","59.1","2021-11-09",,,"0.00",",,N","0.0",",,N",,
"US1LACD0001","32.382509","-93.797925","59.1","2021-11-10",,,"0.00",",,N","0.0",",,N",,
"US1LACD0001","32.382509","-93.797925","59.1","2021-11-11",,,"0.78",",,N",,,,
"US1LACD0001","32.382509","-93.797925","59.1","2021-11-12",,,"0.00",",,N","0.0",",,N",,
"US1LACD0001","32.382509","-93.797925","59.1","2021-11-13",,,"0.00",",,N","0.0",",,N",,
"US1LACD0001","32.382509","-93.797925","59.1","2021-11-14",,,"0.00",",,N","0.0",",,N",,
"US1LACD0001","32.382509","-93.797925","59.1","2021-11-15",,,"0.00",",,N","0.0",",,N",,
"US1LACD0001","32.382509","-93.797925","59.1","2021-11-16",,,"0.00",",,N","0.0",",,N",,
"US1LACD0001","32.382509","-93.797925","59.1","2021-11-17",,,"0.00",",,N","0.0",",,N",,
"US1LACD0001","32.382509","-93.797925","59.1","2021-11-18",,,"0.00","T,,N",,,,
"US1LACD0001","32.382509","-93.797925","59.1","2021-11-19",,,"0.00",",,N","0.0",",,N",,
"US1LACD0001","32.382509","-93.797925","59.1","2021-11-20",,,"0.00",",,N","0.0",",,N",,
"US1LACD0001","32.382509","-93.797925","59.1","2021-11-21",,,"0.00",",,N","0.0",",,N",,
"US1LACD0001","32.382509","-93.797925","59.1","2021-11-22",,,"0.21",",,N",,,,
"US1LACD0001","32.382509","-93.797925","59.1","2021-11-23",,,"0.00",",,N","0.0",",,N",,
"US1LACD0001","32.382509","-93.797925","59.1","2021-11-24",,,"0.00",",,N","0.0",",,N",,
"US1LACD0001","32.382509","-93.797925","59.1","2021-11-25",,,"0.74",",,N",,,,
"US1LACD0001","32.382509","-93.797925","59.1","2021-11-26",,,"0.13",",,N",,,,
"US1LACD0001","32.382509","-93.797925","59.1","2021-11-27",,,"0.00",",,N","0.0",",,N",,
"US1LACD0001","32.382509","-93.797925","59.1","2021-11-28",,,"0.14",",,N",,,,
"US1LACD0004","32.379624","-93.801938","57.3","2021-08-01",,,"0.00",",,N","0.0",",,N",,
"US1LACD0004","32.379624","-93.801938","57.3","2021-08-02",,,"0.15",",,N",,,,
"US1LACD0004","32.379624","-93.801938","57.3","2021-08-03",,,"0.02",",,N",,,,
"US1LACD0004","32.379624","-93.801938","57.3","2021-08-04",,,"0.00",",,N","0.0",",,N",,
"US1LACD0004","32.379624","-93.801938","57.3","2021-08-05",,,"0.00",",,N","0.0",",,N",,
"US1LACD0004","32.379624","-93.801938","57.3","2021-08-06",,,"0.00",",,N","0.0",",,N",,
"US1LACD0004","32.379624","-93.801938","57.3","2021-08-07",,,"0.00",",,N","0.0",",,N",,
"US1LACD0004","32.379624","-93.801938","57.3","2021-08-08",,,"0.00",",,N","0.0",",,N",,
"US1LACD0004","32.379624","-93.801938","57.3","2021-08-09",,,"0.00",",,N","0.0",",,N",,
"US1LACD0004","32.379624","-93.801938","57.3","2021-08-10",,,"0.00",",,N","0.0",",,N",,
"US1LACD0004","32.379624","-93.801938","57.3","2021-08-11",,,"0.00",",,N","0.0",",,N",,
"US1LACD0004","32.379624","-93.801938","57.3","2021-08-12",,,"0.00",",,N","0.0",",,N",,
"US1LACD0004","32.379624","-93.801938","57.3","2021-08-13",,,"0.00",",,N","0.0",",,N",,
"US1LACD0004","32.379624","-93.801938","57.3","2021-08-14",,,"0.00",",,N","0.0",",,N",,
"US1LACD0004","32.379624","-93.801938","57.3","2021-08-15",,,"0.03",",,N",,,,
"US1LACD0004","32.379624","-93.801938","57.3","2021-08-16",,,"0.26",",,N",,,,
"US1LACD0004","32.379624","-93.801938","57.3","2021-08-17",,,"0.11",",,N",,,,
"US1LACD0004","32.379624","-93.801938","57.3","2021-08-18",,,"0.42",",,N",,,,
"US1LACD0004","32.379624","-93.801938","57.3","2021-08-19",,,"1.03",",,N",,,,
"US1LACD0004","32.379624","-93.801938","57.3","2021-08-20",,,"0.11",",,N",,,,
"US1LACD0004","32.379624","-93.801938","57.3","2021-08-21",,,"0.00",",,N","0.0",",,N",,
"US1LACD0004","32.379624","-93.801938","57.3","2021-08-22",,,"0.00",",,N","0.0",",,N",,
"US1LACD0004","32.379624","-93.801938","57.3","2021-08-23",,,"0.00",",,N","0.0",",,N",,
"US1LACD0004","32.379624","-93.801938","57.3","2021-08-24",,,"0.00",",,N","0.0",",,N",,
"US1LACD0004","32.379624","-93.801938","57.3","2021-08-25",,,"0.00",",,N","0.0",",,N",,
"US1LACD0004","32.379624","-93.801938","57.3","2021-08-26",,,"0.00",",,N","0.0",",,N",,
"US1LACD0004","32.379624","-93.801938","57.3","2021-08-27",,,"0.00",",,N","0.0",",,N",,
"US1LACD0004","32.379624","-93.801938","57.3","2021-08-28",,,"0.00",",,N","0.0",",,N",,
"US1LACD0004","32.379624","-93.801938","57.3","2021-08-29",,,"0.21",",,N",,,,
"US1LACD0004","32.379624","-93.801938","57.3","2021-08-30",,,"0.32",",,N",,,,
"US1LACD0004","32.379624","-93.801938","57.3","2021-08-31",,,"0.00","T,,N",,,,
"US1LACD0004","32.379624","-93.801938","57.3","2021-09-01",,,"0.00","T,,N",,,,
"US1LACD0004","32.379624","-93.801938","57.3","2021-09-02",,,"0.00",",,N","0.0",",,N",,
"US1LACD0004","32.379624","-93.801938","57.3","2021-09-03",,,"0.00","T,,N",,,,
"US1LACD0004","32.379624","-93.801938","57.3","2021-09-04",,,"0.00",",,N","0.0",",,N",,
"US1LACD0004","32.379624","-93.801938","57.3","2021-09-05",,,"0.00",",,N","0.0",",,N",,
"US1LACD0004","32.379624","-93.801938","57.3","2021-09-06",,,"0.00","T,,N",,,,
"US1LACD0004","32.379624","-93.801938","57.3","2021-09-07",,,"0.00",",,N","0.0",",,N",,
"US1LACD0004","32.379624","-93.801938","57.3","2021-09-08",,,"0.00",",,N","0.0",",,N",,
"US1LACD0004","32.379624","-93.801938","57.3","2021-09-09",,,"0.00",",,N","0.0",",,N",,
"US1LACD0004","32.379624","-93.801938","57.3","2021-09-10",,,"0.00",",,N","0.0",",,N",,
"US1LACD0004","32.379624","-93.801938","57.3","2021-09-11",,,"0.00",",,N","0.0",",,N",,
"US1LACD0004","32.379624","-93.801938","57.3","2021-09-12",,,"0.00",",,N","0.0",",,N",,
"US1LACD0004","32.379624","-93.801938","57.3","2021-09-13",,,"0.00","T,,N",,,,
"US1LACD0004","32.379624","-93.801938","57.3","2021-09-14",,,"0.07",",,N",,,,
"US1LACD0004","32.379624","-93.801938","57.3","2021-09-15",,,"0.05",",,N",,,,
"US1LACD0004","32.379624","-93.801938","57.3","2021-09-16",,,"0.00",",,N","0.0",",,N",,
"US1LACD0004","32.379624","-93.801938","57.3","2021-09-17",,,"0.00",",,N","0.0",",,N",,
"US1LACD0004","32.379624","-93.801938","57.3","2021-09-18",,,"0.04",",,N",,,,
"US1LACD0004","32.379624","-93.801938","57.3","2021-09-19",,,"0.86",",,N",,,,
"US1LACD0004","32.379624","-93.801938","57.3","2021-09-20",,,"0.00",",,N","0.0",",,N",,
"US1LACD0004","32.379624","-93.801938","57.3","2021-09-21",,,"0.00",",,N","0.0",",,N",,
"US1LACD0004","32.379624","-93.801938","57.3","2021-09-22",,,"0.10",",,N",,,,
"US1LACD0004","32.379624","-93.801938","57.3","2021-09-23",,,"0.00",",,N","0.0",",,N",,
"US1LACD0004","32.379624","-93.801938","57.3","2021-09-24",,,"0.00",",,N","0.0",",,N",,
"US1LACD0004","32.379624","-93.801938","57.3","2021-09-25",,,"0.00",",,N","0.0",",,N",,
"US1LACD0004","32.379624","-93.801938","57.3","2021-09-26",,,"0.00",",,N","0.0",",,N",,
"US1LACD0004","32.379624","-93.801938","57.3","2021-09-27",,,"0.00",",,N","0.0",",,N",,
"US1LACD0004","32.379624","-93.801938","57.3","2021-09-28",,,"0.00",",,N","0.0",",,N",,
"US1LACD0004","32.379624","-93.801938","57.3","2021-09-29",,,"0.00","T,,N",,,,
"US1LACD0004","32.379624","-93.801938","57.3","2021-09-30",,,"0.00","T,,N",,,,
"US1LACD0004","32.379624","-93.801938","57.3","2021-10-01",,,"0.05",",,N",,,,
"US1LACD0004","32.379624","-93.801938","57.3","2021-10-02",,,"0.46",",,N",,,,
"US1LACD0004","32.379624","-93.801938","57.3","2021-10-03",,,"0.08",",,N",,,,
"US1LACD0004","32.379624","-93.801938","57.3","2021-10-04",,,"0.18",",,N",,,,
"US1LACD0004","32.379624","-93.801938","57.3","2021-10-05",,,"0.00",",,N","0.0",",,N",,
"US1LACD0004","32.379624","-93.801938","57.3","2021-10-06",,,"0.00",",,N","0.0",",,N",,
"US1LACD0004","32.379624","-93.801938","57.3","2021-10-07",,,"0.00",",,N","0.0",",,N",,
"US1LACD0004","32.379624","-93.801938","57.3","2021-10-08",,,"0.00",",,N","0.0",",,N",,
"US1LACD0004","32.379624","-93.801938","57.3","2021-10-09",,,"0.00",",,N","0.0",",,N",,
"US1LACD0004","32.379624","-93.801938","57.3","2021-10-10",,,"0.00",",,N","0.0",",,N",,
"US1LACD0004","32.379624","-93.801938","57.3","2021-10-11",,,"0.05",",,N",,,,
"US1LACD0004","32.379624","-93.801938","57.3","2021-10-12",,,"0.00",",,N","0.0",",,N",,
"US1LACD0004","32.379624","-93.801938","57.3","2021-10-13",,,"0.30",",,N",,,,
"US1LACD0004","32.379624","-93.801938","57.3","2021-10-14",,,"0.00",",,N","0.0",",,N",,
"US1LACD0004","32.379624","-93.801938","57.3","2021-10-15",,,"0.00","T,,N",,,,
"US1LACD0004","32.379624","-93.801938","57.3","2021-10-16",,,"0.00",",,N","0.0",",,N",,
"US1LACD0004","32.379624","-93.801938","57.3","2021-10-17",,,"0.00",",,N","0.0",",,N",,
"US1LACD0004","32.379624","-93.801938","57.3","2021-10-18",,,"0.00",",,N","0.0",",,N",,
"US1LACD0004","32.379624","-93.801938","57.3","2021-10-19",,,"0.00",",,N","0.0",",,N",,
"US1LACD0004","32.379624","-93.801938","57.3","2021-10-20",,,"0.00",",,N","0.0",",,N",,
"US1LACD0004","32.379624","-93.801938","57.3","2021-10-21",,,"0.00",",,N","0.0",",,N",,
"US1LACD0004","32.379624","-93.801938","57.3","2021-10-22",,,"0.00",",,N","0.0",",,N",,
"US1LACD0004","32.379624","-93.801938","57.3","2021-10-23",,,"0.00",",,N","0.0",",,N",,
"US1LACD0004","32.379624","-93.801938","57.3","2021-10-24",,,"0.00",",,N","0.0",",,N",,
"US1LACD0004","32.379624","-93.801938","57.3","2021-10-25",,,"0.00",",,N","0.0",",,N",,
"US1LACD0004","32.379624","-93.801938","57.3","2021-10-26",,,"0.00",",,N","0.0",",,N",,
"US1LACD0004","32.379624","-93.801938","57.3","2021-10-27",,,"0.00","T,,N",,,,
"US1LACD0004","32.379624","-93.801938","57.3","2021-10-28",,,"1.43",",,N",,,,
"US1LACD0004","32.379624","-93.801938","57.3","2021-10-29",,,"0.00",",,N","0.0",",,N",,
"US1LACD0004","32.379624","-93.801938","57.3","2021-10-30",,,"0.00",",,N","0.0",",,N",,
"US1LACD0004","32.379624","-93.801938","57.3","2021-10-31",,,"0.00",",,N","0.0",",,N",,
"US1LACD0004","32.379624","-93.801938","57.3","2021-11-01",,,"0.00",",,N","0.0",",,N",,
"US1LACD0004","32.379624","-93.801938","57.3","2021-11-02",,,"0.00",",,N","0.0",",,N",,
"US1LACD0004","32.379624","-93.801938","57.3","2021-11-03",,,"0.00","T,,N",,,,
"US1LACD0004","32.379624","-93.801938","57.3","2021-11-04",,,"0.21",",,N",,,,
"US1LACD0004","32.379624","-93.801938","57.3","2021-11-05",,,"0.00",",,N","0.0",",,N",,
"US1LACD0004","32.379624","-93.801938","57.3","2021-11-06",,,"0.00",",,N","0.0",",,N",,
"US1LACD0004","32.379624","-93.801938","57.3","2021-11-07",,,"0.00",",,N","0.0",",,N",,
"US1LACD0004","32.379624","-93.801938","57.3","2021-11-08",,,"0.00",",,N","0.0",",,N",,
"US1LACD0004","32.379624","-93.801938","57.3","2021-11-09",,,"0.00",",,N","0.0",",,N",,
"US1LACD0004","32.379624","-93.801938","57.3","2021-11-10",,,"0.00",",,N","0.0",",,N",,
"US1LACD0004","32.379624","-93.801938","57.3","2021-11-11",,,"0.71",",,N",,,,
"US1LACD0004","32.379624","-93.801938","57.3","2021-11-12",,,"0.00",",,N","0.0",",,N",,
"US1LACD0004","32.379624","-93.801938","57.3","2021-11-13",,,"0.00",",,N","0.0",",,N",,
"US1LACD0004","32.379624","-93.801938","57.3","2021-11-14",,,"0.00",",,N","0.0",",,N",,
"US1LACD0004","32.379624","-93.801938","57.3","2021-11-15",,,"0.00",",,N","0.0",",,N",,
"US1LACD0004","32.379624","-93.801938","57.3","2021-11-16",,,"0.00",",,N","0.0",",,N",,
"US1LACD0004","32.379624","-93.801938","57.3","2021-11-17",,,"0.00",",,N","0.0",",,N",,
"US1LACD0004","32.379624","-93.801938","57.3","2021-11-18",,,"0.00","T,,N",,,,
"US1LACD0004","32.379624","-93.801938","57.3","2021-11-19",,,"0.00",",,N","0.0",",,N",,
"US1LACD0004","32.379624","-93.801938","57.3","2021-11-20",,,"0.00",",,N","0.0",",,N",,
"US1LACD0004","32.379624","-93.801938","57.3","2021-11-21",,,"0.00",",,N","0.0",",,N",,
"US1LACD0004","32.379624","-93.801938","57.3","2021-11-22",,,"0.21",",,N",,,,
"US1LACD0004","32.379624","-93.801938","57.3","2021-11-23",,,"0.00",",,N","0.0",",,N",,
"US1LACD0004","32.379624","-93.801938","57.3","2021-11-24",,,"0.00",",,N","0.0",",,N",,
"US1LACD0004","32.379624","-93.801938","57.3","2021-11-25",,,"0.71",",,N",,,,
"US1LACD0004","32.379624","-93.801938","57.3","2021-11-26",,,"0.15",",,N",,,,
"US1LACD0004","32.379624","-93.801938","57.3","2021-11-27",,,"0.00",",,N","0.0",",,N",,
"US1LACD0004","32.379624","-93.801938","57.3","2021-11-28",,,"0.14",",,N",,,,
"USW00013970","30.5372","-91.1469","19.5","2021-08-01","5.14",",,W","0.32",",,W,2400",,,,
"USW00013970","30.5372","-91.1469","19.5","2021-08-02","3.13",",,W","0.66",",,W,2400",,,,
"USW00013970","30.5372","-91.1469","19.5","2021-08-03","3.58",",,W","2.00",",,W,2400",,,,
"USW00013970","30.5372","-91.1469","19.5","2021-08-04","6.49",",,W","0.00",",,W,2400",,,,
"USW00013970","30.5372","-91.1469","19.5","2021-08-05","2.91",",,W","0.00",",,W,2400",,,,
"USW00013970","30.5372","-91.1469","19.5","2021-08-06","1.57",",,W","0.00",",,W,2400",,,,
"USW00013970","30.5372","-91.1469","19.5","2021-08-07","2.01",",,W","0.00",",,W,2400",,,,
"USW00013970","30.5372","-91.1469","19.5","2021-08-08","4.70",",,W","0.01",",,W,2400",,,,
"USW00013970","30.5372","-91.1469","19.5","2021-08-09","3.36",",,W","1.59",",,W,2400",,,,
"USW00013970","30.5372","-91.1469","19.5","2021-08-10","2.46",",,W","0.60",",,W,2400",,,,
"USW00013970","30.5372","-91.1469","19.5","2021-08-11","3.58",",,W","0.00","T,,W,2400",,,,
"USW00013970","30.5372","-91.1469","19.5","2021-08-12","4.25",",,W","0.00","T,,W,2400",,,,
"USW00013970","30.5372","-91.1469","19.5","2021-08-13","3.36",",,W","0.00","T,,W,2400",,,,
"USW00013970","30.5372","-91.1469","19.5","2021-08-14","2.68",",,W","0.00",",,W,2400",,,,
"USW00013970","30.5372","-91.1469","19.5","2021-08-15","3.80",",,W","0.01",",,W,2400",,,,
"USW00013970","30.5372","-91.1469","19.5","2021-08-16","3.58",",,W","0.00",",,W,2400",,,,
"USW00013970","30.5372","-91.1469","19.5","2021-08-17","3.80",",,W","0.19",",,W,2400",,,,
"USW00013970","30.5372","-91.1469","19.5","2021-08-18","5.14",",,W","0.14",",,W,2400",,,,
"USW00013970","30.5372","-91.1469","19.5","2021-08-19","4.03",",,W","0.13",",,W,2400",,,,
"USW00013970","30.5372","-91.1469","19.5","2021-08-20","5.37",",,W","0.00",",,W,2400",,,,
"USW00013970","30.5372","-91.1469","19.5","2021-08-21","4.92",",,W","0.00",",,W,2400",,,,
"USW00013970","30.5372","-91.1469","19.5","2021-08-22","4.70",",,W","0.00",",,W,2400",,,,
"USW00013970","30.5372","-91.1469","19.5","2021-08-23","4.92",",,W","0.29",",,W,2400",,,,
"USW00013970","30.5372","-91.1469","19.5","2021-08-24","3.36",",,W","0.00","T,,W,2400",,,,
"USW00013970","30.5372","-91.1469","19.5","2021-08-25","2.91",",,W","0.85",",,W,2400",,,,
"USW00013970","30.5372","-91.1469","19.5","2021-08-26","7.38",",,W","0.07",",,W,2400",,,,
"USW00013970","30.5372","-91.1469","19.5","2021-08-27","8.50",",,W","0.18",",,W,2400",,,,
"USW00013970","30.5372","-91.1469","19.5","2021-08-28","7.61",",,W","0.11",",,W,2400",,,,
"USW00013970","30.5372","-91.1469","19.5","2021-08-29","19.01",",,W","1.33",",,W,2400",,,,
"USW00013970","30.5372","-91.1469","19.5","2021-08-30","23.04",",,W","0.00",",,W,2400",,,,
"USW00013970","30.5372","-91.1469","19.5","2021-08-31","6.93",",,W","0.00",",,W,2400",,,,
"USW00013970","30.5372","-91.1469","19.5","2021-09-01","5.59",",,W","0.00","T,,W,2400",,,,
"USW00013970","30.5372","-91.1469","19.5","2021-09-02","2.68",",,W","0.00","T,,W,2400",,,,
"USW00013970","30.5372","-91.1469","19.5","2021-09-03","3.80",",,W","0.00",",,W,2400",,,,
"USW00013970","30.5372","-91.1469","19.5","2021-09-04","2.91",",,W","0.00",",,W,2400",,,,
"USW00013970","30.5372","-91.1469","19.5","2021-09-05","5.37",",,W","0.00",",,W,2400",,,,
"USW00013970","30.5372","-91.1469","19.5","2021-09-06","4.03",",,W","0.03",",,W,2400",,,,
"USW00013970","30.5372","-91.1469","19.5","2021-09-07","4.92",",,W","0.00","T,,W,2400",,,,
"USW00013970","30.5372","-91.1469","19.5","2021-09-08","2.91",",,W","0.00",",,W,2400",,,,
"USW00013970","30.5372","-91.1469","19.5","2021-09-09","5.37",",,W","0.00",",,W,2400",,,,
"USW00013970","30.5372","-91.1469","19.5","2021-09-10","5.82",",,W","0.00",",,W,2400",,,,
"USW00013970","30.5372","-91.1469","19.5","2021-09-11","5.14",",,W","0.00",",,W,2400",,,,
"USW00013970","30.5372","-91.1469","19.5","2021-09-12","8.05",",,W","0.28",",,W,2400",,,,
"USW00013970","30.5372","-91.1469","19.5","2021-09-13","7.61",",,W","0.52",",,W,2400",,,,
"USW00013970","30.5372","-91.1469","19.5","2021-09-14","18.12",",,W","2.77",",,W,2400",,,,
"USW00013970","30.5372","-91.1469","19.5","2021-09-15","10.07",",,W","2.07",",,W,2400",,,,
"USW00013970","30.5372","-91.1469","19.5","2021-09-16","5.37",",,W","0.12",",,W,2400",,,,
"USW00013970","30.5372","-91.1469","19.5","2021-09-17","4.47",",,W","0.02",",,W,2400",,,,
"USW00013970","30.5372","-91.1469","19.5","2021-09-18","4.25",",,W","0.25",",,W,2400",,,,
"USW00013970","30.5372","-91.1469","19.5","2021-09-19","4.25",",,W","0.00",",,W,2400",,,,
"USW00013970","30.5372","-91.1469","19.5","2021-09-20","2.91",",,W","0.00","T,,W,2400",,,,
"USW00013970","30.5372","-91.1469","19.5","2021-09-21","4.70",",,W","0.10",",,W,2400",,,,
"USW00013970","30.5372","-91.1469","19.5","2021-09-22","8.72",",,W","0.00",",,W,2400",,,,
"USW00013970","30.5372","-91.1469","19.5","2021-09-23","4.92",",,W","0.00",",,W,2400",,,,
"USW00013970","30.5372","-91.1469","19.5","2021-09-24","3.13",",,W","0.00",",,W,2400",,,,
"USW00013970","30.5372","-91.1469","19.5","2021-09-25","2.24",",,W","0.00",",,W,2400",,,,
"USW00013970","30.5372","-91.1469","19.5","2021-09-26","2.01",",,W","0.00",",,W,2400",,,,
"USW00013970","30.5372","-91.1469","19.5","2021-09-27","5.59",",,W","0.14",",,W,2400",,,,
"USW00013970","30.5372","-91.1469","19.5","2021-09-28","5.14",",,W","0.38",",,W,2400",,,,
"USW00013970","30.5372","-91.1469","19.5","2021-09-29","6.04",",,W","0.10",",,W,2400",,,,
"USW00013970","30.5372","-91.1469","19.5","2021-09-30","5.37",",,W","1.57",",,W,2400",,,,
"USW00013970","30.5372","-91.1469","19.5","2021-10-01","4.92",",,W","0.00","T,,W,2400","0.0",",,W",,
"USW00013970","30.5372","-91.1469","19.5","2021-10-02","4.25",",,W","0.19",",,W,2400","0.0",",,W",,
"USW00013970","30.5372","-91.1469","19.5","2021-10-03","2.68",",,W","0.00",",,W,2400","0.0",",,W",,
"USW00013970","30.5372","-91.1469","19.5","2021-10-04","3.36",",,W","0.00",",,W,2400","0.0",",,W",,
"USW00013970","30.5372","-91.1469","19.5","2021-10-05","3.58",",,W","0.00",",,W,2400","0.0",",,W",,
"USW00013970","30.5372","-91.1469","19.5","2021-10-06","2.68",",,W","0.00",",,W,2400","0.0",",,W",,
"USW00013970","30.5372","-91.1469","19.5","2021-10-07","2.68",",,W","0.00",",,W,2400","0.0",",,W",,
"USW00013970","30.5372","-91.1469","19.5","2021-10-08","1.79",",,W","0.00",",,W,2400","0.0",",,W",,
"USW00013970","30.5372","-91.1469","19.5","2021-10-09","1.57",",,W","0.00",",,W,2400","0.0",",,W",,
"USW00013970","30.5372","-91.1469","19.5","2021-10-10","5.59",",,W","0.00",",,W,2400","0.0",",,W",,
"USW00013970","30.5372","-91.1469","19.5","2021-10-11","6.71",",,W","0.00",",,W,2400","0.0",",,W",,
"USW00013970","30.5372","-91.1469","19.5","2021-10-12","5.59",",,W","0.00",",,W,2400","0.0",",,W",,
"USW00013970","30.5372","-91.1469","19.5","2021-10-13","6.71",",,W","0.00",",,W,2400","0.0",",,W",,
"USW00013970","30.5372","-91.1469","19.5","2021-10-14","6.49",",,W","0.00",",,W,2400","0.0",",,W",,
"USW00013970","30.5372","-91.1469","19.5","2021-10-15","5.37",",,W","0.00",",,W,2400","0.0",",,W",,
"USW00013970","30.5372","-91.1469","19.5","2021-10-16","9.84",",,W","0.00",",,W,2400","0.0",",,W",,
"USW00013970","30.5372","-91.1469","19.5","2021-10-17","4.47",",,W","0.00",",,W,2400","0.0",",,W",,
"USW00013970","30.5372","-91.1469","19.5","2021-10-18","4.47",",,W","0.00",",,W,2400","0.0",",,W",,
"USW00013970","30.5372","-91.1469","19.5","2021-10-19","5.82",",,W","0.00",",,W,2400","0.0",",,W",,
"USW00013970","30.5372","-91.1469","19.5","2021-10-20","5.14",",,W","0.00","T,,W,2400","0.0",",,W",,
"USW00013970","30.5372","-91.1469","19.5","2021-10-21","2.01",",,W","0.00",",,W,2400","0.0",",,W",,
"USW00013970","30.5372","-91.1469","19.5","2021-10-22","3.80",",,W","0.00",",,W,2400","0.0",",,W",,
"USW00013970","30.5372","-91.1469","19.5","2021-10-23","6.71",",,W","0.00",",,W,2400","0.0",",,W",,
"USW00013970","30.5372","-91.1469","19.5","2021-10-24","6.04",",,W","0.14",",,W,2400","0.0",",,W",,
"USW00013970","30.5372","-91.1469","19.5","2021-10-25","2.91",",,W","0.00",",,W,2400","0.0",",,W",,
"USW00013970","30.5372","-91.1469","19.5","2021-10-26","4.70",",,W","0.00",",,W,2400","0.0",",,W",,
"USW00013970","30.5372","-91.1469","19.5","2021-10-27","8.50",",,W","1.32",",,W,2400","0.0",",,W",,
"USW00013970","30.5372","-91.1469","19.5","2021-10-28","10.96",",,W","0.00","T,,W,2400","0.0",",,W",,
"USW00013970","30.5372","-91.1469","19.5","2021-10-29","10.51",",,W","0.00",",,W,2400","0.0",",,W",,
"USW00013970","30.5372","-91.1469","19.5","2021-10-30","4.92",",,W","0.00",",,W,2400","0.0",",,W",,
"USW00013970","30.5372","-91.1469","19.5","2021-10-31","1.34",",,W","0.00",",,W,2400","0.0",",,W",,
"USW00013970","30.5372","-91.1469","19.5","2021-11-01","2.68",",,W","0.00",",,W,2400","0.0",",,W",,
"USW00013970","30.5372","-91.1469","19.5","2021-11-02","5.59",",,W","0.00",",,W,2400","0.0",",,W",,
"USW00013970","30.5372","-91.1469","19.5","2021-11-03","6.26",",,W","0.00",",,W,2400","0.0",",,W",,
"USW00013970","30.5372","-91.1469","19.5","2021-11-04","6.93",",,W","0.00",",,W,2400","0.0",",,W",,
"USW00013970","30.5372","-91.1469","19.5","2021-11-05","5.59",",,W","0.00",",,W,2400","0.0",",,W",,
"USW00013970","30.5372","-91.1469","19.5","2021-11-06","4.47",",,W","0.00",",,W,2400","0.0",",,W",,
"USW00013970","30.5372","-91.1469","19.5","2021-11-07","2.46",",,W","0.00",",,W,2400","0.0",",,W",,
"USW00013970","30.5372","-91.1469","19.5","2021-11-08","1.12",",,W","0.00",",,W,2400","0.0",",,W",,
"USW00013970","30.5372","-91.1469","19.5","2021-11-09","1.79",",,W","0.00",",,W,2400","0.0",",,W",,
"USW00013970","30.5372","-91.1469","19.5","2021-11-10","6.26",",,W","0.00",",,W,2400","0.0",",,W",,
"USW00013970","30.5372","-91.1469","19.5","2021-11-11","4.70",",,W","0.21",",,W,2400","0.0",",,W",,
"USW00013970","30.5372","-91.1469","19.5","2021-11-12","4.92",",,W","0.00",",,W,2400","0.0",",,W",,
"USW00013970","30.5372","-91.1469","19.5","2021-11-13","5.59",",,W","0.00",",,W,2400","0.0",",,W",,
"USW00013970","30.5372","-91.1469","19.5","2021-11-14","2.91",",,W","0.00",",,W,2400","0.0",",,W",,
"USW00013970","30.5372","-91.1469","19.5","2021-11-15","3.13",",,W","0.00",",,W,2400","0.0",",,W",,
"USW00013970","30.5372","-91.1469","19.5","2021-11-16","5.59",",,W","0.00",",,W,2400","0.0",",,W",,
"USW00013970","30.5372","-91.1469","19.5","2021-11-17","6.93",",,W","0.00","T,,W,2400","0.0",",,W",,
"USW00013970","30.5372","-91.1469","19.5","2021-11-18","6.93",",,W","0.02",",,W,2400","0.0",",,W",,
"USW00013970","30.5372","-91.1469","19.5","2021-11-19","7.83",",,W","0.00",",,W,2400","0.0",",,W",,
"USW00013970","30.5372","-91.1469","19.5","2021-11-20","4.92",",,W","0.00",",,W,2400","0.0",",,W",,
"USW00013970","30.5372","-91.1469","19.5","2021-11-21","4.70",",,W","0.00",",,W,2400","0.0",",,W",,
"USW00013970","30.5372","-91.1469","19.5","2021-11-22","6.71",",,W","0.40",",,W,2400",,,,
"USW00013970","30.5372","-91.1469","19.5","2021-11-23","3.58",",,W","0.00",",,W,2400","0.0",",,W",,
"USW00013970","30.5372","-91.1469","19.5","2021-11-24","7.38",",,W","0.00",",,W,2400","0.0",",,W",,
"USW00013970","30.5372","-91.1469","19.5","2021-11-25","5.82",",,W","0.00","T,,D,2400","0.0",",,D",,
"USW00013970","30.5372","-91.1469","19.5","2021-11-26","6.49",",,W","0.00",",,D,2400","0.0",",,D",,
"USW00013970","30.5372","-91.1469","19.5","2021-11-27","2.68",",,W","0.01",",,D,2400",,,,
"USW00013970","30.5372","-91.1469","19.5","2021-11-28","2.91",",,W","0.04",",,D,2400",,,,
"USC00178965","47.1664","-67.9396","139.0","2021-08-02",,,"0.43",",,7,0700",,,,
"USC00178965","47.1664","-67.9396","139.0","2021-08-03",,,"0.47",",,7,0700",,,,
"USC00178965","47.1664","-67.9396","139.0","2021-08-04",,,"0.00",",,7,0700",,,,
"USC00178965","47.1664","-67.9396","139.0","2021-08-05",,,"0.00",",,7,0700",,,,
"USC00178965","47.1664","-67.9396","139.0","2021-08-06",,,"0.11",",,7,0700",,,,
"USC00178965","47.1664","-67.9396","139.0","2021-08-07",,,"0.00",",,7,0700",,,,
"USC00178965","47.1664","-67.9396","139.0","2021-08-08",,,"0.05",",,7,0700",,,,
"USC00178965","47.1664","-67.9396","139.0","2021-08-09",,,"0.00",",,7,0700",,,,
"USC00178965","47.1664","-67.9396","139.0","2021-08-10",,,"0.00",",,7,0700",,,,
"USC00178965","47.1664","-67.9396","139.0","2021-08-11",,,"0.00",",,7,0700",,,,
"USC00178965","47.1664","-67.9396","139.0","2021-08-12",,,"0.00",",,7,0700",,,,
"USC00178965","47.1664","-67.9396","139.0","2021-08-13",,,"0.15",",,7,0700",,,,
"USC00178965","47.1664","-67.9396","139.0","2021-08-14",,,"0.00",",,7,0700",,,,
"USC00178965","47.1664","-67.9396","139.0","2021-08-15",,,"0.65",",,7,0700",,,,
"USC00178965","47.1664","-67.9396","139.0","2021-08-16",,,"0.00",",,7,0700",,,,
"USC00178965","47.1664","-67.9396","139.0","2021-08-17",,,"0.00",",,7,0700",,,,
"USC00178965","47.1664","-67.9396","139.0","2021-08-18",,,"0.00",",,7,0700",,,,
"USC00178965","47.1664","-67.9396","139.0","2021-08-19",,,"0.00",",,7,0700",,,,
"USC00178965","47.1664","-67.9396","139.0","2021-08-20",,,"0.00",",,7,0700",,,,
"USC00178965","47.1664","-67.9396","139.0","2021-08-21",,,"0.00",",,7,0700",,,,
"USC00178965","47.1664","-67.9396","139.0","2021-08-22",,,"0.00",",,7,0700",,,,
"USC00178965","47.1664","-67.9396","139.0","2021-08-23",,,"0.00",",,7,0700",,,,
"USC00178965","47.1664","-67.9396","139.0","2021-08-24",,,"0.58",",,7,0700",,,,
"USC00178965","47.1664","-67.9396","139.0","2021-08-25",,,"0.00",",,7,0700",,,,
"USC00178965","47.1664","-67.9396","139.0","2021-08-26",,,"0.12",",,7,0700",,,,
"USC00178965","47.1664","-67.9396","139.0","2021-08-27",,,"0.00",",,7,0700",,,,
"USC00178965","47.1664","-67.9396","139.0","2021-08-28",,,"0.00",",,7,0700",,,,
"USC00178965","47.1664","-67.9396","139.0","2021-08-29",,,"0.00",",,7,0700",,,,
"USC00178965","47.1664","-67.9396","139.0","2021-08-30",,,"0.07",",,7,0700",,,,
"USC00178965","47.1664","-67.9396","139.0","2021-08-31",,,"0.32",",,7,0700",,,,
"USC00178965","47.1664","-67.9396","139.0","2021-09-01",,,"0.00",",,7,0700",,,,
"USC00178965","47.1664","-67.9396","139.0","2021-09-02",,,"0.00",",,7,0700",,,,
"USC00178965","47.1664","-67.9396","139.0","2021-09-03",,,"0.20",",,7,0700",,,,
"USC00178965","47.1664","-67.9396","139.0","2021-09-04",,,"0.12",",,7,0700",,,,
"USC00178965","47.1664","-67.9396","139.0","2021-09-05",,,"0.00",",,7,0700",,,,
"USC00178965","47.1664","-67.9396","139.0","2021-09-06",,,"0.43",",,7,0700",,,,
"USC00178965","47.1664","-67.9396","139.0","2021-09-07",,,"1.00",",,7,0700",,,,
"USC00178965","47.1664","-67.9396","139.0","2021-09-08",,,"0.04",",,7,0700",,,,
"USC00178965","47.1664","-67.9396","139.0","2021-09-09",,,"0.06",",,7,0700",,,,
"USC00178965","47.1664","-67.9396","139.0","2021-09-10",,,"1.16",",,7,0700",,,,
"USC00178965","47.1664","-67.9396","139.0","2021-09-11",,,"0.06",",,7,0700",,,,
"USC00178965","47.1664","-67.9396","139.0","2021-09-12",,,"0.00","T,,7,0700",,,,
"USC00178965","47.1664","-67.9396","139.0","2021-09-13",,,"0.22",",,7,0700",,,,
"USC00178965","47.1664","-67.9396","139.0","2021-09-14",,,"0.02",",,7,0700",,,,
"USC00178965","47.1664","-67.9396","139.0","2021-09-15",,,"0.75",",,7,0700",,,,
"USC00178965","47.1664","-67.9396","139.0","2021-09-16",,,"0.41",",,7,0700",,,,
"USC00178965","47.1664","-67.9396","139.0","2021-09-17",,,"0.03",",,7,0700",,,,
"USC00178965","47.1664","-67.9396","139.0","2021-09-18",,,"0.00",",,7,0700",,,,
"USC00178965","47.1664","-67.9396","139.0","2021-09-19",,,"0.49",",,7,0700",,,,
"USC00178965","47.1664","-67.9396","139.0","2021-09-20",,,"0.00",",,7,0700",,,,
"USC00178965","47.1664","-67.9396","139.0","2021-09-21",,,"0.00",",,7,0700",,,,
"USC00178965","47.1664","-67.9396","139.0","2021-09-22",,,"0.00",",,7,0700",,,,
"USC00178965","47.1664","-67.9396","139.0","2021-09-23",,,"0.00",",,7,0700",,,,
"USC00178965","47.1664","-67.9396","139.0","2021-09-24",,,"0.00",",,7,0700",,,,
"USC00178965","47.1664","-67.9396","139.0","2021-09-25",,,"1.10",",,7,0700",,,,
"USC00178965","47.1664","-67.9396","139.0","2021-09-26",,,"0.60",",,7,0700",,,,
"USC00178965","47.1664","-67.9396","139.0","2021-09-27",,,"2.32",",,7,0700",,,,
"USC00178965","47.1664","-67.9396","139.0","2021-09-28",,,"0.22",",,7,0700",,,,
"USC00178965","47.1664","-67.9396","139.0","2021-09-29",,,"0.03",",,7,0700",,,,
"USC00178965","47.1664","-67.9396","139.0","2021-09-30",,,"0.00",",,7,0700",,,,
"USC00178965","47.1664","-67.9396","139.0","2021-10-01",,,"0.04",",,7,0700",,,,
"USC00178965","47.1664","-67.9396","139.0","2021-10-02",,,"0.06",",,7,0700",,,,
"USC00178965","47.1664","-67.9396","139.0","2021-10-03",,,"0.00",",,7,0700",,,,
"USC00178965","47.1664","-67.9396","139.0","2021-10-04",,,"0.00",",,7,0700",,,,
"USC00178965","47.1664","-67.9396","139.0","2021-10-05",,,"0.00",",,7,0700",,,,
"USC00178965","47.1664","-67.9396","139.0","2021-10-06",,,"0.00",",,7,0700",,,,
"USC00178965","47.1664","-67.9396","139.0","2021-10-07",,,"0.00",",,7,0700",,,,
"USC00178965","47.1664","-67.9396","139.0","2021-10-08",,,"0.00",",,7,0700",,,,
"USC00178965","47.1664","-67.9396","139.0","2021-10-09",,,"0.00",",,7,0700",,,,
"USC00178965","47.1664","-67.9396","139.0","2021-10-10",,,"0.00",",,7,0700",,,,
"USC00178965","47.1664","-67.9396","139.0","2021-10-11",,,"0.00",",,7,0700",,,,
"USC00178965","47.1664","-67.9396","139.0","2021-10-12",,,"0.00",",,7,0700",,,,
"USC00178965","47.1664","-67.9396","139.0","2021-10-13",,,"0.03",",,7,0700",,,,
"USC00178965","47.1664","-67.9396","139.0","2021-10-14",,,"0.07",",,7,0700",,,,
"USC00178965","47.1664","-67.9396","139.0","2021-10-15",,,"0.00",",,7,0700",,,,
"USC00178965","47.1664","-67.9396","139.0","2021-10-16",,,"0.13",",,7,0700",,,,
"USC00178965","47.1664","-67.9396","139.0","2021-10-17",,,"1.22",",,7,0700",,,,
"USC00178965","47.1664","-67.9396","139.0","2021-10-18",,,"0.25",",,7,0700",,,,
"USC00178965","47.1664","-67.9396","139.0","2021-10-19",,,"0.04",",,7,0700",,,,
"USC00178965","47.1664","-67.9396","139.0","2021-10-20",,,"0.02",",,7,0700",,,,
"USC00178965","47.1664","-67.9396","139.0","2021-10-21",,,"0.00",",,7,0700",,,,
"USC00178965","47.1664","-67.9396","139.0","2021-10-22",,,"0.08",",,7,0700",,,,
"USC00178965","47.1664","-67.9396","139.0","2021-10-23",,,"0.00","T,,7,0700",,,,
"USC00178965","47.1664","-67.9396","139.0","2021-10-24",,,"0.00",",,7,0700",,,,
"USC00178965","47.1664","-67.9396","139.0","2021-10-25",,,"0.06",",,7,0700",,,,
"USC00178965","47.1664","-67.9396","139.0","2021-10-26",,,"0.00",",,7,0700",,,,
"USC00178965","47.1664","-67.9396","139.0","2021-10-27",,,"0.00",",,7,0700",,,,
"USC00178965","47.1664","-67.9396","139.0","2021-10-28",,,"0.00",",,7,0700",,,,
"USC00178965","47.1664","-67.9396","139.0","2021-10-29",,,"0.00",",,7,0700",,,,
"USC00178965","47.1664","-67.9396","139.0","2021-10-30",,,"0.00",",,7,0700",,,,
"USC00178965","47.1664","-67.9396","139.0","2021-10-31",,,"0.11",",,7,0700",,,,
"USC00178965","47.1664","-67.9396","139.0","2021-11-01",,,"0.52",",,H,0700",,,,
"USC00178965","47.1664","-67.9396","139.0","2021-11-02",,,"0.02",",,H,0700",,,,
"USC00178965","47.1664","-67.9396","139.0","2021-11-03",,,"0.00",",,H,0700",,,,
"USC00178965","47.1664","-67.9396","139.0","2021-11-04",,,"0.00",",,H,0700",,,,
"USC00178965","47.1664","-67.9396","139.0","2021-11-05",,,"0.00",",,H,0700",,,,
"USC00178965","47.1664","-67.9396","139.0","2021-11-06",,,"0.00",",,H,0700",,,,
"USC00178965","47.1664","-67.9396","139.0","2021-11-07",,,"0.00",",,H,0700",,,,
"USC00178965","47.1664","-67.9396","139.0","2021-11-08",,,"0.00",",,H,0700",,,,
"USC00178965","47.1664","-67.9396","139.0","2021-11-09",,,"0.00",",,H,0700",,,,
"USC00178965","47.1664","-67.9396","139.0","2021-11-10",,,"0.00",",,H,0700",,,,
"USC00178965","47.1664","-67.9396","139.0","2021-11-11",,,"0.00",",,H,0700",,,,
"USC00178965","47.1664","-67.9396","139.0","2021-11-12",,,"0.00",",,H,0700",,,,
"USC00178965","47.1664","-67.9396","139.0","2021-11-13",,,"0.51",",,H,0700",,,,
"USC00178965","47.1664","-67.9396","139.0","2021-11-14",,,"0.22",",,H,0700",,,,
"USC00178965","47.1664","-67.9396","139.0","2021-11-15",,,"0.04",",,H,0700",,,,
"USC00178965","47.1664","-67.9396","139.0","2021-11-16",,,"0.19",",,H,0700",,,,
"USC00178965","47.1664","-67.9396","139.0","2021-11-17",,,"0.06",",,H,0700",,,,
"USC00178965","47.1664","-67.9396","139.0","2021-11-18",,,"0.06",",,H,0700",,,,
"USC00178965","47.1664","-67.9396","139.0","2021-11-19",,,"0.46",",,H,0700",,,,
"USC00178965","47.1664","-67.9396","139.0","2021-11-20",,,"0.03",",,H,0700","0.0",",,H,0700",,
"USC00178965","47.1664","-67.9396","139.0","2021-11-21",,,"0.00",",,H,0700","0.0",",,H,0700",,
"USC00178965","47.1664","-67.9396","139.0","2021-11-22",,,"0.09",",,H,0700",,,,
"USC00178965","47.1664","-67.9396","139.0","2021-11-23",,,"0.62",",,H,0700",,,,
"USC00178965","47.1664","-67.9396","139.0","2021-11-24",,,"0.00",",,H,0700",,,,
"USC00178965","47.1664","-67.9396","139.0","2021-11-25",,,"0.00",",,H,0700",,,,
"USC00178965","47.1664","-67.9396","139.0","2021-11-26",,,"0.00",",,H,0700",,,,
"USC00178965","47.1664","-67.9396","139.0","2021-11-27",,,"3.00",",,H,0700","6.0",",,H,0700",,
"USC00178965","47.1664","-67.9396","139.0","2021-11-28",,,"0.03",",,H,0700","0.0",",,H,0700",,
"US1LAOC0023","32.5447006225586","-91.9981994628906","25.0","2021-08-01",,,"0.00",",,N","0.0",",,N",,
"US1LAOC0023","32.5447006225586","-91.9981994628906","25.0","2021-08-02",,,"1.66",",,N",,,,
"US1LAOC0023","32.5447006225586","-91.9981994628906","25.0","2021-08-03",,,"0.38",",,N",,,,
"US1LAOC0023","32.5447006225586","-91.9981994628906","25.0","2021-08-04",,,"0.11",",,N",,,,
"US1LAOC0023","32.5447006225586","-91.9981994628906","25.0","2021-08-05",,,"0.00",",,N","0.0",",,N",,
"US1LAOC0023","32.5447006225586","-91.9981994628906","25.0","2021-08-06",,,"0.00",",,N","0.0",",,N",,
"US1LAOC0023","32.5447006225586","-91.9981994628906","25.0","2021-08-07",,,"0.00",",,N","0.0",",,N",,
"US1LAOC0023","32.5447006225586","-91.9981994628906","25.0","2021-08-08",,,"0.00",",,N","0.0",",,N",,
"US1LAOC0023","32.5447006225586","-91.9981994628906","25.0","2021-08-09",,,"0.00",",,N","0.0",",,N",,
"US1LAOC0023","32.5447006225586","-91.9981994628906","25.0","2021-08-10",,,"0.00",",,N","0.0",",,N",,
"US1LAOC0023","32.5447006225586","-91.9981994628906","25.0","2021-08-11",,,"0.00",",,N","0.0",",,N",,
"US1LAOC0023","32.5447006225586","-91.9981994628906","25.0","2021-08-12",,,"0.00",",,N","0.0",",,N",,
"US1LAOC0023","32.5447006225586","-91.9981994628906","25.0","2021-08-13",,,"0.00",",,N","0.0",",,N",,
"US1LAOC0023","32.5447006225586","-91.9981994628906","25.0","2021-08-14",,,"0.00",",,N","0.0",",,N",,
"US1LAOC0023","32.5447006225586","-91.9981994628906","25.0","2021-08-15",,,"3.25",",,N",,,,
"US1LAOC0023","32.5447006225586","-91.9981994628906","25.0","2021-08-16",,,"0.02",",,N",,,,
"US1LAOC0023","32.5447006225586","-91.9981994628906","25.0","2021-08-17",,,"0.04",",,N",,,,
"US1LAOC0023","32.5447006225586","-91.9981994628906","25.0","2021-08-18",,,"0.22",",,N",,,,
"US1LAOC0023","32.5447006225586","-91.9981994628906","25.0","2021-08-19",,,"1.80",",,N",,,,
"US1LAOC0023","32.5447006225586","-91.9981994628906","25.0","2021-08-20",,,"1.67",",,N",,,,
"US1LAOC0023","32.5447006225586","-91.9981994628906","25.0","2021-08-21",,,"0.01",",,N",,,,
"US1LAOC0023","32.5447006225586","-91.9981994628906","25.0","2021-08-22",,,"0.00",",,N","0.0",",,N",,
"US1LAOC0023","32.5447006225586","-91.9981994628906","25.0","2021-08-23",,,"0.03",",,N",,,,
"US1LAOC0023","32.5447006225586","-91.9981994628906","25.0","2021-08-24",,,"0.00",",,N","0.0",",,N",,
"US1LAOC0023","32.5447006225586","-91.9981994628906","25.0","2021-08-25",,,"0.00",",,N","0.0",",,N",,
"US1LAOC0023","32.5447006225586","-91.9981994628906","25.0","2021-08-26",,,"0.00",",,N","0.0",",,N",,
"US1LAOC0023","32.5447006225586","-91.9981994628906","25.0","2021-08-27",,,"0.01",",,N",,,,
"US1LAOC0023","32.5447006225586","-91.9981994628906","25.0","2021-08-28",,,"0.00",",,N","0.0",",,N",,
"US1LAOC0023","32.5447006225586","-91.9981994628906","25.0","2021-08-29",,,"0.06",",,N",,,,
"US1LAOC0023","32.5447006225586","-91.9981994628906","25.0","2021-08-30",,,"0.19",",,N",,,,
"US1LAOC0023","32.5447006225586","-91.9981994628906","25.0","2021-08-31",,,"0.43",",,N",,,,
"US1LAOC0023","32.5447006225586","-91.9981994628906","25.0","2021-09-01",,,"0.00",",,N","0.0",",,N",,
"US1LAOC0023","32.5447006225586","-91.9981994628906","25.0","2021-09-02",,,"0.00","T,,N",,,,
"US1LAOC0023","32.5447006225586","-91.9981994628906","25.0","2021-09-03",,,"0.00",",,N","0.0",",,N",,
"US1LAOC0023","32.5447006225586","-91.9981994628906","25.0","2021-09-04",,,"0.00",",,N","0.0",",,N",,
"US1LAOC0023","32.5447006225586","-91.9981994628906","25.0","2021-09-05",,,"0.00",",,N","0.0",",,N",,
"US1LAOC0023","32.5447006225586","-91.9981994628906","25.0","2021-09-06",,,"0.24",",,N",,,,
"US1LAOC0023","32.5447006225586","-91.9981994628906","25.0","2021-09-07",,,"0.00",",,N","0.0",",,N",,
"US1LAOC0023","32.5447006225586","-91.9981994628906","25.0","2021-09-08",,,"0.00",",,N","0.0",",,N",,
"US1LAOC0023","32.5447006225586","-91.9981994628906","25.0","2021-09-09",,,"0.00",",,N","0.0",",,N",,
"US1LAOC0023","32.5447006225586","-91.9981994628906","25.0","2021-09-10",,,"0.00",",,N","0.0",",,N",,
"US1LAOC0023","32.5447006225586","-91.9981994628906","25.0","2021-09-11",,,"0.00",",,N","0.0",",,N",,
"US1LAOC0023","32.5447006225586","-91.9981994628906","25.0","2021-09-12",,,"0.00",",,N","0.0",",,N",,
"US1LAOC0023","32.5447006225586","-91.9981994628906","25.0","2021-09-13",,,"0.00",",,N","0.0",",,N",,
"US1LAOC0023","32.5447006225586","-91.9981994628906","25.0","2021-09-14",,,"0.00",",,N","0.0",",,N",,
"US1LAOC0023","32.5447006225586","-91.9981994628906","25.0","2021-09-15",,,"0.15",",,N",,,,
"US1LAOC0023","32.5447006225586","-91.9981994628906","25.0","2021-09-16",,,"0.00","T,,N",,,,
"US1LAOC0023","32.5447006225586","-91.9981994628906","25.0","2021-09-17",,,"0.00",",,N","0.0",",,N",,
"US1LAOC0023","32.5447006225586","-91.9981994628906","25.0","2021-09-18",,,"1.00",",,N",,,,
"US1LAOC0023","32.5447006225586","-91.9981994628906","25.0","2021-09-19",,,"0.00",",,N","0.0",",,N",,
"US1LAOC0023","32.5447006225586","-91.9981994628906","25.0","2021-09-20",,,"0.13",",,N",,,,
"US1LAOC0023","32.5447006225586","-91.9981994628906","25.0","2021-09-21",,,"0.00",",,N","0.0",",,N",,
"US1LAOC0023","32.5447006225586","-91.9981994628906","25.0","2021-09-22",,,"0.07",",,N",,,,
"US1LAOC0023","32.5447006225586","-91.9981994628906","25.0","2021-09-23",,,"0.00",",,N","0.0",",,N",,
"US1LAOC0023","32.5447006225586","-91.9981994628906","25.0","2021-09-24",,,"0.00",",,N","0.0",",,N",,
"US1LAOC0023","32.5447006225586","-91.9981994628906","25.0","2021-09-25",,,"0.00",",,N","0.0",",,N",,
"US1LAOC0023","32.5447006225586","-91.9981994628906","25.0","2021-09-26",,,"0.00",",,N","0.0",",,N",,
"US1LAOC0023","32.5447006225586","-91.9981994628906","25.0","2021-09-27",,,"0.00",",,N","0.0",",,N",,
"US1LAOC0023","32.5447006225586","-91.9981994628906","25.0","2021-09-28",,,"0.00",",,N","0.0",",,N",,
"US1LAOC0023","32.5447006225586","-91.9981994628906","25.0","2021-09-29",,,"0.01",",,N",,,,
"US1LAOC0023","32.5447006225586","-91.9981994628906","25.0","2021-09-30",,,"0.22",",,N",,,,
"US1LAOC0023","32.5447006225586","-91.9981994628906","25.0","2021-10-01",,,"0.03",",,N",,,,
"US1LAOC0023","32.5447006225586","-91.9981994628906","25.0","2021-10-02",,,"0.25",",,N",,,,
"US1LAOC0023","32.5447006225586","-91.9981994628906","25.0","2021-10-03",,,"1.25",",,N",,,,
"US1LAOC0023","32.5447006225586","-91.9981994628906","25.0","2021-10-04",,,"0.01",",,N",,,,
"US1LAOC0023","32.5447006225586","-91.9981994628906","25.0","2021-10-05",,,"0.00",",,N","0.0",",,N",,
"US1LAOC0023","32.5447006225586","-91.9981994628906","25.0","2021-10-06",,,"0.00",",,N","0.0",",,N",,
"US1LAOC0023","32.5447006225586","-91.9981994628906","25.0","2021-10-07",,,"0.00",",,N","0.0",",,N",,
"US1LAOC0023","32.5447006225586","-91.9981994628906","25.0","2021-10-08",,,"0.00",",,N","0.0",",,N",,
"US1LAOC0023","32.5447006225586","-91.9981994628906","25.0","2021-10-09",,,"0.00",",,N","0.0",",,N",,
"US1LAOC0023","32.5447006225586","-91.9981994628906","25.0","2021-10-10",,,"0.00",",,N","0.0",",,N",,
"US1LAOC0023","32.5447006225586","-91.9981994628906","25.0","2021-10-11",,,"0.00",",,N","0.0",",,N",,
"US1LAOC0023","32.5447006225586","-91.9981994628906","25.0","2021-10-12",,,"0.00",",,N","0.0",",,N",,
"US1LAOC0023","32.5447006225586","-91.9981994628906","25.0","2021-10-13",,,"0.00",",,N","0.0",",,N",,
"US1LAOC0023","32.5447006225586","-91.9981994628906","25.0","2021-10-14",,,"0.00",",,N","0.0",",,N",,
"US1LAOC0023","32.5447006225586","-91.9981994628906","25.0","2021-10-15",,,"0.00",",,N","0.0",",,N",,
"US1LAOC0023","32.5447006225586","-91.9981994628906","25.0","2021-10-16",,,"0.03",",,N",,,,
"US1LAOC0023","32.5447006225586","-91.9981994628906","25.0","2021-10-17",,,"0.00",",,N","0.0",",,N",,
"US1LAOC0023","32.5447006225586","-91.9981994628906","25.0","2021-10-18",,,"0.00",",,N","0.0",",,N",,
"US1LAOC0023","32.5447006225586","-91.9981994628906","25.0","2021-10-19",,,"0.00",",,N","0.0",",,N",,
"US1LAOC0023","32.5447006225586","-91.9981994628906","25.0","2021-10-20",,,"0.00",",,N","0.0",",,N",,
"US1LAOC0023","32.5447006225586","-91.9981994628906","25.0","2021-10-21",,,"0.00",",,N","0.0",",,N",,
"US1LAOC0023","32.5447006225586","-91.9981994628906","25.0","2021-10-22",,,"0.00",",,N","0.0",",,N",,
"US1LAOC0023","32.5447006225586","-91.9981994628906","25.0","2021-10-23",,,"0.00",",,N","0.0",",,N",,
"US1LAOC0023","32.5447006225586","-91.9981994628906","25.0","2021-10-24",,,"0.00",",,N","0.0",",,N",,
"US1LAOC0023","32.5447006225586","-91.9981994628906","25.0","2021-10-25",,,"0.00",",,N","0.0",",,N",,
"US1LAOC0023","32.5447006225586","-91.9981994628906","25.0","2021-10-26",,,"0.00",",,N","0.0",",,N",,
"US1LAOC0023","32.5447006225586","-91.9981994628906","25.0","2021-10-27",,,"0.00",",,N","0.0",",,N",,
"US1LAOC0023","32.5447006225586","-91.9981994628906","25.0","2021-10-28",,,"1.13",",,N",,,,
"US1LAOC0023","32.5447006225586","-91.9981994628906","25.0","2021-10-29",,,"0.04",",,N",,,,
"US1LAOC0023","32.5447006225586","-91.9981994628906","25.0","2021-10-30",,,"0.00","T,,N",,,,
"US1LAOC0023","32.5447006225586","-91.9981994628906","25.0","2021-10-31",,,"0.00",",,N","0.0",",,N",,
"US1LAOC0023","32.5447006225586","-91.9981994628906","25.0","2021-11-01",,,"0.00",",,N","0.0",",,N",,
"US1LAOC0023","32.5447006225586","-91.9981994628906","25.0","2021-11-02",,,"0.00",",,N","0.0",",,N",,
"US1LAOC0023","32.5447006225586","-91.9981994628906","25.0","2021-11-03",,,"0.00",",,N","0.0",",,N",,
"US1LAOC0023","32.5447006225586","-91.9981994628906","25.0","2021-11-04",,,"0.28",",,N",,,,
"US1LAOC0023","32.5447006225586","-91.9981994628906","25.0","2021-11-05",,,"0.00",",,N","0.0",",,N",,
"US1LAOC0023","32.5447006225586","-91.9981994628906","25.0","2021-11-06",,,"0.00",",,N","0.0",",,N",,
"US1LAOC0023","32.5447006225586","-91.9981994628906","25.0","2021-11-07",,,"0.00",",,N","0.0",",,N",,
"US1LAOC0023","32.5447006225586","-91.9981994628906","25.0","2021-11-08",,,"0.00",",,N","0.0",",,N",,
"US1LAOC0023","32.5447006225586","-91.9981994628906","25.0","2021-11-09",,,"0.00",",,N","0.0",",,N",,
"US1LAOC0023","32.5447006225586","-91.9981994628906","25.0","2021-11-10",,,"0.00",",,N","0.0",",,N",,
"US1LAOC0023","32.5447006225586","-91.9981994628906","25.0","2021-11-11",,,"0.32",",,N",,,,
"US1LAOC0023","32.5447006225586","-91.9981994628906","25.0","2021-11-12",,,"0.00",",,N","0.0",",,N",,
"US1LAOC0023","32.5447006225586","-91.9981994628906","25.0","2021-11-13",,,"0.00",",,N","0.0",",,N",,
"US1LAOC0023","32.5447006225586","-91.9981994628906","25.0","2021-11-14",,,"0.00",",,N","0.0",",,N",,
"US1LAOC0023","32.5447006225586","-91.9981994628906","25.0","2021-11-15",,,"0.00",",,N","0.0",",,N",,
"US1LAOC0023","32.5447006225586","-91.9981994628906","25.0","2021-11-16",,,"0.00",",,N","0.0",",,N",,
"US1LAOC0023","32.5447006225586","-91.9981994628906","25.0","2021-11-17",,,"0.00",",,N","0.0",",,N",,
"US1LAOC0023","32.5447006225586","-91.9981994628906","25.0","2021-11-18",,,"0.09",",,N",,,,
"US1LAOC0023","32.5447006225586","-91.9981994628906","25.0","2021-11-19",,,"0.14",",,N","0.0",",,N",,
"US1LAOC0023","32.5447006225586","-91.9981994628906","25.0","2021-11-20",,,"0.00",",,N","0.0",",,N",,
"US1LAOC0023","32.5447006225586","-91.9981994628906","25.0","2021-11-21",,,"0.00",",,N","0.0",",,N",,
"US1LAOC0023","32.5447006225586","-91.9981994628906","25.0","2021-11-22",,,"0.48",",,N",,,,
"US1LAOC0023","32.5447006225586","-91.9981994628906","25.0","2021-11-23",,,"0.00",",,N","0.0",",,N",,
"US1LAOC0023","32.5447006225586","-91.9981994628906","25.0","2021-11-24",,,"0.00",",,N","0.0",",,N",,
"US1LAOC0023","32.5447006225586","-91.9981994628906","25.0","2021-11-25",,,"0.05",",,N",,,,
"US1LAOC0023","32.5447006225586","-91.9981994628906","25.0","2021-11-26",,,"0.18",",,N",,,,
"US1LAOC0023","32.5447006225586","-91.9981994628906","25.0","2021-11-27",,,"0.12",",,N","0.0",",,N",,
"US1LAOC0023","32.5447006225586","-91.9981994628906","25.0","2021-11-28",,,"0.02",",,N",,,,
"US1LALN0008","32.557378","-92.551703","80.5","2021-08-01",,,"0.06",",,N",,,,
"US1LALN0008","32.557378","-92.551703","80.5","2021-08-02",,,"2.92",",,N",,,,
"US1LALN0008","32.557378","-92.551703","80.5","2021-08-06",,,"0.00",",L,N","0.0",",,N",,
"US1LALN0008","32.557378","-92.551703","80.5","2021-08-07",,,"0.00",",,N","0.0",",,N",,
"US1LALN0008","32.557378","-92.551703","80.5","2021-08-08",,,"0.00",",,N","0.0",",,N",,
"US1LALN0008","32.557378","-92.551703","80.5","2021-08-09",,,"0.00",",,N","0.0",",,N",,
"US1LALN0008","32.557378","-92.551703","80.5","2021-08-10",,,"0.00",",,N","0.0",",,N",,
"US1LALN0008","32.557378","-92.551703","80.5","2021-08-11",,,"0.00",",,N","0.0",",,N",,
"US1LALN0008","32.557378","-92.551703","80.5","2021-08-12",,,"0.00",",,N","0.0",",,N",,
"US1LALN0008","32.557378","-92.551703","80.5","2021-08-13",,,"0.00",",,N","0.0",",,N",,
"US1LALN0008","32.557378","-92.551703","80.5","2021-08-14",,,"0.00",",,N","0.0",",,N",,
"US1LALN0008","32.557378","-92.551703","80.5","2021-08-15",,,"0.75",",,N",,,,
"US1LALN0008","32.557378","-92.551703","80.5","2021-08-16",,,"0.01",",,N",,,,
"US1LALN0008","32.557378","-92.551703","80.5","2021-08-17",,,"0.00",",,N","0.0",",,N",,
"US1LALN0008","32.557378","-92.551703","80.5","2021-08-18",,,"0.13",",,N",,,,
"US1LALN0008","32.557378","-92.551703","80.5","2021-08-19",,,"1.11",",,N",,,,
"US1LALN0008","32.557378","-92.551703","80.5","2021-08-20",,,"1.21",",,N",,,,
"US1LALN0008","32.557378","-92.551703","80.5","2021-08-21",,,"0.11",",,N",,,,
"US1LALN0008","32.557378","-92.551703","80.5","2021-08-22",,,"0.00",",,N","0.0",",,N",,
"US1LALN0008","32.557378","-92.551703","80.5","2021-08-23",,,"0.00",",,N","0.0",",,N",,
"US1LALN0008","32.557378","-92.551703","80.5","2021-08-24",,,"0.00",",,N","0.0",",,N",,
"US1LALN0008","32.557378","-92.551703","80.5","2021-08-25",,,"0.00",",,N","0.0",",,N",,
"US1LALN0008","32.557378","-92.551703","80.5","2021-08-26",,,"0.00","T,,N",,,,
"US1LALN0008","32.557378","-92.551703","80.5","2021-08-27",,,"0.00",",,N","0.0",",,N",,
"US1LALN0008","32.557378","-92.551703","80.5","2021-08-28",,,"0.00",",,N","0.0",",,N",,
"US1LALN0008","32.557378","-92.551703","80.5","2021-08-29",,,"0.43",",,N",,,,
"US1LALN0008","32.557378","-92.551703","80.5","2021-08-30",,,"0.00","T,,N",,,,
"US1LALN0008","32.557378","-92.551703","80.5","2021-08-31",,,"0.15",",,N",,,,
"US1LALN0008","32.557378","-92.551703","80.5","2021-09-01",,,"0.00",",,N","0.0",",,N",,
"US1LALN0008","32.557378","-92.551703","80.5","2021-09-02",,,"0.00",",,N","0.0",",,N",,
"US1LALN0008","32.557378","-92.551703","80.5","2021-09-03",,,"0.00",",,N","0.0",",,N",,
"US1LALN0008","32.557378","-92.551703","80.5","2021-09-04",,,"0.00",",,N","0.0",",,N",,
"US1LALN0008","32.557378","-92.551703","80.5","2021-09-05",,,"0.24",",,N",,,,
"US1LALN0008","32.557378","-92.551703","80.5","2021-09-06",,,"0.36",",,N",,,,
"US1LALN0008","32.557378","-92.551703","80.5","2021-09-07",,,"0.00",",,N","0.0",",,N",,
"US1LALN0008","32.557378","-92.551703","80.5","2021-09-08",,,"0.00",",,N","0.0",",,N",,
"US1LALN0008","32.557378","-92.551703","80.5","2021-09-09",,,"0.00",",,N","0.0",",,N",,
"US1LALN0008","32.557378","-92.551703","80.5","2021-09-10",,,"0.00",",,N","0.0",",,N",,
"US1LALN0008","32.557378","-92.551703","80.5","2021-09-11",,,"0.00",",,N","0.0",",,N",,
"US1LALN0008","32.557378","-92.551703","80.5","2021-09-12",,,"0.00",",,N","0.0",",,N",,
"US1LALN0008","32.557378","-92.551703","80.5","2021-09-13",,,"0.00",",,N","0.0",",,N",,
"US1LALN0008","32.557378","-92.551703","80.5","2021-09-14",,,"0.00",",,N","0.0",",,N",,
"US1LALN0008","32.557378","-92.551703","80.5","2021-09-15",,,"0.06",",,N",,,,
"US1LALN0008","32.557378","-92.551703","80.5","2021-09-16",,,"0.00",",,N","0.0",",,N",,
"US1LALN0008","32.557378","-92.551703","80.5","2021-09-17",,,"0.00",",,N","0.0",",,N",,
"US1LALN0008","32.557378","-92.551703","80.5","2021-09-18",,,"1.14",",,N",,,,
"US1LALN0008","32.557378","-92.551703","80.5","2021-09-19",,,"0.06",",,N",,,,
"US1LALN0008","32.557378","-92.551703","80.5","2021-09-20",,,"0.00",",,N","0.0",",,N",,
"US1LALN0008","32.557378","-92.551703","80.5","2021-09-22",,,"0.27",",,N",,,,
"US1LALN0008","32.557378","-92.551703","80.5","2021-09-23",,,"0.00",",,N","0.0",",,N",,
"US1LALN0008","32.557378","-92.551703","80.5","2021-09-24",,,"0.00",",,N","0.0",",,N",,
"US1LALN0008","32.557378","-92.551703","80.5","2021-09-26",,,"0.00",",,N","0.0",",,N",,
"US1LALN0008","32.557378","-92.551703","80.5","2021-09-27",,,"0.00",",,N","0.0",",,N",,
"US1LALN0008","32.557378","-92.551703","80.5","2021-09-28",,,"0.00",",,N","0.0",",,N",,
"US1LALN0008","32.557378","-92.551703","80.5","2021-09-29",,,"0.05",",,N",,,,
"US1LALN0008","32.557378","-92.551703","80.5","2021-09-30",,,"0.00",",,N","0.0",",,N",,
"US1LALN0008","32.557378","-92.551703","80.5","2021-10-01",,,"0.00",",,N","0.0",",,N",,
"US1LALN0008","32.557378","-92.551703","80.5","2021-10-02",,,"1.77",",,N",,,,
"US1LALN0008","32.557378","-92.551703","80.5","2021-10-03",,,"0.91",",,N",,,,
"US1LALN0008","32.557378","-92.551703","80.5","2021-10-04",,,"0.38",",,N",,,,
"US1LALN0008","32.557378","-92.551703","80.5","2021-10-05",,,"0.00",",,N","0.0",",,N",,
"US1LALN0008","32.557378","-92.551703","80.5","2021-10-06",,,"0.18",",,N",,,,
"US1LALN0008","32.557378","-92.551703","80.5","2021-10-07",,,"0.00",",,N","0.0",",,N",,
"US1LALN0008","32.557378","-92.551703","80.5","2021-10-08",,,"0.00",",,N","0.0",",,N",,
"US1LALN0008","32.557378","-92.551703","80.5","2021-10-09",,,"0.00",",,N","0.0",",,N",,
"US1LALN0008","32.557378","-92.551703","80.5","2021-10-10",,,"0.00",",,N","0.0",",,N",,
"US1LALN0008","32.557378","-92.551703","80.5","2021-10-11",,,"0.02",",,N",,,,
"US1LALN0008","32.557378","-92.551703","80.5","2021-10-12",,,"0.00",",,N","0.0",",,N",,
"US1LALN0008","32.557378","-92.551703","80.5","2021-10-13",,,"0.00",",,N","0.0",",,N",,
"US1LALN0008","32.557378","-92.551703","80.5","2021-10-14",,,"0.00",",,N","0.0",",,N",,
"US1LALN0008","32.557378","-92.551703","80.5","2021-10-15",,,"0.00",",,N","0.0",",,N",,
"US1LALN0008","32.557378","-92.551703","80.5","2021-10-16",,,"0.18",",,N",,,,
"US1LALN0008","32.557378","-92.551703","80.5","2021-10-17",,,"0.00",",,N","0.0",",,N",,
"US1LALN0008","32.557378","-92.551703","80.5","2021-10-18",,,"0.00",",,N","0.0",",,N",,
"US1LALN0008","32.557378","-92.551703","80.5","2021-10-19",,,"0.00",",,N","0.0",",,N",,
"US1LALN0008","32.557378","-92.551703","80.5","2021-10-20",,,"0.00",",,N","0.0",",,N",,
"US1LALN0008","32.557378","-92.551703","80.5","2021-10-21",,,"0.00",",,N","0.0",",,N",,
"US1LALN0008","32.557378","-92.551703","80.5","2021-10-22",,,"0.00",",,N","0.0",",,N",,
"US1LALN0008","32.557378","-92.551703","80.5","2021-10-23",,,"0.00",",,N","0.0",",,N",,
"US1LALN0008","32.557378","-92.551703","80.5","2021-10-24",,,"0.00",",,N","0.0",",,N",,
"US1LALN0008","32.557378","-92.551703","80.5","2021-10-25",,,"0.00",",,N","0.0",",,N",,
"US1LALN0008","32.557378","-92.551703","80.5","2021-10-26",,,"0.00",",,N","0.0",",,N",,
"US1LALN0008","32.557378","-92.551703","80.5","2021-10-27",,,"0.00",",,N","0.0",",,N",,
"US1LALN0008","32.557378","-92.551703","80.5","2021-10-28",,,"0.89",",,N",,,,
"US1LALN0008","32.557378","-92.551703","80.5","2021-10-29",,,"0.00",",,N","0.0",",,N",,
"US1LALN0008","32.557378","-92.551703","80.5","2021-10-30",,,"0.00",",,N","0.0",",,N",,
"US1LALN0008","32.557378","-92.551703","80.5","2021-10-31",,,"0.00",",,N","0.0",",,N",,
"US1LALN0008","32.557378","-92.551703","80.5","2021-11-01",,,"0.00",",,N","0.0",",,N",,
"US1LALN0008","32.557378","-92.551703","80.5","2021-11-02",,,"0.00",",,N","0.0",",,N",,
"US1LALN0008","32.557378","-92.551703","80.5","2021-11-03",,,"0.03",",,N",,,,
"US1LALN0008","32.557378","-92.551703","80.5","2021-11-04",,,"0.33",",,N",,,,
"US1LALN0008","32.557378","-92.551703","80.5","2021-11-05",,,"0.00",",,N","0.0",",,N",,
"US1LALN0008","32.557378","-92.551703","80.5","2021-11-06",,,"0.00",",,N","0.0",",,N",,
"US1LALN0008","32.557378","-92.551703","80.5","2021-11-07",,,"0.00",",,N","0.0",",,N",,
"US1LALN0008","32.557378","-92.551703","80.5","2021-11-08",,,"0.00",",,N","0.0",",,N",,
"US1LALN0008","32.557378","-92.551703","80.5","2021-11-09",,,"0.00",",,N","0.0",",,N",,
"US1LALN0008","32.557378","-92.551703","80.5","2021-11-10",,,"0.00",",,N","0.0",",,N",,
"US1LALN0008","32.557378","-92.551703","80.5","2021-11-11",,,"0.38",",,N",,,,
"US1LALN0008","32.557378","-92.551703","80.5","2021-11-12",,,"0.00",",,N","0.0",",,N",,
"US1LALN0008","32.557378","-92.551703","80.5","2021-11-13",,,"0.00",",,N","0.0",",,N",,
"US1LALN0008","32.557378","-92.551703","80.5","2021-11-14",,,"0.00",",,N","0.0",",,N",,
"US1LALN0008","32.557378","-92.551703","80.5","2021-11-15",,,"0.00",",,N","0.0",",,N",,
"US1LALN0008","32.557378","-92.551703","80.5","2021-11-16",,,"0.00",",,N","0.0",",,N",,
"US1LALN0008","32.557378","-92.551703","80.5","2021-11-17",,,"0.00",",,N","0.0",",,N",,
"US1LALN0008","32.557378","-92.551703","80.5","2021-11-18",,,"0.06",",,N",,,,
"US1LALN0008","32.557378","-92.551703","80.5","2021-11-19",,,"0.00",",,N","0.0",",,N",,
"US1LALN0008","32.557378","-92.551703","80.5","2021-11-20",,,"0.00",",,N","0.0",",,N",,
"US1LALN0008","32.557378","-92.551703","80.5","2021-11-21",,,"0.00",",,N","0.0",",,N",,
"US1LALN0008","32.557378","-92.551703","80.5","2021-11-22",,,"0.05",",,N",,,,
"US1LALN0008","32.557378","-92.551703","80.5","2021-11-23",,,"0.00",",,N","0.0",",,N",,
"US1LALN0008","32.557378","-92.551703","80.5","2021-11-24",,,"0.00",",,N","0.0",",,N",,
"US1LALN0008","32.557378","-92.551703","80.5","2021-11-25",,,"0.18",",,N",,,,
"US1LALN0008","32.557378","-92.551703","80.5","2021-11-26",,,"0.21",",,N",,,,
"US1LALN0008","32.557378","-92.551703","80.5","2021-11-27",,,"0.00","T,,N","0.0",",,N",,
"US1LALN0008","32.557378","-92.551703","80.5","2021-11-28",,,"0.13",",,N",,,,
"USW00013976","30.205","-91.9875","11.6","2021-08-01","4.03",",,W","0.01",",,W,2400",,,,
"USW00013976","30.205","-91.9875","11.6","2021-08-02","3.58",",,W","0.26",",,W,2400",,,,
"USW00013976","30.205","-91.9875","11.6","2021-08-03","3.36",",,W","0.10",",,W,2400",,,,
"USW00013976","30.205","-91.9875","11.6","2021-08-04","6.71",",,W","0.00",",,W,2400",,,,
"USW00013976","30.205","-91.9875","11.6","2021-08-05","3.36",",,W","0.00",",,W,2400",,,,
"USW00013976","30.205","-91.9875","11.6","2021-08-06","1.12",",,W","0.00",",,W,2400",,,,
"USW00013976","30.205","-91.9875","11.6","2021-08-07","2.01",",,W","0.00",",,W,2400",,,,
"USW00013976","30.205","-91.9875","11.6","2021-08-08","5.14",",,W","0.00",",,W,2400",,,,
"USW00013976","30.205","-91.9875","11.6","2021-08-09","4.70",",,W","0.00",",,W,2400",,,,
"USW00013976","30.205","-91.9875","11.6","2021-08-10","2.01",",,W","0.00",",,W,2400",,,,
"USW00013976","30.205","-91.9875","11.6","2021-08-11","3.13",",,W","0.05",",,W,2400",,,,
"USW00013976","30.205","-91.9875","11.6","2021-08-12","1.57",",,W","0.00","T,,W,2400",,,,
"USW00013976","30.205","-91.9875","11.6","2021-08-13","2.46",",,W","0.00",",,W,2400",,,,
"USW00013976","30.205","-91.9875","11.6","2021-08-14","3.80",",,W","0.00",",,W,2400",,,,
"USW00013976","30.205","-91.9875","11.6","2021-08-15","3.80",",,W","0.65",",,W,2400",,,,
"USW00013976","30.205","-91.9875","11.6","2021-08-16","2.24",",,W","0.00",",,W,2400",,,,
"USW00013976","30.205","-91.9875","11.6","2021-08-17","1.79",",,W","0.01",",,W,2400",,,,
"USW00013976","30.205","-91.9875","11.6","2021-08-18","3.13",",,W","0.59",",,W,2400",,,,
"USW00013976","30.205","-91.9875","11.6","2021-08-19","3.13",",,W","0.67",",,W,2400",,,,
"USW00013976","30.205","-91.9875","11.6","2021-08-20","3.36",",,W","0.00",",,W,2400",,,,
"USW00013976","30.205","-91.9875","11.6","2021-08-21","3.36",",,W","0.00",",,W,2400",,,,
"USW00013976","30.205","-91.9875","11.6","2021-08-22","4.03",",,W","0.00",",,W,2400",,,,
"USW00013976","30.205","-91.9875","11.6","2021-08-23","3.80",",,W","0.00",",,W,2400",,,,
"USW00013976","30.205","-91.9875","11.6","2021-08-24","4.47",",,W","0.02",",,W,2400",,,,
"USW00013976","30.205","-91.9875","11.6","2021-08-25","3.58",",,W","0.00",",,W,2400",,,,
"USW00013976","30.205","-91.9875","11.6","2021-08-26","4.25",",,W","0.00","T,,W,2400",,,,
"USW00013976","30.205","-91.9875","11.6","2021-08-27","6.49",",,W","0.00",",,W,2400",,,,
"USW00013976","30.205","-91.9875","11.6","2021-08-28","4.47",",,W","0.27",",,W,2400",,,,
"USW00013976","30.205","-91.9875","11.6","2021-08-29","17.00",",,W","0.13",",,W,2400",,,,
"USW00013976","30.205","-91.9875","11.6","2021-08-30","12.30",",,W","0.00",",,W,2400",,,,
"USW00013976","30.205","-91.9875","11.6","2021-08-31","5.59",",,W","0.95",",,W,2400",,,,
"USW00013976","30.205","-91.9875","11.6","2021-09-01","4.03",",,W","1.02",",,W,2400",,,,
"USW00013976","30.205","-91.9875","11.6","2021-09-02","2.46",",,W","0.02",",,W,2400",,,,
"USW00013976","30.205","-91.9875","11.6","2021-09-03","1.12",",,W","0.00",",,W,2400",,,,
"USW00013976","30.205","-91.9875","11.6","2021-09-04","2.24",",,W","0.00",",,W,2400",,,,
"USW00013976","30.205","-91.9875","11.6","2021-09-05","4.70",",,W","0.00",",,W,2400",,,,
"USW00013976","30.205","-91.9875","11.6","2021-09-06","4.03",",,W","0.36",",,W,2400",,,,
"USW00013976","30.205","-91.9875","11.6","2021-09-07","3.80",",,W","0.00",",,W,2400",,,,
"USW00013976","30.205","-91.9875","11.6","2021-09-08","3.58",",,W","0.00",",,W,2400",,,,
"USW00013976","30.205","-91.9875","11.6","2021-09-09","6.49",",,W","0.00",",,W,2400",,,,
"USW00013976","30.205","-91.9875","11.6","2021-09-10","4.70",",,W","0.00",",,W,2400",,,,
"USW00013976","30.205","-91.9875","11.6","2021-09-11","2.24",",,W","0.00",",,W,2400",,,,
"USW00013976","30.205","-91.9875","11.6","2021-09-12","4.92",",,W","0.18",",,W,2400",,,,
"USW00013976","30.205","-91.9875","11.6","2021-09-13","2.68",",,W","0.10",",,W,2400",,,,
"USW00013976","30.205","-91.9875","11.6","2021-09-14","6.26",",,W","4.03",",,W,2400",,,,
"USW00013976","30.205","-91.9875","11.6","2021-09-15","4.03",",,W","1.22",",,W,2400",,,,
"USW00013976","30.205","-91.9875","11.6","2021-09-16","5.14",",,W","0.00","T,,W,2400",,,,
"USW00013976","30.205","-91.9875","11.6","2021-09-17","2.68",",,W","0.00",",,W,2400",,,,
"USW00013976","30.205","-91.9875","11.6","2021-09-18","1.12",",,W","0.08",",,W,2400",,,,
"USW00013976","30.205","-91.9875","11.6","2021-09-19","2.01",",,W","0.00","T,,W,2400",,,,
"USW00013976","30.205","-91.9875","11.6","2021-09-20","2.24",",,W","0.00",",,W,2400",,,,
"USW00013976","30.205","-91.9875","11.6","2021-09-21","4.03",",,W","1.57",",,W,2400",,,,
"USW00013976","30.205","-91.9875","11.6","2021-09-22","13.65",",,W","0.00","T,,W,2400",,,,
"USW00013976","30.205","-91.9875","11.6","2021-09-23","4.47",",,W","0.00",",,W,2400",,,,
"USW00013976","30.205","-91.9875","11.6","2021-09-24","3.13",",,W","0.00",",,W,2400",,,,
"USW00013976","30.205","-91.9875","11.6","2021-09-25","3.58",",,W","0.00",",,W,2400",,,,
"USW00013976","30.205","-91.9875","11.6","2021-09-26","2.24",",,W","0.00",",,W,2400",,,,
"USW00013976","30.205","-91.9875","11.6","2021-09-27","2.46",",,W","0.00",",,W,2400",,,,
"USW00013976","30.205","-91.9875","11.6","2021-09-28","4.70",",,W","1.73",",,W,2400",,,,
"USW00013976","30.205","-91.9875","11.6","2021-09-29","2.24",",,W","0.13",",,W,2400",,,,
"USW00013976","30.205","-91.9875","11.6","2021-09-30","2.91",",,W","0.60",",,W,2400",,,,
"USW00013976","30.205","-91.9875","11.6","2021-10-01","2.46",",,W","0.33",",,W,2400","0.0",",,W",,
"USW00013976","30.205","-91.9875","11.6","2021-10-02","2.46",",,W","0.22",",,W,2400","0.0",",,W",,
"USW00013976","30.205","-91.9875","11.6","2021-10-03","2.01",",,W","0.00","T,,W,2400","0.0",",,W",,
"USW00013976","30.205","-91.9875","11.6","2021-10-04","4.70",",,W","0.00",",,W,2400","0.0",",,W",,
"USW00013976","30.205","-91.9875","11.6","2021-10-05","5.82",",,W","0.00",",,W,2400","0.0",",,W",,
"USW00013976","30.205","-91.9875","11.6","2021-10-06","2.01",",,W","0.00",",,W,2400","0.0",",,W",,
"USW00013976","30.205","-91.9875","11.6","2021-10-07","2.91",",,W","0.00",",,W,2400","0.0",",,W",,
"USW00013976","30.205","-91.9875","11.6","2021-10-08","1.12",",,W","0.00",",,W,2400","0.0",",,W",,
"USW00013976","30.205","-91.9875","11.6","2021-10-09","1.12",",,W","0.00",",,W,2400","0.0",",,W",,
"USW00013976","30.205","-91.9875","11.6","2021-10-10","4.25",",,W","0.00",",,W,2400","0.0",",,W",,
"USW00013976","30.205","-91.9875","11.6","2021-10-11","5.14",",,W","0.00","T,,W,2400","0.0",",,W",,
"USW00013976","30.205","-91.9875","11.6","2021-10-12","5.59",",,W","0.00",",,W,2400","0.0",",,W",,
"USW00013976","30.205","-91.9875","11.6","2021-10-13","4.92",",,W","0.00",",,W,2400","0.0",",,W",,
"USW00013976","30.205","-91.9875","11.6","2021-10-14","3.80",",,W","0.00",",,W,2400","0.0",",,W",,
"USW00013976","30.205","-91.9875","11.6","2021-10-15","6.26",",,W","0.44",",,W,2400","0.0",",,W",,
"USW00013976","30.205","-91.9875","11.6","2021-10-16","15.21",",,W","0.00",",,W,2400","0.0",",,W",,
"USW00013976","30.205","-91.9875","11.6","2021-10-17","5.37",",,W","0.00",",,W,2400","0.0",",,W",,
"USW00013976","30.205","-91.9875","11.6","2021-10-18","2.68",",,W","0.00",",,W,2400","0.0",",,W",,
"USW00013976","30.205","-91.9875","11.6","2021-10-19","2.91",",,W","0.00",",,W,2400","0.0",",,W",,
"USW00013976","30.205","-91.9875","11.6","2021-10-20","1.57",",,W","0.00",",,W,2400","0.0",",,W",,
"USW00013976","30.205","-91.9875","11.6","2021-10-21","1.34",",,W","0.00",",,W,2400","0.0",",,W",,
"USW00013976","30.205","-91.9875","11.6","2021-10-22","2.01",",,W","0.00",",,W,2400","0.0",",,W",,
"USW00013976","30.205","-91.9875","11.6","2021-10-23","2.24",",,W","0.00",",,W,2400","0.0",",,W",,
"USW00013976","30.205","-91.9875","11.6","2021-10-24","2.91",",,W","0.21",",,W,2400","0.0",",,W",,
"USW00013976","30.205","-91.9875","11.6","2021-10-25","3.36",",,W","0.00",",,W,2400","0.0",",,W",,
"USW00013976","30.205","-91.9875","11.6","2021-10-26","2.01",",,W","0.00",",,W,2400","0.0",",,W",,
"USW00013976","30.205","-91.9875","11.6","2021-10-27","7.61",",,W","2.31",",,W,2400","0.0",",,W",,
"USW00013976","30.205","-91.9875","11.6","2021-10-28","14.32",",,W","0.00","T,,W,2400","0.0",",,W",,
"USW00013976","30.205","-91.9875","11.6","2021-10-29","11.63",",,W","0.00",",,W,2400","0.0",",,W",,
"USW00013976","30.205","-91.9875","11.6","2021-10-30","5.59",",,W","0.00",",,W,2400","0.0",",,W",,
"USW00013976","30.205","-91.9875","11.6","2021-10-31","0.45",",,W","0.00",",,W,2400","0.0",",,W",,
"USW00013976","30.205","-91.9875","11.6","2021-11-01","2.01",",,W","0.00",",,W,2400","0.0",",,W",,
"USW00013976","30.205","-91.9875","11.6","2021-11-02","2.91",",,W","0.00",",,W,2400","0.0",",,W",,
"USW00013976","30.205","-91.9875","11.6","2021-11-03","5.59",",,W","0.00",",,W,2400","0.0",",,W",,
"USW00013976","30.205","-91.9875","11.6","2021-11-04","11.41",",,W","0.00",",,W,2400","0.0",",,W",,
"USW00013976","30.205","-91.9875","11.6","2021-11-05","6.71",",,W","0.00",",,W,2400","0.0",",,W",,
"USW00013976","30.205","-91.9875","11.6","2021-11-06","6.26",",,W","0.00",",,W,2400","0.0",",,W",,
"USW00013976","30.205","-91.9875","11.6","2021-11-07","2.24",",,W","0.00",",,W,2400","0.0",",,W",,
"USW00013976","30.205","-91.9875","11.6","2021-11-08","1.12",",,W",,,,,,
"USW00013976","30.205","-91.9875","11.6","2021-11-09","0.45",",,W","0.00",",,W,2400","0.0",",,W",,
"USW00013976","30.205","-91.9875","11.6","2021-11-10","1.79",",,W","0.00","T,,W,2400","0.0",",,W",,
"USW00013976","30.205","-91.9875","11.6","2021-11-11","4.25",",,W","0.32",",,W,2400","0.0",",,W",,
"USW00013976","30.205","-91.9875","11.6","2021-11-12","4.47",",,W","0.00",",,W,2400","0.0",",,W",,
"USW00013976","30.205","-91.9875","11.6","2021-11-13","8.28",",,W","0.00",",,W,2400","0.0",",,W",,
"USW00013976","30.205","-91.9875","11.6","2021-11-14","1.79",",,W","0.00",",,W,2400","0.0",",,W",,
"USW00013976","30.205","-91.9875","11.6","2021-11-15","3.36",",,W","0.00",",,W,2400","0.0",",,W",,
"USW00013976","30.205","-91.9875","11.6","2021-11-16","4.70",",,W","0.00",",,W,2400","0.0",",,W",,
"USW00013976","30.205","-91.9875","11.6","2021-11-17","4.03",",,W","0.00",",,W,2400","0.0",",,W",,
"USW00013976","30.205","-91.9875","11.6","2021-11-18","10.29",",,W","0.01",",,W,2400","0.0",",,W",,
"USW00013976","30.205","-91.9875","11.6","2021-11-19","7.83",",,W","0.00",",,W,2400","0.0",",,W",,
"USW00013976","30.205","-91.9875","11.6","2021-11-20","0.89",",,W","0.00",",,W,2400","0.0",",,W",,
"USW00013976","30.205","-91.9875","11.6","2021-11-21","2.24",",,W","0.00",",,W,2400","0.0",",,W",,
"USW00013976","30.205","-91.9875","11.6","2021-11-22","10.29",",,W","0.01",",,W,2400",,,,
"USW00013976","30.205","-91.9875","11.6","2021-11-23","2.68",",,W","0.00",",,W,2400","0.0",",,W",,
"USW00013976","30.205","-91.9875","11.6","2021-11-24","4.03",",,W","0.00",",,W,2400","0.0",",,W",,
"USW00013976","30.205","-91.9875","11.6","2021-11-25","5.37",",,W","0.11",",,D,2400","0.0",",,D",,
"USW00013976","30.205","-91.9875","11.6","2021-11-26","9.84",",,W","0.00",",,D,2400","0.0",",,D",,
"USW00013976","30.205","-91.9875","11.6","2021-11-27","2.24",",,W","0.06",",,D,2400",,,,
"USW00013976","30.205","-91.9875","11.6","2021-11-28","5.37",",,W","0.19",",,D,2400","0.0",",,D",,
"US1LACC0014","30.145005","-93.17644","6.4","2021-08-01",,,"0.00",",,N","0.0",",,N",,
"US1LACC0014","30.145005","-93.17644","6.4","2021-08-05",,,"0.00",",,N","0.0",",,N",,
"US1LACC0014","30.145005","-93.17644","6.4","2021-08-06",,,"0.00",",,N","0.0",",,N",,
"US1LACC0014","30.145005","-93.17644","6.4","2021-08-07",,,"0.00",",,N","0.0",",,N",,
"US1LACC0014","30.145005","-93.17644","6.4","2021-08-08",,,"0.03",",,N",,,,
"US1LACC0014","30.145005","-93.17644","6.4","2021-08-09",,,"0.00",",,N","0.0",",,N",,
"US1LACC0014","30.145005","-93.17644","6.4","2021-08-10",,,"0.00",",,N","0.0",",,N",,
"US1LACC0014","30.145005","-93.17644","6.4","2021-08-11",,,"0.00",",,N","0.0",",,N",,
"US1LACC0014","30.145005","-93.17644","6.4","2021-08-12",,,"0.00",",,N","0.0",",,N",,
"US1LACC0014","30.145005","-93.17644","6.4","2021-08-13",,,"1.22",",,N",,,,
"US1LACC0014","30.145005","-93.17644","6.4","2021-08-14",,,"0.00",",,N","0.0",",,N",,
"US1LACC0014","30.145005","-93.17644","6.4","2021-08-15",,,"0.05",",,N",,,,
"US1LACC0014","30.145005","-93.17644","6.4","2021-08-16",,,"0.38",",,N",,,,
"US1LACC0014","30.145005","-93.17644","6.4","2021-08-17",,,"0.00",",,N","0.0",",,N",,
"US1LACC0014","30.145005","-93.17644","6.4","2021-08-18",,,"0.03",",,N",,,,
"US1LACC0014","30.145005","-93.17644","6.4","2021-08-19",,,"0.01",",,N",,,,
"US1LACC0014","30.145005","-93.17644","6.4","2021-08-20",,,"0.01",",,N",,,,
"US1LACC0014","30.145005","-93.17644","6.4","2021-08-21",,,"0.00",",,N","0.0",",,N",,
"US1LACC0014","30.145005","-93.17644","6.4","2021-08-22",,,"0.00",",,N","0.0",",,N",,
"US1LACC0014","30.145005","-93.17644","6.4","2021-08-23",,,"0.00",",,N","0.0",",,N",,
"US1LACC0014","30.145005","-93.17644","6.4","2021-08-24",,,"0.00",",,N","0.0",",,N",,
"US1LACC0014","30.145005","-93.17644","6.4","2021-08-25",,,"1.10",",,N",,,,
"US1LACC0014","30.145005","-93.17644","6.4","2021-08-27",,,"0.05",",,N",,,,
"US1LACC0014","30.145005","-93.17644","6.4","2021-08-29",,,"0.05",",,N",,,,
"US1LACC0014","30.145005","-93.17644","6.4","2021-08-30",,,"0.08",",,N",,,,
"US1LACC0014","30.145005","-93.17644","6.4","2021-08-31",,,"0.00",",,N","0.0",",,N",,
"US1LACC0014","30.145005","-93.17644","6.4","2021-09-01",,,"4.91",",,N",,,,
"US1LACC0014","30.145005","-93.17644","6.4","2021-09-02",,,"0.01",",,N",,,,
"US1LACC0014","30.145005","-93.17644","6.4","2021-09-03",,,"0.00",",,N","0.0",",,N",,
"US1LACC0014","30.145005","-93.17644","6.4","2021-09-04",,,"0.00",",,N","0.0",",,N",,
"US1LACC0014","30.145005","-93.17644","6.4","2021-09-05",,,"0.00",",,N","0.0",",,N",,
"US1LACC0014","30.145005","-93.17644","6.4","2021-09-06",,,"0.00",",,N","0.0",",,N",,
"US1LACC0014","30.145005","-93.17644","6.4","2021-09-07",,,"0.23",",,N",,,,
"US1LACC0014","30.145005","-93.17644","6.4","2021-09-08",,,"0.00",",,N","0.0",",,N",,
"US1LACC0014","30.145005","-93.17644","6.4","2021-09-09",,,"0.00",",,N","0.0",",,N",,
"US1LACC0014","30.145005","-93.17644","6.4","2021-09-10",,,"0.00",",,N","0.0",",,N",,
"US1LACC0014","30.145005","-93.17644","6.4","2021-09-11",,,"0.00",",,N","0.0",",,N",,
"US1LACC0014","30.145005","-93.17644","6.4","2021-09-16",,,"0.25",",,N",,,,
"US1LACC0014","30.145005","-93.17644","6.4","2021-09-18",,,"0.00",",,N","0.0",",,N",,
"US1LACC0014","30.145005","-93.17644","6.4","2021-09-19",,,"0.00",",,N","0.0",",,N",,
"US1LACC0014","30.145005","-93.17644","6.4","2021-09-20",,,"0.00",",,N","0.0",",,N",,
"US1LACC0014","30.145005","-93.17644","6.4","2021-09-21",,,"0.00",",,N","0.0",",,N",,
"US1LACC0014","30.145005","-93.17644","6.4","2021-09-22",,,"0.03",",,N",,,,
"US1LACC0014","30.145005","-93.17644","6.4","2021-09-23",,,"0.00",",,N","0.0",",,N",,
"US1LACC0014","30.145005","-93.17644","6.4","2021-09-24",,,"0.00",",,N","0.0",",,N",,
"US1LACC0014","30.145005","-93.17644","6.4","2021-09-25",,,"0.00",",,N","0.0",",,N",,
"US1LACC0014","30.145005","-93.17644","6.4","2021-09-26",,,"0.00",",,N","0.0",",,N",,
"US1LACC0014","30.145005","-93.17644","6.4","2021-09-27",,,"0.00",",,N","0.0",",,N",,
"US1LACC0014","30.145005","-93.17644","6.4","2021-09-28",,,"0.79",",,N",,,,
"US1LACC0014","30.145005","-93.17644","6.4","2021-09-29",,,"2.02",",,N",,,,
"US1LACC0014","30.145005","-93.17644","6.4","2021-09-30",,,"0.59",",,N",,,,
"US1LACC0014","30.145005","-93.17644","6.4","2021-10-01",,,"0.40",",,N",,,,
"US1LACC0014","30.145005","-93.17644","6.4","2021-10-02",,,"0.44",",,N",,,,
"US1LACC0014","30.145005","-93.17644","6.4","2021-10-03",,,"0.01",",,N",,,,
"US1LACC0014","30.145005","-93.17644","6.4","2021-10-06",,,"0.00",",,N","0.0",",,N",,
"US1LACC0014","30.145005","-93.17644","6.4","2021-10-07",,,"0.00",",,N","0.0",",,N",,
"US1LACC0014","30.145005","-93.17644","6.4","2021-10-09",,,"0.00",",,N","0.0",",,N",,
"US1LACC0014","30.145005","-93.17644","6.4","2021-10-12",,,"0.15",",,N",,,,
"US1LACC0014","30.145005","-93.17644","6.4","2021-10-13",,,"0.00",",,N","0.0",",,N",,
"US1LACC0014","30.145005","-93.17644","6.4","2021-10-14",,,"0.00",",,N","0.0",",,N",,
"US1LACC0014","30.145005","-93.17644","6.4","2021-10-15",,,"0.00",",,N","0.0",",,N",,
"US1LACC0014","30.145005","-93.17644","6.4","2021-10-16",,,"0.10",",,N",,,,
"US1LACC0014","30.145005","-93.17644","6.4","2021-10-17",,,"0.00",",,N","0.0",",,N",,
"US1LACC0014","30.145005","-93.17644","6.4","2021-10-18",,,"0.00",",,N","0.0",",,N",,
"US1LACC0014","30.145005","-93.17644","6.4","2021-10-19",,,"0.00",",,N","0.0",",,N",,
"US1LACC0014","30.145005","-93.17644","6.4","2021-10-20",,,"0.00",",,N","0.0",",,N",,
"US1LACC0014","30.145005","-93.17644","6.4","2021-10-21",,,"0.00",",,N","0.0",",,N",,
"US1LACC0014","30.145005","-93.17644","6.4","2021-10-22",,,"0.00",",,N","0.0",",,N",,
"US1LACC0014","30.145005","-93.17644","6.4","2021-10-23",,,"0.00",",,N","0.0",",,N",,
"US1LACC0014","30.145005","-93.17644","6.4","2021-10-24",,,"0.02",",,N","0.0",",,N",,
"US1LACC0014","30.145005","-93.17644","6.4","2021-10-25",,,"0.01",",,N",,,,
"US1LACC0014","30.145005","-93.17644","6.4","2021-10-27",,,"0.06",",,N",,,,
"US1LACC0014","30.145005","-93.17644","6.4","2021-10-28",,,"1.42",",,N",,,,
"US1LACC0014","30.145005","-93.17644","6.4","2021-10-29",,,"0.00",",,N","0.0",",,N",,
"US1LACC0014","30.145005","-93.17644","6.4","2021-10-30",,,"0.00",",,N","0.0",",,N",,
"US1LACC0014","30.145005","-93.17644","6.4","2021-10-31",,,"0.00",",,N","0.0",",,N",,
"US1LACC0014","30.145005","-93.17644","6.4","2021-11-01",,,"0.00",",,N","0.0",",,N",,
"US1LACC0014","30.145005","-93.17644","6.4","2021-11-02",,,"0.00",",,N","0.0",",,N",,
"US1LACC0014","30.145005","-93.17644","6.4","2021-11-03",,,"0.00",",,N","0.0",",,N",,
"US1LACC0014","30.145005","-93.17644","6.4","2021-11-04",,,"0.11",",,N",,,,
"US1LACC0014","30.145005","-93.17644","6.4","2021-11-05",,,"0.00",",,N","0.0",",,N",,
"US1LACC0014","30.145005","-93.17644","6.4","2021-11-06",,,"0.00",",,N","0.0",",,N",,
"US1LACC0014","30.145005","-93.17644","6.4","2021-11-07",,,"0.00",",,N","0.0",",,N",,
"US1LACC0014","30.145005","-93.17644","6.4","2021-11-08",,,"0.00",",,N","0.0",",,N",,
"US1LACC0014","30.145005","-93.17644","6.4","2021-11-09",,,"0.00",",,N","0.0",",,N",,
"US1LACC0014","30.145005","-93.17644","6.4","2021-11-10",,,"0.00",",,N","0.0",",,N",,
"US1LACC0014","30.145005","-93.17644","6.4","2021-11-11",,,"0.25",",,N",,,,
"US1LACC0014","30.145005","-93.17644","6.4","2021-11-12",,,"0.00",",,N","0.0",",,N",,
"US1LACC0014","30.145005","-93.17644","6.4","2021-11-13",,,"0.00",",,N","0.0",",,N",,
"US1LACC0014","30.145005","-93.17644","6.4","2021-11-14",,,"0.00",",,N","0.0",",,N",,
"US1LACC0014","30.145005","-93.17644","6.4","2021-11-15",,,"0.00",",,N","0.0",",,N",,
"US1LACC0014","30.145005","-93.17644","6.4","2021-11-16",,,"0.00",",,N","0.0",",,N",,
"US1LACC0014","30.145005","-93.17644","6.4","2021-11-17",,,"0.01",",,N",,,,
"US1LACC0014","30.145005","-93.17644","6.4","2021-11-19",,,"0.01",",,N",,,,
"US1LACC0014","30.145005","-93.17644","6.4","2021-11-20",,,"0.00",",,N","0.0",",,N",,
"US1LACC0014","30.145005","-93.17644","6.4","2021-11-21",,,"0.00",",,N","0.0",",,N",,
"US1LACC0014","30.145005","-93.17644","6.4","2021-11-22",,,"0.01",",,N",,,,
"US1LACC0014","30.145005","-93.17644","6.4","2021-11-23",,,"0.00",",,N","0.0",",,N",,
"US1LACC0014","30.145005","-93.17644","6.4","2021-11-24",,,"0.00",",,N","0.0",",,N",,
"US1LACC0014","30.145005","-93.17644","6.4","2021-11-25",,,"0.00",",,N","0.0",",,N",,
"US1LACC0014","30.145005","-93.17644","6.4","2021-11-26",,,"0.23",",,N",,,,
"US1LACC0014","30.145005","-93.17644","6.4","2021-11-27",,,"0.00",",,N","0.0",",,N",,
"US1LACC0014","30.145005","-93.17644","6.4","2021-11-28",,,"0.65",",,N",,,,
"USC00161287","30.9594","-92.1786","24.4","2021-08-01",,,"0.12",",,7,0800",,,,
"USC00161287","30.9594","-92.1786","24.4","2021-08-02",,,"0.00",",,7,0800",,,,
"USC00161287","30.9594","-92.1786","24.4","2021-08-03",,,"0.49",",,7,0800",,,,
"USC00161287","30.9594","-92.1786","24.4","2021-08-04",,,"0.24",",,7,0800",,,,
"USC00161287","30.9594","-92.1786","24.4","2021-08-05",,,"0.00",",,7,0800",,,,
"USC00161287","30.9594","-92.1786","24.4","2021-08-06",,,"0.00",",,7,0800",,,,
"USC00161287","30.9594","-92.1786","24.4","2021-08-07",,,"0.00",",,7,0800","0.0",",,7",,
"USC00161287","30.9594","-92.1786","24.4","2021-08-08",,,"0.00",",,7,0800",,,,
"USC00161287","30.9594","-92.1786","24.4","2021-08-09",,,"0.00",",,7,0800",,,,
"USC00161287","30.9594","-92.1786","24.4","2021-08-10",,,"0.00",",,7,0800",,,,
"USC00161287","30.9594","-92.1786","24.4","2021-08-11",,,"0.00",",,7,0800",,,,
"USC00161287","30.9594","-92.1786","24.4","2021-08-12",,,"0.04",",,7,0800",,,,
"USC00161287","30.9594","-92.1786","24.4","2021-08-13",,,"0.02",",,7,0800",,,,
"USC00161287","30.9594","-92.1786","24.4","2021-08-14",,,"0.00",",,7,0800",,,,
"USC00161287","30.9594","-92.1786","24.4","2021-08-15",,,"0.28",",,7,0800",,,,
"USC00161287","30.9594","-92.1786","24.4","2021-08-16",,,"0.24",",,7,0800",,,,
"USC00161287","30.9594","-92.1786","24.4","2021-08-17",,,"0.00",",,7,0800","0.0",",,7",,
"USC00161287","30.9594","-92.1786","24.4","2021-08-18",,,"0.00",",,7,0800",,,,
"USC00161287","30.9594","-92.1786","24.4","2021-08-19",,,"1.13",",,7,0800",,,,
"USC00161287","30.9594","-92.1786","24.4","2021-08-20",,,"0.43",",,7,0800",,,,
"USC00161287","30.9594","-92.1786","24.4","2021-08-21",,,"0.00",",,7,0800","0.0",",,7",,
"USC00161287","30.9594","-92.1786","24.4","2021-08-22",,,"0.00",",,7,0800",,,,
"USC00161287","30.9594","-92.1786","24.4","2021-08-23",,,"0.00",",,7,0800",,,,
"USC00161287","30.9594","-92.1786","24.4","2021-08-24",,,"0.00",",,7,0800",,,,
"USC00161287","30.9594","-92.1786","24.4","2021-08-25",,,"0.07",",,7,0800",,,,
"USC00161287","30.9594","-92.1786","24.4","2021-08-26",,,"0.00",",,7,0800",,,,
"USC00161287","30.9594","-92.1786","24.4","2021-08-27",,,"0.08",",,7,0800",,,,
"USC00161287","30.9594","-92.1786","24.4","2021-08-28",,,"0.07",",,7,0800",,,,
"USC00161287","30.9594","-92.1786","24.4","2021-08-29",,,"0.08",",,7,0800","0.0",",,7",,
"USC00161287","30.9594","-92.1786","24.4","2021-08-30",,,"0.01",",,7,0800",,,,
"USC00161287","30.9594","-92.1786","24.4","2021-08-31",,,"0.07",",,7,0800",,,,
"USC00161287","30.9594","-92.1786","24.4","2021-09-01",,,"0.00",",,7,0800","0.0",",,7",,
"USC00161287","30.9594","-92.1786","24.4","2021-09-02",,,"0.00",",,7,0800",,,,
"USC00161287","30.9594","-92.1786","24.4","2021-09-03",,,"0.00",",,7,0800",,,,
"USC00161287","30.9594","-92.1786","24.4","2021-09-04",,,"0.00",",,7,0800",,,,
"USC00161287","30.9594","-92.1786","24.4","2021-09-05",,,"0.00",",,7,0800","0.0",",,7",,
"USC00161287","30.9594","-92.1786","24.4","2021-09-06",,,"2.70",",,7,0800","0.0",",,7",,
"USC00161287","30.9594","-92.1786","24.4","2021-09-07",,,"0.08",",,7,0800","0.0",",,7",,
"USC00161287","30.9594","-92.1786","24.4","2021-09-08",,,"0.00",",,7,0800",,,,
"USC00161287","30.9594","-92.1786","24.4","2021-09-09",,,"0.00",",,7,0800","0.0",",,7",,
"USC00161287","30.9594","-92.1786","24.4","2021-09-10",,,"0.00",",,7,0800",,,,
"USC00161287","30.9594","-92.1786","24.4","2021-09-11",,,"0.00",",,7,0800",,,,
"USC00161287","30.9594","-92.1786","24.4","2021-09-12",,,"0.00",",,7,0800",,,,
"USC00161287","30.9594","-92.1786","24.4","2021-09-13",,,"0.00",",,7,0800",,,,
"USC00161287","30.9594","-92.1786","24.4","2021-09-14",,,"0.36",",,7,0800",,,,
"USC00161287","30.9594","-92.1786","24.4","2021-09-15",,,"10.60",",,7,0800",,,,
"USC00161287","30.9594","-92.1786","24.4","2021-09-16",,,"0.56",",,7,0800",,,,
"USC00161287","30.9594","-92.1786","24.4","2021-09-17",,,"1.79",",,7,0800",,,,
"USC00161287","30.9594","-92.1786","24.4","2021-09-18",,,"0.75",",,7,0800",,,,
"USC00161287","30.9594","-92.1786","24.4","2021-09-19",,,"0.00",",,7,0800",,,,
"USC00161287","30.9594","-92.1786","24.4","2021-09-20",,,"0.11",",,7,0800",,,,
"USC00161287","30.9594","-92.1786","24.4","2021-09-21",,,"0.00",",,7,0800",,,,
"USC00161287","30.9594","-92.1786","24.4","2021-09-22",,,"1.37",",,7,0800",,,,
"USC00161287","30.9594","-92.1786","24.4","2021-09-23",,,"0.00",",,7,0800",,,,
"USC00161287","30.9594","-92.1786","24.4","2021-09-24",,,"0.00",",,7,0800",,,,
"USC00161287","30.9594","-92.1786","24.4","2021-09-25",,,"0.00",",,7,0800","0.0",",,7",,
"USC00161287","30.9594","-92.1786","24.4","2021-09-26",,,"0.00",",,7,0800","0.0",",,7",,
"USC00161287","30.9594","-92.1786","24.4","2021-09-27",,,"0.00",",,7,0800",,,,
"USC00161287","30.9594","-92.1786","24.4","2021-09-28",,,"0.08",",,7,0800",,,,
"USC00161287","30.9594","-92.1786","24.4","2021-09-29",,,"0.67",",,7,0800",,,,
"USC00161287","30.9594","-92.1786","24.4","2021-09-30",,,"0.02",",,7,0800",,,,
"USC00161287","30.9594","-92.1786","24.4","2021-10-01",,,"0.82",",,7,0800",,,,
"USC00161287","30.9594","-92.1786","24.4","2021-10-02",,,"0.26",",,7,0800",,,,
"USC00161287","30.9594","-92.1786","24.4","2021-10-03",,,"0.72",",,7,0800",,,,
"USC00161287","30.9594","-92.1786","24.4","2021-10-04",,,"0.00",",,7,0800",,,,
"USC00161287","30.9594","-92.1786","24.4","2021-10-05",,,"0.00",",,7,0800",,,,
"USC00161287","30.9594","-92.1786","24.4","2021-10-06",,,"0.00",",,7,0800",,,,
"USC00161287","30.9594","-92.1786","24.4","2021-10-07",,,"0.00",",,7,0800",,,,
"USC00161287","30.9594","-92.1786","24.4","2021-10-08",,,"0.00",",,7,0800",,,,
"USC00161287","30.9594","-92.1786","24.4","2021-10-09",,,"0.00",",,7,0800",,,,
"USC00161287","30.9594","-92.1786","24.4","2021-10-10",,,"0.00",",,7,0800",,,,
"USC00161287","30.9594","-92.1786","24.4","2021-10-11",,,"0.00",",,7,0800",,,,
"USC00161287","30.9594","-92.1786","24.4","2021-10-12",,,"0.02",",,7,0800",,,,
"USC00161287","30.9594","-92.1786","24.4","2021-10-13",,,"0.00",",,7,0800",,,,
"USC00161287","30.9594","-92.1786","24.4","2021-10-14",,,"0.00",",,7,0800","0.0",",,7",,
"USC00161287","30.9594","-92.1786","24.4","2021-10-15",,,"0.00",",,7,0800",,,,
"USC00161287","30.9594","-92.1786","24.4","2021-10-16",,,"0.00",",,7,0800","0.0",",,7",,
"USC00161287","30.9594","-92.1786","24.4","2021-10-17",,,"0.00",",,7,0800","0.0",",,7",,
"USC00161287","30.9594","-92.1786","24.4","2021-10-18",,,"0.00",",,7,0800",,,,
"USC00161287","30.9594","-92.1786","24.4","2021-10-19",,,"0.00",",,7,0800",,,,
"USC00161287","30.9594","-92.1786","24.4","2021-10-20",,,"0.00",",,7,0800",,,,
"USC00161287","30.9594","-92.1786","24.4","2021-10-21",,,"0.00",",,7,0800",,,,
"USC00161287","30.9594","-92.1786","24.4","2021-10-22",,,"0.00",",,7,0800",,,,
"USC00161287","30.9594","-92.1786","24.4","2021-10-23",,,"0.00",",,7,0800",,,,
"USC00161287","30.9594","-92.1786","24.4","2021-10-24",,,"0.00",",,7,0800",,,,
"USC00161287","30.9594","-92.1786","24.4","2021-10-25",,,"0.00",",,7,0800",,,,
"USC00161287","30.9594","-92.1786","24.4","2021-10-26",,,"0.00",",,7,0800",,,,
"USC00161287","30.9594","-92.1786","24.4","2021-10-27",,,"0.00",",,7,0800",,,,
"USC00161287","30.9594","-92.1786","24.4","2021-10-28",,,"1.14",",,7,0800",,,,
"USC00161287","30.9594","-92.1786","24.4","2021-10-29",,,"0.00",",,7,0800",,,,
"USC00161287","30.9594","-92.1786","24.4","2021-10-30",,,"0.00",",,7,0800",,,,
"USC00161287","30.9594","-92.1786","24.4","2021-10-31",,,"0.00",",,7,0800",,,,
"USC00161287","30.9594","-92.1786","24.4","2021-11-01",,,"0.00",",,H,0800","0.0",",,H",,
"USC00161287","30.9594","-92.1786","24.4","2021-11-02",,,"0.00",",,H,0800","0.0",",,H",,
"USC00161287","30.9594","-92.1786","24.4","2021-11-03",,,"0.00",",,H,0800",,,,
"USC00161287","30.9594","-92.1786","24.4","2021-11-04",,,"0.23",",,H,0800",,,,
"USC00161287","30.9594","-92.1786","24.4","2021-11-05",,,"0.00",",,H,0800",,,,
"USC00161287","30.9594","-92.1786","24.4","2021-11-06",,,"0.00",",,H,0800",,,,
"USC00161287","30.9594","-92.1786","24.4","2021-11-07",,,"0.00",",,H,0800",,,,
"USC00161287","30.9594","-92.1786","24.4","2021-11-09",,,"0.00",",,H,0800",,,,
"USC00161287","30.9594","-92.1786","24.4","2021-11-10",,,"0.00",",,H,0800",,,,
"USC00161287","30.9594","-92.1786","24.4","2021-11-11",,,"0.05",",,H,0800",,,,
"USC00161287","30.9594","-92.1786","24.4","2021-11-12",,,"0.00",",,H,0800","0.0",",,H",,
"USC00161287","30.9594","-92.1786","24.4","2021-11-13",,,"0.00",",,H,0800",,,,
"USC00161287","30.9594","-92.1786","24.4","2021-11-14",,,"0.00",",,H,0800","0.0",",,H",,
"USC00161287","30.9594","-92.1786","24.4","2021-11-15",,,"0.00",",,H,0800",,,,
"USC00161287","30.9594","-92.1786","24.4","2021-11-16",,,"0.00",",,H,0800",,,,
"USC00161287","30.9594","-92.1786","24.4","2021-11-17",,,"0.00",",,H,0800",,,,
"USC00161287","30.9594","-92.1786","24.4","2021-11-18",,,,,,,,
"USC00161287","30.9594","-92.1786","24.4","2021-11-19",,,"0.00",",,H,0800",,,,
"USC00161287","30.9594","-92.1786","24.4","2021-11-20",,,"0.00",",,H,0800",,,,
"USC00161287","30.9594","-92.1786","24.4","2021-11-21",,,"0.00",",,H,0800",,,,
"USC00161287","30.9594","-92.1786","24.4","2021-11-22",,,"0.14",",,H,0800","0.0",",,H",,
"USC00161287","30.9594","-92.1786","24.4","2021-11-23",,,"0.00",",,H,0800",,,,
"USC00161287","30.9594","-92.1786","24.4","2021-11-24",,,"0.00",",,H,0800",,,,
"USC00161287","30.9594","-92.1786","24.4","2021-11-25",,,"0.00",",,H,0800",,,,
"USC00161287","30.9594","-92.1786","24.4","2021-11-26",,,"0.13",",,H,0800",,,,
"USC00161287","30.9594","-92.1786","24.4","2021-11-27",,,"0.00",",,H,0800",,,,
"USC00161287","30.9594","-92.1786","24.4","2021-11-28",,,"0.50",",,H,0800",,,,
"US1LAWR0004","32.638648","-93.254504","99.1","2021-08-01",,,"0.00",",,N","0.0",",,N",,
"US1LAWR0004","32.638648","-93.254504","99.1","2021-08-02",,,"1.88",",,N",,,,
"US1LAWR0004","32.638648","-93.254504","99.1","2021-08-03",,,"0.76",",,N",,,,
"US1LAWR0004","32.638648","-93.254504","99.1","2021-08-04",,,"0.00",",,N","0.0",",,N",,
"US1LAWR0004","32.638648","-93.254504","99.1","2021-08-05",,,"0.00",",,N","0.0",",,N",,
"US1LAWR0004","32.638648","-93.254504","99.1","2021-08-06",,,"0.00",",,N","0.0",",,N",,
"US1LAWR0004","32.638648","-93.254504","99.1","2021-08-07",,,"0.00",",,N","0.0",",,N",,
"US1LAWR0004","32.638648","-93.254504","99.1","2021-08-08",,,"0.00",",,N","0.0",",,N",,
"US1LAWR0004","32.638648","-93.254504","99.1","2021-08-09",,,"0.00",",,N","0.0",",,N",,
"US1LAWR0004","32.638648","-93.254504","99.1","2021-08-10",,,"0.00",",,N","0.0",",,N",,
"US1LAWR0004","32.638648","-93.254504","99.1","2021-08-11",,,"0.00",",,N","0.0",",,N",,
"US1LAWR0004","32.638648","-93.254504","99.1","2021-08-12",,,"0.00",",,N","0.0",",,N",,
"US1LAWR0004","32.638648","-93.254504","99.1","2021-08-13",,,"0.00",",,N","0.0",",,N",,
"US1LAWR0004","32.638648","-93.254504","99.1","2021-08-14",,,"0.00",",,N","0.0",",,N",,
"US1LAWR0004","32.638648","-93.254504","99.1","2021-08-15",,,"0.00",",,N","0.0",",,N",,
"US1LAWR0004","32.638648","-93.254504","99.1","2021-08-16",,,"0.01",",,N",,,,
"US1LAWR0004","32.638648","-93.254504","99.1","2021-08-17",,,"0.00",",,N","0.0",",,N",,
"US1LAWR0004","32.638648","-93.254504","99.1","2021-08-18",,,"0.85",",,N",,,,
"US1LAWR0004","32.638648","-93.254504","99.1","2021-08-19",,,"0.98",",,N",,,,
"US1LAWR0004","32.638648","-93.254504","99.1","2021-08-20",,,"0.00",",,N","0.0",",,N",,
"US1LAWR0004","32.638648","-93.254504","99.1","2021-08-21",,,"0.22",",,N",,,,
"US1LAWR0004","32.638648","-93.254504","99.1","2021-08-22",,,"0.00",",,N","0.0",",,N",,
"US1LAWR0004","32.638648","-93.254504","99.1","2021-08-23",,,"0.00",",,N","0.0",",,N",,
"US1LAWR0004","32.638648","-93.254504","99.1","2021-08-24",,,"0.00",",,N","0.0",",,N",,
"US1LAWR0004","32.638648","-93.254504","99.1","2021-08-25",,,"0.00",",,N","0.0",",,N",,
"US1LAWR0004","32.638648","-93.254504","99.1","2021-08-26",,,"0.00",",,N","0.0",",,N",,
"US1LAWR0004","32.638648","-93.254504","99.1","2021-08-27",,,"0.00",",,N","0.0",",,N",,
"US1LAWR0004","32.638648","-93.254504","99.1","2021-08-28",,,"0.00",",,N","0.0",",,N",,
"US1LAWR0004","32.638648","-93.254504","99.1","2021-08-29",,,"0.09",",,N",,,,
"US1LAWR0004","32.638648","-93.254504","99.1","2021-08-30",,,"0.00",",,N","0.0",",,N",,
"US1LAWR0004","32.638648","-93.254504","99.1","2021-08-31",,,"0.00",",,N","0.0",",,N",,
"US1LAWR0004","32.638648","-93.254504","99.1","2021-09-01",,,"0.00",",,N","0.0",",,N",,
"US1LAWR0004","32.638648","-93.254504","99.1","2021-09-02",,,"0.00",",,N","0.0",",,N",,
"US1LAWR0004","32.638648","-93.254504","99.1","2021-09-03",,,"0.00",",,N","0.0",",,N",,
"US1LAWR0004","32.638648","-93.254504","99.1","2021-09-04",,,"0.00",",,N","0.0",",,N",,
"US1LAWR0004","32.638648","-93.254504","99.1","2021-09-05",,,"0.00",",,N","0.0",",,N",,
"US1LAWR0004","32.638648","-93.254504","99.1","2021-09-06",,,"0.00",",,N","0.0",",,N",,
"US1LAWR0004","32.638648","-93.254504","99.1","2021-09-07",,,"0.00",",,N","0.0",",,N",,
"US1LAWR0004","32.638648","-93.254504","99.1","2021-09-08",,,"0.00",",,N","0.0",",,N",,
"US1LAWR0004","32.638648","-93.254504","99.1","2021-09-09",,,"0.00",",,N","0.0",",,N",,
"US1LAWR0004","32.638648","-93.254504","99.1","2021-09-10",,,"0.00",",,N","0.0",",,N",,
"US1LAWR0004","32.638648","-93.254504","99.1","2021-09-11",,,"0.00",",,N","0.0",",,N",,
"US1LAWR0004","32.638648","-93.254504","99.1","2021-09-12",,,"0.00",",,N","0.0",",,N",,
"US1LAWR0004","32.638648","-93.254504","99.1","2021-09-13",,,"0.00",",,N","0.0",",,N",,
"US1LAWR0004","32.638648","-93.254504","99.1","2021-09-14",,,"0.00",",,N","0.0",",,N",,
"US1LAWR0004","32.638648","-93.254504","99.1","2021-09-15",,,"0.00",",,N","0.0",",,N",,
"US1LAWR0004","32.638648","-93.254504","99.1","2021-09-16",,,"0.00",",,N","0.0",",,N",,
"US1LAWR0004","32.638648","-93.254504","99.1","2021-09-17",,,"0.00",",,N","0.0",",,N",,
"US1LAWR0004","32.638648","-93.254504","99.1","2021-09-18",,,"0.04",",,N",,,,
"US1LAWR0004","32.638648","-93.254504","99.1","2021-09-19",,,"0.00",",,N","0.0",",,N",,
"US1LAWR0004","32.638648","-93.254504","99.1","2021-09-20",,,"0.00",",,N","0.0",",,N",,
"US1LAWR0004","32.638648","-93.254504","99.1","2021-09-21",,,"0.00",",,N","0.0",",,N",,
"US1LAWR0004","32.638648","-93.254504","99.1","2021-09-22",,,"0.42",",,N",,,,
"US1LAWR0004","32.638648","-93.254504","99.1","2021-09-23",,,"0.00",",,N","0.0",",,N",,
"US1LAWR0004","32.638648","-93.254504","99.1","2021-09-24",,,"0.00",",,N","0.0",",,N",,
"US1LAWR0004","32.638648","-93.254504","99.1","2021-09-25",,,"0.00",",,N","0.0",",,N",,
"US1LAWR0004","32.638648","-93.254504","99.1","2021-09-26",,,"0.00",",,N","0.0",",,N",,
"US1LAWR0004","32.638648","-93.254504","99.1","2021-09-27",,,"0.00",",,N","0.0",",,N",,
"US1LAWR0004","32.638648","-93.254504","99.1","2021-09-28",,,"0.00",",,N","0.0",",,N",,
"US1LAWR0004","32.638648","-93.254504","99.1","2021-09-29",,,"0.00",",,N","0.0",",,N",,
"US1LAWR0004","32.638648","-93.254504","99.1","2021-09-30",,,"0.00",",,N","0.0",",,N",,
"US1LAWR0004","32.638648","-93.254504","99.1","2021-10-01",,,"0.16",",,N",,,,
"US1LAWR0004","32.638648","-93.254504","99.1","2021-10-02",,,"0.99",",,N",,,,
"US1LAWR0004","32.638648","-93.254504","99.1","2021-10-03",,,"2.01",",,N",,,,
"US1LAWR0004","32.638648","-93.254504","99.1","2021-10-04",,,"0.00",",,N","0.0",",,N",,
"US1LAWR0004","32.638648","-93.254504","99.1","2021-10-05",,,"0.00",",,N","0.0",",,N",,
"US1LAWR0004","32.638648","-93.254504","99.1","2021-10-06",,,"0.00",",,N","0.0",",,N",,
"US1LAWR0004","32.638648","-93.254504","99.1","2021-10-07",,,"0.00",",,N","0.0",",,N",,
"US1LAWR0004","32.638648","-93.254504","99.1","2021-10-08",,,"0.00",",,N","0.0",",,N",,
"US1LAWR0004","32.638648","-93.254504","99.1","2021-10-09",,,"0.00",",,N","0.0",",,N",,
"US1LAWR0004","32.638648","-93.254504","99.1","2021-10-10",,,"0.00",",,N","0.0",",,N",,
"US1LAWR0004","32.638648","-93.254504","99.1","2021-10-11",,,"0.02",",,N",,,,
"US1LAWR0004","32.638648","-93.254504","99.1","2021-10-12",,,"0.00",",,N","0.0",",,N",,
"US1LAWR0004","32.638648","-93.254504","99.1","2021-10-13",,,"0.00",",,N","0.0",",,N",,
"US1LAWR0004","32.638648","-93.254504","99.1","2021-10-14",,,"0.00",",,N","0.0",",,N",,
"US1LAWR0004","32.638648","-93.254504","99.1","2021-10-15",,,"0.00",",,N","0.0",",,N",,
"US1LAWR0004","32.638648","-93.254504","99.1","2021-10-16",,,"0.21",",,N",,,,
"US1LAWR0004","32.638648","-93.254504","99.1","2021-10-17",,,"0.00",",,N","0.0",",,N",,
"US1LAWR0004","32.638648","-93.254504","99.1","2021-10-18",,,"0.00",",,N","0.0",",,N",,
"US1LAWR0004","32.638648","-93.254504","99.1","2021-10-19",,,"0.00",",,N","0.0",",,N",,
"US1LAWR0004","32.638648","-93.254504","99.1","2021-10-20",,,"0.00",",,N","0.0",",,N",,
"US1LAWR0004","32.638648","-93.254504","99.1","2021-10-21",,,"0.00",",,N","0.0",",,N",,
"US1LAWR0004","32.638648","-93.254504","99.1","2021-10-22",,,"0.00",",,N","0.0",",,N",,
"US1LAWR0004","32.638648","-93.254504","99.1","2021-10-23",,,"0.00",",,N","0.0",",,N",,
"US1LAWR0004","32.638648","-93.254504","99.1","2021-10-24",,,"0.00",",,N","0.0",",,N",,
"US1LAWR0004","32.638648","-93.254504","99.1","2021-10-25",,,"0.00",",,N","0.0",",,N",,
"US1LAWR0004","32.638648","-93.254504","99.1","2021-10-26",,,"0.00",",,N","0.0",",,N",,
"US1LAWR0004","32.638648","-93.254504","99.1","2021-10-27",,,"0.00",",,N","0.0",",,N",,
"US1LAWR0004","32.638648","-93.254504","99.1","2021-10-28",,,"0.95",",,N",,,,
"US1LAWR0004","32.638648","-93.254504","99.1","2021-10-29",,,"0.00",",,N","0.0",",,N",,
"US1LAWR0004","32.638648","-93.254504","99.1","2021-10-30",,,"0.00",",,N","0.0",",,N",,
"US1LAWR0004","32.638648","-93.254504","99.1","2021-11-01",,,"0.00",",,N","0.0",",,N",,
"US1LAWR0004","32.638648","-93.254504","99.1","2021-11-02",,,"0.00",",,N","0.0",",,N",,
"US1LAWR0004","32.638648","-93.254504","99.1","2021-11-03",,,"0.21",",,N",,,,
"US1LAWR0004","32.638648","-93.254504","99.1","2021-11-04",,,"0.47",",,N",,,,
"US1LAWR0004","32.638648","-93.254504","99.1","2021-11-05",,,"0.00",",,N","0.0",",,N",,
"US1LAWR0004","32.638648","-93.254504","99.1","2021-11-06",,,"0.00",",,N","0.0",",,N",,
"US1LAWR0004","32.638648","-93.254504","99.1","2021-11-07",,,"0.00",",,N","0.0",",,N",,
"US1LAWR0004","32.638648","-93.254504","99.1","2021-11-08",,,"0.00",",,N","0.0",",,N",,
"US1LAWR0004","32.638648","-93.254504","99.1","2021-11-09",,,"0.00",",,N","0.0",",,N",,
"US1LAWR0004","32.638648","-93.254504","99.1","2021-11-10",,,"0.00",",,N","0.0",",,N",,
"US1LAWR0004","32.638648","-93.254504","99.1","2021-11-11",,,"0.59",",,N",,,,
"US1LAWR0004","32.638648","-93.254504","99.1","2021-11-12",,,"0.00",",,N","0.0",",,N",,
"US1LAWR0004","32.638648","-93.254504","99.1","2021-11-13",,,"0.00",",,N","0.0",",,N",,
"US1LAWR0004","32.638648","-93.254504","99.1","2021-11-14",,,"0.00",",,N","0.0",",,N",,
"US1LAWR0004","32.638648","-93.254504","99.1","2021-11-15",,,"0.00",",,N","0.0",",,N",,
"US1LAWR0004","32.638648","-93.254504","99.1","2021-11-16",,,"0.00",",,N","0.0",",,N",,
"US1LAWR0004","32.638648","-93.254504","99.1","2021-11-17",,,"0.00",",,N","0.0",",,N",,
"US1LAWR0004","32.638648","-93.254504","99.1","2021-11-18",,,"0.00",",,N","0.0",",,N",,
"US1LAWR0004","32.638648","-93.254504","99.1","2021-11-19",,,"0.00",",,N","0.0",",,N",,
"US1LAWR0004","32.638648","-93.254504","99.1","2021-11-20",,,"0.00",",,N","0.0",",,N",,
"US1LAWR0004","32.638648","-93.254504","99.1","2021-11-21",,,"0.00",",,N","0.0",",,N",,
"US1LAWR0004","32.638648","-93.254504","99.1","2021-11-22",,,"0.09",",,N",,,,
"US1LAWR0004","32.638648","-93.254504","99.1","2021-11-23",,,"0.00",",,N","0.0",",,N",,
"US1LAWR0004","32.638648","-93.254504","99.1","2021-11-24",,,"0.00",",,N","0.0",",,N",,
"US1LAWR0004","32.638648","-93.254504","99.1","2021-11-25",,,"0.41",",,N",,,,
"US1LAWR0004","32.638648","-93.254504","99.1","2021-11-26",,,"0.43",",,N",,,,
"US1LAWR0004","32.638648","-93.254504","99.1","2021-11-27",,,"0.00",",,N","0.0",",,N",,
"US1LAWR0004","32.638648","-93.254504","99.1","2021-11-28",,,"0.41",",,N",,,,
"USC00165522","31.9672","-94.0002","57.9","2021-08-01",,,"0.00",",,7,0700",,,,
"USC00165522","31.9672","-94.0002","57.9","2021-08-02",,,"2.41",",,7,0700",,,,
"USC00165522","31.9672","-94.0002","57.9","2021-08-03",,,"0.15",",,7,0700",,,,
"USC00165522","31.9672","-94.0002","57.9","2021-08-04",,,"0.00",",,7,0700",,,,
"USC00165522","31.9672","-94.0002","57.9","2021-08-05",,,"0.00",",,7,0700",,,,
"USC00165522","31.9672","-94.0002","57.9","2021-08-06",,,"0.00",",,7,0700",,,,
"USC00165522","31.9672","-94.0002","57.9","2021-08-07",,,"0.00",",,7,0700",,,,
"USC00165522","31.9672","-94.0002","57.9","2021-08-08",,,"0.00",",,7,0700",,,,
"USC00165522","31.9672","-94.0002","57.9","2021-08-09",,,"0.00",",,7,0700",,,,
"USC00165522","31.9672","-94.0002","57.9","2021-08-10",,,"0.00",",,7,0700",,,,
"USC00165522","31.9672","-94.0002","57.9","2021-08-11",,,"0.00",",,7,0700",,,,
"USC00165522","31.9672","-94.0002","57.9","2021-08-12",,,"0.00",",,7,0700",,,,
"USC00165522","31.9672","-94.0002","57.9","2021-08-13",,,"0.00",",,7,0700",,,,
"USC00165522","31.9672","-94.0002","57.9","2021-08-14",,,"0.00",",,7,0700",,,,
"USC00165522","31.9672","-94.0002","57.9","2021-08-15",,,"0.16",",,7,0700",,,,
"USC00165522","31.9672","-94.0002","57.9","2021-08-16",,,"0.00",",,7,0700",,,,
"USC00165522","31.9672","-94.0002","57.9","2021-08-17",,,"0.21",",,7,0700",,,,
"USC00165522","31.9672","-94.0002","57.9","2021-08-18",,,"1.00",",,7,0700",,,,
"USC00165522","31.9672","-94.0002","57.9","2021-08-19",,,"0.30",",,7,0700",,,,
"USC00165522","31.9672","-94.0002","57.9","2021-08-20",,,"0.97",",,7,0700",,,,
"USC00165522","31.9672","-94.0002","57.9","2021-08-21",,,"0.00",",,7,0700",,,,
"USC00165522","31.9672","-94.0002","57.9","2021-08-22",,,"0.00",",,7,0700",,,,
"USC00165522","31.9672","-94.0002","57.9","2021-08-23",,,"0.00",",,7,0700",,,,
"USC00165522","31.9672","-94.0002","57.9","2021-08-24",,,"0.00",",,7,0700",,,,
"USC00165522","31.9672","-94.0002","57.9","2021-08-25",,,"0.00",",,7,0700",,,,
"USC00165522","31.9672","-94.0002","57.9","2021-08-26",,,"0.00",",,7,0700",,,,
"USC00165522","31.9672","-94.0002","57.9","2021-08-27",,,"0.00",",,7,0700",,,,
"USC00165522","31.9672","-94.0002","57.9","2021-08-28",,,"0.00",",,7,0700",,,,
"USC00165522","31.9672","-94.0002","57.9","2021-08-29",,,"0.00",",,7,0700",,,,
"USC00165522","31.9672","-94.0002","57.9","2021-08-30",,,"0.01",",,7,0700",,,,
"USC00165522","31.9672","-94.0002","57.9","2021-08-31",,,"0.00",",,7,0700",,,,
"USC00165522","31.9672","-94.0002","57.9","2021-09-01",,,"0.00",",,7,0700",,,,
"USC00165522","31.9672","-94.0002","57.9","2021-09-02",,,"0.00",",,7,0700",,,,
"USC00165522","31.9672","-94.0002","57.9","2021-09-03",,,"0.00",",,7,0700",,,,
"USC00165522","31.9672","-94.0002","57.9","2021-09-04",,,"0.00",",,7,0700",,,,
"USC00165522","31.9672","-94.0002","57.9","2021-09-05",,,"0.00",",,7,0700",,,,
"USC00165522","31.9672","-94.0002","57.9","2021-09-06",,,"0.00",",,7,0700",,,,
"USC00165522","31.9672","-94.0002","57.9","2021-09-07",,,"0.00",",,7,0700",,,,
"USC00165522","31.9672","-94.0002","57.9","2021-09-08",,,"0.00",",,7,0700",,,,
"USC00165522","31.9672","-94.0002","57.9","2021-09-09",,,"0.00",",,7,0700",,,,
"USC00165522","31.9672","-94.0002","57.9","2021-09-10",,,"0.00",",,7,0700",,,,
"USC00165522","31.9672","-94.0002","57.9","2021-09-11",,,"0.00",",,7,0700",,,,
"USC00165522","31.9672","-94.0002","57.9","2021-09-12",,,"0.00",",,7,0700",,,,
"USC00165522","31.9672","-94.0002","57.9","2021-09-13",,,"0.00",",,7,0700",,,,
"USC00165522","31.9672","-94.0002","57.9","2021-09-14",,,"0.85",",,7,0700",,,,
"USC00165522","31.9672","-94.0002","57.9","2021-09-15",,,"0.15",",,7,0700",,,,
"USC00165522","31.9672","-94.0002","57.9","2021-09-16",,,"0.05",",,7,0700",,,,
"USC00165522","31.9672","-94.0002","57.9","2021-09-17",,,"0.00",",,7,0700",,,,
"USC00165522","31.9672","-94.0002","57.9","2021-09-18",,,"0.00",",,7,0700",,,,
"USC00165522","31.9672","-94.0002","57.9","2021-09-19",,,"0.02",",,7,0700",,,,
"USC00165522","31.9672","-94.0002","57.9","2021-09-20",,,"0.00",",,7,0700",,,,
"USC00165522","31.9672","-94.0002","57.9","2021-09-21",,,"0.00",",,7,0700",,,,
"USC00165522","31.9672","-94.0002","57.9","2021-09-22",,,"0.42",",,7,0700",,,,
"USC00165522","31.9672","-94.0002","57.9","2021-09-23",,,"0.00",",,7,0700",,,,
"USC00165522","31.9672","-94.0002","57.9","2021-09-24",,,"0.00",",,7,0700",,,,
"USC00165522","31.9672","-94.0002","57.9","2021-09-25",,,"0.00",",,7,0700",,,,
"USC00165522","31.9672","-94.0002","57.9","2021-09-26",,,"0.00",",,7,0700",,,,
"USC00165522","31.9672","-94.0002","57.9","2021-09-27",,,"0.00",",,7,0700",,,,
"USC00165522","31.9672","-94.0002","57.9","2021-09-28",,,"0.00",",,7,0700",,,,
"USC00165522","31.9672","-94.0002","57.9","2021-09-29",,,"0.00",",,7,0700",,,,
"USC00165522","31.9672","-94.0002","57.9","2021-09-30",,,"0.08",",,7,0700",,,,
"USC00165522","31.9672","-94.0002","57.9","2021-10-01",,,"0.00",",,7,0700",,,,
"USC00165522","31.9672","-94.0002","57.9","2021-10-02",,,"0.09",",,7,0700",,,,
"USC00165522","31.9672","-94.0002","57.9","2021-10-03",,,"0.24",",,7,0700",,,,
"USC00165522","31.9672","-94.0002","57.9","2021-10-04",,,"0.00","T,,7,0700",,,,
"USC00165522","31.9672","-94.0002","57.9","2021-10-05",,,"0.00",",,7,0700",,,,
"USC00165522","31.9672","-94.0002","57.9","2021-10-06",,,"0.00",",,7,0700",,,,
"USC00165522","31.9672","-94.0002","57.9","2021-10-07",,,"0.00",",,7,0700",,,,
"USC00165522","31.9672","-94.0002","57.9","2021-10-08",,,"0.00",",,7,0700",,,,
"USC00165522","31.9672","-94.0002","57.9","2021-10-09",,,"0.00",",,7,0700",,,,
"USC00165522","31.9672","-94.0002","57.9","2021-10-10",,,"0.00",",,7,0700",,,,
"USC00165522","31.9672","-94.0002","57.9","2021-10-11",,,"0.55",",,7,0700",,,,
"USC00165522","31.9672","-94.0002","57.9","2021-10-12",,,"0.00",",,7,0700",,,,
"USC00165522","31.9672","-94.0002","57.9","2021-10-13",,,"0.80",",,7,0700",,,,
"USC00165522","31.9672","-94.0002","57.9","2021-10-14",,,"0.00",",,7,0700",,,,
"USC00165522","31.9672","-94.0002","57.9","2021-10-15",,,"0.06",",,7,0700",,,,
"USC00165522","31.9672","-94.0002","57.9","2021-10-16",,,"0.00",",,7,0700",,,,
"USC00165522","31.9672","-94.0002","57.9","2021-10-17",,,"0.00",",,7,0700",,,,
"USC00165522","31.9672","-94.0002","57.9","2021-10-18",,,"0.00",",,7,0700",,,,
"USC00165522","31.9672","-94.0002","57.9","2021-10-19",,,"0.00",",,7,0700",,,,
"USC00165522","31.9672","-94.0002","57.9","2021-10-20",,,"0.00",",,7,0700",,,,
"USC00165522","31.9672","-94.0002","57.9","2021-10-21",,,"0.00",",,7,0700",,,,
"USC00165522","31.9672","-94.0002","57.9","2021-10-22",,,"0.00",",,7,0700",,,,
"USC00165522","31.9672","-94.0002","57.9","2021-10-23",,,"0.00",",,7,0700",,,,
"USC00165522","31.9672","-94.0002","57.9","2021-10-24",,,"0.00",",,7,0700",,,,
"USC00165522","31.9672","-94.0002","57.9","2021-10-25",,,"0.00",",,7,0700",,,,
"USC00165522","31.9672","-94.0002","57.9","2021-10-26",,,"0.00",",,7,0700",,,,
"USC00165522","31.9672","-94.0002","57.9","2021-10-27",,,"0.00",",,7,0700",,,,
"USC00165522","31.9672","-94.0002","57.9","2021-10-28",,,"1.05",",,7,0700",,,,
"USC00165522","31.9672","-94.0002","57.9","2021-10-29",,,"0.00",",,7,0700",,,,
"USC00165522","31.9672","-94.0002","57.9","2021-10-30",,,"0.00",",,7,0700",,,,
"USC00165522","31.9672","-94.0002","57.9","2021-10-31",,,"0.00",",,7,0700",,,,
"USC00165522","31.9672","-94.0002","57.9","2021-11-01",,,"0.00",",,H,0700",,,,
"USC00165522","31.9672","-94.0002","57.9","2021-11-02",,,"0.00",",,H,0700",,,,
"USC00165522","31.9672","-94.0002","57.9","2021-11-03",,,"0.00",",,H,0700",,,,
"USC00165522","31.9672","-94.0002","57.9","2021-11-04",,,"0.46",",,H,0700",,,,
"USC00165522","31.9672","-94.0002","57.9","2021-11-05",,,"0.02",",,H,0700",,,,
"USC00165522","31.9672","-94.0002","57.9","2021-11-06",,,"0.00",",,H,0700",,,,
"USC00165522","31.9672","-94.0002","57.9","2021-11-07",,,"0.00",",,H,0700",,,,
"USC00165522","31.9672","-94.0002","57.9","2021-11-08",,,"0.00",",,H,0700",,,,
"USC00165522","31.9672","-94.0002","57.9","2021-11-09",,,"0.00",",,H,0700",,,,
"USC00165522","31.9672","-94.0002","57.9","2021-11-10",,,"0.00",",,H,0700",,,,
"USC00165522","31.9672","-94.0002","57.9","2021-11-11",,,"0.84",",,H,0700",,,,
"USC00165522","31.9672","-94.0002","57.9","2021-11-12",,,"0.00",",,H,0700",,,,
"USC00165522","31.9672","-94.0002","57.9","2021-11-13",,,"0.00",",,H,0700",,,,
"USC00165522","31.9672","-94.0002","57.9","2021-11-14",,,"0.00",",,H,0700",,,,
"USC00165522","31.9672","-94.0002","57.9","2021-11-15",,,"0.00",",,H,0700",,,,
"USC00165522","31.9672","-94.0002","57.9","2021-11-16",,,"0.00",",,H,0700",,,,
"USC00165522","31.9672","-94.0002","57.9","2021-11-17",,,"0.00",",,H,0700",,,,
"USC00165522","31.9672","-94.0002","57.9","2021-11-19",,,"0.00",",,H,0700",,,,
"USC00165522","31.9672","-94.0002","57.9","2021-11-20",,,"0.00",",,H,0700",,,,
"USC00165522","31.9672","-94.0002","57.9","2021-11-21",,,"0.00",",,H,0700",,,,
"USC00165522","31.9672","-94.0002","57.9","2021-11-22",,,"0.10",",,H,0700",,,,
"USC00165522","31.9672","-94.0002","57.9","2021-11-23",,,"0.00",",,H,0700",,,,
"USC00165522","31.9672","-94.0002","57.9","2021-11-24",,,"0.00",",,H,0700",,,,
"USC00165522","31.9672","-94.0002","57.9","2021-11-26",,,"0.04",",,H,0700",,,,
"USC00165522","31.9672","-94.0002","57.9","2021-11-27",,,"0.00",",,H,0700",,,,
"USC00165522","31.9672","-94.0002","57.9","2021-11-28",,,"0.31",",,H,0700",,,,
"USW00012968","29.56222","-91.52556","1.2","2021-08-01","4.47",",,W","0.00",",,W",,,,
"USW00012968","29.56222","-91.52556","1.2","2021-08-02","3.36",",,W","0.10",",,W",,,,
"USW00012968","29.56222","-91.52556","1.2","2021-08-03","3.13",",,W","1.41",",,W",,,,
"USW00012968","29.56222","-91.52556","1.2","2021-08-04","2.01",",,W","0.03",",,W",,,,
"USW00012968","29.56222","-91.52556","1.2","2021-08-05","2.01",",,W","0.00",",,W",,,,
"USW00012968","29.56222","-91.52556","1.2","2021-08-06","1.12",",,W","0.00",",,W",,,,
"USW00012968","29.56222","-91.52556","1.2","2021-08-07","1.57",",,W","0.00",",,W",,,,
"USW00012968","29.56222","-91.52556","1.2","2021-08-08","3.80",",,W","0.00",",,W",,,,
"USW00012968","29.56222","-91.52556","1.2","2021-08-09","2.46",",,W","0.00",",,W",,,,
"USW00012968","29.56222","-91.52556","1.2","2021-08-10","2.24",",,W","0.04",",,W",,,,
"USW00012968","29.56222","-91.52556","1.2","2021-08-11","2.24",",,W","0.86",",,W",,,,
"USW00012968","29.56222","-91.52556","1.2","2021-08-12","1.79",",,W","0.00",",,W",,,,
"USW00012968","29.56222","-91.52556","1.2","2021-08-13","2.01",",,W","0.01",",,W",,,,
"USW00012968","29.56222","-91.52556","1.2","2021-08-14","2.24",",,W","0.00",",,W",,,,
"USW00012968","29.56222","-91.52556","1.2","2021-08-15","1.79",",,W","0.00",",,W",,,,
"USW00012968","29.56222","-91.52556","1.2","2021-08-16","1.79",",,W","0.56",",,W",,,,
"USW00012968","29.56222","-91.52556","1.2","2021-08-17","1.57",",,W","0.01",",,W",,,,
"USW00012968","29.56222","-91.52556","1.2","2021-08-18","2.01",",,W","0.00",",,W",,,,
"USW00012968","29.56222","-91.52556","1.2","2021-08-19","2.46",",,W","0.00",",,W",,,,
"USW00012968","29.56222","-91.52556","1.2","2021-08-20","2.46",",,W","0.00",",,W",,,,
"USW00012968","29.56222","-91.52556","1.2","2021-08-21","2.91",",,W","0.00",",,W",,,,
"USW00012968","29.56222","-91.52556","1.2","2021-08-22","3.36",",,W","0.00",",,W",,,,
"USW00012968","29.56222","-91.52556","1.2","2021-08-23","4.25",",,W","0.00",",,W",,,,
"USW00012968","29.56222","-91.52556","1.2","2021-08-24","3.13",",,W","0.18",",,W",,,,
"USW00012968","29.56222","-91.52556","1.2","2021-08-25","1.34",",,W","0.01",",,W",,,,
"USW00012968","29.56222","-91.52556","1.2","2021-08-26","2.46",",,W","0.94",",,W",,,,
"USW00012968","29.56222","-91.52556","1.2","2021-08-27","3.36",",,W","0.51",",,W",,,,
"USW00012968","29.56222","-91.52556","1.2","2021-08-28","3.13",",,W","0.87",",,W",,,,
"USW00012968","29.56222","-91.52556","1.2","2021-09-22","2.01",",,W","0.00",",,W",,,,
"USW00012968","29.56222","-91.52556","1.2","2021-09-24","0.67",",,W","0.00",",,W",,,,
"USW00012968","29.56222","-91.52556","1.2","2021-09-25","2.01",",,W","0.01",",,W",,,,
"USW00012968","29.56222","-91.52556","1.2","2021-09-26","2.46",",,W","0.00",",,W",,,,
"USW00012968","29.56222","-91.52556","1.2","2021-09-27","4.25",",,W","0.13",",,W",,,,
"USW00012968","29.56222","-91.52556","1.2","2021-09-28","3.80",",,W","1.76",",,W",,,,
"USW00012968","29.56222","-91.52556","1.2","2021-09-29","4.92",",,W","0.51",",,W",,,,
"USW00012968","29.56222","-91.52556","1.2","2021-09-30","2.91",",,W","0.03",",,W",,,,
"USW00012968","29.56222","-91.52556","1.2","2021-10-01","3.80",",,W","0.00",",,W",,,,
"USW00012968","29.56222","-91.52556","1.2","2021-10-02","3.13",",,W","0.00",",,W",,,,
"USW00012968","29.56222","-91.52556","1.2","2021-10-03","1.79",",,W","0.01",",,W",,,,
"USW00012968","29.56222","-91.52556","1.2","2021-10-04","2.24",",,W","0.00",",,W",,,,
"USW00012968","29.56222","-91.52556","1.2","2021-10-05","2.46",",,W","0.00",",,W",,,,
"USW00012968","29.56222","-91.52556","1.2","2021-10-06","2.91",",,W","0.01",",,W",,,,
"USW00012968","29.56222","-91.52556","1.2","2021-10-07","1.79",",,W","0.00",",,W",,,,
"USW00012968","29.56222","-91.52556","1.2","2021-10-08","1.79",",,W","0.00",",,W",,,,
"USW00012968","29.56222","-91.52556","1.2","2021-10-09","1.57",",,W","0.01",",,W",,,,
"USW00012968","29.56222","-91.52556","1.2","2021-10-11","3.36",",,W","0.00",",,W",,,,
"USW00012968","29.56222","-91.52556","1.2","2021-10-12","4.03",",,W","0.00",",,W",,,,
"USW00012968","29.56222","-91.52556","1.2","2021-10-13","4.92",",,W","0.00",",,W",,,,
"USW00012968","29.56222","-91.52556","1.2","2021-10-14","4.70",",,W","0.00",",,W",,,,
"USW00012968","29.56222","-91.52556","1.2","2021-10-15","2.46",",,W","0.00",",,W",,,,
"USW00012968","29.56222","-91.52556","1.2","2021-10-16","8.05",",,W","0.06",",,W",,,,
"USW00012968","29.56222","-91.52556","1.2","2021-10-17","2.68",",,W","0.00",",,W",,,,
"USW00012968","29.56222","-91.52556","1.2","2021-10-18","1.57",",,W","0.00",",,W",,,,
"USW00012968","29.56222","-91.52556","1.2","2021-10-19","3.36",",,W","0.01",",,W",,,,
"USW00012968","29.56222","-91.52556","1.2","2021-10-21","1.79",",,W","0.01",",,W",,,,
"USW00012968","29.56222","-91.52556","1.2","2021-10-22","1.57",",,W","0.01",",,W",,,,
"USW00012968","29.56222","-91.52556","1.2","2021-10-23","4.92",",,W","0.00",",,W",,,,
"USW00012968","29.56222","-91.52556","1.2","2021-10-24","4.47",",,W","0.01",",,W",,,,
"USW00012968","29.56222","-91.52556","1.2","2021-10-25","2.91",",,W","0.01",",,W",,,,
"USW00012968","29.56222","-91.52556","1.2","2021-10-26","3.58",",,W","0.01",",,W",,,,
"USW00012968","29.56222","-91.52556","1.2","2021-10-27","7.61",",,W","1.52",",,W",,,,
"USW00012968","29.56222","-91.52556","1.2","2021-10-28","14.99",",,W","0.00",",,W",,,,
"USW00012968","29.56222","-91.52556","1.2","2021-10-29","12.30",",,W","0.00",",,W",,,,
"USW00012968","29.56222","-91.52556","1.2","2021-10-30","4.47",",,W","0.00",",,W",,,,
"USW00012968","29.56222","-91.52556","1.2","2021-10-31","2.01",",,W","0.00",",,W",,,,
"USW00012968","29.56222","-91.52556","1.2","2021-11-01","1.79",",,W","0.01",",,W",,,,
"USW00012968","29.56222","-91.52556","1.2","2021-11-02","1.57",",,W","0.01",",,W",,,,
"USW00012968","29.56222","-91.52556","1.2","2021-11-03","2.91",",,W","0.01",",,W",,,,
"USW00012968","29.56222","-91.52556","1.2","2021-11-04","6.04",",,W","0.00",",,W",,,,
"USW00012968","29.56222","-91.52556","1.2","2021-11-05","4.47",",,W","0.00",",,W",,,,
"USW00012968","29.56222","-91.52556","1.2","2021-11-06","4.70",",,W","0.00",",,W",,,,
"USW00012968","29.56222","-91.52556","1.2","2021-11-07","2.01",",,W","0.01",",,W",,,,
"USW00012968","29.56222","-91.52556","1.2","2021-11-08","1.57",",,W","0.01",",,W",,,,
"USW00012968","29.56222","-91.52556","1.2","2021-11-09","1.34",",,W","0.01",",,W",,,,
"USW00012968","29.56222","-91.52556","1.2","2021-11-12","2.46",",,W","0.02",",,W",,,,
"USW00012968","29.56222","-91.52556","1.2","2021-11-13","5.37",",,W","0.00",",,W",,,,
"USW00012968","29.56222","-91.52556","1.2","2021-11-14","1.79",",,W","0.00",",,W",,,,
"USW00012968","29.56222","-91.52556","1.2","2021-11-15","1.79",",,W","0.00",",,W",,,,
"USW00012968","29.56222","-91.52556","1.2","2021-11-16","4.92",",,W","0.01",",,W",,,,
"USW00012968","29.56222","-91.52556","1.2","2021-11-17","4.03",",,W","0.01",",,W",,,,
"USW00012968","29.56222","-91.52556","1.2","2021-11-18","6.04",",,W","0.05",",,W",,,,
"USW00012968","29.56222","-91.52556","1.2","2021-11-19","3.80",",,W","0.00",",,W",,,,
"USW00012968","29.56222","-91.52556","1.2","2021-11-20","2.01",",,W","0.00",",,W",,,,
"USW00012968","29.56222","-91.52556","1.2","2021-11-21","2.46",",,W","0.02",",,W",,,,
"USW00012968","29.56222","-91.52556","1.2","2021-11-22","6.26",",,W","0.01",",,W",,,,
"USW00012968","29.56222","-91.52556","1.2","2021-11-23","3.58",",,W","0.00",",,W",,,,
"USW00012968","29.56222","-91.52556","1.2","2021-11-24","5.59",",,W","0.00",",,W",,,,
"USW00012968","29.56222","-91.52556","1.2","2021-11-25","3.80",",,W","0.06",",,W",,,,
"USW00012968","29.56222","-91.52556","1.2","2021-11-26","4.92",",,W","0.00",",,W",,,,
"USW00012968","29.56222","-91.52556","1.2","2021-11-27","0.67",",,W","0.01",",,W",,,,
"USW00012968","29.56222","-91.52556","1.2","2021-11-28","3.58",",,W","0.24",",,W",,,,
"USW00013935","31.3953","-92.2907","36.0","2021-08-01","3.36",",,W","0.00",",,W,",,,,
"USW00013935","31.3953","-92.2907","36.0","2021-08-02","2.01",",,W","0.28",",,W,",,,,
"USW00013935","31.3953","-92.2907","36.0","2021-08-03","2.46",",,W","0.00","T,,W,",,,,
"USW00013935","31.3953","-92.2907","36.0","2021-08-04","3.13",",,W","0.00",",,W,",,,,
"USW00013935","31.3953","-92.2907","36.0","2021-08-05","2.01",",,W","0.00",",,W,",,,,
"USW00013935","31.3953","-92.2907","36.0","2021-08-06","1.57",",,W","0.00",",,W,",,,,
"USW00013935","31.3953","-92.2907","36.0","2021-08-07","2.01",",,W","0.00",",,W,",,,,
"USW00013935","31.3953","-92.2907","36.0","2021-08-08","4.03",",,W","0.17",",,W,",,,,
"USW00013935","31.3953","-92.2907","36.0","2021-08-09","3.13",",,W","0.00",",,W,",,,,
"USW00013935","31.3953","-92.2907","36.0","2021-08-10","4.03",",,W","0.00",",,W,",,,,
"USW00013935","31.3953","-92.2907","36.0","2021-08-11","2.46",",,W","0.00",",,W,",,,,
"USW00013935","31.3953","-92.2907","36.0","2021-08-12","2.01",",,W","0.00",",,W,",,,,
"USW00013935","31.3953","-92.2907","36.0","2021-08-13","1.34",",,W","0.17",",,W,",,,,
"USW00013935","31.3953","-92.2907","36.0","2021-08-14","2.01",",,W","0.85",",,W,",,,,
"USW00013935","31.3953","-92.2907","36.0","2021-08-15","2.01",",,W","0.00",",,W,",,,,
"USW00013935","31.3953","-92.2907","36.0","2021-08-16","1.12",",,W","0.00",",,W,",,,,
"USW00013935","31.3953","-92.2907","36.0","2021-08-17","2.68",",,W","0.00",",,W,",,,,
"USW00013935","31.3953","-92.2907","36.0","2021-08-18",,,"0.42",",,W,",,,,
"USW00013935","31.3953","-92.2907","36.0","2021-08-19",,,"0.00",",,W,",,,,
"USW00013935","31.3953","-92.2907","36.0","2021-08-20",,,"0.00","T,,W,",,,,
"USW00013935","31.3953","-92.2907","36.0","2021-08-21","3.36",",,W","0.00",",,W,",,,,
"USW00013935","31.3953","-92.2907","36.0","2021-08-22","2.46",",,W","0.00",",,W,",,,,
"USW00013935","31.3953","-92.2907","36.0","2021-08-23","2.24",",,W","0.00",",,W,",,,,
"USW00013935","31.3953","-92.2907","36.0","2021-08-24","2.01",",,W","0.00",",,W,",,,,
"USW00013935","31.3953","-92.2907","36.0","2021-08-25","2.01",",,W","0.00",",,W,",,,,
"USW00013935","31.3953","-92.2907","36.0","2021-08-26","3.80",",,W","0.45",",,W,",,,,
"USW00013935","31.3953","-92.2907","36.0","2021-08-27","3.80",",,W","0.07",",,W,",,,,
"USW00013935","31.3953","-92.2907","36.0","2021-08-28","5.14",",,W","0.06",",,W,",,,,
"USW00013935","31.3953","-92.2907","36.0","2021-08-29","6.04",",,W","0.00","T,,W,",,,,
"USW00013935","31.3953","-92.2907","36.0","2021-08-30","7.83",",,W","0.16",",,W,",,,,
"USW00013935","31.3953","-92.2907","36.0","2021-08-31","2.68",",,W","0.00",",,W,",,,,
"USW00013935","31.3953","-92.2907","36.0","2021-09-01","3.13",",,W","0.00",",,W,",,,,
"USW00013935","31.3953","-92.2907","36.0","2021-09-02","1.79",",,W","0.00",",,W,",,,,
"USW00013935","31.3953","-92.2907","36.0","2021-09-03","1.57",",,W","0.00",",,W,",,,,
"USW00013935","31.3953","-92.2907","36.0","2021-09-04","1.12",",,W","0.00","T,,W,",,,,
"USW00013935","31.3953","-92.2907","36.0","2021-09-05","4.25",",,W","0.45",",,W,",,,,
"USW00013935","31.3953","-92.2907","36.0","2021-09-06","2.24",",,W","0.57",",,W,",,,,
"USW00013935","31.3953","-92.2907","36.0","2021-09-07","2.01",",,W","0.00",",,W,",,,,
"USW00013935","31.3953","-92.2907","36.0","2021-09-08","1.12",",,W","0.00",",,W,",,,,
"USW00013935","31.3953","-92.2907","36.0","2021-09-09","2.24",",,W","0.00",",,W,",,,,
"USW00013935","31.3953","-92.2907","36.0","2021-09-10","2.24",",,W","0.00",",,W,",,,,
"USW00013935","31.3953","-92.2907","36.0","2021-09-11","2.01",",,W","0.00",",,W,",,,,
"USW00013935","31.3953","-92.2907","36.0","2021-09-12","4.92",",,W","0.00",",,W,",,,,
"USW00013935","31.3953","-92.2907","36.0","2021-09-13","3.36",",,W","0.00","T,,W,",,,,
"USW00013935","31.3953","-92.2907","36.0","2021-09-14","7.38",",,W","0.00","T,,W,",,,,
"USW00013935","31.3953","-92.2907","36.0","2021-09-15","6.93",",,W","0.32",",,W,",,,,
"USW00013935","31.3953","-92.2907","36.0","2021-09-16","4.70",",,W","0.05",",,W,",,,,
"USW00013935","31.3953","-92.2907","36.0","2021-09-17","3.80",",,W","0.00",",,W,",,,,
"USW00013935","31.3953","-92.2907","36.0","2021-09-18","1.79",",,W","0.00",",,W,",,,,
"USW00013935","31.3953","-92.2907","36.0","2021-09-19","1.12",",,W","0.16",",,W,",,,,
"USW00013935","31.3953","-92.2907","36.0","2021-09-20","1.57",",,W","0.00",",,W,",,,,
"USW00013935","31.3953","-92.2907","36.0","2021-09-21","2.68",",,W","0.64",",,W,",,,,
"USW00013935","31.3953","-92.2907","36.0","2021-09-22","5.82",",,W","0.00","T,,W,",,,,
"USW00013935","31.3953","-92.2907","36.0","2021-09-23","0.89",",,W","0.00",",,W,",,,,
"USW00013935","31.3953","-92.2907","36.0","2021-09-24","1.79",",,W","0.00",",,W,",,,,
"USW00013935","31.3953","-92.2907","36.0","2021-09-25","1.34",",,W","0.00",",,W,",,,,
"USW00013935","31.3953","-92.2907","36.0","2021-09-26","1.57",",,W","0.00",",,W,",,,,
"USW00013935","31.3953","-92.2907","36.0","2021-09-27","2.91",",,W","0.00",",,W,",,,,
"USW00013935","31.3953","-92.2907","36.0","2021-09-28","3.13",",,W","0.43",",,W,",,,,
"USW00013935","31.3953","-92.2907","36.0","2021-09-29","2.46",",,W","0.01",",,W,",,,,
"USW00013935","31.3953","-92.2907","36.0","2021-09-30","4.03",",,W","0.03",",,W,",,,,
"USW00013935","31.3953","-92.2907","36.0","2021-10-01","2.68",",,W","0.12",",,W,",,,,
"USW00013935","31.3953","-92.2907","36.0","2021-10-02","2.68",",,W","0.11",",,W,",,,,
"USW00013935","31.3953","-92.2907","36.0","2021-10-03","1.34",",,W","0.07",",,W,",,,,
"USW00013935","31.3953","-92.2907","36.0","2021-10-04","1.34",",,W","0.00",",,W,",,,,
"USW00013935","31.3953","-92.2907","36.0","2021-10-05","2.68",",,W","0.00",",,W,",,,,
"USW00013935","31.3953","-92.2907","36.0","2021-10-06","1.12",",,W","0.00",",,W,",,,,
"USW00013935","31.3953","-92.2907","36.0","2021-10-07","1.12",",,W","0.00",",,W,",,,,
"USW00013935","31.3953","-92.2907","36.0","2021-10-08","1.12",",,W","0.00",",,W,",,,,
"USW00013935","31.3953","-92.2907","36.0","2021-10-09","1.34",",,W","0.00",",,W,",,,,
"USW00013935","31.3953","-92.2907","36.0","2021-10-10","4.92",",,W","0.00",",,W,",,,,
"USW00013935","31.3953","-92.2907","36.0","2021-10-11","5.14",",,W","0.00","T,,W,",,,,
"USW00013935","31.3953","-92.2907","36.0","2021-10-12","2.46",",,W","0.23",",,W,",,,,
"USW00013935","31.3953","-92.2907","36.0","2021-10-13","4.70",",,W","0.00",",,W,",,,,
"USW00013935","31.3953","-92.2907","36.0","2021-10-14","3.36",",,W","0.00",",,W,",,,,
"USW00013935","31.3953","-92.2907","36.0","2021-10-15","4.92",",,W","0.00",",,W,",,,,
"USW00013935","31.3953","-92.2907","36.0","2021-10-16","4.92",",,W","0.00",",,W,",,,,
"USW00013935","31.3953","-92.2907","36.0","2021-10-17","1.79",",,W","0.00",",,W,",,,,
"USW00013935","31.3953","-92.2907","36.0","2021-10-18","1.79",",,W","0.00",",,W,",,,,
"USW00013935","31.3953","-92.2907","36.0","2021-10-19","2.01",",,W","0.00",",,W,",,,,
"USW00013935","31.3953","-92.2907","36.0","2021-10-20","1.57",",,W","0.00",",,W,",,,,
"USW00013935","31.3953","-92.2907","36.0","2021-10-21","0.89",",,W","0.00","T,,W,",,,,
"USW00013935","31.3953","-92.2907","36.0","2021-10-22","1.79",",,W","0.00",",,W,",,,,
"USW00013935","31.3953","-92.2907","36.0","2021-10-23","2.46",",,W","0.00",",,W,",,,,
"USW00013935","31.3953","-92.2907","36.0","2021-10-24","4.25",",,W","0.00",",,W,",,,,
"USW00013935","31.3953","-92.2907","36.0","2021-10-25","2.01",",,W","0.00",",,W,",,,,
"USW00013935","31.3953","-92.2907","36.0","2021-10-26","2.68",",,W","0.00",",,W,",,,,
"USW00013935","31.3953","-92.2907","36.0","2021-10-27","5.82",",,W","0.63",",,W,",,,,
"USW00013935","31.3953","-92.2907","36.0","2021-10-28","8.05",",,W","0.00",",,W,",,,,
"USW00013935","31.3953","-92.2907","36.0","2021-10-29","6.49",",,W","0.00",",,W,",,,,
"USW00013935","31.3953","-92.2907","36.0","2021-10-30","2.68",",,W","0.00",",,W,",,,,
"USW00013935","31.3953","-92.2907","36.0","2021-10-31","1.34",",,W","0.00",",,W,",,,,
"USW00013935","31.3953","-92.2907","36.0","2021-11-01","0.89",",,W","0.00",",,W,",,,,
"USW00013935","31.3953","-92.2907","36.0","2021-11-02","2.91",",,W","0.00",",,W,",,,,
"USW00013935","31.3953","-92.2907","36.0","2021-11-03","4.70",",,W","0.23",",,W,",,,,
"USW00013935","31.3953","-92.2907","36.0","2021-11-04","3.58",",,W","0.00",",,W,",,,,
"USW00013935","31.3953","-92.2907","36.0","2021-11-05","2.46",",,W","0.00",",,W,",,,,
"USW00013935","31.3953","-92.2907","36.0","2021-11-06","0.89",",,W","0.00",",,W,",,,,
"USW00013935","31.3953","-92.2907","36.0","2021-11-07","1.12",",,W","0.00",",,W,",,,,
"USW00013935","31.3953","-92.2907","36.0","2021-11-08","0.89",",,W","0.00",",,W,",,,,
"USW00013935","31.3953","-92.2907","36.0","2021-11-09","0.67",",,W","0.00",",,W,",,,,
"USW00013935","31.3953","-92.2907","36.0","2021-11-10","3.58",",,W","0.00",",,W,",,,,
"USW00013935","31.3953","-92.2907","36.0","2021-11-11","3.80",",,W","0.39",",,W,",,,,
"USW00013935","31.3953","-92.2907","36.0","2021-11-12","2.46",",,W","0.00",",,W,",,,,
"USW00013935","31.3953","-92.2907","36.0","2021-11-13","3.36",",,W","0.00",",,W,",,,,
"USW00013935","31.3953","-92.2907","36.0","2021-11-14","2.91",",,W","0.00",",,W,",,,,
"USW00013935","31.3953","-92.2907","36.0","2021-11-15","1.57",",,W","0.00",",,W,",,,,
"USW00013935","31.3953","-92.2907","36.0","2021-11-16","4.92",",,W","0.00",",,W,",,,,
"USW00013935","31.3953","-92.2907","36.0","2021-11-17","5.82",",,W","0.00",",,W,",,,,
"USW00013935","31.3953","-92.2907","36.0","2021-11-18","5.14",",,W","0.00","T,,W,",,,,
"USW00013935","31.3953","-92.2907","36.0","2021-11-19","3.80",",,W","0.00",",,W,",,,,
"USW00013935","31.3953","-92.2907","36.0","2021-11-20","1.57",",,W","0.00",",,W,",,,,
"USW00013935","31.3953","-92.2907","36.0","2021-11-21","3.80",",,W","0.23",",,W,",,,,
"USW00013935","31.3953","-92.2907","36.0","2021-11-22","4.92",",,W","0.00","T,,W,",,,,
"USW00013935","31.3953","-92.2907","36.0","2021-11-23","1.79",",,W","0.00",",,W,",,,,
"USW00013935","31.3953","-92.2907","36.0","2021-11-24","3.80",",,W","0.00",",,W,",,,,
"USW00013935","31.3953","-92.2907","36.0","2021-11-25","4.03",",,W","0.13",",,W,",,,,
"USW00013935","31.3953","-92.2907","36.0","2021-11-26","3.80",",,W","0.00",",,W,",,,,
"USW00013935","31.3953","-92.2907","36.0","2021-11-27","1.12",",,W","0.04",",,W,",,,,
"USW00013935","31.3953","-92.2907","36.0","2021-11-28","1.34",",,W","0.04",",,W,",,,,
"US1LACD0012","32.3586669","-93.855524","67.7","2021-08-01",,,"0.00",",,N","0.0",",,N",,
"US1LACD0012","32.3586669","-93.855524","67.7","2021-08-02",,,"0.29",",,N",,,,
"US1LACD0012","32.3586669","-93.855524","67.7","2021-08-03",,,"0.32",",,N",,,,
"US1LACD0012","32.3586669","-93.855524","67.7","2021-08-04",,,"0.00",",,N","0.0",",,N",,
"US1LACD0012","32.3586669","-93.855524","67.7","2021-08-05",,,"0.00",",,N","0.0",",,N",,
"US1LACD0012","32.3586669","-93.855524","67.7","2021-08-06",,,"0.00",",,N","0.0",",,N",,
"US1LACD0012","32.3586669","-93.855524","67.7","2021-08-07",,,"0.00",",,N","0.0",",,N",,
"US1LACD0012","32.3586669","-93.855524","67.7","2021-08-08",,,"0.00",",,N","0.0",",,N",,
"US1LACD0012","32.3586669","-93.855524","67.7","2021-08-09",,,"0.00",",,N","0.0",",,N",,
"US1LACD0012","32.3586669","-93.855524","67.7","2021-08-10",,,"0.00",",,N","0.0",",,N",,
"US1LACD0012","32.3586669","-93.855524","67.7","2021-08-11",,,"0.00",",,N","0.0",",,N",,
"US1LACD0012","32.3586669","-93.855524","67.7","2021-08-12",,,"0.00",",,N","0.0",",,N",,
"US1LACD0012","32.3586669","-93.855524","67.7","2021-08-13",,,"0.00",",,N","0.0",",,N",,
"US1LACD0012","32.3586669","-93.855524","67.7","2021-08-14",,,"0.00",",,N","0.0",",,N",,
"US1LACD0012","32.3586669","-93.855524","67.7","2021-08-15",,,"0.00",",,N","0.0",",,N",,
"US1LACD0012","32.3586669","-93.855524","67.7","2021-08-16",,,"0.00",",,N","0.0",",,N",,
"US1LACD0012","32.3586669","-93.855524","67.7","2021-08-17",,,"0.00","T,,N",,,,
"US1LACD0012","32.3586669","-93.855524","67.7","2021-08-18",,,"0.17",",,N",,,,
"US1LACD0012","32.3586669","-93.855524","67.7","2021-08-19",,,"0.73",",,N",,,,
"US1LACD0012","32.3586669","-93.855524","67.7","2021-08-20",,,"0.18",",,N",,,,
"US1LACD0012","32.3586669","-93.855524","67.7","2021-08-22",,,"0.00",",,N","0.0",",,N",,
"US1LACD0012","32.3586669","-93.855524","67.7","2021-08-23",,,"0.00",",,N","0.0",",,N",,
"US1LACD0012","32.3586669","-93.855524","67.7","2021-08-24",,,"0.00",",,N","0.0",",,N",,
"US1LACD0012","32.3586669","-93.855524","67.7","2021-08-25",,,"0.00",",,N","0.0",",,N",,
"US1LACD0012","32.3586669","-93.855524","67.7","2021-08-26",,,"0.00",",,N","0.0",",,N",,
"US1LACD0012","32.3586669","-93.855524","67.7","2021-08-27",,,"0.00","T,,N",,,,
"US1LACD0012","32.3586669","-93.855524","67.7","2021-08-28",,,"0.00",",,N","0.0",",,N",,
"US1LACD0012","32.3586669","-93.855524","67.7","2021-08-29",,,"0.01",",,N",,,,
"US1LACD0012","32.3586669","-93.855524","67.7","2021-08-30",,,"0.46",",,N",,,,
"US1LACD0012","32.3586669","-93.855524","67.7","2021-08-31",,,"0.00","T,,N",,,,
"US1LACD0012","32.3586669","-93.855524","67.7","2021-09-01",,,"0.00","T,,N",,,,
"US1LACD0012","32.3586669","-93.855524","67.7","2021-09-02",,,"0.00",",,N","0.0",",,N",,
"US1LACD0012","32.3586669","-93.855524","67.7","2021-09-03",,,"0.52",",,N",,,,
"US1LACD0012","32.3586669","-93.855524","67.7","2021-09-04",,,"0.00","T,,N",,,,
"US1LACD0012","32.3586669","-93.855524","67.7","2021-09-05",,,"0.00",",,N","0.0",",,N",,
"US1LACD0012","32.3586669","-93.855524","67.7","2021-09-06",,,"0.02",",,N",,,,
"US1LACD0012","32.3586669","-93.855524","67.7","2021-09-07",,,"0.00",",,N","0.0",",,N",,
"US1LACD0012","32.3586669","-93.855524","67.7","2021-09-08",,,"0.00",",,N","0.0",",,N",,
"US1LACD0012","32.3586669","-93.855524","67.7","2021-09-09",,,"0.00",",,N","0.0",",,N",,
"US1LACD0012","32.3586669","-93.855524","67.7","2021-09-11",,,"0.00",",,N","0.0",",,N",,
"US1LACD0012","32.3586669","-93.855524","67.7","2021-09-16",,,,,,,,
"US1LACD0012","32.3586669","-93.855524","67.7","2021-09-17",,,"0.00",",,N","0.0",",,N",,
"US1LACD0012","32.3586669","-93.855524","67.7","2021-09-18",,,"0.21",",,N",,,,
"US1LACD0012","32.3586669","-93.855524","67.7","2021-09-19",,,"0.97",",,N",,,,
"US1LACD0012","32.3586669","-93.855524","67.7","2021-09-20",,,"0.01",",,N",,,,
"US1LACD0012","32.3586669","-93.855524","67.7","2021-09-21",,,"0.00",",,N","0.0",",,N",,
"US1LACD0012","32.3586669","-93.855524","67.7","2021-09-22",,,"0.00",",,N","0.0",",,N",,
"US1LACD0012","32.3586669","-93.855524","67.7","2021-09-23",,,"0.00",",,N","0.0",",,N",,
"US1LACD0012","32.3586669","-93.855524","67.7","2021-09-24",,,"0.00",",,N","0.0",",,N",,
"US1LACD0012","32.3586669","-93.855524","67.7","2021-09-25",,,"0.00",",,N","0.0",",,N",,
"US1LACD0012","32.3586669","-93.855524","67.7","2021-09-26",,,"0.00",",,N","0.0",",,N",,
"US1LACD0012","32.3586669","-93.855524","67.7","2021-09-27",,,"0.00",",,N","0.0",",,N",,
"US1LACD0012","32.3586669","-93.855524","67.7","2021-09-28",,,"0.00",",,N","0.0",",,N",,
"US1LACD0012","32.3586669","-93.855524","67.7","2021-09-29",,,"0.09",",,N",,,,
"US1LACD0012","32.3586669","-93.855524","67.7","2021-09-30",,,"0.01",",,N",,,,
"US1LACD0012","32.3586669","-93.855524","67.7","2021-10-01",,,"0.00","T,,N",,,,
"US1LACD0012","32.3586669","-93.855524","67.7","2021-10-02",,,"0.84",",,N",,,,
"US1LACD0012","32.3586669","-93.855524","67.7","2021-10-03",,,"0.09",",,N",,,,
"US1LACD0012","32.3586669","-93.855524","67.7","2021-10-04",,,"0.00","T,,N",,,,
"US1LACD0012","32.3586669","-93.855524","67.7","2021-10-05",,,"0.00",",,N","0.0",",,N",,
"US1LACD0012","32.3586669","-93.855524","67.7","2021-10-06",,,"0.00",",,N","0.0",",,N",,
"US1LACD0012","32.3586669","-93.855524","67.7","2021-10-08",,,"0.00",",,N","0.0",",,N",,
"US1LACD0012","32.3586669","-93.855524","67.7","2021-10-09",,,"0.00",",,N","0.0",",,N",,
"US1LACD0012","32.3586669","-93.855524","67.7","2021-10-10",,,"0.00",",,N","0.0",",,N",,
"US1LACD0012","32.3586669","-93.855524","67.7","2021-10-11",,,"0.05",",,N",,,,
"US1LACD0012","32.3586669","-93.855524","67.7","2021-10-12",,,"0.00",",,N","0.0",",,N",,
"US1LACD0012","32.3586669","-93.855524","67.7","2021-10-13",,,"0.20",",,N",,,,
"US1LACD0012","32.3586669","-93.855524","67.7","2021-10-14",,,"0.00","T,,N",,,,
"US1LACD0012","32.3586669","-93.855524","67.7","2021-10-15",,,"0.02",",,N",,,,
"US1LACD0012","32.3586669","-93.855524","67.7","2021-10-16",,,"0.00",",,N","0.0",",,N",,
"US1LACD0012","32.3586669","-93.855524","67.7","2021-10-17",,,"0.00",",,N","0.0",",,N",,
"US1LACD0012","32.3586669","-93.855524","67.7","2021-10-18",,,"0.00",",,N","0.0",",,N",,
"US1LACD0012","32.3586669","-93.855524","67.7","2021-10-19",,,"0.00",",,N","0.0",",,N",,
"US1LACD0012","32.3586669","-93.855524","67.7","2021-10-20",,,"0.00",",,N","0.0",",,N",,
"US1LACD0012","32.3586669","-93.855524","67.7","2021-10-21",,,"0.00",",,N","0.0",",,N",,
"US1LACD0012","32.3586669","-93.855524","67.7","2021-10-22",,,"0.00",",,N","0.0",",,N",,
"US1LACD0012","32.3586669","-93.855524","67.7","2021-10-23",,,"0.00",",,N","0.0",",,N",,
"US1LACD0012","32.3586669","-93.855524","67.7","2021-10-24",,,"0.00",",,N","0.0",",,N",,
"US1LACD0012","32.3586669","-93.855524","67.7","2021-10-25",,,"0.00",",,N","0.0",",,N",,
"US1LACD0012","32.3586669","-93.855524","67.7","2021-10-26",,,"0.00",",,N","0.0",",,N",,
"US1LACD0012","32.3586669","-93.855524","67.7","2021-10-27",,,"0.01",",,N",,,,
"US1LACD0012","32.3586669","-93.855524","67.7","2021-10-28",,,"1.27",",,N",,,,
"US1LACD0012","32.3586669","-93.855524","67.7","2021-10-29",,,"0.00","T,,N",,,,
"US1LACD0012","32.3586669","-93.855524","67.7","2021-10-30",,,"0.00",",,N","0.0",",,N",,
"US1LACD0012","32.3586669","-93.855524","67.7","2021-10-31",,,"0.00",",,N","0.0",",,N",,
"US1LACD0012","32.3586669","-93.855524","67.7","2021-11-01",,,"0.00",",,N","0.0",",,N",,
"US1LACD0012","32.3586669","-93.855524","67.7","2021-11-02",,,"0.00",",,N","0.0",",,N",,
"US1LACD0012","32.3586669","-93.855524","67.7","2021-11-03",,,"0.01",",,N",,,,
"US1LACD0012","32.3586669","-93.855524","67.7","2021-11-04",,,"0.24",",,N",,,,
"US1LACD0012","32.3586669","-93.855524","67.7","2021-11-05",,,"0.00",",,N","0.0",",,N",,
"US1LACD0012","32.3586669","-93.855524","67.7","2021-11-06",,,"0.00",",,N","0.0",",,N",,
"US1LACD0012","32.3586669","-93.855524","67.7","2021-11-07",,,"0.00",",,N","0.0",",,N",,
"US1LACD0012","32.3586669","-93.855524","67.7","2021-11-08",,,"0.00",",,N","0.0",",,N",,
"US1LACD0012","32.3586669","-93.855524","67.7","2021-11-09",,,"0.00",",,N","0.0",",,N",,
"US1LACD0012","32.3586669","-93.855524","67.7","2021-11-10",,,"0.00",",,N","0.0",",,N",,
"US1LACD0012","32.3586669","-93.855524","67.7","2021-11-11",,,"0.69",",,N",,,,
"US1LACD0012","32.3586669","-93.855524","67.7","2021-11-12",,,"0.00",",,N","0.0",",,N",,
"US1LACD0012","32.3586669","-93.855524","67.7","2021-11-13",,,"0.00",",,N","0.0",",,N",,
"US1LACD0012","32.3586669","-93.855524","67.7","2021-11-14",,,"0.00",",,N","0.0",",,N",,
"US1LACD0012","32.3586669","-93.855524","67.7","2021-11-15",,,"0.00",",,N","0.0",",,N",,
"US1LACD0012","32.3586669","-93.855524","67.7","2021-11-16",,,"0.00",",,N","0.0",",,N",,
"US1LACD0012","32.3586669","-93.855524","67.7","2021-11-17",,,"0.00",",,N","0.0",",,N",,
"US1LACD0012","32.3586669","-93.855524","67.7","2021-11-18",,,"0.00","T,,N",,,,
"US1LACD0012","32.3586669","-93.855524","67.7","2021-11-19",,,"0.00",",,N","0.0",",,N",,
"US1LACD0012","32.3586669","-93.855524","67.7","2021-11-20",,,"0.00",",,N","0.0",",,N",,
"US1LACD0012","32.3586669","-93.855524","67.7","2021-11-21",,,"0.00",",,N","0.0",",,N",,
"US1LACD0012","32.3586669","-93.855524","67.7","2021-11-22",,,"0.53",",,N",,,,
"US1LACD0012","32.3586669","-93.855524","67.7","2021-11-23",,,"0.00",",,N","0.0",",,N",,
"US1LACD0012","32.3586669","-93.855524","67.7","2021-11-24",,,"0.00",",,N","0.0",",,N",,
"US1LACD0012","32.3586669","-93.855524","67.7","2021-11-25",,,"0.85",",,N",,,,
"US1LACD0012","32.3586669","-93.855524","67.7","2021-11-26",,,"0.03",",,N",,,,
"US1LACD0012","32.3586669","-93.855524","67.7","2021-11-27",,,"0.00",",,N","0.0",",,N",,
"US1LACD0012","32.3586669","-93.855524","67.7","2021-11-28",,,"0.11",",,N",,,,
"USC00164674","29.9591","-91.7108","6.1","2021-08-01",,,"0.34",",,7,0800",,,,
"USC00164674","29.9591","-91.7108","6.1","2021-08-02",,,"0.00",",,7,0800",,,,
"USC00164674","29.9591","-91.7108","6.1","2021-08-03",,,"0.81",",,7,0800",,,,
"USC00164674","29.9591","-91.7108","6.1","2021-08-04",,,"0.17",",,7,0800",,,,
"USC00164674","29.9591","-91.7108","6.1","2021-08-05",,,"0.00",",,7,0800",,,,
"USC00164674","29.9591","-91.7108","6.1","2021-08-06",,,"0.00",",,7,0800",,,,
"USC00164674","29.9591","-91.7108","6.1","2021-08-07",,,"0.00",",,7,0800",,,,
"USC00164674","29.9591","-91.7108","6.1","2021-08-08",,,"0.00",",,7,0800",,,,
"USC00164674","29.9591","-91.7108","6.1","2021-08-09",,,"0.00",",,7,0800",,,,
"USC00164674","29.9591","-91.7108","6.1","2021-08-10",,,"0.01",",,7,0800",,,,
"USC00164674","29.9591","-91.7108","6.1","2021-08-11",,,"0.00",",,7,0800",,,,
"USC00164674","29.9591","-91.7108","6.1","2021-08-12",,,"0.21",",,7,0800",,,,
"USC00164674","29.9591","-91.7108","6.1","2021-08-13",,,"0.37",",,7,0800",,,,
"USC00164674","29.9591","-91.7108","6.1","2021-08-14",,,"0.01",",,7,0800",,,,
"USC00164674","29.9591","-91.7108","6.1","2021-08-15",,,"1.00",",,7,0800",,,,
"USC00164674","29.9591","-91.7108","6.1","2021-08-16",,,"0.25",",,7,0800",,,,
"USC00164674","29.9591","-91.7108","6.1","2021-08-17",,,"0.06",",,7,0800",,,,
"USC00164674","29.9591","-91.7108","6.1","2021-08-18",,,"0.02",",,7,0800",,,,
"USC00164674","29.9591","-91.7108","6.1","2021-08-19",,,"0.15",",,7,0800",,,,
"USC00164674","29.9591","-91.7108","6.1","2021-08-20",,,"0.28",",,7,0800",,,,
"USC00164674","29.9591","-91.7108","6.1","2021-08-21",,,"0.00",",,7,0800",,,,
"USC00164674","29.9591","-91.7108","6.1","2021-08-22",,,"0.00",",,7,0800",,,,
"USC00164674","29.9591","-91.7108","6.1","2021-08-23",,,"0.00",",,7,0800",,,,
"USC00164674","29.9591","-91.7108","6.1","2021-08-24",,,"0.00",",,7,0800",,,,
"USC00164674","29.9591","-91.7108","6.1","2021-08-25",,,"1.40",",,7,0800",,,,
"USC00164674","29.9591","-91.7108","6.1","2021-08-26",,,"0.00",",,7,0800",,,,
"USC00164674","29.9591","-91.7108","6.1","2021-08-27",,,"1.22",",,7,0800",,,,
"USC00164674","29.9591","-91.7108","6.1","2021-08-28",,,"0.22",",,7,0800",,,,
"USC00164674","29.9591","-91.7108","6.1","2021-08-29",,,"0.07",",,7,0800",,,,
"USC00164674","29.9591","-91.7108","6.1","2021-08-30",,,"0.06",",,7,0800",,,,
"USC00164674","29.9591","-91.7108","6.1","2021-08-31",,,"0.13",",,7,0800",,,,
"USC00164674","29.9591","-91.7108","6.1","2021-09-01",,,"0.01",",,7,0800",,,,
"USC00164674","29.9591","-91.7108","6.1","2021-09-02",,,"0.03",",,7,0800",,,,
"USC00164674","29.9591","-91.7108","6.1","2021-09-03",,,"0.00",",,7,0800",,,,
"USC00164674","29.9591","-91.7108","6.1","2021-09-04",,,"0.00",",,7,0800",,,,
"USC00164674","29.9591","-91.7108","6.1","2021-09-05",,,"0.00",",,7,0800",,,,
"USC00164674","29.9591","-91.7108","6.1","2021-09-06",,,"0.04",",,7,0800",,,,
"USC00164674","29.9591","-91.7108","6.1","2021-09-07",,,"0.12",",,7,0800",,,,
"USC00164674","29.9591","-91.7108","6.1","2021-09-08",,,"1.26",",,7,0800",,,,
"USC00164674","29.9591","-91.7108","6.1","2021-09-09",,,"0.00",",,7,0800",,,,
"USC00164674","29.9591","-91.7108","6.1","2021-09-10",,,"0.00",",,7,0800",,,,
"USC00164674","29.9591","-91.7108","6.1","2021-09-11",,,"0.00",",,7,0800",,,,
"USC00164674","29.9591","-91.7108","6.1","2021-09-12",,,"0.00",",,7,0800",,,,
"USC00164674","29.9591","-91.7108","6.1","2021-09-13",,,"0.74",",,7,0800",,,,
"USC00164674","29.9591","-91.7108","6.1","2021-09-14",,,"0.95",",,7,0800",,,,
"USC00164674","29.9591","-91.7108","6.1","2021-09-15",,,"2.89",",,7,0800",,,,
"USC00164674","29.9591","-91.7108","6.1","2021-09-16",,,"0.12",",,7,0800",,,,
"USC00164674","29.9591","-91.7108","6.1","2021-09-17",,,"0.05",",,7,0800",,,,
"USC00164674","29.9591","-91.7108","6.1","2021-09-18",,,"0.00",",,7,0800",,,,
"USC00164674","29.9591","-91.7108","6.1","2021-09-19",,,"0.00",",,7,0800",,,,
"USC00164674","29.9591","-91.7108","6.1","2021-09-20",,,"0.18",",,7,0800",,,,
"USC00164674","29.9591","-91.7108","6.1","2021-09-21",,,"0.20",",,7,0800",,,,
"USC00164674","29.9591","-91.7108","6.1","2021-09-22",,,"0.48",",,7,0800",,,,
"USC00164674","29.9591","-91.7108","6.1","2021-09-23",,,"0.00",",,7,0800",,,,
"USC00164674","29.9591","-91.7108","6.1","2021-09-24",,,"0.00",",,7,0800",,,,
"USC00164674","29.9591","-91.7108","6.1","2021-09-25",,,"0.00",",,7,0800",,,,
"USC00164674","29.9591","-91.7108","6.1","2021-09-26",,,"0.00",",,7,0800",,,,
"USC00164674","29.9591","-91.7108","6.1","2021-09-27",,,"0.00",",,7,0800",,,,
"USC00164674","29.9591","-91.7108","6.1","2021-09-28",,,"0.20",",,7,0800",,,,
"USC00164674","29.9591","-91.7108","6.1","2021-09-29",,,"2.18",",,7,0800",,,,
"USC00164674","29.9591","-91.7108","6.1","2021-09-30",,,"0.55",",,7,0800",,,,
"USC00164674","29.9591","-91.7108","6.1","2021-10-01",,,"0.18",",,7,0800",,,,
"USC00164674","29.9591","-91.7108","6.1","2021-10-02",,,"0.27",",,7,0800",,,,
"USC00164674","29.9591","-91.7108","6.1","2021-10-03",,,"0.92",",,7,0800",,,,
"USC00164674","29.9591","-91.7108","6.1","2021-10-04",,,"0.05",",,7,0800",,,,
"USC00164674","29.9591","-91.7108","6.1","2021-10-05",,,"0.00",",,7,0800",,,,
"USC00164674","29.9591","-91.7108","6.1","2021-10-06",,,"0.00",",,7,0800",,,,
"USC00164674","29.9591","-91.7108","6.1","2021-10-07",,,"0.00",",,7,0800",,,,
"USC00164674","29.9591","-91.7108","6.1","2021-10-08",,,"0.00",",,7,0800",,,,
"USC00164674","29.9591","-91.7108","6.1","2021-10-09",,,"0.00",",,7,0800",,,,
"USC00164674","29.9591","-91.7108","6.1","2021-10-10",,,"0.00",",,7,0800",,,,
"USC00164674","29.9591","-91.7108","6.1","2021-10-11",,,"0.00",",,7,0800",,,,
"USC00164674","29.9591","-91.7108","6.1","2021-10-12",,,"0.00",",,7,0800",,,,
"USC00164674","29.9591","-91.7108","6.1","2021-10-13",,,"0.00",",,7,0800",,,,
"USC00164674","29.9591","-91.7108","6.1","2021-10-14",,,"0.00",",,7,0800",,,,
"USC00164674","29.9591","-91.7108","6.1","2021-10-15",,,"0.00",",,7,0800",,,,
"USC00164674","29.9591","-91.7108","6.1","2021-10-16",,,"0.25",",,7,0800",,,,
"USC00164674","29.9591","-91.7108","6.1","2021-10-17",,,"0.00",",,7,0800",,,,
"USC00164674","29.9591","-91.7108","6.1","2021-10-18",,,"0.00",",,7,0800",,,,
"USC00164674","29.9591","-91.7108","6.1","2021-10-19",,,"0.00",",,7,0800",,,,
"USC00164674","29.9591","-91.7108","6.1","2021-10-20",,,"0.00",",,7,0800",,,,
"USC00164674","29.9591","-91.7108","6.1","2021-10-21",,,"0.02",",,7,0800",,,,
"USC00164674","29.9591","-91.7108","6.1","2021-10-22",,,"0.01",",,7,0800",,,,
"USC00164674","29.9591","-91.7108","6.1","2021-10-23",,,"0.21",",,7,0800",,,,
"USC00164674","29.9591","-91.7108","6.1","2021-10-24",,,"0.00",",,7,0800",,,,
"USC00164674","29.9591","-91.7108","6.1","2021-10-25",,,"0.04",",,7,0800",,,,
"USC00164674","29.9591","-91.7108","6.1","2021-10-26",,,"0.00",",,7,0800",,,,
"USC00164674","29.9591","-91.7108","6.1","2021-10-27",,,"0.02",",,7,0800",,,,
"USC00164674","29.9591","-91.7108","6.1","2021-10-28",,,"1.85",",,7,0800",,,,
"USC00164674","29.9591","-91.7108","6.1","2021-10-29",,,"0.00",",,7,0800",,,,
"USC00164674","29.9591","-91.7108","6.1","2021-10-30",,,"0.00",",,7,0800",,,,
"USC00164674","29.9591","-91.7108","6.1","2021-10-31",,,"0.00",",,7,0800",,,,
"USC00164674","29.9591","-91.7108","6.1","2021-11-01",,,"0.00",",,H,0800",,,,
"USC00164674","29.9591","-91.7108","6.1","2021-11-02",,,"0.00",",,H,0800",,,,
"USC00164674","29.9591","-91.7108","6.1","2021-11-03",,,"0.00",",,H,0800",,,,
"USC00164674","29.9591","-91.7108","6.1","2021-11-04",,,"0.00",",,H,0800",,,,
"USC00164674","29.9591","-91.7108","6.1","2021-11-06",,,"0.00",",,H,0800",,,,
"USC00164674","29.9591","-91.7108","6.1","2021-11-07",,,"0.00",",,H,0800",,,,
"USC00164674","29.9591","-91.7108","6.1","2021-11-08",,,"0.00",",,H,0800",,,,
"USC00164674","29.9591","-91.7108","6.1","2021-11-09",,,"0.00",",,H,0800",,,,
"USC00164674","29.9591","-91.7108","6.1","2021-11-10",,,"0.00",",,H,0800",,,,
"USC00164674","29.9591","-91.7108","6.1","2021-11-11",,,"0.00",",,H,0800",,,,
"USC00164674","29.9591","-91.7108","6.1","2021-11-13",,,"0.00",",,H,0800",,,,
"USC00164674","29.9591","-91.7108","6.1","2021-11-14",,,"0.00",",,H,0800",,,,
"USC00164674","29.9591","-91.7108","6.1","2021-11-15",,,"0.00",",,H,0800",,,,
"USC00164674","29.9591","-91.7108","6.1","2021-11-16",,,"0.00",",,H,0800",,,,
"USC00164674","29.9591","-91.7108","6.1","2021-11-17",,,"0.00",",,H,0800",,,,
"USC00164674","29.9591","-91.7108","6.1","2021-11-18",,,"0.03",",,H,0800",,,,
"USC00164674","29.9591","-91.7108","6.1","2021-11-19",,,"0.00",",,H,0800",,,,
"USC00164674","29.9591","-91.7108","6.1","2021-11-20",,,"0.00",",,H,0800",,,,
"USC00164674","29.9591","-91.7108","6.1","2021-11-21",,,"0.00",",,H,0800",,,,
"USC00164674","29.9591","-91.7108","6.1","2021-11-22",,,"0.04",",,H,0800",,,,
"USC00164674","29.9591","-91.7108","6.1","2021-11-23",,,"0.00",",,H,0800",,,,
"USC00164674","29.9591","-91.7108","6.1","2021-11-26",,,"0.16",",,H,0800",,,,
"USC00164674","29.9591","-91.7108","6.1","2021-11-27",,,"0.01",",,H,0800",,,,
"USC00164674","29.9591","-91.7108","6.1","2021-11-28",,,"0.22",",,H,0800",,,,
"US1LACD0019","32.375538","-93.805489","51.8","2021-08-01",,,"0.00",",,N","0.0",",,N",,
"US1LACD0019","32.375538","-93.805489","51.8","2021-08-02",,,"0.19",",,N",,,,
"US1LACD0019","32.375538","-93.805489","51.8","2021-08-03",,,"0.01",",,N",,,,
"US1LACD0019","32.375538","-93.805489","51.8","2021-08-04",,,"0.00",",,N","0.0",",,N",,
"US1LACD0019","32.375538","-93.805489","51.8","2021-08-05",,,"0.00",",,N","0.0",",,N",,
"US1LACD0019","32.375538","-93.805489","51.8","2021-08-06",,,"0.00",",,N","0.0",",,N",,
"US1LACD0019","32.375538","-93.805489","51.8","2021-08-07",,,"0.00",",,N","0.0",",,N",,
"US1LACD0019","32.375538","-93.805489","51.8","2021-08-08",,,"0.00",",,N","0.0",",,N",,
"US1LACD0019","32.375538","-93.805489","51.8","2021-08-09",,,"0.00",",,N","0.0",",,N",,
"US1LACD0019","32.375538","-93.805489","51.8","2021-08-10",,,"0.00",",,N","0.0",",,N",,
"US1LACD0019","32.375538","-93.805489","51.8","2021-08-11",,,"0.00",",,N","0.0",",,N",,
"US1LACD0019","32.375538","-93.805489","51.8","2021-08-12",,,"0.00",",,N","0.0",",,N",,
"US1LACD0019","32.375538","-93.805489","51.8","2021-08-13",,,"0.00",",,N","0.0",",,N",,
"US1LACD0019","32.375538","-93.805489","51.8","2021-08-14",,,"0.00",",,N","0.0",",,N",,
"US1LACD0019","32.375538","-93.805489","51.8","2021-08-15",,,"0.04",",,N",,,,
"US1LACD0019","32.375538","-93.805489","51.8","2021-08-16",,,"0.13",",,N",,,,
"US1LACD0019","32.375538","-93.805489","51.8","2021-08-17",,,"0.13",",,N",,,,
"US1LACD0019","32.375538","-93.805489","51.8","2021-08-18",,,"0.33",",,N",,,,
"US1LACD0019","32.375538","-93.805489","51.8","2021-08-19",,,"0.85",",,N",,,,
"US1LACD0019","32.375538","-93.805489","51.8","2021-08-20",,,"0.12",",,N",,,,
"US1LACD0019","32.375538","-93.805489","51.8","2021-08-21",,,"0.00",",,N","0.0",",,N",,
"US1LACD0019","32.375538","-93.805489","51.8","2021-08-22",,,"0.00",",,N","0.0",",,N",,
"US1LACD0019","32.375538","-93.805489","51.8","2021-08-23",,,"0.00",",,N","0.0",",,N",,
"US1LACD0019","32.375538","-93.805489","51.8","2021-08-24",,,"0.00",",,N","0.0",",,N",,
"US1LACD0019","32.375538","-93.805489","51.8","2021-08-25",,,"0.00",",,N","0.0",",,N",,
"US1LACD0019","32.375538","-93.805489","51.8","2021-08-26",,,"0.00",",,N","0.0",",,N",,
"US1LACD0019","32.375538","-93.805489","51.8","2021-08-27",,,"0.00","T,,N",,,,
"US1LACD0019","32.375538","-93.805489","51.8","2021-08-28",,,"0.00",",,N","0.0",",,N",,
"US1LACD0019","32.375538","-93.805489","51.8","2021-08-29",,,"0.12",",,N",,,,
"US1LACD0019","32.375538","-93.805489","51.8","2021-08-30",,,"0.28",",,N",,,,
"US1LACD0019","32.375538","-93.805489","51.8","2021-08-31",,,"0.00",",,N","0.0",",,N",,
"US1LACD0019","32.375538","-93.805489","51.8","2021-09-01",,,"0.00",",,N","0.0",",,N",,
"US1LACD0019","32.375538","-93.805489","51.8","2021-09-02",,,"0.00",",,N","0.0",",,N",,
"US1LACD0019","32.375538","-93.805489","51.8","2021-09-03",,,"0.00","T,,N","0.0",",,N",,
"US1LACD0019","32.375538","-93.805489","51.8","2021-09-04",,,"0.00",",,N","0.0",",,N",,
"US1LACD0019","32.375538","-93.805489","51.8","2021-09-05",,,"0.00",",,N","0.0",",,N",,
"US1LACD0019","32.375538","-93.805489","51.8","2021-09-06",,,"0.01",",,N",,,,
"US1LACD0019","32.375538","-93.805489","51.8","2021-09-07",,,"0.00",",,N","0.0",",,N",,
"US1LACD0019","32.375538","-93.805489","51.8","2021-09-08",,,"0.00",",,N","0.0",",,N",,
"US1LACD0019","32.375538","-93.805489","51.8","2021-09-09",,,"0.00",",,N","0.0",",,N",,
"US1LACD0019","32.375538","-93.805489","51.8","2021-09-10",,,"0.00",",,N","0.0",",,N",,
"US1LACD0019","32.375538","-93.805489","51.8","2021-09-11",,,"0.00",",,N","0.0",",,N",,
"US1LACD0019","32.375538","-93.805489","51.8","2021-09-12",,,"0.00",",,N","0.0",",,N",,
"US1LACD0019","32.375538","-93.805489","51.8","2021-09-13",,,"0.00","T,,N",,,,
"US1LACD0019","32.375538","-93.805489","51.8","2021-09-14",,,"0.06",",,N",,,,
"US1LACD0019","32.375538","-93.805489","51.8","2021-09-15",,,"0.03",",,N",,,,
"US1LACD0019","32.375538","-93.805489","51.8","2021-09-16",,,"0.00",",,N","0.0",",,N",,
"US1LACD0019","32.375538","-93.805489","51.8","2021-09-17",,,"0.00",",,N","0.0",",,N",,
"US1LACD0019","32.375538","-93.805489","51.8","2021-09-18",,,"0.03",",,N",,,,
"US1LACD0019","32.375538","-93.805489","51.8","2021-09-19",,,"0.78",",,N",,,,
"US1LACD0019","32.375538","-93.805489","51.8","2021-09-20",,,"0.01",",,N",,,,
"US1LACD0019","32.375538","-93.805489","51.8","2021-09-21",,,"0.00",",,N","0.0",",,N",,
"US1LACD0019","32.375538","-93.805489","51.8","2021-09-22",,,"0.02",",,N",,,,
"US1LACD0019","32.375538","-93.805489","51.8","2021-09-23",,,"0.00",",,N","0.0",",,N",,
"US1LACD0019","32.375538","-93.805489","51.8","2021-09-24",,,"0.00",",,N","0.0",",,N",,
"US1LACD0019","32.375538","-93.805489","51.8","2021-09-25",,,"0.00",",,N","0.0",",,N",,
"US1LACD0019","32.375538","-93.805489","51.8","2021-09-26",,,"0.00",",,N","0.0",",,N",,
"US1LACD0019","32.375538","-93.805489","51.8","2021-09-27",,,"0.00",",,N","0.0",",,N",,
"US1LACD0019","32.375538","-93.805489","51.8","2021-09-28",,,"0.00",",,N","0.0",",,N",,
"US1LACD0019","32.375538","-93.805489","51.8","2021-09-29",,,"0.02",",,N",,,,
"US1LACD0019","32.375538","-93.805489","51.8","2021-09-30",,,"0.00","T,,N",,,,
"US1LACD0019","32.375538","-93.805489","51.8","2021-10-01",,,"0.01",",,N",,,,
"US1LACD0019","32.375538","-93.805489","51.8","2021-10-02",,,"0.48",",,N",,,,
"US1LACD0019","32.375538","-93.805489","51.8","2021-10-03",,,"0.23",",,N",,,,
"US1LACD0019","32.375538","-93.805489","51.8","2021-10-04",,,"0.00",",,N","0.0",",,N",,
"US1LACD0019","32.375538","-93.805489","51.8","2021-10-05",,,"0.00",",,N","0.0",",,N",,
"US1LACD0019","32.375538","-93.805489","51.8","2021-10-06",,,"0.00",",,N","0.0",",,N",,
"US1LACD0019","32.375538","-93.805489","51.8","2021-10-07",,,"0.00",",,N","0.0",",,N",,
"US1LACD0019","32.375538","-93.805489","51.8","2021-10-08",,,"0.00",",,N","0.0",",,N",,
"US1LACD0019","32.375538","-93.805489","51.8","2021-10-09",,,"0.00",",,N","0.0",",,N",,
"US1LACD0019","32.375538","-93.805489","51.8","2021-10-10",,,"0.00",",,N","0.0",",,N",,
"US1LACD0019","32.375538","-93.805489","51.8","2021-10-11",,,"0.04",",,N",,,,
"US1LACD0019","32.375538","-93.805489","51.8","2021-10-12",,,"0.00",",,N","0.0",",,N",,
"US1LACD0019","32.375538","-93.805489","51.8","2021-10-13",,,"0.31",",,N",,,,
"US1LACD0019","32.375538","-93.805489","51.8","2021-10-14",,,"0.00",",,N","0.0",",,N",,
"US1LACD0019","32.375538","-93.805489","51.8","2021-10-15",,,"0.00","T,,N",,,,
"US1LACD0019","32.375538","-93.805489","51.8","2021-10-16",,,"0.00","T,,N",,,,
"US1LACD0019","32.375538","-93.805489","51.8","2021-10-17",,,"0.00",",,N","0.0",",,N",,
"US1LACD0019","32.375538","-93.805489","51.8","2021-10-18",,,"0.00",",,N","0.0",",,N",,
"US1LACD0019","32.375538","-93.805489","51.8","2021-10-19",,,"0.00",",,N","0.0",",,N",,
"US1LACD0019","32.375538","-93.805489","51.8","2021-10-20",,,"0.00",",,N","0.0",",,N",,
"US1LACD0019","32.375538","-93.805489","51.8","2021-10-21",,,"0.00",",,N","0.0",",,N",,
"US1LACD0019","32.375538","-93.805489","51.8","2021-10-22",,,"0.00",",,N","0.0",",,N",,
"US1LACD0019","32.375538","-93.805489","51.8","2021-10-23",,,"0.00",",,N","0.0",",,N",,
"US1LACD0019","32.375538","-93.805489","51.8","2021-10-24",,,"0.00",",,N","0.0",",,N",,
"US1LACD0019","32.375538","-93.805489","51.8","2021-10-25",,,"0.00",",,N","0.0",",,N",,
"US1LACD0019","32.375538","-93.805489","51.8","2021-10-26",,,"0.00",",,N","0.0",",,N",,
"US1LACD0019","32.375538","-93.805489","51.8","2021-10-27",,,"0.01",",,N",,,,
"US1LACD0019","32.375538","-93.805489","51.8","2021-10-28",,,"1.45",",,N",,,,
"US1LACD0019","32.375538","-93.805489","51.8","2021-10-29",,,"0.00",",,N","0.0",",,N",,
"US1LACD0019","32.375538","-93.805489","51.8","2021-10-30",,,"0.00",",,N","0.0",",,N",,
"US1LACD0019","32.375538","-93.805489","51.8","2021-10-31",,,"0.00",",,N","0.0",",,N",,
"US1LACD0019","32.375538","-93.805489","51.8","2021-11-01",,,"0.00",",,N","0.0",",,N",,
"US1LACD0019","32.375538","-93.805489","51.8","2021-11-02",,,"0.00",",,N","0.0",",,N",,
"US1LACD0019","32.375538","-93.805489","51.8","2021-11-03",,,"0.00","T,,N",,,,
"US1LACD0019","32.375538","-93.805489","51.8","2021-11-04",,,"0.20",",,N",,,,
"US1LACD0019","32.375538","-93.805489","51.8","2021-11-05",,,"0.00",",,N","0.0",",,N",,
"US1LACD0019","32.375538","-93.805489","51.8","2021-11-06",,,"0.00",",,N","0.0",",,N",,
"US1LACD0019","32.375538","-93.805489","51.8","2021-11-07",,,"0.00",",,N","0.0",",,N",,
"US1LACD0019","32.375538","-93.805489","51.8","2021-11-08",,,"0.00",",,N","0.0",",,N",,
"US1LACD0019","32.375538","-93.805489","51.8","2021-11-09",,,"0.00",",,N","0.0",",,N",,
"US1LACD0019","32.375538","-93.805489","51.8","2021-11-10",,,"0.00",",,N","0.0",",,N",,
"US1LACD0019","32.375538","-93.805489","51.8","2021-11-11",,,"0.74",",,N",,,,
"US1LACD0019","32.375538","-93.805489","51.8","2021-11-12",,,"0.00",",,N","0.0",",,N",,
"US1LACD0019","32.375538","-93.805489","51.8","2021-11-13",,,"0.00",",,N","0.0",",,N",,
"US1LACD0019","32.375538","-93.805489","51.8","2021-11-14",,,"0.00",",,N","0.0",",,N",,
"US1LACD0019","32.375538","-93.805489","51.8","2021-11-15",,,"0.00",",,N","0.0",",,N",,
"US1LACD0019","32.375538","-93.805489","51.8","2021-11-16",,,"0.00",",,N","0.0",",,N",,
"US1LACD0019","32.375538","-93.805489","51.8","2021-11-17",,,"0.00",",,N","0.0",",,N",,
"US1LACD0019","32.375538","-93.805489","51.8","2021-11-18",,,"0.00","T,,N",,,,
"US1LACD0019","32.375538","-93.805489","51.8","2021-11-19",,,"0.00",",,N","0.0",",,N",,
"US1LACD0019","32.375538","-93.805489","51.8","2021-11-20",,,"0.00",",,N","0.0",",,N",,
"US1LACD0019","32.375538","-93.805489","51.8","2021-11-21",,,"0.00",",,N","0.0",",,N",,
"US1LACD0019","32.375538","-93.805489","51.8","2021-11-22",,,"0.25",",,N",,,,
"US1LACD0019","32.375538","-93.805489","51.8","2021-11-23",,,"0.00",",,N","0.0",",,N",,
"US1LACD0019","32.375538","-93.805489","51.8","2021-11-24",,,"0.00",",,N","0.0",",,N",,
"US1LACD0019","32.375538","-93.805489","51.8","2021-11-25",,,"0.79",",,N",,,,
"US1LACD0019","32.375538","-93.805489","51.8","2021-11-26",,,"0.02",",,N",,,,
"US1LACD0019","32.375538","-93.805489","51.8","2021-11-27",,,"0.00",",,N","0.0",",,N",,
"US1LACD0019","32.375538","-93.805489","51.8","2021-11-28",,,"0.12",",,N",,,,
"US1LAOC0016","32.45182701","-92.3438912","44.2","2021-08-01",,,"0.00",",,N","0.0",",,N",,
"US1LAOC0016","32.45182701","-92.3438912","44.2","2021-08-02",,,"3.16",",,N",,,,
"US1LAOC0016","32.45182701","-92.3438912","44.2","2021-08-03",,,"0.24",",,N",,,,
"US1LAOC0016","32.45182701","-92.3438912","44.2","2021-08-04",,,"0.00",",,N","0.0",",,N",,
"US1LAOC0016","32.45182701","-92.3438912","44.2","2021-08-05",,,"0.00",",,N","0.0",",,N",,
"US1LAOC0016","32.45182701","-92.3438912","44.2","2021-08-06",,,"0.00",",,N","0.0",",,N",,
"US1LAOC0016","32.45182701","-92.3438912","44.2","2021-08-07",,,"0.00",",,N","0.0",",,N",,
"US1LAOC0016","32.45182701","-92.3438912","44.2","2021-08-08",,,"0.00",",,N","0.0",",,N",,
"US1LAOC0016","32.45182701","-92.3438912","44.2","2021-08-09",,,"0.00",",,N","0.0",",,N",,
"US1LAOC0016","32.45182701","-92.3438912","44.2","2021-08-10",,,"0.00",",,N","0.0",",,N",,
"US1LAOC0016","32.45182701","-92.3438912","44.2","2021-08-11",,,"0.00",",,N","0.0",",,N",,
"US1LAOC0016","32.45182701","-92.3438912","44.2","2021-08-12",,,"0.00",",,N","0.0",",,N",,
"US1LAOC0016","32.45182701","-92.3438912","44.2","2021-08-13",,,"0.00",",,N","0.0",",,N",,
"US1LAOC0016","32.45182701","-92.3438912","44.2","2021-08-14",,,"0.00",",,N","0.0",",,N",,
"US1LAOC0016","32.45182701","-92.3438912","44.2","2021-08-15",,,"1.05",",,N",,,,
"US1LAOC0016","32.45182701","-92.3438912","44.2","2021-08-16",,,"0.63",",,N",,,,
"US1LAOC0016","32.45182701","-92.3438912","44.2","2021-08-17",,,"0.00",",,N","0.0",",,N",,
"US1LAOC0016","32.45182701","-92.3438912","44.2","2021-08-18",,,"0.20",",,N",,,,
"US1LAOC0016","32.45182701","-92.3438912","44.2","2021-08-19",,,"0.87",",,N",,,,
"US1LAOC0016","32.45182701","-92.3438912","44.2","2021-08-20",,,"0.59",",,N",,,,
"US1LAOC0016","32.45182701","-92.3438912","44.2","2021-08-21",,,"0.00",",,N","0.0",",,N",,
"US1LAOC0016","32.45182701","-92.3438912","44.2","2021-08-22",,,"0.00",",,N","0.0",",,N",,
"US1LAOC0016","32.45182701","-92.3438912","44.2","2021-08-23",,,"0.00",",,N","0.0",",,N",,
"US1LAOC0016","32.45182701","-92.3438912","44.2","2021-08-24",,,"0.00",",,N","0.0",",,N",,
"US1LAOC0016","32.45182701","-92.3438912","44.2","2021-08-25",,,"0.00",",,N","0.0",",,N",,
"US1LAOC0016","32.45182701","-92.3438912","44.2","2021-08-26",,,"0.00",",,N","0.0",",,N",,
"US1LAOC0016","32.45182701","-92.3438912","44.2","2021-08-27",,,"0.00",",,N","0.0",",,N",,
"US1LAOC0016","32.45182701","-92.3438912","44.2","2021-08-28",,,"0.00",",,N","0.0",",,N",,
"US1LAOC0016","32.45182701","-92.3438912","44.2","2021-08-29",,,"0.31",",,N",,,,
"US1LAOC0016","32.45182701","-92.3438912","44.2","2021-08-30",,,"0.14",",,N",,,,
"US1LAOC0016","32.45182701","-92.3438912","44.2","2021-08-31",,,"0.30",",,N",,,,
"US1LAOC0016","32.45182701","-92.3438912","44.2","2021-09-01",,,"0.00",",,N","0.0",",,N",,
"US1LAOC0016","32.45182701","-92.3438912","44.2","2021-09-02",,,"0.18",",,N",,,,
"US1LAOC0016","32.45182701","-92.3438912","44.2","2021-09-03",,,"0.00",",,N","0.0",",,N",,
"US1LAOC0016","32.45182701","-92.3438912","44.2","2021-09-04",,,"0.00",",,N","0.0",",,N",,
"US1LAOC0016","32.45182701","-92.3438912","44.2","2021-09-05",,,"0.00",",,N","0.0",",,N",,
"US1LAOC0016","32.45182701","-92.3438912","44.2","2021-09-06",,,"0.02",",,N",,,,
"US1LAOC0016","32.45182701","-92.3438912","44.2","2021-09-07",,,"0.00",",,N","0.0",",,N",,
"US1LAOC0016","32.45182701","-92.3438912","44.2","2021-09-08",,,"0.00",",,N","0.0",",,N",,
"US1LAOC0016","32.45182701","-92.3438912","44.2","2021-09-09",,,"0.00",",,N","0.0",",,N",,
"US1LAOC0016","32.45182701","-92.3438912","44.2","2021-09-10",,,"0.00",",,N","0.0",",,N",,
"US1LAOC0016","32.45182701","-92.3438912","44.2","2021-09-11",,,"0.00",",,N","0.0",",,N",,
"US1LAOC0016","32.45182701","-92.3438912","44.2","2021-09-12",,,"0.00",",,N","0.0",",,N",,
"US1LAOC0016","32.45182701","-92.3438912","44.2","2021-09-13",,,"0.00",",,N","0.0",",,N",,
"US1LAOC0016","32.45182701","-92.3438912","44.2","2021-09-14",,,"0.00",",,N","0.0",",,N",,
"US1LAOC0016","32.45182701","-92.3438912","44.2","2021-09-15",,,"0.11",",,N",,,,
"US1LAOC0016","32.45182701","-92.3438912","44.2","2021-09-16",,,"0.00",",,N","0.0",",,N",,
"US1LAOC0016","32.45182701","-92.3438912","44.2","2021-09-17",,,"0.00",",,N","0.0",",,N",,
"US1LAOC0016","32.45182701","-92.3438912","44.2","2021-09-18",,,"0.17",",,N",,,,
"US1LAOC0016","32.45182701","-92.3438912","44.2","2021-09-19",,,"0.08",",,N",,,,
"US1LAOC0016","32.45182701","-92.3438912","44.2","2021-09-20",,,"0.30",",,N",,,,
"US1LAOC0016","32.45182701","-92.3438912","44.2","2021-09-21",,,"0.00",",,N","0.0",",,N",,
"US1LAOC0016","32.45182701","-92.3438912","44.2","2021-09-22",,,"0.19",",,N",,,,
"US1LAOC0016","32.45182701","-92.3438912","44.2","2021-09-23",,,"0.00",",,N","0.0",",,N",,
"US1LAOC0016","32.45182701","-92.3438912","44.2","2021-09-24",,,"0.00",",,N","0.0",",,N",,
"US1LAOC0016","32.45182701","-92.3438912","44.2","2021-09-25",,,"0.00",",,N","0.0",",,N",,
"US1LAOC0016","32.45182701","-92.3438912","44.2","2021-09-26",,,"0.00",",,N","0.0",",,N",,
"US1LAOC0016","32.45182701","-92.3438912","44.2","2021-09-27",,,"0.00",",,N","0.0",",,N",,
"US1LAOC0016","32.45182701","-92.3438912","44.2","2021-09-28",,,"0.00",",,N","0.0",",,N",,
"US1LAOC0016","32.45182701","-92.3438912","44.2","2021-09-29",,,"0.00",",,N","0.0",",,N",,
"US1LAOC0016","32.45182701","-92.3438912","44.2","2021-09-30",,,"0.00",",,N","0.0",",,N",,
"US1LAOC0016","32.45182701","-92.3438912","44.2","2021-10-01",,,"0.30",",,N",,,,
"US1LAOC0016","32.45182701","-92.3438912","44.2","2021-10-02",,,"0.38",",,N",,,,
"US1LAOC0016","32.45182701","-92.3438912","44.2","2021-10-03",,,"0.20",",,N",,,,
"US1LAOC0016","32.45182701","-92.3438912","44.2","2021-10-04",,,"0.00",",,N","0.0",",,N",,
"US1LAOC0016","32.45182701","-92.3438912","44.2","2021-10-05",,,"0.00",",,N","0.0",",,N",,
"US1LAOC0016","32.45182701","-92.3438912","44.2","2021-10-06",,,"0.00",",,N","0.0",",,N",,
"US1LAOC0016","32.45182701","-92.3438912","44.2","2021-10-07",,,"0.00",",,N","0.0",",,N",,
"US1LAOC0016","32.45182701","-92.3438912","44.2","2021-10-08",,,"0.00",",,N","0.0",",,N",,
"US1LAOC0016","32.45182701","-92.3438912","44.2","2021-10-09",,,"0.00",",,N","0.0",",,N",,
"US1LAOC0016","32.45182701","-92.3438912","44.2","2021-10-10",,,"0.00",",,N","0.0",",,N",,
"US1LAOC0016","32.45182701","-92.3438912","44.2","2021-10-11",,,"0.00",",,N","0.0",",,N",,
"US1LAOC0016","32.45182701","-92.3438912","44.2","2021-10-12",,,"0.02",",,N",,,,
"US1LAOC0016","32.45182701","-92.3438912","44.2","2021-10-13",,,"0.00",",,N","0.0",",,N",,
"US1LAOC0016","32.45182701","-92.3438912","44.2","2021-10-14",,,"0.00",",,N","0.0",",,N",,
"US1LAOC0016","32.45182701","-92.3438912","44.2","2021-10-15",,,"0.00",",,N","0.0",",,N",,
"US1LAOC0016","32.45182701","-92.3438912","44.2","2021-10-16",,,"0.00",",,N","0.0",",,N",,
"US1LAOC0016","32.45182701","-92.3438912","44.2","2021-10-17",,,"0.00",",,N","0.0",",,N",,
"US1LAOC0016","32.45182701","-92.3438912","44.2","2021-10-18",,,"0.00",",,N","0.0",",,N",,
"US1LAOC0016","32.45182701","-92.3438912","44.2","2021-10-19",,,"0.00",",,N","0.0",",,N",,
"US1LAOC0016","32.45182701","-92.3438912","44.2","2021-10-20",,,"0.00",",,N","0.0",",,N",,
"US1LAOC0016","32.45182701","-92.3438912","44.2","2021-10-21",,,"0.00",",,N","0.0",",,N",,
"US1LAOC0016","32.45182701","-92.3438912","44.2","2021-10-22",,,"0.00",",,N","0.0",",,N",,
"US1LAOC0016","32.45182701","-92.3438912","44.2","2021-10-23",,,"0.00",",,N","0.0",",,N",,
"US1LAOC0016","32.45182701","-92.3438912","44.2","2021-10-24",,,"0.00",",,N","0.0",",,N",,
"US1LAOC0016","32.45182701","-92.3438912","44.2","2021-10-25",,,"0.00",",,N","0.0",",,N",,
"US1LAOC0016","32.45182701","-92.3438912","44.2","2021-10-26",,,"0.00",",,N","0.0",",,N",,
"US1LAOC0016","32.45182701","-92.3438912","44.2","2021-10-27",,,"0.00",",,N","0.0",",,N",,
"US1LAOC0016","32.45182701","-92.3438912","44.2","2021-10-28",,,"1.62",",,N",,,,
"US1LAOC0016","32.45182701","-92.3438912","44.2","2021-10-29",,,"0.02",",,N",,,,
"US1LAOC0016","32.45182701","-92.3438912","44.2","2021-10-30",,,"0.00",",,N","0.0",",,N",,
"US1LAOC0016","32.45182701","-92.3438912","44.2","2021-10-31",,,"0.00",",,N","0.0",",,N",,
"US1LAOC0016","32.45182701","-92.3438912","44.2","2021-11-01",,,"0.00",",,N","0.0",",,N",,
"US1LAOC0016","32.45182701","-92.3438912","44.2","2021-11-02",,,"0.00",",,N","0.0",",,N",,
"US1LAOC0016","32.45182701","-92.3438912","44.2","2021-11-03",,,"0.00",",,N","0.0",",,N",,
"US1LAOC0016","32.45182701","-92.3438912","44.2","2021-11-04",,,"0.24",",,N",,,,
"US1LAOC0016","32.45182701","-92.3438912","44.2","2021-11-05",,,"0.00",",,N","0.0",",,N",,
"US1LAOC0016","32.45182701","-92.3438912","44.2","2021-11-06",,,"0.00",",,N","0.0",",,N",,
"US1LAOC0016","32.45182701","-92.3438912","44.2","2021-11-07",,,"0.00",",,N","0.0",",,N",,
"US1LAOC0016","32.45182701","-92.3438912","44.2","2021-11-08",,,"0.00",",,N","0.0",",,N",,
"US1LAOC0016","32.45182701","-92.3438912","44.2","2021-11-09",,,"0.00",",,N","0.0",",,N",,
"US1LAOC0016","32.45182701","-92.3438912","44.2","2021-11-10",,,"0.00",",,N","0.0",",,N",,
"US1LAOC0016","32.45182701","-92.3438912","44.2","2021-11-11",,,"0.37",",,N",,,,
"US1LAOC0016","32.45182701","-92.3438912","44.2","2021-11-12",,,"0.00",",,N","0.0",",,N",,
"US1LAOC0016","32.45182701","-92.3438912","44.2","2021-11-13",,,"0.00",",,N","0.0",",,N",,
"US1LAOC0016","32.45182701","-92.3438912","44.2","2021-11-14",,,"0.00",",,N","0.0",",,N",,
"US1LAOC0016","32.45182701","-92.3438912","44.2","2021-11-15",,,"0.00",",,N","0.0",",,N",,
"US1LAOC0016","32.45182701","-92.3438912","44.2","2021-11-16",,,"0.00",",,N","0.0",",,N",,
"US1LAOC0016","32.45182701","-92.3438912","44.2","2021-11-17",,,"0.00",",,N","0.0",",,N",,
"US1LAOC0016","32.45182701","-92.3438912","44.2","2021-11-18",,,"0.02",",,N",,,,
"US1LAOC0016","32.45182701","-92.3438912","44.2","2021-11-19",,,"0.04",",,N",,,,
"US1LAOC0016","32.45182701","-92.3438912","44.2","2021-11-20",,,"0.00",",,N","0.0",",,N",,
"US1LAOC0016","32.45182701","-92.3438912","44.2","2021-11-21",,,"0.04",",,N",,,,
"US1LAOC0016","32.45182701","-92.3438912","44.2","2021-11-22",,,"0.00",",,N","0.0",",,N",,
"US1LAOC0016","32.45182701","-92.3438912","44.2","2021-11-23",,,"0.00",",,N","0.0",",,N",,
"US1LAOC0016","32.45182701","-92.3438912","44.2","2021-11-24",,,"0.00",",,N","0.0",",,N",,
"US1LAOC0016","32.45182701","-92.3438912","44.2","2021-11-25",,,"0.09",",,N",,,,
"US1LAOC0016","32.45182701","-92.3438912","44.2","2021-11-26",,,"0.40",",,N",,,,
"US1LAOC0016","32.45182701","-92.3438912","44.2","2021-11-27",,,"0.00",",,N","0.0",",,N",,
"US1LAOC0016","32.45182701","-92.3438912","44.2","2021-11-28",,,"0.09",",,N",,,,
"US1LACC0003","30.232246","-92.998641","6.1","2021-08-01",,,"0.00",",,N","0.0",",,N",,
"US1LACC0003","30.232246","-92.998641","6.1","2021-08-02",,,"0.00",",,N","0.0",",,N",,
"US1LACC0003","30.232246","-92.998641","6.1","2021-08-03",,,"0.07",",,N",,,,
"US1LACC0003","30.232246","-92.998641","6.1","2021-08-04",,,"0.16",",,N",,,,
"US1LACC0003","30.232246","-92.998641","6.1","2021-08-05",,,"0.00",",,N","0.0",",,N",,
"US1LACC0003","30.232246","-92.998641","6.1","2021-08-06",,,"0.01",",,N",,,,
"US1LACC0003","30.232246","-92.998641","6.1","2021-08-07",,,"0.00",",,N","0.0",",,N",,
"US1LACC0003","30.232246","-92.998641","6.1","2021-08-08",,,"0.00",",,N","0.0",",,N",,
"US1LACC0003","30.232246","-92.998641","6.1","2021-08-09",,,"0.00",",,N","0.0",",,N",,
"US1LACC0003","30.232246","-92.998641","6.1","2021-08-10",,,"0.00",",,N","0.0",",,N",,
"US1LACC0003","30.232246","-92.998641","6.1","2021-08-11",,,"0.00",",,N","0.0",",,N",,
"US1LACC0003","30.232246","-92.998641","6.1","2021-08-12",,,"0.00",",,N","0.0",",,N",,
"US1LACC0003","30.232246","-92.998641","6.1","2021-08-13",,,"0.00",",,N","0.0",",,N",,
"US1LACC0003","30.232246","-92.998641","6.1","2021-08-14",,,"0.00",",,N","0.0",",,N",,
"US1LACC0003","30.232246","-92.998641","6.1","2021-08-15",,,"0.36",",,N",,,,
"US1LACC0003","30.232246","-92.998641","6.1","2021-08-16",,,"0.00",",,N","0.0",",,N",,
"US1LACC0003","30.232246","-92.998641","6.1","2021-08-17",,,"0.00",",,N","0.0",",,N",,
"US1LACC0003","30.232246","-92.998641","6.1","2021-08-18",,,"0.03",",,N",,,,
"US1LACC0003","30.232246","-92.998641","6.1","2021-08-19",,,"0.06",",,N",,,,
"US1LACC0003","30.232246","-92.998641","6.1","2021-08-20",,,"0.00",",,N","0.0",",,N",,
"US1LACC0003","30.232246","-92.998641","6.1","2021-08-21",,,"0.00",",,N","0.0",",,N",,
"US1LACC0003","30.232246","-92.998641","6.1","2021-08-22",,,"0.00",",,N","0.0",",,N",,
"US1LACC0003","30.232246","-92.998641","6.1","2021-08-23",,,"0.00",",,N","0.0",",,N",,
"US1LACC0003","30.232246","-92.998641","6.1","2021-08-24",,,"0.00",",,N","0.0",",,N",,
"US1LACC0003","30.232246","-92.998641","6.1","2021-08-25",,,"0.38",",,N",,,,
"US1LACC0003","30.232246","-92.998641","6.1","2021-08-26",,,"0.04",",,N",,,,
"US1LACC0003","30.232246","-92.998641","6.1","2021-08-28",,,"0.02",",,N",,,,
"US1LACC0003","30.232246","-92.998641","6.1","2021-08-29",,,"0.72",",,N",,,,
"US1LACC0003","30.232246","-92.998641","6.1","2021-08-30",,,"0.13",",,N",,,,
"US1LACC0003","30.232246","-92.998641","6.1","2021-08-31",,,"0.00","T,,N",,,,
"US1LACC0003","30.232246","-92.998641","6.1","2021-09-01",,,"0.00",",,N","0.0",",,N",,
"US1LACC0003","30.232246","-92.998641","6.1","2021-09-02",,,"0.00",",,N","0.0",",,N",,
"US1LACC0003","30.232246","-92.998641","6.1","2021-09-03",,,"0.17",",,N",,,,
"US1LACC0003","30.232246","-92.998641","6.1","2021-09-04",,,"0.07",",,N",,,,
"US1LACC0003","30.232246","-92.998641","6.1","2021-09-05",,,"0.00",",,N","0.0",",,N",,
"US1LACC0003","30.232246","-92.998641","6.1","2021-09-06",,,"0.23",",,N",,,,
"US1LACC0003","30.232246","-92.998641","6.1","2021-09-07",,,"0.96",",,N",,,,
"US1LACC0003","30.232246","-92.998641","6.1","2021-09-08",,,"0.00",",,N","0.0",",,N",,
"US1LACC0003","30.232246","-92.998641","6.1","2021-09-09",,,"0.00",",,N","0.0",",,N",,
"US1LACC0003","30.232246","-92.998641","6.1","2021-09-10",,,"0.00",",,N","0.0",",,N",,
"US1LACC0003","30.232246","-92.998641","6.1","2021-09-11",,,"0.00",",,N","0.0",",,N",,
"US1LACC0003","30.232246","-92.998641","6.1","2021-09-12",,,"0.00",",,N","0.0",",,N",,
"US1LACC0003","30.232246","-92.998641","6.1","2021-09-13",,,"0.22",",,N",,,,
"US1LACC0003","30.232246","-92.998641","6.1","2021-09-14",,,"1.74",",,N",,,,
"US1LACC0003","30.232246","-92.998641","6.1","2021-09-15",,,"2.13",",,N",,,,
"US1LACC0003","30.232246","-92.998641","6.1","2021-09-16",,,"0.20",",,N",,,,
"US1LACC0003","30.232246","-92.998641","6.1","2021-09-17",,,"0.07",",,N",,,,
"US1LACC0003","30.232246","-92.998641","6.1","2021-09-18",,,"0.00",",,N","0.0",",,N",,
"US1LACC0003","30.232246","-92.998641","6.1","2021-09-19",,,"0.00",",,N","0.0",",,N",,
"US1LACC0003","30.232246","-92.998641","6.1","2021-09-20",,,"0.08",",,N",,,,
"US1LACC0003","30.232246","-92.998641","6.1","2021-09-21",,,"0.02",",,N",,,,
"US1LACC0003","30.232246","-92.998641","6.1","2021-09-22",,,"0.19",",,N",,,,
"US1LACC0003","30.232246","-92.998641","6.1","2021-09-23",,,"0.00",",,N","0.0",",,N",,
"US1LACC0003","30.232246","-92.998641","6.1","2021-09-24",,,"0.00",",,N","0.0",",,N",,
"US1LACC0003","30.232246","-92.998641","6.1","2021-09-25",,,"0.00",",,N","0.0",",,N",,
"US1LACC0003","30.232246","-92.998641","6.1","2021-09-26",,,"0.00",",,N","0.0",",,N",,
"US1LACC0003","30.232246","-92.998641","6.1","2021-09-27",,,"0.00",",,N","0.0",",,N",,
"US1LACC0003","30.232246","-92.998641","6.1","2021-09-28",,,"0.18",",,N",,,,
"US1LACC0003","30.232246","-92.998641","6.1","2021-09-29",,,"4.30",",,N",,,,
"US1LACC0003","30.232246","-92.998641","6.1","2021-09-30",,,"0.35",",,N",,,,
"US1LACC0003","30.232246","-92.998641","6.1","2021-10-01",,,"1.28",",,N",,,,
"US1LACC0003","30.232246","-92.998641","6.1","2021-10-02",,,"0.15",",,N",,,,
"US1LACC0003","30.232246","-92.998641","6.1","2021-10-03",,,"0.00",",,N","0.0",",,N",,
"US1LACC0003","30.232246","-92.998641","6.1","2021-10-04",,,"0.00",",,N","0.0",",,N",,
"US1LACC0003","30.232246","-92.998641","6.1","2021-10-05",,,"0.00",",,N","0.0",",,N",,
"US1LACC0003","30.232246","-92.998641","6.1","2021-10-06",,,"0.00",",,N","0.0",",,N",,
"US1LACC0003","30.232246","-92.998641","6.1","2021-10-07",,,"0.00",",,N","0.0",",,N",,
"US1LACC0003","30.232246","-92.998641","6.1","2021-10-08",,,"0.00",",,N","0.0",",,N",,
"US1LACC0003","30.232246","-92.998641","6.1","2021-10-09",,,"0.00",",,N","0.0",",,N",,
"US1LACC0003","30.232246","-92.998641","6.1","2021-10-10",,,"0.00",",,N","0.0",",,N",,
"US1LACC0003","30.232246","-92.998641","6.1","2021-10-11",,,"0.00",",,N","0.0",",,N",,
"US1LACC0003","30.232246","-92.998641","6.1","2021-10-12",,,"0.03",",,N",,,,
"US1LACC0003","30.232246","-92.998641","6.1","2021-10-13",,,"0.00",",,N","0.0",",,N",,
"US1LACC0003","30.232246","-92.998641","6.1","2021-10-14",,,"0.00",",,N","0.0",",,N",,
"US1LACC0003","30.232246","-92.998641","6.1","2021-10-15",,,"0.00",",,N","0.0",",,N",,
"US1LACC0003","30.232246","-92.998641","6.1","2021-10-16",,,"0.00",",,N","0.0",",,N",,
"US1LACC0003","30.232246","-92.998641","6.1","2021-10-17",,,"0.00",",,N","0.0",",,N",,
"US1LACC0003","30.232246","-92.998641","6.1","2021-10-18",,,"0.00",",,N","0.0",",,N",,
"US1LACC0003","30.232246","-92.998641","6.1","2021-10-19",,,"0.00",",,N","0.0",",,N",,
"US1LACC0003","30.232246","-92.998641","6.1","2021-10-20",,,"0.00",",,N","0.0",",,N",,
"US1LACC0003","30.232246","-92.998641","6.1","2021-10-21",,,"0.00",",,N","0.0",",,N",,
"US1LACC0003","30.232246","-92.998641","6.1","2021-10-22",,,"0.00",",,N","0.0",",,N",,
"US1LACC0003","30.232246","-92.998641","6.1","2021-10-23",,,"0.00",",,N","0.0",",,N",,
"US1LACC0003","30.232246","-92.998641","6.1","2021-10-24",,,"0.00",",,N","0.0",",,N",,
"US1LACC0003","30.232246","-92.998641","6.1","2021-10-26",,,"0.00",",,N","0.0",",,N",,
"US1LACC0003","30.232246","-92.998641","6.1","2021-10-27",,,"0.11",",,N",,,,
"US1LACC0003","30.232246","-92.998641","6.1","2021-10-28",,,"0.48",",,N",,,,
"US1LACC0003","30.232246","-92.998641","6.1","2021-10-29",,,"0.00",",,N","0.0",",,N",,
"US1LACC0003","30.232246","-92.998641","6.1","2021-10-30",,,"0.00",",,N","0.0",",,N",,
"US1LACC0003","30.232246","-92.998641","6.1","2021-10-31",,,"0.00",",,N","0.0",",,N",,
"US1LACC0003","30.232246","-92.998641","6.1","2021-11-01",,,"0.00",",,N","0.0",",,N",,
"US1LACC0003","30.232246","-92.998641","6.1","2021-11-02",,,"0.00",",,N","0.0",",,N",,
"US1LACC0003","30.232246","-92.998641","6.1","2021-11-03",,,"0.00",",,N","0.0",",,N",,
"US1LACC0003","30.232246","-92.998641","6.1","2021-11-04",,,"0.08",",,N",,,,
"US1LACC0003","30.232246","-92.998641","6.1","2021-11-05",,,"0.00",",,N","0.0",",,N",,
"US1LACC0003","30.232246","-92.998641","6.1","2021-11-06",,,"0.00",",,N","0.0",",,N",,
"US1LACC0003","30.232246","-92.998641","6.1","2021-11-07",,,"0.00",",,N","0.0",",,N",,
"US1LACC0003","30.232246","-92.998641","6.1","2021-11-08",,,"0.00",",,N","0.0",",,N",,
"US1LACC0003","30.232246","-92.998641","6.1","2021-11-09",,,"0.00",",,N","0.0",",,N",,
"US1LACC0003","30.232246","-92.998641","6.1","2021-11-10",,,"0.00",",,N","0.0",",,N",,
"US1LACC0003","30.232246","-92.998641","6.1","2021-11-11",,,"0.19",",,N",,,,
"US1LACC0003","30.232246","-92.998641","6.1","2021-11-12",,,"0.06",",,N",,,,
"US1LACC0003","30.232246","-92.998641","6.1","2021-11-14",,,"0.00",",,N","0.0",",,N",,
"US1LACC0003","30.232246","-92.998641","6.1","2021-11-15",,,"0.00",",,N","0.0",",,N",,
"US1LACC0003","30.232246","-92.998641","6.1","2021-11-16",,,"0.01",",,N",,,,
"US1LACC0003","30.232246","-92.998641","6.1","2021-11-17",,,"0.00",",,N","0.0",",,N",,
"US1LACC0003","30.232246","-92.998641","6.1","2021-11-18",,,"0.00",",,N","0.0",",,N",,
"US1LACC0003","30.232246","-92.998641","6.1","2021-11-19",,,"0.00",",,N","0.0",",,N",,
"US1LACC0003","30.232246","-92.998641","6.1","2021-11-20",,,"0.00",",,N","0.0",",,N",,
"US1LACC0003","30.232246","-92.998641","6.1","2021-11-22",,,"0.73",",,N",,,,
"US1LACC0003","30.232246","-92.998641","6.1","2021-11-23",,,"0.00",",,N","0.0",",,N",,
"US1LACC0003","30.232246","-92.998641","6.1","2021-11-24",,,"0.00",",,N","0.0",",,N",,
"US1LACC0003","30.232246","-92.998641","6.1","2021-11-25",,,"0.00",",,N","0.0",",,N",,
"US1LACC0003","30.232246","-92.998641","6.1","2021-11-26",,,"0.10",",,N",,,,
"US1LACC0003","30.232246","-92.998641","6.1","2021-11-27",,,"0.00",",,N","0.0",",,N",,
"US1LACC0003","30.232246","-92.998641","6.1","2021-11-28",,,"0.60",",,N",,,,
"USW00013942","32.5155","-92.0405","24.1","2021-08-01","4.92",",,W","1.19",",,W,2400",,,,
"USW00013942","32.5155","-92.0405","24.1","2021-08-02","3.80",",,W","1.75",",,W,2400",,,,
"USW00013942","32.5155","-92.0405","24.1","2021-08-03","7.16",",,W","0.07",",,W,2400",,,,
"USW00013942","32.5155","-92.0405","24.1","2021-08-04","5.82",",,W","0.00",",,W,2400",,,,
"USW00013942","32.5155","-92.0405","24.1","2021-08-05","2.91",",,W","0.00",",,W,2400",,,,
"USW00013942","32.5155","-92.0405","24.1","2021-08-06","1.79",",,W","0.00","T,,W,2400",,,,
"USW00013942","32.5155","-92.0405","24.1","2021-08-07","2.68",",,W","0.00",",,W,2400",,,,
"USW00013942","32.5155","-92.0405","24.1","2021-08-08","5.37",",,W","0.00",",,W,2400",,,,
"USW00013942","32.5155","-92.0405","24.1","2021-08-09","6.49",",,W","0.00",",,W,2400",,,,
"USW00013942","32.5155","-92.0405","24.1","2021-08-10","4.47",",,W","0.00",",,W,2400",,,,
"USW00013942","32.5155","-92.0405","24.1","2021-08-11","4.70",",,W","0.00",",,W,2400",,,,
"USW00013942","32.5155","-92.0405","24.1","2021-08-12","3.58",",,W","0.00",",,W,2400",,,,
"USW00013942","32.5155","-92.0405","24.1","2021-08-13","3.13",",,W","0.00",",,W,2400",,,,
"USW00013942","32.5155","-92.0405","24.1","2021-08-14","3.58",",,W","1.41",",,W,2400",,,,
"USW00013942","32.5155","-92.0405","24.1","2021-08-15","4.70",",,W","0.00","T,,W,2400",,,,
"USW00013942","32.5155","-92.0405","24.1","2021-08-16","2.01",",,W","0.01",",,W,2400",,,,
"USW00013942","32.5155","-92.0405","24.1","2021-08-17","2.46",",,W","0.05",",,W,2400",,,,
"USW00013942","32.5155","-92.0405","24.1","2021-08-18","3.13",",,W","1.16",",,W,2400",,,,
"USW00013942","32.5155","-92.0405","24.1","2021-08-19","2.91",",,W","1.36",",,W,2400",,,,
"USW00013942","32.5155","-92.0405","24.1","2021-08-20","3.36",",,W","0.00",",,W,2400",,,,
"USW00013942","32.5155","-92.0405","24.1","2021-08-21","5.37",",,W","0.00",",,W,2400",,,,
"USW00013942","32.5155","-92.0405","24.1","2021-08-22","5.59",",,W","0.02",",,W,2400",,,,
"USW00013942","32.5155","-92.0405","24.1","2021-08-23","2.68",",,W","0.00",",,W,2400",,,,
"USW00013942","32.5155","-92.0405","24.1","2021-08-24","2.91",",,W","0.00",",,W,2400",,,,
"USW00013942","32.5155","-92.0405","24.1","2021-08-25","2.46",",,W","0.00",",,W,2400",,,,
"USW00013942","32.5155","-92.0405","24.1","2021-08-26","3.13",",,W","0.12",",,W,2400",,,,
"USW00013942","32.5155","-92.0405","24.1","2021-08-27","5.37",",,W","0.00","T,,W,2400",,,,
"USW00013942","32.5155","-92.0405","24.1","2021-08-28","4.47",",,W","0.40",",,W,2400",,,,
"USW00013942","32.5155","-92.0405","24.1","2021-08-29","8.95",",,W","0.06",",,W,2400",,,,
"USW00013942","32.5155","-92.0405","24.1","2021-08-30","16.11",",,W","0.59",",,W,2400",,,,
"USW00013942","32.5155","-92.0405","24.1","2021-08-31","5.59",",,W","0.00",",,W,2400",,,,
"USW00013942","32.5155","-92.0405","24.1","2021-09-01","4.92",",,W","0.00","T,,W,2400",,,,
"USW00013942","32.5155","-92.0405","24.1","2021-09-02","4.25",",,W","0.00",",,W,2400",,,,
"USW00013942","32.5155","-92.0405","24.1","2021-09-03","2.68",",,W","0.00",",,W,2400",,,,
"USW00013942","32.5155","-92.0405","24.1","2021-09-04","1.57",",,W","0.00",",,W,2400",,,,
"USW00013942","32.5155","-92.0405","24.1","2021-09-05","5.37",",,W","0.27",",,W,2400",,,,
"USW00013942","32.5155","-92.0405","24.1","2021-09-06","7.16",",,W","0.00",",,W,2400",,,,
"USW00013942","32.5155","-92.0405","24.1","2021-09-07","2.24",",,W","0.00",",,W,2400",,,,
"USW00013942","32.5155","-92.0405","24.1","2021-09-08","3.58",",,W","0.00",",,W,2400",,,,
"USW00013942","32.5155","-92.0405","24.1","2021-09-09","4.25",",,W","0.00",",,W,2400",,,,
"USW00013942","32.5155","-92.0405","24.1","2021-09-10","2.24",",,W","0.00",",,W,2400",,,,
"USW00013942","32.5155","-92.0405","24.1","2021-09-11","1.79",",,W","0.00",",,W,2400",,,,
"USW00013942","32.5155","-92.0405","24.1","2021-09-12","3.36",",,W","0.00",",,W,2400",,,,
"USW00013942","32.5155","-92.0405","24.1","2021-09-13","2.01",",,W","0.00","T,,W,2400",,,,
"USW00013942","32.5155","-92.0405","24.1","2021-09-14","3.36",",,W","0.10",",,W,2400",,,,
"USW00013942","32.5155","-92.0405","24.1","2021-09-15","9.17",",,W","0.00",",,W,2400",,,,
"USW00013942","32.5155","-92.0405","24.1","2021-09-16","8.28",",,W","0.00","T,,W,2400",,,,
"USW00013942","32.5155","-92.0405","24.1","2021-09-17","3.58",",,W","0.53",",,W,2400",,,,
"USW00013942","32.5155","-92.0405","24.1","2021-09-18","2.68",",,W","0.11",",,W,2400",,,,
"USW00013942","32.5155","-92.0405","24.1","2021-09-19","2.91",",,W","0.62",",,W,2400",,,,
"USW00013942","32.5155","-92.0405","24.1","2021-09-20","1.34",",,W","0.00",",,W,2400",,,,
"USW00013942","32.5155","-92.0405","24.1","2021-09-21","6.93",",,W","0.07",",,W,2400",,,,
"USW00013942","32.5155","-92.0405","24.1","2021-09-22","8.50",",,W","0.00","T,,W,2400",,,,
"USW00013942","32.5155","-92.0405","24.1","2021-09-23","1.79",",,W","0.00",",,W,2400",,,,
"USW00013942","32.5155","-92.0405","24.1","2021-09-24","1.12",",,W","0.00",",,W,2400",,,,
"USW00013942","32.5155","-92.0405","24.1","2021-09-25","2.01",",,W","0.00",",,W,2400",,,,
"USW00013942","32.5155","-92.0405","24.1","2021-09-26","1.34",",,W","0.00",",,W,2400",,,,
"USW00013942","32.5155","-92.0405","24.1","2021-09-27","1.79",",,W","0.00",",,W,2400",,,,
"USW00013942","32.5155","-92.0405","24.1","2021-09-28","3.13",",,W","0.00",",,W,2400",,,,
"USW00013942","32.5155","-92.0405","24.1","2021-09-29","3.13",",,W","0.02",",,W,2400",,,,
"USW00013942","32.5155","-92.0405","24.1","2021-09-30","3.36",",,W","0.00",",,W,2400",,,,
"USW00013942","32.5155","-92.0405","24.1","2021-10-01","2.24",",,W","0.00","T,,W,2400","0.0",",,W",,
"USW00013942","32.5155","-92.0405","24.1","2021-10-02","4.25",",,W","0.01",",,W,2400","0.0",",,W",,
"USW00013942","32.5155","-92.0405","24.1","2021-10-03","2.91",",,W","0.00","T,,W,2400","0.0",",,W",,
"USW00013942","32.5155","-92.0405","24.1","2021-10-04","3.58",",,W","0.00",",,W,2400","0.0",",,W",,
"USW00013942","32.5155","-92.0405","24.1","2021-10-05","5.59",",,W","0.00","T,,W,2400","0.0",",,W",,
"USW00013942","32.5155","-92.0405","24.1","2021-10-06","1.34",",,W","0.00",",,W,2400","0.0",",,W",,
"USW00013942","32.5155","-92.0405","24.1","2021-10-07","1.12",",,W","0.00",",,W,2400","0.0",",,W",,
"USW00013942","32.5155","-92.0405","24.1","2021-10-08","2.01",",,W","0.00",",,W,2400","0.0",",,W",,
"USW00013942","32.5155","-92.0405","24.1","2021-10-09","3.80",",,W","0.00",",,W,2400","0.0",",,W",,
"USW00013942","32.5155","-92.0405","24.1","2021-10-10","6.49",",,W","0.00",",,W,2400","0.0",",,W",,
"USW00013942","32.5155","-92.0405","24.1","2021-10-11","8.05",",,W","0.00","T,,W,2400","0.0",",,W",,
"USW00013942","32.5155","-92.0405","24.1","2021-10-12","3.36",",,W","0.00",",,W,2400","0.0",",,W",,
"USW00013942","32.5155","-92.0405","24.1","2021-10-13","5.59",",,W","0.00",",,W,2400","0.0",",,W",,
"USW00013942","32.5155","-92.0405","24.1","2021-10-14","4.92",",,W","0.00",",,W,2400","0.0",",,W",,
"USW00013942","32.5155","-92.0405","24.1","2021-10-15","10.07",",,W","0.24",",,W,2400","0.0",",,W",,
"USW00013942","32.5155","-92.0405","24.1","2021-10-16","7.61",",,W","0.00",",,W,2400","0.0",",,W",,
"USW00013942","32.5155","-92.0405","24.1","2021-10-17","2.91",",,W","0.00",",,W,2400","0.0",",,W",,
"USW00013942","32.5155","-92.0405","24.1","2021-10-18","1.57",",,W","0.00",",,W,2400","0.0",",,W",,
"USW00013942","32.5155","-92.0405","24.1","2021-10-19","1.12",",,W","0.00",",,W,2400","0.0",",,W",,
"USW00013942","32.5155","-92.0405","24.1","2021-10-20","0.67",",,W","0.00",",,W,2400","0.0",",,W",,
"USW00013942","32.5155","-92.0405","24.1","2021-10-21","4.92",",,W","0.00",",,W,2400","0.0",",,W",,
"USW00013942","32.5155","-92.0405","24.1","2021-10-22","3.13",",,W","0.00",",,W,2400","0.0",",,W",,
"USW00013942","32.5155","-92.0405","24.1","2021-10-23","4.92",",,W","0.00",",,W,2400","0.0",",,W",,
"USW00013942","32.5155","-92.0405","24.1","2021-10-24","7.61",",,W","0.00",",,W,2400","0.0",",,W",,
"USW00013942","32.5155","-92.0405","24.1","2021-10-25","6.04",",,W","0.00",",,W,2400","0.0",",,W",,
"USW00013942","32.5155","-92.0405","24.1","2021-10-26","3.80",",,W","0.00",",,W,2400","0.0",",,W",,
"USW00013942","32.5155","-92.0405","24.1","2021-10-27","7.38",",,W","0.73",",,W,2400","0.0",",,W",,
"USW00013942","32.5155","-92.0405","24.1","2021-10-28","15.21",",,W","0.02",",,W,2400","0.0",",,W",,
"USW00013942","32.5155","-92.0405","24.1","2021-10-29","12.53",",,W","0.00",",,W,2400","0.0",",,W",,
"USW00013942","32.5155","-92.0405","24.1","2021-10-30","4.92",",,W","0.00",",,W,2400","0.0",",,W",,
"USW00013942","32.5155","-92.0405","24.1","2021-10-31","1.57",",,W","0.00",",,W,2400","0.0",",,W",,
"USW00013942","32.5155","-92.0405","24.1","2021-11-01","4.25",",,W","0.00",",,W,2400","0.0",",,W",,
"USW00013942","32.5155","-92.0405","24.1","2021-11-02","9.62",",,W","0.00",",,W,2400","0.0",",,W",,
"USW00013942","32.5155","-92.0405","24.1","2021-11-03","9.17",",,W","0.26",",,W,2400","0.0",",,W",,
"USW00013942","32.5155","-92.0405","24.1","2021-11-04","7.61",",,W","0.00",",,W,2400","0.0",",,W",,
"USW00013942","32.5155","-92.0405","24.1","2021-11-05","4.70",",,W","0.00",",,W,2400","0.0",",,W",,
"USW00013942","32.5155","-92.0405","24.1","2021-11-06","1.34",",,W","0.00",",,W,2400","0.0",",,W",,
"USW00013942","32.5155","-92.0405","24.1","2021-11-07","0.22",",,W","0.00",",,W,2400","0.0",",,W",,
"USW00013942","32.5155","-92.0405","24.1","2021-11-08","0.89",",,W","0.00",",,W,2400","0.0",",,W",,
"USW00013942","32.5155","-92.0405","24.1","2021-11-09","1.79",",,W","0.00",",,W,2400","0.0",",,W",,
"USW00013942","32.5155","-92.0405","24.1","2021-11-10","3.80",",,W","0.00",",,W,2400","0.0",",,W",,
"USW00013942","32.5155","-92.0405","24.1","2021-11-11","6.26",",,W","0.29",",,W,2400","0.0",",,W",,
"USW00013942","32.5155","-92.0405","24.1","2021-11-12","6.04",",,W","0.00",",,W,2400",,,,
"USW00013942","32.5155","-92.0405","24.1","2021-11-13","4.92",",,W","0.00",",,W,2400","0.0",",,W",,
"USW00013942","32.5155","-92.0405","24.1","2021-11-14","4.25",",,W","0.00",",,W,2400","0.0",",,W",,
"USW00013942","32.5155","-92.0405","24.1","2021-11-15","4.70",",,W","0.00",",,W,2400","0.0",",,W",,
"USW00013942","32.5155","-92.0405","24.1","2021-11-16","8.05",",,W","0.00",",,W,2400","0.0",",,W",,
"USW00013942","32.5155","-92.0405","24.1","2021-11-17","8.50",",,W","0.00",",,W,2400","0.0",",,W",,
"USW00013942","32.5155","-92.0405","24.1","2021-11-18","10.07",",,W","0.17",",,W,2400","0.0",",,W",,
"USW00013942","32.5155","-92.0405","24.1","2021-11-19","4.70",",,W","0.00",",,W,2400","0.0",",,W",,
"USW00013942","32.5155","-92.0405","24.1","2021-11-20","1.57",",,W","0.00",",,W,2400","0.0",",,W",,
"USW00013942","32.5155","-92.0405","24.1","2021-11-21","7.16",",,W","0.43",",,W,2400","0.0",",,W",,
"USW00013942","32.5155","-92.0405","24.1","2021-11-22","7.61",",,W","0.00",",,W,2400","0.0",",,W",,
"USW00013942","32.5155","-92.0405","24.1","2021-11-23","2.46",",,W","0.00",",,W,2400","0.0",",,W",,
"USW00013942","32.5155","-92.0405","24.1","2021-11-24","5.82",",,W","0.00",",,W,2400","0.0",",,W",,
"USW00013942","32.5155","-92.0405","24.1","2021-11-25","8.50",",,W","0.27",",,D,2400","0.0",",,D",,
"USW00013942","32.5155","-92.0405","24.1","2021-11-26","4.70",",,W","0.00",",,D,2400","0.0",",,D",,
"USW00013942","32.5155","-92.0405","24.1","2021-11-27","4.03",",,W","0.00","T,,D,2400","0.0",",,D",,
"USW00013942","32.5155","-92.0405","24.1","2021-11-28","3.58",",,W","0.13",",,D,2400","0.0",",,D",,
"USC00173261","45.1776","-67.7742","88.4","2021-08-01",,,"0.00",",,7,0700","0.0",",,7,0700",,
"USC00173261","45.1776","-67.7742","88.4","2021-08-02",,,"0.00",",,7,0700","0.0",",,7,0700",,
"USC00173261","45.1776","-67.7742","88.4","2021-08-03",,,"0.01",",,7,0700","0.0",",,7,0700",,
"USC00173261","45.1776","-67.7742","88.4","2021-08-04",,,"0.21",",,7,0700","0.0",",,7,0700",,
"USC00173261","45.1776","-67.7742","88.4","2021-08-05",,,"0.68",",,7,0700","0.0",",,7,0700",,
"USC00173261","45.1776","-67.7742","88.4","2021-08-06",,,"0.00",",,7,0700","0.0",",,7,0700",,
"USC00173261","45.1776","-67.7742","88.4","2021-08-07",,,"0.06",",,7,0700","0.0",",,7,0700",,
"USC00173261","45.1776","-67.7742","88.4","2021-08-08",,,"0.00",",,7,0700","0.0",",,7,0700",,
"USC00173261","45.1776","-67.7742","88.4","2021-08-09",,,"0.00",",,7,0700","0.0",",,7,0700",,
"USC00173261","45.1776","-67.7742","88.4","2021-08-10",,,"0.00",",,7,0700","0.0",",,7,0700",,
"USC00173261","45.1776","-67.7742","88.4","2021-08-11",,,"0.00",",,7,0700","0.0",",,7,0700",,
"USC00173261","45.1776","-67.7742","88.4","2021-08-12",,,"0.00",",,7,0700","0.0",",,7,0700",,
"USC00173261","45.1776","-67.7742","88.4","2021-08-13",,,"0.00",",,7,0700","0.0",",,7,0700",,
"USC00173261","45.1776","-67.7742","88.4","2021-08-14",,,"0.10",",,7,0700","0.0",",,7,0700",,
"USC00173261","45.1776","-67.7742","88.4","2021-08-15",,,"0.00",",,7,0700","0.0",",,7,0700",,
"USC00173261","45.1776","-67.7742","88.4","2021-08-16",,,"0.00",",,7,0700","0.0",",,7,0700",,
"USC00173261","45.1776","-67.7742","88.4","2021-08-17",,,"0.00",",,7,0700","0.0",",,7,0700",,
"USC00173261","45.1776","-67.7742","88.4","2021-08-18",,,"0.12",",,7,0700","0.0",",,7,0700",,
"USC00173261","45.1776","-67.7742","88.4","2021-08-19",,,"0.03",",,7,0700","0.0",",,7,0700",,
"USC00173261","45.1776","-67.7742","88.4","2021-08-20",,,"0.00",",,7,0700","0.0",",,7,0700",,
"USC00173261","45.1776","-67.7742","88.4","2021-08-21",,,"0.00",",,7,0700","0.0",",,7,0700",,
"USC00173261","45.1776","-67.7742","88.4","2021-08-22",,,"0.00",",,7,0700","0.0",",,7,0700",,
"USC00173261","45.1776","-67.7742","88.4","2021-08-23",,,"0.04",",,7,0700","0.0",",,7,0700",,
"USC00173261","45.1776","-67.7742","88.4","2021-08-24",,,"0.16",",,7,0700","0.0",",,7,0700",,
"USC00173261","45.1776","-67.7742","88.4","2021-08-25",,,"0.00",",,7,0700","0.0",",,7,0700",,
"USC00173261","45.1776","-67.7742","88.4","2021-08-26",,,"0.00",",,7,0700","0.0",",,7,0700",,
"USC00173261","45.1776","-67.7742","88.4","2021-08-27",,,"0.00",",,7,0700","0.0",",,7,0700",,
"USC00173261","45.1776","-67.7742","88.4","2021-08-28",,,"0.00",",,7,0700","0.0",",,7,0700",,
"USC00173261","45.1776","-67.7742","88.4","2021-08-29",,,"0.00",",,7,0700","0.0",",,7,0700",,
"USC00173261","45.1776","-67.7742","88.4","2021-08-30",,,"0.00",",,7,0700","0.0",",,7,0700",,
"USC00173261","45.1776","-67.7742","88.4","2021-08-31",,,"0.00",",,7,0700","0.0",",,7,0700",,
"USC00173261","45.1776","-67.7742","88.4","2021-09-01",,,"0.00",",,7,0700","0.0",",,7,0700",,
"USC00173261","45.1776","-67.7742","88.4","2021-09-02",,,"0.44",",,7,0700","0.0",",,7,0700",,
"USC00173261","45.1776","-67.7742","88.4","2021-09-03",,,"0.68",",,7,0700","0.0",",,7,0700",,
"USC00173261","45.1776","-67.7742","88.4","2021-09-04",,,"0.10",",,7,0700","0.0",",,7,0700",,
"USC00173261","45.1776","-67.7742","88.4","2021-09-05",,,"0.00",",,7,0700","0.0",",,7,0700",,
"USC00173261","45.1776","-67.7742","88.4","2021-09-06",,,"0.09",",,7,0700","0.0",",,7,0700",,
"USC00173261","45.1776","-67.7742","88.4","2021-09-07",,,"0.14",",,7,0700","0.0",",,7,0700",,
"USC00173261","45.1776","-67.7742","88.4","2021-09-08",,,"0.00",",,7,0700","0.0",",,7,0700",,
"USC00173261","45.1776","-67.7742","88.4","2021-09-09",,,"0.00",",,7,0700","0.0",",,7,0700",,
"USC00173261","45.1776","-67.7742","88.4","2021-09-10",,,"3.34",",,7,0700","0.0",",,7,0700",,
"USC00173261","45.1776","-67.7742","88.4","2021-09-11",,,"0.23",",,7,0700","0.0",",,7,0700",,
"USC00173261","45.1776","-67.7742","88.4","2021-09-12",,,"0.00",",,7,0700","0.0",",,7,0700",,
"USC00173261","45.1776","-67.7742","88.4","2021-09-13",,,"0.00",",,7,0700","0.0",",,7,0700",,
"USC00173261","45.1776","-67.7742","88.4","2021-09-14",,,"0.00",",,7,0700","0.0",",,7,0700",,
"USC00173261","45.1776","-67.7742","88.4","2021-09-15",,,"0.00",",,7,0700","0.0",",,7,0700",,
"USC00173261","45.1776","-67.7742","88.4","2021-09-16",,,"0.37",",,7,0700","0.0",",,7,0700",,
"USC00173261","45.1776","-67.7742","88.4","2021-09-17",,,"0.00",",,7,0700","0.0",",,7,0700",,
"USC00173261","45.1776","-67.7742","88.4","2021-09-18",,,"0.00",",,7,0700","0.0",",,7,0700",,
"USC00173261","45.1776","-67.7742","88.4","2021-09-19",,,"0.00",",,7,0700","0.0",",,7,0700",,
"USC00173261","45.1776","-67.7742","88.4","2021-09-20",,,"0.00",",,7,0700","0.0",",,7,0700",,
"USC00173261","45.1776","-67.7742","88.4","2021-09-21",,,"0.00",",,7,0700","0.0",",,7,0700",,
"USC00173261","45.1776","-67.7742","88.4","2021-09-22",,,"0.00",",,7,0700","0.0",",,7,0700",,
"USC00173261","45.1776","-67.7742","88.4","2021-09-23",,,"0.00",",,7,0700","0.0",",,7,0700",,
"USC00173261","45.1776","-67.7742","88.4","2021-09-24",,,"0.00",",,7,0700","0.0",",,7,0700",,
"USC00173261","45.1776","-67.7742","88.4","2021-09-25",,,"0.06",",,7,0700","0.0",",,7,0700",,
"USC00173261","45.1776","-67.7742","88.4","2021-09-26",,,"0.96",",,7,0700","0.0",",,7,0700",,
"USC00173261","45.1776","-67.7742","88.4","2021-09-27",,,"1.32",",,7,0700","0.0",",,7,0700",,
"USC00173261","45.1776","-67.7742","88.4","2021-09-28",,,"0.00",",,7,0700","0.0",",,7,0700",,
"USC00173261","45.1776","-67.7742","88.4","2021-09-29",,,"0.00",",,7,0700","0.0",",,7,0700",,
"USC00173261","45.1776","-67.7742","88.4","2021-09-30",,,"0.02",",,7,0700","0.0",",,7,0700",,
"USC00173261","45.1776","-67.7742","88.4","2021-10-01",,,"0.00",",,7,0700","0.0",",,7,0700",,
"USC00173261","45.1776","-67.7742","88.4","2021-10-02",,,"0.02",",,7,0700","0.0",",,7,0700",,
"USC00173261","45.1776","-67.7742","88.4","2021-10-03",,,"0.00",",,7,0700","0.0",",,7,0700",,
"USC00173261","45.1776","-67.7742","88.4","2021-10-04",,,"0.00",",,7,0700","0.0",",,7,0700",,
"USC00173261","45.1776","-67.7742","88.4","2021-10-05",,,"0.00",",,7,0700","0.0",",,7,0700",,
"USC00173261","45.1776","-67.7742","88.4","2021-10-06",,,"0.00",",,7,0700","0.0",",,7,0700",,
"USC00173261","45.1776","-67.7742","88.4","2021-10-07",,,"0.00",",,7,0700","0.0",",,7,0700",,
"USC00173261","45.1776","-67.7742","88.4","2021-10-08",,,"0.00",",,7,0700","0.0",",,7,0700",,
"USC00173261","45.1776","-67.7742","88.4","2021-10-09",,,"0.00",",,7,0700","0.0",",,7,0700",,
"USC00173261","45.1776","-67.7742","88.4","2021-10-10",,,"0.00",",,7,0700","0.0",",,7,0700",,
"USC00173261","45.1776","-67.7742","88.4","2021-10-11",,,"0.00",",,7,0700","0.0",",,7,0700",,
"USC00173261","45.1776","-67.7742","88.4","2021-10-12",,,"0.00",",,7,0700","0.0",",,7,0700",,
"USC00173261","45.1776","-67.7742","88.4","2021-10-13",,,"0.00",",,7,0700","0.0",",,7,0700",,
"USC00173261","45.1776","-67.7742","88.4","2021-10-14",,,"0.02",",,7,0700","0.0",",,7,0700",,
"USC00173261","45.1776","-67.7742","88.4","2021-10-15",,,"0.00",",,7,0700","0.0",",,7,0700",,
"USC00173261","45.1776","-67.7742","88.4","2021-10-16",,,"0.31",",,7,0700","0.0",",,7,0700",,
"USC00173261","45.1776","-67.7742","88.4","2021-10-17",,,"1.90",",,7,0700","0.0",",,7,0700",,
"USC00173261","45.1776","-67.7742","88.4","2021-10-18",,,"0.08",",,7,0700","0.0",",,7,0700",,
"USC00173261","45.1776","-67.7742","88.4","2021-10-19",,,"0.00",",,7,0700","0.0",",,7,0700",,
"USC00173261","45.1776","-67.7742","88.4","2021-10-20",,,"0.00",",,7,0700","0.0",",,7,0700",,
"USC00173261","45.1776","-67.7742","88.4","2021-10-21",,,"0.00",",,7,0700","0.0",",,7,0700",,
"USC00173261","45.1776","-67.7742","88.4","2021-10-22",,,"0.02",",,7,0700","0.0",",,7,0700",,
"USC00173261","45.1776","-67.7742","88.4","2021-10-23",,,"0.05",",,7,0700","0.0",",,7,0700",,
"USC00173261","45.1776","-67.7742","88.4","2021-10-24",,,"0.00",",,7,0700","0.0",",,7,0700",,
"USC00173261","45.1776","-67.7742","88.4","2021-10-25",,,"0.00",",,7,0700","0.0",",,7,0700",,
"USC00173261","45.1776","-67.7742","88.4","2021-10-26",,,"0.05",",,7,0700","0.0",",,7,0700",,
"USC00173261","45.1776","-67.7742","88.4","2021-10-27",,,"0.00",",,7,0700","0.0",",,7,0700",,
"USC00173261","45.1776","-67.7742","88.4","2021-10-28",,,"0.00",",,7,0700","0.0",",,7,0700",,
"USC00173261","45.1776","-67.7742","88.4","2021-10-29",,,"0.00",",,7,0700","0.0",",,7,0700",,
"USC00173261","45.1776","-67.7742","88.4","2021-10-30",,,"0.00",",,7,0700","0.0",",,7,0700",,
"USC00173261","45.1776","-67.7742","88.4","2021-10-31",,,"1.00",",,7,0700","0.0",",,7,0700",,
"USC00173261","45.1776","-67.7742","88.4","2021-11-01",,,"0.07",",,H,0700","0.0",",,H,0700",,
"USC00173261","45.1776","-67.7742","88.4","2021-11-02",,,"0.00",",,H,0700","0.0",",,H,0700",,
"USC00173261","45.1776","-67.7742","88.4","2021-11-27",,,"0.62",",,H,0700","1.1",",,H,0700",,
"USC00173261","45.1776","-67.7742","88.4","2021-11-28",,,"0.02",",,H,0700","0.2",",,H,0700",,
"USR0000MMOO","45.1144","-67.2819","64.0","2021-08-01",,,,,,,"63",",,U"
"USR0000MMOO","45.1144","-67.2819","64.0","2021-08-02",,,,,,,"60",",,U"
"USR0000MMOO","45.1144","-67.2819","64.0","2021-08-03",,,,,,,"66",",,U"
"USR0000MMOO","45.1144","-67.2819","64.0","2021-08-04",,,,,,,"68",",,U"
"USR0000MMOO","45.1144","-67.2819","64.0","2021-08-05",,,,,,,"64",",,U"
"USR0000MMOO","45.1144","-67.2819","64.0","2021-08-06",,,,,,,"72",",,U"
"USR0000MMOO","45.1144","-67.2819","64.0","2021-08-07",,,,,,,"70",",,U"
"USR0000MMOO","45.1144","-67.2819","64.0","2021-08-08",,,,,,,"69",",,U"
"USR0000MMOO","45.1144","-67.2819","64.0","2021-08-09",,,,,,,"66",",,U"
"USR0000MMOO","45.1144","-67.2819","64.0","2021-08-10",,,,,,,"68",",,U"
"USR0000MMOO","45.1144","-67.2819","64.0","2021-08-11",,,,,,,"67",",,U"
"USR0000MMOO","45.1144","-67.2819","64.0","2021-08-12",,,,,,,"71",",,U"
"USR0000MMOO","45.1144","-67.2819","64.0","2021-08-13",,,,,,,"76",",,U"
"USR0000MMOO","45.1144","-67.2819","64.0","2021-08-14",,,,,,,"75",",,U"
"USR0000MMOO","45.1144","-67.2819","64.0","2021-08-15",,,,,,,"66",",,U"
"USR0000MMOO","45.1144","-67.2819","64.0","2021-08-16",,,,,,,"64",",,U"
"USR0000MMOO","45.1144","-67.2819","64.0","2021-08-17",,,,,,,"68",",,U"
"USR0000MMOO","45.1144","-67.2819","64.0","2021-08-18",,,,,,,"70",",,U"
"USR0000MMOO","45.1144","-67.2819","64.0","2021-08-19",,,,,,,"74",",,U"
"USR0000MMOO","45.1144","-67.2819","64.0","2021-08-20",,,,,,,"76",",,U"
"USR0000MMOO","45.1144","-67.2819","64.0","2021-08-21",,,,,,,"70",",,U"
"USR0000MMOO","45.1144","-67.2819","64.0","2021-08-22",,,,,,,"70",",,U"
"USR0000MMOO","45.1144","-67.2819","64.0","2021-08-23",,,,,,,"68",",,U"
"USR0000MMOO","45.1144","-67.2819","64.0","2021-08-24",,,,,,,"74",",,U"
"USR0000MMOO","45.1144","-67.2819","64.0","2021-08-25",,,,,,,"76",",,U"
"USR0000MMOO","45.1144","-67.2819","64.0","2021-08-26",,,,,,,"76",",,U"
"USR0000MMOO","45.1144","-67.2819","64.0","2021-08-27",,,,,,,"69",",,U"
"USR0000MMOO","45.1144","-67.2819","64.0","2021-08-28",,,,,,,"60",",,U"
"USR0000MMOO","45.1144","-67.2819","64.0","2021-08-29",,,,,,,"61",",,U"
"USR0000MMOO","45.1144","-67.2819","64.0","2021-08-30",,,,,,,"68",",,U"
"USR0000MMOO","45.1144","-67.2819","64.0","2021-08-31",,,,,,,"72",",,U"
"USR0000MMOO","45.1144","-67.2819","64.0","2021-09-01",,,,,,,"65",",,U"
"USR0000MMOO","45.1144","-67.2819","64.0","2021-09-02",,,,,,,"56",",,U"
"USR0000MMOO","45.1144","-67.2819","64.0","2021-09-03",,,,,,,"58",",,U"
"USR0000MMOO","45.1144","-67.2819","64.0","2021-09-04",,,,,,,"55",",,U"
"USR0000MMOO","45.1144","-67.2819","64.0","2021-09-05",,,,,,,"56",",,U"
"USR0000MMOO","45.1144","-67.2819","64.0","2021-09-06",,,,,,,"62",",,U"
"USR0000MMOO","45.1144","-67.2819","64.0","2021-09-07",,,,,,,"62",",,U"
"USR0000MMOO","45.1144","-67.2819","64.0","2021-09-08",,,,,,,"63",",,U"
"USR0000MMOO","45.1144","-67.2819","64.0","2021-09-09",,,,,,,"66",",,U"
"USR0000MMOO","45.1144","-67.2819","64.0","2021-09-10",,,,,,,"62",",,U"
"USR0000MMOO","45.1144","-67.2819","64.0","2021-09-11",,,,,,,"59",",,U"
"USR0000MMOO","45.1144","-67.2819","64.0","2021-09-12",,,,,,,"64",",,U"
"USR0000MMOO","45.1144","-67.2819","64.0","2021-09-13",,,,,,,"60",",,U"
"USR0000MMOO","45.1144","-67.2819","64.0","2021-09-14",,,,,,,"56",",,U"
"USR0000MMOO","45.1144","-67.2819","64.0","2021-09-15",,,,,,,"61",",,U"
"USR0000MMOO","45.1144","-67.2819","64.0","2021-09-16",,,,,,,"61",",,U"
"USR0000MMOO","45.1144","-67.2819","64.0","2021-09-17",,,,,,,"60",",,U"
"USR0000MMOO","45.1144","-67.2819","64.0","2021-09-18",,,,,,,"67",",,U"
"USR0000MMOO","45.1144","-67.2819","64.0","2021-09-19",,,,,,,"58",",,U"
"USR0000MMOO","45.1144","-67.2819","64.0","2021-09-20",,,,,,,"56",",,U"
"USR0000MMOO","45.1144","-67.2819","64.0","2021-09-21",,,,,,,"58",",,U"
"USR0000MMOO","45.1144","-67.2819","64.0","2021-09-22",,,,,,,"63",",,U"
"USR0000MMOO","45.1144","-67.2819","64.0","2021-09-23",,,,,,,"67",",,U"
"USR0000MMOO","45.1144","-67.2819","64.0","2021-09-24",,,,,,,"68",",,U"
"USR0000MMOO","45.1144","-67.2819","64.0","2021-09-25",,,,,,,"67",",,U"
"USR0000MMOO","45.1144","-67.2819","64.0","2021-09-26",,,,,,,"62",",,U"
"USR0000MMOO","45.1144","-67.2819","64.0","2021-09-27",,,,,,,"58",",,U"
"USR0000MMOO","45.1144","-67.2819","64.0","2021-09-28",,,,,,,"59",",,U"
"USR0000MMOO","45.1144","-67.2819","64.0","2021-09-29",,,,,,,"53",",,U"
"USR0000MMOO","45.1144","-67.2819","64.0","2021-09-30",,,,,,,"53",",,U"
"USR0000MMOO","45.1144","-67.2819","64.0","2021-10-01",,,,,,,"50",",,U"
"USR0000MMOO","45.1144","-67.2819","64.0","2021-10-02",,,,,,,"51",",,U"
"USR0000MMOO","45.1144","-67.2819","64.0","2021-10-03",,,,,,,"49",",,U"
"USR0000MMOO","45.1144","-67.2819","64.0","2021-10-04",,,,,,,"49",",,U"
"USR0000MMOO","45.1144","-67.2819","64.0","2021-10-05",,,,,,,"50",",,U"
"USR0000MMOO","45.1144","-67.2819","64.0","2021-10-06",,,,,,,"52",",,U"
"USR0000MMOO","45.1144","-67.2819","64.0","2021-10-07",,,,,,,"56",",,U"
"USR0000MMOO","45.1144","-67.2819","64.0","2021-10-08",,,,,,,"50",",,U"
"USR0000MMOO","45.1144","-67.2819","64.0","2021-10-09",,,,,,,"43",",,U"
"USR0000MMOO","45.1144","-67.2819","64.0","2021-10-10",,,,,,,"48",",,U"
"USR0000MMOO","45.1144","-67.2819","64.0","2021-10-11",,,,,,,"55",",,U"
"USR0000MMOO","45.1144","-67.2819","64.0","2021-10-12",,,,,,,"60",",,U"
"USR0000MMOO","45.1144","-67.2819","64.0","2021-10-13",,,,,,,"62",",,U"
"USR0000MMOO","45.1144","-67.2819","64.0","2021-10-14",,,,,,,"58",",,U"
"USR0000MMOO","45.1144","-67.2819","64.0","2021-10-15",,,,,,,"56",",,U"
"USR0000MMOO","45.1144","-67.2819","64.0","2021-10-16",,,,,,,"58",",,U"
"USR0000MMOO","45.1144","-67.2819","64.0","2021-10-17",,,,,,,"57",",,U"
"USR0000MMOO","45.1144","-67.2819","64.0","2021-10-18",,,,,,,"48",",,U"
"USR0000MMOO","45.1144","-67.2819","64.0","2021-10-19",,,,,,,"46",",,U"
"USR0000MMOO","45.1144","-67.2819","64.0","2021-10-20",,,,,,,"47",",,U"
"USR0000MMOO","45.1144","-67.2819","64.0","2021-10-21",,,,,,,"53",",,U"
"USR0000MMOO","45.1144","-67.2819","64.0","2021-10-22",,,,,,,"58",",,U"
"USR0000MMOO","45.1144","-67.2819","64.0","2021-10-23",,,,,,,"49",",,U"
"USR0000MMOO","45.1144","-67.2819","64.0","2021-10-24",,,,,,,"44",",,U"
"USR0000MMOO","45.1144","-67.2819","64.0","2021-10-25",,,,,,,"42",",,U"
"USR0000MMOO","45.1144","-67.2819","64.0","2021-10-26",,,,,,,"49",",,U"
"USR0000MMOO","45.1144","-67.2819","64.0","2021-10-27",,,,,,,"47",",,U"
"USR0000MMOO","45.1144","-67.2819","64.0","2021-10-28",,,,,,,"47",",,U"
"USR0000MMOO","45.1144","-67.2819","64.0","2021-10-29",,,,,,,"45",",,U"
"USR0000MMOO","45.1144","-67.2819","64.0","2021-10-30",,,,,,,"47",",,U"
"USR0000MMOO","45.1144","-67.2819","64.0","2021-10-31",,,,,,,"54",",,U"
"USR0000MMOO","45.1144","-67.2819","64.0","2021-11-01",,,,,,,"49",",,U"
"USR0000MMOO","45.1144","-67.2819","64.0","2021-11-02",,,,,,,"42",",,U"
"USR0000MMOO","45.1144","-67.2819","64.0","2021-11-03",,,,,,,"41",",,U"
"USR0000MMOO","45.1144","-67.2819","64.0","2021-11-04",,,,,,,"33",",,U"
"USR0000MMOO","45.1144","-67.2819","64.0","2021-11-05",,,,,,,"31",",,U"
"USR0000MMOO","45.1144","-67.2819","64.0","2021-11-06",,,,,,,"35",",,U"
"USR0000MMOO","45.1144","-67.2819","64.0","2021-11-07",,,,,,,"38",",,U"
"USR0000MMOO","45.1144","-67.2819","64.0","2021-11-08",,,,,,,"39",",,U"
"USR0000MMOO","45.1144","-67.2819","64.0","2021-11-09",,,,,,,"45",",,U"
"USR0000MMOO","45.1144","-67.2819","64.0","2021-11-10",,,,,,,"40",",,U"
"USR0000MMOO","45.1144","-67.2819","64.0","2021-11-11",,,,,,,"35",",,U"
"USR0000MMOO","45.1144","-67.2819","64.0","2021-11-12",,,,,,,"42",",,U"
"USR0000MMOO","45.1144","-67.2819","64.0","2021-11-13",,,,,,,"47",",,U"
"USR0000MMOO","45.1144","-67.2819","64.0","2021-11-14",,,,,,,"41",",,U"
"USR0000MMOO","45.1144","-67.2819","64.0","2021-11-15",,,,,,,"40",",,U"
"USR0000MMOO","45.1144","-67.2819","64.0","2021-11-16",,,,,,,"35",",,U"
"USR0000MMOO","45.1144","-67.2819","64.0","2021-11-17",,,,,,,"33",",,U"
"USR0000MMOO","45.1144","-67.2819","64.0","2021-11-18",,,,,,,"48",",,U"
"USR0000MMOO","45.1144","-67.2819","64.0","2021-11-19",,,,,,,"38",",,U"
"USR0000MMOO","45.1144","-67.2819","64.0","2021-11-20",,,,,,,"32",",,U"
"USR0000MMOO","45.1144","-67.2819","64.0","2021-11-21",,,,,,,"37",",,U"
"USR0000MMOO","45.1144","-67.2819","64.0","2021-11-22",,,,,,,"47",",,U"
"USR0000MMOO","45.1144","-67.2819","64.0","2021-11-23",,,,,,,"31",",,U"
"USR0000MMOO","45.1144","-67.2819","64.0","2021-11-24",,,,,,,"31",",,U"
"USR0000MMOO","45.1144","-67.2819","64.0","2021-11-25",,,,,,,"35",",,U"
"USR0000MMOO","45.1144","-67.2819","64.0","2021-11-26",,,,,,,"34",",,U"
"USR0000MMOO","45.1144","-67.2819","64.0","2021-11-27",,,,,,,"29",",,U"
"USR0000MMOO","45.1144","-67.2819","64.0","2021-11-28",,,,,,,"23",",,U"
"US1LACC0006","30.233936","-93.320547","4.6","2021-08-01",,,"0.00",",,N","0.0",",,N",,
"US1LACC0006","30.233936","-93.320547","4.6","2021-08-02",,,"1.07",",,N",,,,
"US1LACC0006","30.233936","-93.320547","4.6","2021-08-03",,,"0.07",",,N",,,,
"US1LACC0006","30.233936","-93.320547","4.6","2021-08-04",,,"1.25",",,N",,,,
"US1LACC0006","30.233936","-93.320547","4.6","2021-08-05",,,"0.00",",,N","0.0",",,N",,
"US1LACC0006","30.233936","-93.320547","4.6","2021-08-06",,,"0.00",",,N","0.0",",,N",,
"US1LACC0006","30.233936","-93.320547","4.6","2021-08-07",,,"0.00",",,N","0.0",",,N",,
"US1LACC0006","30.233936","-93.320547","4.6","2021-08-08",,,"0.09",",,N",,,,
"US1LACC0006","30.233936","-93.320547","4.6","2021-08-09",,,"0.00",",,N","0.0",",,N",,
"US1LACC0006","30.233936","-93.320547","4.6","2021-08-10",,,"0.00",",,N","0.0",",,N",,
"US1LACC0006","30.233936","-93.320547","4.6","2021-08-11",,,"0.00",",,N","0.0",",,N",,
"US1LACC0006","30.233936","-93.320547","4.6","2021-08-12",,,"0.70",",,N",,,,
"US1LACC0006","30.233936","-93.320547","4.6","2021-08-13",,,"0.13",",,N",,,,
"US1LACC0006","30.233936","-93.320547","4.6","2021-08-14",,,"0.04",",,N",,,,
"US1LACC0006","30.233936","-93.320547","4.6","2021-08-15",,,"0.37",",,N",,,,
"US1LACC0006","30.233936","-93.320547","4.6","2021-08-16",,,"0.01",",,N",,,,
"US1LACC0006","30.233936","-93.320547","4.6","2021-08-17",,,"0.00","T,,N",,,,
"US1LACC0006","30.233936","-93.320547","4.6","2021-08-18",,,"0.03",",,N",,,,
"US1LACC0006","30.233936","-93.320547","4.6","2021-08-19",,,"0.45",",,N",,,,
"US1LACC0006","30.233936","-93.320547","4.6","2021-08-20",,,"0.00","T,,N",,,,
"US1LACC0006","30.233936","-93.320547","4.6","2021-08-21",,,"0.00",",,N","0.0",",,N",,
"US1LACC0006","30.233936","-93.320547","4.6","2021-08-22",,,"0.00",",,N","0.0",",,N",,
"US1LACC0006","30.233936","-93.320547","4.6","2021-08-23",,,"0.00",",,N","0.0",",,N",,
"US1LACC0006","30.233936","-93.320547","4.6","2021-08-24",,,"0.00",",,N","0.0",",,N",,
"US1LACC0006","30.233936","-93.320547","4.6","2021-08-25",,,"3.07",",,N",,,,
"US1LACC0006","30.233936","-93.320547","4.6","2021-08-26",,,"0.01",",,N",,,,
"US1LACC0006","30.233936","-93.320547","4.6","2021-08-27",,,"0.00",",,N","0.0",",,N",,
"US1LACC0006","30.233936","-93.320547","4.6","2021-08-28",,,"0.01",",,N",,,,
"US1LACC0006","30.233936","-93.320547","4.6","2021-08-29",,,"0.09",",,N",,,,
"US1LACC0006","30.233936","-93.320547","4.6","2021-08-30",,,"0.01",",,N",,,,
"US1LACC0006","30.233936","-93.320547","4.6","2021-08-31",,,"0.00",",,N","0.0",",,N",,
"US1LACC0006","30.233936","-93.320547","4.6","2021-09-01",,,"2.23",",,N",,,,
"US1LACC0006","30.233936","-93.320547","4.6","2021-09-02",,,"0.00",",,N","0.0",",,N",,
"US1LACC0006","30.233936","-93.320547","4.6","2021-09-03",,,"0.08",",,N",,,,
"US1LACC0006","30.233936","-93.320547","4.6","2021-09-04",,,"0.00",",,N","0.0",",,N",,
"US1LACC0006","30.233936","-93.320547","4.6","2021-09-05",,,"0.15",",,N",,,,
"US1LACC0006","30.233936","-93.320547","4.6","2021-09-06",,,"0.73",",,N",,,,
"US1LACC0006","30.233936","-93.320547","4.6","2021-09-07",,,"0.24",",,N",,,,
"US1LACC0006","30.233936","-93.320547","4.6","2021-09-08",,,"0.00",",,N","0.0",",,N",,
"US1LACC0006","30.233936","-93.320547","4.6","2021-09-09",,,"0.00",",,N","0.0",",,N",,
"US1LACC0006","30.233936","-93.320547","4.6","2021-09-10",,,"0.00",",,N","0.0",",,N",,
"US1LACC0006","30.233936","-93.320547","4.6","2021-09-11",,,"0.00",",,N","0.0",",,N",,
"US1LACC0006","30.233936","-93.320547","4.6","2021-09-12",,,"0.00",",,N","0.0",",,N",,
"US1LACC0006","30.233936","-93.320547","4.6","2021-09-13",,,"0.07",",,N",,,,
"US1LACC0006","30.233936","-93.320547","4.6","2021-09-14",,,"1.61",",,N",,,,
"US1LACC0006","30.233936","-93.320547","4.6","2021-09-15",,,"3.30",",,N",,,,
"US1LACC0006","30.233936","-93.320547","4.6","2021-09-16",,,"0.10",",,N",,,,
"US1LACC0006","30.233936","-93.320547","4.6","2021-09-17",,,"0.02",",,N",,,,
"US1LACC0006","30.233936","-93.320547","4.6","2021-09-18",,,"0.00","T,,N",,,,
"US1LACC0006","30.233936","-93.320547","4.6","2021-09-19",,,"0.48",",,N",,,,
"US1LACC0006","30.233936","-93.320547","4.6","2021-09-20",,,"0.18",",,N",,,,
"US1LACC0006","30.233936","-93.320547","4.6","2021-09-21",,,"0.00",",,N","0.0",",,N",,
"US1LACC0006","30.233936","-93.320547","4.6","2021-09-22",,,"0.02",",,N",,,,
"US1LACC0006","30.233936","-93.320547","4.6","2021-09-23",,,"0.00",",,N","0.0",",,N",,
"US1LACC0006","30.233936","-93.320547","4.6","2021-09-24",,,"0.00",",,N","0.0",",,N",,
"US1LACC0006","30.233936","-93.320547","4.6","2021-09-25",,,"0.00",",,N","0.0",",,N",,
"US1LACC0006","30.233936","-93.320547","4.6","2021-09-26",,,"0.00",",,N","0.0",",,N",,
"US1LACC0006","30.233936","-93.320547","4.6","2021-09-27",,,"0.00",",,N","0.0",",,N",,
"US1LACC0006","30.233936","-93.320547","4.6","2021-09-28",,,"0.63",",,N",,,,
"US1LACC0006","30.233936","-93.320547","4.6","2021-09-29",,,"1.91",",,N",,,,
"US1LACC0006","30.233936","-93.320547","4.6","2021-09-30",,,"0.30",",,N",,,,
"US1LACC0006","30.233936","-93.320547","4.6","2021-10-01",,,"0.67",",,N",,,,
"US1LACC0006","30.233936","-93.320547","4.6","2021-10-02",,,"0.35",",,N",,,,
"US1LACC0006","30.233936","-93.320547","4.6","2021-10-03",,,"0.10",",,N",,,,
"US1LACC0006","30.233936","-93.320547","4.6","2021-10-04",,,"0.00","T,,N",,,,
"US1LACC0006","30.233936","-93.320547","4.6","2021-10-05",,,"0.00",",,N","0.0",",,N",,
"US1LACC0006","30.233936","-93.320547","4.6","2021-10-06",,,"0.00",",,N","0.0",",,N",,
"US1LACC0006","30.233936","-93.320547","4.6","2021-10-07",,,"0.00",",,N","0.0",",,N",,
"US1LACC0006","30.233936","-93.320547","4.6","2021-10-08",,,"0.00",",,N","0.0",",,N",,
"US1LACC0006","30.233936","-93.320547","4.6","2021-10-09",,,"0.00",",,N","0.0",",,N",,
"US1LACC0006","30.233936","-93.320547","4.6","2021-10-10",,,"0.00",",,N","0.0",",,N",,
"US1LACC0006","30.233936","-93.320547","4.6","2021-10-11",,,"0.00",",,N","0.0",",,N",,
"US1LACC0006","30.233936","-93.320547","4.6","2021-10-12",,,"0.06",",,N",,,,
"US1LACC0006","30.233936","-93.320547","4.6","2021-10-13",,,"0.00","T,,N",,,,
"US1LACC0006","30.233936","-93.320547","4.6","2021-10-14",,,"0.00",",,N","0.0",",,N",,
"US1LACC0006","30.233936","-93.320547","4.6","2021-10-15",,,"0.00",",,N","0.0",",,N",,
"US1LACC0006","30.233936","-93.320547","4.6","2021-10-16",,,"0.34",",,N",,,,
"US1LACC0006","30.233936","-93.320547","4.6","2021-10-17",,,"0.00",",,N","0.0",",,N",,
"US1LACC0006","30.233936","-93.320547","4.6","2021-10-18",,,"0.00",",,N","0.0",",,N",,
"US1LACC0006","30.233936","-93.320547","4.6","2021-10-19",,,"0.00",",,N","0.0",",,N",,
"US1LACC0006","30.233936","-93.320547","4.6","2021-10-20",,,"0.00",",,N","0.0",",,N",,
"US1LACC0006","30.233936","-93.320547","4.6","2021-10-21",,,"0.00",",,N","0.0",",,N",,
"US1LACC0006","30.233936","-93.320547","4.6","2021-10-22",,,"0.00",",,N","0.0",",,N",,
"US1LACC0006","30.233936","-93.320547","4.6","2021-10-23",,,"0.00",",,N","0.0",",,N",,
"US1LACC0006","30.233936","-93.320547","4.6","2021-10-24",,,"0.00",",,N","0.0",",,N",,
"US1LACC0006","30.233936","-93.320547","4.6","2021-10-25",,,"0.00","T,,N",,,,
"US1LACC0006","30.233936","-93.320547","4.6","2021-10-26",,,"0.00",",,N","0.0",",,N",,
"US1LACC0006","30.233936","-93.320547","4.6","2021-10-27",,,"0.00","T,,N",,,,
"US1LACC0006","30.233936","-93.320547","4.6","2021-10-28",,,"1.00",",,N",,,,
"US1LACC0006","30.233936","-93.320547","4.6","2021-10-29",,,"0.00",",,N","0.0",",,N",,
"US1LACC0006","30.233936","-93.320547","4.6","2021-10-30",,,"0.00",",,N","0.0",",,N",,
"US1LACC0006","30.233936","-93.320547","4.6","2021-10-31",,,"0.00",",,N","0.0",",,N",,
"US1LACC0006","30.233936","-93.320547","4.6","2021-11-01",,,"0.00",",,N","0.0",",,N",,
"US1LACC0006","30.233936","-93.320547","4.6","2021-11-02",,,"0.00",",,N","0.0",",,N",,
"US1LACC0006","30.233936","-93.320547","4.6","2021-11-03",,,"0.00",",,N","0.0",",,N",,
"US1LACC0006","30.233936","-93.320547","4.6","2021-11-04",,,"0.13",",,N",,,,
"US1LACC0006","30.233936","-93.320547","4.6","2021-11-05",,,"0.00",",,N","0.0",",,N",,
"US1LACC0006","30.233936","-93.320547","4.6","2021-11-06",,,"0.00",",,N","0.0",",,N",,
"US1LACC0006","30.233936","-93.320547","4.6","2021-11-07",,,"0.00",",,N","0.0",",,N",,
"US1LACC0006","30.233936","-93.320547","4.6","2021-11-08",,,"0.00",",,N","0.0",",,N",,
"US1LACC0006","30.233936","-93.320547","4.6","2021-11-09",,,"0.00",",,N","0.0",",,N",,
"US1LACC0006","30.233936","-93.320547","4.6","2021-11-10",,,"0.00",",,N","0.0",",,N",,
"US1LACC0006","30.233936","-93.320547","4.6","2021-11-11",,,"0.24",",,N",,,,
"US1LACC0006","30.233936","-93.320547","4.6","2021-11-12",,,"0.10",",,N",,,,
"US1LACC0006","30.233936","-93.320547","4.6","2021-11-13",,,"0.00",",,N","0.0",",,N",,
"US1LACC0006","30.233936","-93.320547","4.6","2021-11-14",,,"0.00",",,N","0.0",",,N",,
"US1LACC0006","30.233936","-93.320547","4.6","2021-11-15",,,"0.00",",,N","0.0",",,N",,
"US1LACC0006","30.233936","-93.320547","4.6","2021-11-16",,,"0.00",",,N","0.0",",,N",,
"US1LACC0006","30.233936","-93.320547","4.6","2021-11-17",,,"0.00",",,N","0.0",",,N",,
"US1LACC0006","30.233936","-93.320547","4.6","2021-11-18",,,"0.00",",,N","0.0",",,N",,
"US1LACC0006","30.233936","-93.320547","4.6","2021-11-19",,,"0.00","T,,N",,,,
"US1LACC0006","30.233936","-93.320547","4.6","2021-11-20",,,"0.00",",,N","0.0",",,N",,
"US1LACC0006","30.233936","-93.320547","4.6","2021-11-22",,,"0.01",",,N",,,,
"US1LACC0006","30.233936","-93.320547","4.6","2021-11-23",,,"0.00",",,N","0.0",",,N",,
"US1LACC0006","30.233936","-93.320547","4.6","2021-11-25",,,"0.00",",,N","0.0",",,N",,
"US1LACC0006","30.233936","-93.320547","4.6","2021-11-26",,,"0.22",",,N",,,,
"US1LACC0006","30.233936","-93.320547","4.6","2021-11-27",,,"0.00",",,N","0.0",",,N",,
"US1LACC0006","30.233936","-93.320547","4.6","2021-11-28",,,"0.60",",,N",,,,
"USC00168906","30.5225","-89.8742","18.3","2021-08-01",,,"0.00",",,7,0800",,,,
"USC00168906","30.5225","-89.8742","18.3","2021-08-02",,,"0.22",",,7,0800",,,,
"USC00168906","30.5225","-89.8742","18.3","2021-08-03",,,"0.68",",,7,0800",,,,
"USC00168906","30.5225","-89.8742","18.3","2021-08-04",,,"0.00",",,7,0800",,,,
"USC00168906","30.5225","-89.8742","18.3","2021-08-05",,,"0.00",",,7,0800",,,,
"USC00168906","30.5225","-89.8742","18.3","2021-08-06",,,"0.00",",,7,0800",,,,
"USC00168906","30.5225","-89.8742","18.3","2021-08-07",,,"0.00",",,7,0800",,,,
"USC00168906","30.5225","-89.8742","18.3","2021-08-08",,,"0.00",",,7,0800",,,,
"USC00168906","30.5225","-89.8742","18.3","2021-08-09",,,"0.00",",,7,0800",,,,
"USC00168906","30.5225","-89.8742","18.3","2021-08-10",,,"0.00",",,7,0800",,,,
"USC00168906","30.5225","-89.8742","18.3","2021-08-11",,,"0.00","T,,7,0800",,,,
"USC00168906","30.5225","-89.8742","18.3","2021-08-12",,,"0.59",",,7,0800",,,,
"USC00168906","30.5225","-89.8742","18.3","2021-08-13",,,"0.00","T,,7,0800",,,,
"USC00168906","30.5225","-89.8742","18.3","2021-08-14",,,"0.00","T,,7,0800",,,,
"USC00168906","30.5225","-89.8742","18.3","2021-08-15",,,"0.00",",,7,0800",,,,
"USC00168906","30.5225","-89.8742","18.3","2021-08-16",,,"0.72",",,7,0800",,,,
"USC00168906","30.5225","-89.8742","18.3","2021-08-17",,,"0.00",",,7,0800",,,,
"USC00168906","30.5225","-89.8742","18.3","2021-08-18",,,"0.07",",,7,0800",,,,
"USC00168906","30.5225","-89.8742","18.3","2021-08-19",,,"0.01",",,7,0800",,,,
"USC00168906","30.5225","-89.8742","18.3","2021-08-20",,,"0.00",",,7,0800",,,,
"USC00168906","30.5225","-89.8742","18.3","2021-08-21",,,"0.00",",,7,0800",,,,
"USC00168906","30.5225","-89.8742","18.3","2021-08-22",,,"0.00",",,7,0800",,,,
"USC00168906","30.5225","-89.8742","18.3","2021-08-23",,,"0.00",",,7,0800",,,,
"USC00168906","30.5225","-89.8742","18.3","2021-08-24",,,"0.14",",,7,0800",,,,
"USC00168906","30.5225","-89.8742","18.3","2021-08-25",,,"0.00",",,7,0800",,,,
"USC00168906","30.5225","-89.8742","18.3","2021-08-26",,,"0.05",",,7,0800",,,,
"USC00168906","30.5225","-89.8742","18.3","2021-08-27",,,"0.57",",,7,0800",,,,
"USC00168906","30.5225","-89.8742","18.3","2021-08-28",,,"0.47",",,7,0800",,,,
"USC00168906","30.5225","-89.8742","18.3","2021-08-29",,,"1.39",",,7,0800",,,,
"USC00168906","30.5225","-89.8742","18.3","2021-08-30",,,"5.52",",,7,0800",,,,
"USC00168906","30.5225","-89.8742","18.3","2021-08-31",,,"0.32",",,7,0800",,,,
"USC00168906","30.5225","-89.8742","18.3","2021-09-01",,,"0.00",",,7,0800",,,,
"USC00168906","30.5225","-89.8742","18.3","2021-09-02",,,"0.53",",,7,0800",,,,
"USC00168906","30.5225","-89.8742","18.3","2021-09-03",,,"0.19",",,7,0800",,,,
"USC00168906","30.5225","-89.8742","18.3","2021-09-04",,,"0.00",",,7,0800",,,,
"USC00168906","30.5225","-89.8742","18.3","2021-09-05",,,"0.00",",,7,0800",,,,
"USC00168906","30.5225","-89.8742","18.3","2021-09-06",,,"0.00",",,7,0800",,,,
"USC00168906","30.5225","-89.8742","18.3","2021-09-07",,,"0.44",",,7,0800",,,,
"USC00168906","30.5225","-89.8742","18.3","2021-09-08",,,"0.68",",,7,0800",,,,
"USC00168906","30.5225","-89.8742","18.3","2021-09-09",,,"0.00",",,7,0800",,,,
"USC00168906","30.5225","-89.8742","18.3","2021-09-10",,,"0.00",",,7,0800",,,,
"USC00168906","30.5225","-89.8742","18.3","2021-09-11",,,"0.00",",,7,0800",,,,
"USC00168906","30.5225","-89.8742","18.3","2021-09-12",,,"0.00",",,7,0800",,,,
"USC00168906","30.5225","-89.8742","18.3","2021-09-13",,,"0.12",",,7,0800",,,,
"USC00168906","30.5225","-89.8742","18.3","2021-09-14",,,"0.98",",,7,0800",,,,
"USC00168906","30.5225","-89.8742","18.3","2021-09-15",,,"2.53",",,7,0800",,,,
"USC00168906","30.5225","-89.8742","18.3","2021-09-16",,,"0.16",",,7,0800",,,,
"USC00168906","30.5225","-89.8742","18.3","2021-09-17",,,"0.00",",,7,0800",,,,
"USC00168906","30.5225","-89.8742","18.3","2021-09-18",,,"0.81",",,7,0800",,,,
"USC00168906","30.5225","-89.8742","18.3","2021-09-19",,,"0.03",",,7,0800",,,,
"USC00168906","30.5225","-89.8742","18.3","2021-09-20",,,"0.00",",,7,0800",,,,
"USC00168906","30.5225","-89.8742","18.3","2021-09-21",,,"0.02",",,7,0800",,,,
"USC00168906","30.5225","-89.8742","18.3","2021-09-22",,,"0.00",",,7,0800",,,,
"USC00168906","30.5225","-89.8742","18.3","2021-09-23",,,"0.00",",,7,0800",,,,
"USC00168906","30.5225","-89.8742","18.3","2021-09-24",,,"0.00",",,7,0800",,,,
"USC00168906","30.5225","-89.8742","18.3","2021-09-25",,,"0.00",",,7,0800",,,,
"USC00168906","30.5225","-89.8742","18.3","2021-09-26",,,"0.00",",,7,0800",,,,
"USC00168906","30.5225","-89.8742","18.3","2021-09-27",,,"0.00",",,7,0800",,,,
"USC00168906","30.5225","-89.8742","18.3","2021-09-28",,,"0.00",",,7,0800",,,,
"USC00168906","30.5225","-89.8742","18.3","2021-09-29",,,"1.25",",,7,0800",,,,
"USC00168906","30.5225","-89.8742","18.3","2021-09-30",,,"0.00","T,,7,0800",,,,
"US1LAVM0004","29.97619","-92.107181","3.7","2021-08-01",,,"0.39",",,N",,,,
"US1LAVM0004","29.97619","-92.107181","3.7","2021-08-02",,,"0.00",",,N","0.0",",,N",,
"US1LAVM0004","29.97619","-92.107181","3.7","2021-08-03",,,"0.30",",,N",,,,
"US1LAVM0004","29.97619","-92.107181","3.7","2021-08-04",,,"0.06",",,N",,,,
"US1LAVM0004","29.97619","-92.107181","3.7","2021-08-05",,,"0.00",",,N","0.0",",,N",,
"US1LAVM0004","29.97619","-92.107181","3.7","2021-08-06",,,"0.00",",,N","0.0",",,N",,
"US1LAVM0004","29.97619","-92.107181","3.7","2021-08-07",,,"0.00",",,N","0.0",",,N",,
"US1LAVM0004","29.97619","-92.107181","3.7","2021-08-08",,,"0.00",",,N","0.0",",,N",,
"US1LAVM0004","29.97619","-92.107181","3.7","2021-08-09",,,"0.50",",,N",,,,
"US1LAVM0004","29.97619","-92.107181","3.7","2021-08-10",,,"0.15",",,N",,,,
"US1LAVM0004","29.97619","-92.107181","3.7","2021-08-11",,,"0.00",",,N","0.0",",,N",,
"US1LAVM0004","29.97619","-92.107181","3.7","2021-08-12",,,"1.12",",,N",,,,
"US1LAVM0004","29.97619","-92.107181","3.7","2021-08-13",,,"0.00",",,N","0.0",",,N",,
"US1LAVM0004","29.97619","-92.107181","3.7","2021-08-14",,,"0.03",",,N",,,,
"US1LAVM0004","29.97619","-92.107181","3.7","2021-08-15",,,"0.00",",,N","0.0",",,N",,
"US1LAVM0004","29.97619","-92.107181","3.7","2021-08-16",,,"1.15",",,N",,,,
"US1LAVM0004","29.97619","-92.107181","3.7","2021-08-17",,,"0.00",",,N","0.0",",,N",,
"US1LAVM0004","29.97619","-92.107181","3.7","2021-08-18",,,"0.04",",,N",,,,
"US1LAVM0004","29.97619","-92.107181","3.7","2021-08-19",,,"0.16",",,N",,,,
"US1LAVM0004","29.97619","-92.107181","3.7","2021-08-20",,,"0.14",",,N",,,,
"US1LAVM0004","29.97619","-92.107181","3.7","2021-08-21",,,"0.00",",,N","0.0",",,N",,
"US1LAVM0004","29.97619","-92.107181","3.7","2021-08-22",,,"0.00",",,N","0.0",",,N",,
"US1LAVM0004","29.97619","-92.107181","3.7","2021-08-23",,,"0.00",",,N","0.0",",,N",,
"US1LAVM0004","29.97619","-92.107181","3.7","2021-08-24",,,"0.00",",,N","0.0",",,N",,
"US1LAVM0004","29.97619","-92.107181","3.7","2021-08-25",,,"0.30",",,N",,,,
"US1LAVM0004","29.97619","-92.107181","3.7","2021-08-26",,,"0.30",",,N",,,,
"US1LAVM0004","29.97619","-92.107181","3.7","2021-08-27",,,"2.20",",,N",,,,
"US1LAVM0004","29.97619","-92.107181","3.7","2021-08-28",,,"0.35",",,N",,,,
"US1LAVM0004","29.97619","-92.107181","3.7","2021-08-29",,,"0.05",",,N",,,,
"US1LAVM0004","29.97619","-92.107181","3.7","2021-08-30",,,"0.00",",,N","0.0",",,N",,
"US1LAVM0004","29.97619","-92.107181","3.7","2021-08-31",,,"0.00",",,N","0.0",",,N",,
"US1LAVM0004","29.97619","-92.107181","3.7","2021-09-01",,,"0.09",",,N",,,,
"US1LAVM0004","29.97619","-92.107181","3.7","2021-09-02",,,"0.75",",,N",,,,
"US1LAVM0004","29.97619","-92.107181","3.7","2021-09-03",,,"1.00",",,N",,,,
"US1LAVM0004","29.97619","-92.107181","3.7","2021-09-04",,,"0.00",",,N","0.0",",,N",,
"US1LAVM0004","29.97619","-92.107181","3.7","2021-09-05",,,"0.11",",,N",,,,
"US1LAVM0004","29.97619","-92.107181","3.7","2021-09-06",,,"0.00",",,N","0.0",",,N",,
"US1LAVM0004","29.97619","-92.107181","3.7","2021-09-07",,,"0.91",",,N",,,,
"US1LAVM0004","29.97619","-92.107181","3.7","2021-09-08",,,"0.00","T,,N",,,,
"US1LAVM0004","29.97619","-92.107181","3.7","2021-09-09",,,"0.00",",,N","0.0",",,N",,
"US1LAVM0004","29.97619","-92.107181","3.7","2021-09-10",,,"0.00",",,N","0.0",",,N",,
"US1LAVM0004","29.97619","-92.107181","3.7","2021-09-11",,,"0.00",",,N","0.0",",,N",,
"US1LAVM0004","29.97619","-92.107181","3.7","2021-09-12",,,"0.00",",,N","0.0",",,N",,
"US1LAVM0004","29.97619","-92.107181","3.7","2021-09-13",,,"0.17",",,N",,,,
"US1LAVM0004","29.97619","-92.107181","3.7","2021-09-14",,,"1.89",",,N",,,,
"US1LAVM0004","29.97619","-92.107181","3.7","2021-09-15",,,"1.85",",,N",,,,
"US1LAVM0004","29.97619","-92.107181","3.7","2021-09-16",,,"0.14",",,N",,,,
"US1LAVM0004","29.97619","-92.107181","3.7","2021-09-17",,,"0.01",",,N",,,,
"US1LAVM0004","29.97619","-92.107181","3.7","2021-09-18",,,"0.00",",,N","0.0",",,N",,
"US1LAVM0004","29.97619","-92.107181","3.7","2021-09-19",,,"0.04",",,N",,,,
"US1LAVM0004","29.97619","-92.107181","3.7","2021-09-20",,,"0.04",",,N",,,,
"US1LAVM0004","29.97619","-92.107181","3.7","2021-09-21",,,"0.30",",,N",,,,
"US1LAVM0004","29.97619","-92.107181","3.7","2021-09-22",,,"2.57",",,N",,,,
"US1LAVM0004","29.97619","-92.107181","3.7","2021-09-23",,,"0.00",",,N","0.0",",,N",,
"US1LAVM0004","29.97619","-92.107181","3.7","2021-09-24",,,"0.00",",,N","0.0",",,N",,
"US1LAVM0004","29.97619","-92.107181","3.7","2021-09-25",,,"0.00",",,N","0.0",",,N",,
"US1LAVM0004","29.97619","-92.107181","3.7","2021-09-26",,,"0.00",",,N","0.0",",,N",,
"US1LAVM0004","29.97619","-92.107181","3.7","2021-09-27",,,"0.00",",,N","0.0",",,N",,
"US1LAVM0004","29.97619","-92.107181","3.7","2021-09-28",,,"0.02",",,N",,,,
"US1LAVM0004","29.97619","-92.107181","3.7","2021-09-29",,,"1.16",",,N",,,,
"US1LAVM0004","29.97619","-92.107181","3.7","2021-09-30",,,"0.25",",,N",,,,
"US1LAVM0004","29.97619","-92.107181","3.7","2021-10-01",,,"0.97",",,N",,,,
"US1LAVM0004","29.97619","-92.107181","3.7","2021-10-02",,,"0.00","T,,N",,,,
"US1LAVM0004","29.97619","-92.107181","3.7","2021-10-03",,,"0.00",",,N","0.0",",,N",,
"US1LAVM0004","29.97619","-92.107181","3.7","2021-10-04",,,"0.00",",,N","0.0",",,N",,
"US1LAVM0004","29.97619","-92.107181","3.7","2021-10-05",,,"0.00",",,N","0.0",",,N",,
"US1LAVM0004","29.97619","-92.107181","3.7","2021-10-06",,,"0.00",",,N","0.0",",,N",,
"US1LAVM0004","29.97619","-92.107181","3.7","2021-10-07",,,"0.00",",,N","0.0",",,N",,
"US1LAVM0004","29.97619","-92.107181","3.7","2021-10-08",,,"0.00",",,N","0.0",",,N",,
"US1LAVM0004","29.97619","-92.107181","3.7","2021-10-09",,,"0.00",",,N","0.0",",,N",,
"US1LAVM0004","29.97619","-92.107181","3.7","2021-10-10",,,"0.00",",,N","0.0",",,N",,
"US1LAVM0004","29.97619","-92.107181","3.7","2021-10-11",,,"0.00",",,N","0.0",",,N",,
"US1LAVM0004","29.97619","-92.107181","3.7","2021-10-12",,,"0.00",",,N","0.0",",,N",,
"US1LAVM0004","29.97619","-92.107181","3.7","2021-10-13",,,"0.00",",,N","0.0",",,N",,
"US1LAVM0004","29.97619","-92.107181","3.7","2021-10-14",,,"0.00",",,N","0.0",",,N",,
"US1LAVM0004","29.97619","-92.107181","3.7","2021-10-15",,,"0.00",",,N","0.0",",,N",,
"US1LAVM0004","29.97619","-92.107181","3.7","2021-10-16",,,"0.00",",,N","0.0",",,N",,
"US1LAVM0004","29.97619","-92.107181","3.7","2021-10-17",,,"0.00",",,N","0.0",",,N",,
"US1LAVM0004","29.97619","-92.107181","3.7","2021-10-18",,,"0.00",",,N","0.0",",,N",,
"US1LAVM0004","29.97619","-92.107181","3.7","2021-10-19",,,"0.00",",,N","0.0",",,N",,
"US1LAVM0004","29.97619","-92.107181","3.7","2021-10-20",,,"0.00",",,N","0.0",",,N",,
"US1LAVM0004","29.97619","-92.107181","3.7","2021-10-21",,,"0.28",",,N",,,,
"US1LAVM0004","29.97619","-92.107181","3.7","2021-10-22",,,"0.00",",,N","0.0",",,N",,
"US1LAVM0004","29.97619","-92.107181","3.7","2021-10-23",,,"0.00",",,N","0.0",",,N",,
"US1LAVM0004","29.97619","-92.107181","3.7","2021-10-24",,,"0.05",",,N",,,,
"US1LAVM0004","29.97619","-92.107181","3.7","2021-10-25",,,"0.00","T,,N",,,,
"US1LAVM0004","29.97619","-92.107181","3.7","2021-10-26",,,"0.00",",,N","0.0",",,N",,
"US1LAVM0004","29.97619","-92.107181","3.7","2021-10-27",,,"0.00","T,,N",,,,
"US1LAVM0004","29.97619","-92.107181","3.7","2021-10-28",,,"1.95",",,N",,,,
"US1LAVM0004","29.97619","-92.107181","3.7","2021-10-29",,,"0.00",",,N","0.0",",,N",,
"US1LAVM0004","29.97619","-92.107181","3.7","2021-10-30",,,"0.00",",,N","0.0",",,N",,
"US1LAVM0004","29.97619","-92.107181","3.7","2021-10-31",,,"0.00",",,N","0.0",",,N",,
"US1LAVM0004","29.97619","-92.107181","3.7","2021-11-01",,,"0.00",",,N","0.0",",,N",,
"US1LAVM0004","29.97619","-92.107181","3.7","2021-11-02",,,"0.00",",,N","0.0",",,N",,
"US1LAVM0004","29.97619","-92.107181","3.7","2021-11-03",,,"0.00",",,N","0.0",",,N",,
"US1LAVM0004","29.97619","-92.107181","3.7","2021-11-04",,,"0.00",",,N","0.0",",,N",,
"US1LAVM0004","29.97619","-92.107181","3.7","2021-11-05",,,"0.00",",,N","0.0",",,N",,
"US1LAVM0004","29.97619","-92.107181","3.7","2021-11-06",,,"0.00",",,N","0.0",",,N",,
"US1LAVM0004","29.97619","-92.107181","3.7","2021-11-07",,,"0.00",",,N","0.0",",,N",,
"US1LAVM0004","29.97619","-92.107181","3.7","2021-11-08",,,"0.00",",,N","0.0",",,N",,
"US1LAVM0004","29.97619","-92.107181","3.7","2021-11-09",,,"0.00",",,N","0.0",",,N",,
"US1LAVM0004","29.97619","-92.107181","3.7","2021-11-10",,,"0.00",",,N","0.0",",,N",,
"US1LAVM0004","29.97619","-92.107181","3.7","2021-11-11",,,"0.02",",,N",,,,
"US1LAVM0004","29.97619","-92.107181","3.7","2021-11-12",,,"0.07",",,N",,,,
"US1LAVM0004","29.97619","-92.107181","3.7","2021-11-13",,,"0.00","T,,N",,,,
"US1LAVM0004","29.97619","-92.107181","3.7","2021-11-14",,,"0.00",",,N","0.0",",,N",,
"US1LAVM0004","29.97619","-92.107181","3.7","2021-11-15",,,"0.00",",,N","0.0",",,N",,
"US1LAVM0004","29.97619","-92.107181","3.7","2021-11-16",,,"0.00",",,N","0.0",",,N",,
"US1LAVM0004","29.97619","-92.107181","3.7","2021-11-17",,,"0.00",",,N","0.0",",,N",,
"US1LAVM0004","29.97619","-92.107181","3.7","2021-11-18",,,"0.00",",,N","0.0",",,N",,
"US1LAVM0004","29.97619","-92.107181","3.7","2021-11-19",,,"0.00",",,N","0.0",",,N",,
"US1LAVM0004","29.97619","-92.107181","3.7","2021-11-20",,,"0.00",",,N","0.0",",,N",,
"US1LAVM0004","29.97619","-92.107181","3.7","2021-11-21",,,"0.00",",,N","0.0",",,N",,
"US1LAVM0004","29.97619","-92.107181","3.7","2021-11-22",,,"0.00",",,N","0.0",",,N",,
"US1LAVM0004","29.97619","-92.107181","3.7","2021-11-23",,,"0.00",",,N","0.0",",,N",,
"US1LAVM0004","29.97619","-92.107181","3.7","2021-11-24",,,"0.00",",,N","0.0",",,N",,
"US1LAVM0004","29.97619","-92.107181","3.7","2021-11-25",,,"0.00",",,N","0.0",",,N",,
"US1LAVM0004","29.97619","-92.107181","3.7","2021-11-26",,,"0.43",",,N",,,,
"US1LAVM0004","29.97619","-92.107181","3.7","2021-11-27",,,"0.00",",,N","0.0",",,N",,
"US1LAVM0004","29.97619","-92.107181","3.7","2021-11-28",,,"0.44",",,N",,,,
"US1MEAN0012","44.1160843","-70.2271503","73.2","2021-08-01",,,"0.00",",,N","0.0",",,N",,
"US1MEAN0012","44.1160843","-70.2271503","73.2","2021-08-02",,,"0.33",",,N",,,,
"US1MEAN0012","44.1160843","-70.2271503","73.2","2021-08-03",,,"0.00",",,N","0.0",",,N",,
"US1MEAN0012","44.1160843","-70.2271503","73.2","2021-08-06",,,"0.38",",,N",,,,
"US1MEAN0012","44.1160843","-70.2271503","73.2","2021-08-07",,,"0.00",",,N","0.0",",,N",,
"US1MEAN0012","44.1160843","-70.2271503","73.2","2021-08-08",,,"0.00",",,N","0.0",",,N",,
"US1MEAN0012","44.1160843","-70.2271503","73.2","2021-08-09",,,"0.00",",,N","0.0",",,N",,
"US1MEAN0012","44.1160843","-70.2271503","73.2","2021-08-10",,,"0.00",",,N","0.0",",,N",,
"US1MEAN0012","44.1160843","-70.2271503","73.2","2021-08-11",,,"0.00",",,N","0.0",",,N",,
"US1MEAN0012","44.1160843","-70.2271503","73.2","2021-08-12",,,"0.14",",,N",,,,
"US1MEAN0012","44.1160843","-70.2271503","73.2","2021-08-13",,,"0.00",",,N","0.0",",,N",,
"US1MEAN0012","44.1160843","-70.2271503","73.2","2021-08-14",,,"0.00",",,N","0.0",",,N",,
"US1MEAN0012","44.1160843","-70.2271503","73.2","2021-08-15",,,"0.00",",,N","0.0",",,N",,
"US1MEAN0012","44.1160843","-70.2271503","73.2","2021-08-16",,,"0.00",",,N","0.0",",,N",,
"US1MEAN0012","44.1160843","-70.2271503","73.2","2021-08-17",,,"0.00",",,N","0.0",",,N",,
"US1MEAN0012","44.1160843","-70.2271503","73.2","2021-08-18",,,"0.00",",,N","0.0",",,N",,
"US1MEAN0012","44.1160843","-70.2271503","73.2","2021-08-19",,,"0.00","T,,N",,,,
"US1MEAN0012","44.1160843","-70.2271503","73.2","2021-08-20",,,"0.23",",,N",,,,
"US1MEAN0012","44.1160843","-70.2271503","73.2","2021-08-21",,,"0.00",",,N","0.0",",,N",,
"US1MEAN0012","44.1160843","-70.2271503","73.2","2021-08-22",,,"0.00",",,N","0.0",",,N",,
"US1MEAN0012","44.1160843","-70.2271503","73.2","2021-08-23",,,"0.68",",,N",,,,
"US1MEAN0012","44.1160843","-70.2271503","73.2","2021-08-24",,,"0.02",",,N",,,,
"US1MEAN0012","44.1160843","-70.2271503","73.2","2021-08-25",,,"0.00",",,N","0.0",",,N",,
"US1MEAN0012","44.1160843","-70.2271503","73.2","2021-08-26",,,"0.00",",,N","0.0",",,N",,
"US1MEAN0012","44.1160843","-70.2271503","73.2","2021-08-27",,,"0.00",",,N","0.0",",,N",,
"US1MEAN0012","44.1160843","-70.2271503","73.2","2021-08-28",,,"0.00",",,N","0.0",",,N",,
"US1MEAN0012","44.1160843","-70.2271503","73.2","2021-08-29",,,"0.01",",,N",,,,
"US1MEAN0012","44.1160843","-70.2271503","73.2","2021-08-30",,,"0.00",",,N","0.0",",,N",,
"US1MEAN0012","44.1160843","-70.2271503","73.2","2021-08-31",,,"0.14",",,N",,,,
"US1MEAN0012","44.1160843","-70.2271503","73.2","2021-09-01",,,"0.00",",,N","0.0",",,N",,
"US1MEAN0012","44.1160843","-70.2271503","73.2","2021-09-02",,,"1.33",",,N",,,,
"US1MEAN0012","44.1160843","-70.2271503","73.2","2021-09-03",,,"0.07",",,N",,,,
"US1MEAN0012","44.1160843","-70.2271503","73.2","2021-09-04",,,"0.01",",,N",,,,
"US1MEAN0012","44.1160843","-70.2271503","73.2","2021-09-05",,,"0.00",",,N","0.0",",,N",,
"US1MEAN0012","44.1160843","-70.2271503","73.2","2021-09-06",,,"0.08",",,N",,,,
"US1MEAN0012","44.1160843","-70.2271503","73.2","2021-09-07",,,"0.02",",,N",,,,
"US1MEAN0012","44.1160843","-70.2271503","73.2","2021-09-08",,,"0.00",",,N","0.0",",,N",,
"US1MEAN0012","44.1160843","-70.2271503","73.2","2021-09-09",,,"0.13",",,N",,,,
"US1MEAN0012","44.1160843","-70.2271503","73.2","2021-09-10",,,"0.86",",,N",,,,
"US1MEAN0012","44.1160843","-70.2271503","73.2","2021-09-11",,,"0.00",",,N","0.0",",,N",,
"US1MEAN0012","44.1160843","-70.2271503","73.2","2021-09-12",,,"0.00",",,N","0.0",",,N",,
"US1MEAN0012","44.1160843","-70.2271503","73.2","2021-09-13",,,"0.00","T,,N",,,,
"US1MEAN0012","44.1160843","-70.2271503","73.2","2021-09-14",,,"0.00",",,N","0.0",",,N",,
"US1MEAN0012","44.1160843","-70.2271503","73.2","2021-09-15",,,"0.00",",,N","0.0",",,N",,
"US1MEAN0012","44.1160843","-70.2271503","73.2","2021-09-16",,,"0.40",",,N",,,,
"US1MEAN0012","44.1160843","-70.2271503","73.2","2021-09-17",,,"0.00",",,N","0.0",",,N",,
"US1MEAN0012","44.1160843","-70.2271503","73.2","2021-09-18",,,"0.00","T,,N",,,,
"US1MEAN0012","44.1160843","-70.2271503","73.2","2021-09-19",,,"0.00",",,N","0.0",",,N",,
"US1MEAN0012","44.1160843","-70.2271503","73.2","2021-09-20",,,"0.00",",,N","0.0",",,N",,
"US1MEAN0012","44.1160843","-70.2271503","73.2","2021-09-21",,,"0.00",",,N","0.0",",,N",,
"US1MEAN0012","44.1160843","-70.2271503","73.2","2021-09-22",,,"0.00",",,N","0.0",",,N",,
"US1MEAN0012","44.1160843","-70.2271503","73.2","2021-09-23",,,"0.00",",,N","0.0",",,N",,
"US1MEAN0012","44.1160843","-70.2271503","73.2","2021-09-24",,,"0.00",",,N","0.0",",,N",,
"US1MEAN0012","44.1160843","-70.2271503","73.2","2021-09-25",,,"0.20",",,N",,,,
"US1MEAN0012","44.1160843","-70.2271503","73.2","2021-09-26",,,"0.18",",,N",,,,
"US1MEAN0012","44.1160843","-70.2271503","73.2","2021-09-27",,,"0.18",",,N",,,,
"US1MEAN0012","44.1160843","-70.2271503","73.2","2021-09-28",,,"0.00",",,N","0.0",",,N",,
"US1MEAN0012","44.1160843","-70.2271503","73.2","2021-09-29",,,"0.00",",,N","0.0",",,N",,
"US1MEAN0012","44.1160843","-70.2271503","73.2","2021-09-30",,,"0.00","T,,N",,,,
"US1MEAN0012","44.1160843","-70.2271503","73.2","2021-10-01",,,"0.04",",,N",,,,
"US1MEAN0012","44.1160843","-70.2271503","73.2","2021-10-02",,,"0.00","T,,N",,,,
"US1MEAN0012","44.1160843","-70.2271503","73.2","2021-10-03",,,"0.01",",,N",,,,
"US1MEAN0012","44.1160843","-70.2271503","73.2","2021-10-04",,,"0.28",",,N",,,,
"US1MEAN0012","44.1160843","-70.2271503","73.2","2021-10-05",,,"0.00",",,N","0.0",",,N",,
"US1MEAN0012","44.1160843","-70.2271503","73.2","2021-10-06",,,"0.00",",,N","0.0",",,N",,
"US1MEAN0012","44.1160843","-70.2271503","73.2","2021-10-07",,,"0.00",",,N","0.0",",,N",,
"US1MEAN0012","44.1160843","-70.2271503","73.2","2021-10-08",,,"0.00",",,N","0.0",",,N",,
"US1MEAN0012","44.1160843","-70.2271503","73.2","2021-10-09",,,"0.00",",,N","0.0",",,N",,
"US1MEAN0012","44.1160843","-70.2271503","73.2","2021-10-10",,,"0.00",",,N","0.0",",,N",,
"US1MEAN0012","44.1160843","-70.2271503","73.2","2021-10-11",,,"0.00",",,N","0.0",",,N",,
"US1MEAN0012","44.1160843","-70.2271503","73.2","2021-10-12",,,"0.00",",,N","0.0",",,N",,
"US1MEAN0012","44.1160843","-70.2271503","73.2","2021-10-13",,,"0.00",",,N","0.0",",,N",,
"US1MEAN0012","44.1160843","-70.2271503","73.2","2021-10-14",,,"0.00",",,N","0.0",",,N",,
"US1MEAN0012","44.1160843","-70.2271503","73.2","2021-10-15",,,"0.00",",,N","0.0",",,N",,
"US1MEAN0012","44.1160843","-70.2271503","73.2","2021-10-16",,,"0.57",",,N",,,,
"US1MEAN0012","44.1160843","-70.2271503","73.2","2021-10-17",,,"0.23",",,N",,,,
"US1MEAN0012","44.1160843","-70.2271503","73.2","2021-10-18",,,"0.00",",,N","0.0",",,N",,
"US1MEAN0012","44.1160843","-70.2271503","73.2","2021-10-19",,,"0.00","T,,N",,,,
"US1MEAN0012","44.1160843","-70.2271503","73.2","2021-10-20",,,"0.00","T,,N",,,,
"US1MEAN0012","44.1160843","-70.2271503","73.2","2021-10-21",,,"0.00",",,N","0.0",",,N",,
"US1MEAN0012","44.1160843","-70.2271503","73.2","2021-10-22",,,"0.03",",,N",,,,
"US1MEAN0012","44.1160843","-70.2271503","73.2","2021-10-23",,,"0.00","T,,N",,,,
"US1MEAN0012","44.1160843","-70.2271503","73.2","2021-10-24",,,"0.00",",,N","0.0",",,N",,
"US1MEAN0012","44.1160843","-70.2271503","73.2","2021-10-25",,,"0.00",",,N","0.0",",,N",,
"US1MEAN0012","44.1160843","-70.2271503","73.2","2021-10-26",,,"0.48",",,N",,,,
"US1MEAN0012","44.1160843","-70.2271503","73.2","2021-10-27",,,"0.52",",,N",,,,
"US1MEAN0012","44.1160843","-70.2271503","73.2","2021-10-28",,,"0.02",",,N",,,,
"US1MEAN0012","44.1160843","-70.2271503","73.2","2021-10-29",,,"0.00",",,N","0.0",",,N",,
"US1MEAN0012","44.1160843","-70.2271503","73.2","2021-10-30",,,"0.04",",,N",,,,
"US1MEAN0012","44.1160843","-70.2271503","73.2","2021-10-31",,,"3.41",",,N",,,,
"US1MEAN0012","44.1160843","-70.2271503","73.2","2021-11-01",,,"0.05",",,N",,,,
"US1MEAN0012","44.1160843","-70.2271503","73.2","2021-11-02",,,"0.00","T,,N",,,,
"US1MEAN0012","44.1160843","-70.2271503","73.2","2021-11-03",,,"0.00",",,N","0.0",",,N",,
"US1MEAN0012","44.1160843","-70.2271503","73.2","2021-11-04",,,"0.00",",,N","0.0",",,N",,
"US1MEAN0012","44.1160843","-70.2271503","73.2","2021-11-05",,,"0.00",",,N","0.0",",,N",,
"US1MEAN0012","44.1160843","-70.2271503","73.2","2021-11-06",,,"0.00",",,N","0.0",",,N",,
"US1MEAN0012","44.1160843","-70.2271503","73.2","2021-11-07",,,"0.00",",,N","0.0",",,N",,
"US1MEAN0012","44.1160843","-70.2271503","73.2","2021-11-08",,,"0.00",",,N","0.0",",,N",,
"US1MEAN0012","44.1160843","-70.2271503","73.2","2021-11-09",,,"0.00",",,N","0.0",",,N",,
"US1MEAN0012","44.1160843","-70.2271503","73.2","2021-11-10",,,"0.00","T,,N",,,,
"US1MEAN0012","44.1160843","-70.2271503","73.2","2021-11-11",,,"0.01",",,N",,,,
"US1MEAN0012","44.1160843","-70.2271503","73.2","2021-11-12",,,"0.00",",,N","0.0",",,N",,
"US1MEAN0012","44.1160843","-70.2271503","73.2","2021-11-13",,,"2.13",",,N",,,,
"US1MEAN0012","44.1160843","-70.2271503","73.2","2021-11-14",,,"0.13",",,N",,,,
"US1MEAN0012","44.1160843","-70.2271503","73.2","2021-11-15",,,"0.17",",,N",,,,
"US1MEAN0012","44.1160843","-70.2271503","73.2","2021-11-16",,,"0.01",",,N",,,,
"US1MEAN0012","44.1160843","-70.2271503","73.2","2021-11-17",,,"0.00","T,,N",,,,
"US1MEAN0012","44.1160843","-70.2271503","73.2","2021-11-18",,,"0.04",",,N",,,,
"US1MEAN0012","44.1160843","-70.2271503","73.2","2021-11-19",,,"0.03",",,N",,,,
"US1MEAN0012","44.1160843","-70.2271503","73.2","2021-11-20",,,"0.02",",,N",,,,
"US1MEAN0012","44.1160843","-70.2271503","73.2","2021-11-21",,,"0.00",",,N","0.0",",,N",,
"US1MEAN0012","44.1160843","-70.2271503","73.2","2021-11-22",,,"0.15",",,N",,,,
"US1MEAN0012","44.1160843","-70.2271503","73.2","2021-11-23",,,"0.00",",,N","0.0",",,N",,
"US1MEAN0012","44.1160843","-70.2271503","73.2","2021-11-24",,,"0.00",",,N","0.0",",,N",,
"US1MEAN0012","44.1160843","-70.2271503","73.2","2021-11-25",,,"0.00",",,N","0.0",",,N",,
"US1MEAN0012","44.1160843","-70.2271503","73.2","2021-11-26",,,"0.00",",,N","0.0",",,N",,
"US1MEAN0012","44.1160843","-70.2271503","73.2","2021-11-27",,,"0.31",",,N","0.0","T,,N",,
"US1MEAN0012","44.1160843","-70.2271503","73.2","2021-11-28",,,"0.00",",,N","0.0",",,N",,
"US1LACD0026","32.621665","-93.88497","72.5","2021-08-01",,,"0.00",",,N","0.0",",,N",,
"US1LACD0026","32.621665","-93.88497","72.5","2021-08-02",,,"0.00",",,N","0.0",",,N",,
"US1LACD0026","32.621665","-93.88497","72.5","2021-08-03",,,"0.00",",,N","0.0",",,N",,
"US1LACD0026","32.621665","-93.88497","72.5","2021-08-04",,,"0.00",",,N","0.0",",,N",,
"US1LACD0026","32.621665","-93.88497","72.5","2021-08-05",,,"0.00",",,N","0.0",",,N",,
"US1LACD0026","32.621665","-93.88497","72.5","2021-08-06",,,"0.00",",,N","0.0",",,N",,
"US1LACD0026","32.621665","-93.88497","72.5","2021-08-07",,,"0.00",",,N","0.0",",,N",,
"US1LACD0026","32.621665","-93.88497","72.5","2021-08-08",,,"0.00",",,N","0.0",",,N",,
"US1LACD0026","32.621665","-93.88497","72.5","2021-08-09",,,"0.00",",,N","0.0",",,N",,
"US1LACD0026","32.621665","-93.88497","72.5","2021-08-10",,,"0.00",",,N","0.0",",,N",,
"US1LACD0026","32.621665","-93.88497","72.5","2021-08-11",,,"0.00",",,N","0.0",",,N",,
"US1LACD0026","32.621665","-93.88497","72.5","2021-08-12",,,"0.00",",,N","0.0",",,N",,
"US1LACD0026","32.621665","-93.88497","72.5","2021-08-13",,,"0.00",",,N","0.0",",,N",,
"US1LACD0026","32.621665","-93.88497","72.5","2021-08-14",,,"0.00",",,N","0.0",",,N",,
"US1LACD0026","32.621665","-93.88497","72.5","2021-08-15",,,"0.00",",,N","0.0",",,N",,
"US1LACD0026","32.621665","-93.88497","72.5","2021-08-16",,,"0.00",",,N","0.0",",,N",,
"US1LACD0026","32.621665","-93.88497","72.5","2021-08-17",,,"0.36",",,N",,,,
"US1LACD0026","32.621665","-93.88497","72.5","2021-08-18",,,"0.25",",,N",,,,
"US1LACD0026","32.621665","-93.88497","72.5","2021-08-19",,,"2.12",",,N",,,,
"US1LACD0026","32.621665","-93.88497","72.5","2021-08-20",,,"0.00",",,N",,,,
"US1LACD0026","32.621665","-93.88497","72.5","2021-08-21",,,"0.00",",,N","0.0",",,N",,
"US1LACD0026","32.621665","-93.88497","72.5","2021-08-22",,,"0.00",",,N","0.0",",,N",,
"US1LACD0026","32.621665","-93.88497","72.5","2021-08-23",,,"0.00",",,N","0.0",",,N",,
"US1LACD0026","32.621665","-93.88497","72.5","2021-08-24",,,"0.00",",,N","0.0",",,N",,
"US1LACD0026","32.621665","-93.88497","72.5","2021-08-25",,,"0.00",",,N","0.0",",,N",,
"US1LACD0026","32.621665","-93.88497","72.5","2021-08-26",,,"0.00",",,N","0.0",",,N",,
"US1LACD0026","32.621665","-93.88497","72.5","2021-08-27",,,"0.00",",,N","0.0",",,N",,
"US1LACD0026","32.621665","-93.88497","72.5","2021-08-28",,,"0.00",",,N","0.0",",,N",,
"US1LACD0026","32.621665","-93.88497","72.5","2021-08-29",,,"0.13",",,N",,,,
"US1LACD0026","32.621665","-93.88497","72.5","2021-08-30",,,"1.00",",,N",,,,
"US1LACD0026","32.621665","-93.88497","72.5","2021-09-01",,,"0.00",",,N","0.0",",,N",,
"US1LACD0026","32.621665","-93.88497","72.5","2021-09-02",,,"0.00",",,N","0.0",",,N",,
"US1LACD0026","32.621665","-93.88497","72.5","2021-09-03",,,"0.00",",,N","0.0",",,N",,
"US1LACD0026","32.621665","-93.88497","72.5","2021-09-04",,,"0.00",",,N","0.0",",,N",,
"US1LACD0026","32.621665","-93.88497","72.5","2021-09-05",,,"0.00",",,N","0.0",",,N",,
"US1LACD0026","32.621665","-93.88497","72.5","2021-09-06",,,"0.00",",,N","0.0",",,N",,
"US1LACD0026","32.621665","-93.88497","72.5","2021-09-07",,,"0.00",",,N","0.0",",,N",,
"US1LACD0026","32.621665","-93.88497","72.5","2021-09-08",,,"0.00",",,N","0.0",",,N",,
"US1LACD0026","32.621665","-93.88497","72.5","2021-09-09",,,"0.00",",,N","0.0",",,N",,
"US1LACD0026","32.621665","-93.88497","72.5","2021-09-10",,,"0.00",",,N","0.0",",,N",,
"US1LACD0026","32.621665","-93.88497","72.5","2021-09-11",,,"0.00",",,N","0.0",",,N",,
"US1LACD0026","32.621665","-93.88497","72.5","2021-09-12",,,"0.00",",,N","0.0",",,N",,
"US1LACD0026","32.621665","-93.88497","72.5","2021-09-13",,,"0.00",",,N","0.0",",,N",,
"US1LACD0026","32.621665","-93.88497","72.5","2021-09-14",,,"0.00",",,N","0.0",",,N",,
"US1LACD0026","32.621665","-93.88497","72.5","2021-09-15",,,"0.25",",,N",,,,
"US1LACD0026","32.621665","-93.88497","72.5","2021-09-16",,,"0.00",",,N","0.0",",,N",,
"US1LACD0026","32.621665","-93.88497","72.5","2021-09-17",,,"0.00",",,N","0.0",",,N",,
"US1LACD0026","32.621665","-93.88497","72.5","2021-09-18",,,"0.14",",,N",,,,
"US1LACD0026","32.621665","-93.88497","72.5","2021-09-19",,,"0.15",",,N",,,,
"US1LACD0026","32.621665","-93.88497","72.5","2021-09-20",,,"0.00",",,N","0.0",",,N",,
"US1LACD0026","32.621665","-93.88497","72.5","2021-09-21",,,"0.00",",,N","0.0",",,N",,
"US1LACD0026","32.621665","-93.88497","72.5","2021-09-22",,,"0.00",",,N","0.0",",,N",,
"US1LACD0026","32.621665","-93.88497","72.5","2021-09-23",,,"0.00",",,N","0.0",",,N",,
"US1LACD0026","32.621665","-93.88497","72.5","2021-09-24",,,"0.00",",,N","0.0",",,N",,
"US1LACD0026","32.621665","-93.88497","72.5","2021-09-25",,,"0.00",",,N","0.0",",,N",,
"US1LACD0026","32.621665","-93.88497","72.5","2021-09-26",,,"0.00",",,N","0.0",",,N",,
"US1LACD0026","32.621665","-93.88497","72.5","2021-09-27",,,"0.00",",,N","0.0",",,N",,
"US1LACD0026","32.621665","-93.88497","72.5","2021-09-28",,,"0.00",",,N","0.0",",,N",,
"US1LACD0026","32.621665","-93.88497","72.5","2021-09-29",,,"0.17",",,N",,,,
"US1LACD0026","32.621665","-93.88497","72.5","2021-09-30",,,"0.33",",,N",,,,
"US1LACD0026","32.621665","-93.88497","72.5","2021-10-01",,,"0.50",",,N",,,,
"US1LACD0026","32.621665","-93.88497","72.5","2021-10-02",,,"0.30",",,N",,,,
"US1LACD0026","32.621665","-93.88497","72.5","2021-10-03",,,"0.60",",,N",,,,
"US1LACD0026","32.621665","-93.88497","72.5","2021-10-04",,,"0.00",",,N","0.0",",,N",,
"US1LACD0026","32.621665","-93.88497","72.5","2021-10-05",,,"0.00",",,N",,,,
"US1LACD0026","32.621665","-93.88497","72.5","2021-10-06",,,"0.00",",,N","0.0",",,N",,
"US1LACD0026","32.621665","-93.88497","72.5","2021-10-07",,,"0.00",",,N","0.0",",,N",,
"US1LACD0026","32.621665","-93.88497","72.5","2021-10-08",,,"0.00",",,N","0.0",",,N",,
"US1LACD0026","32.621665","-93.88497","72.5","2021-10-09",,,"0.00",",,N","0.0",",,N",,
"US1LACD0026","32.621665","-93.88497","72.5","2021-10-10",,,"0.00",",,N","0.0",",,N",,
"US1LACD0026","32.621665","-93.88497","72.5","2021-10-11",,,"0.00",",,N","0.0",",,N",,
"US1LACD0026","32.621665","-93.88497","72.5","2021-10-12",,,"0.00",",,N","0.0",",,N",,
"US1LACD0026","32.621665","-93.88497","72.5","2021-10-13",,,"0.00",",,N","0.0",",,N",,
"US1LACD0026","32.621665","-93.88497","72.5","2021-10-14",,,"0.00",",,N","0.0",",,N",,
"US1LACD0026","32.621665","-93.88497","72.5","2021-10-15",,,"0.00",",,N","0.0",",,N",,
"US1LACD0026","32.621665","-93.88497","72.5","2021-10-16",,,"0.00",",,N","0.0",",,N",,
"US1LACD0026","32.621665","-93.88497","72.5","2021-10-17",,,"0.00",",,N","0.0",",,N",,
"US1LACD0026","32.621665","-93.88497","72.5","2021-10-18",,,"0.00",",,N","0.0",",,N",,
"US1LACD0026","32.621665","-93.88497","72.5","2021-10-19",,,"0.00",",,N","0.0",",,N",,
"US1LACD0026","32.621665","-93.88497","72.5","2021-10-20",,,"0.00",",,N","0.0",",,N",,
"US1LACD0026","32.621665","-93.88497","72.5","2021-10-21",,,"0.00",",,N","0.0",",,N",,
"US1LACD0026","32.621665","-93.88497","72.5","2021-10-22",,,"0.00",",,N","0.0",",,N",,
"US1LACD0026","32.621665","-93.88497","72.5","2021-10-23",,,"0.00",",,N","0.0",",,N",,
"US1LACD0026","32.621665","-93.88497","72.5","2021-10-24",,,"0.00",",,N","0.0",",,N",,
"US1LACD0026","32.621665","-93.88497","72.5","2021-10-25",,,"0.00",",,N","0.0",",,N",,
"US1LACD0026","32.621665","-93.88497","72.5","2021-10-26",,,"0.00",",,N","0.0",",,N",,
"US1LACD0026","32.621665","-93.88497","72.5","2021-10-27",,,"0.00",",,N","0.0",",,N",,
"US1LACD0026","32.621665","-93.88497","72.5","2021-10-28",,,"1.53",",,N",,,,
"US1LACD0026","32.621665","-93.88497","72.5","2021-10-29",,,"0.00",",,N","0.0",",,N",,
"US1LACD0026","32.621665","-93.88497","72.5","2021-10-30",,,"0.00",",,N","0.0",",,N",,
"US1LACD0026","32.621665","-93.88497","72.5","2021-10-31",,,"0.00",",,N","0.0",",,N",,
"US1LACD0026","32.621665","-93.88497","72.5","2021-11-01",,,"0.00",",,N","0.0",",,N",,
"US1LACD0026","32.621665","-93.88497","72.5","2021-11-02",,,"0.00",",,N","0.0",",,N",,
"US1LACD0026","32.621665","-93.88497","72.5","2021-11-03",,,"0.00",",,N","0.0",",,N",,
"US1LACD0026","32.621665","-93.88497","72.5","2021-11-04",,,"0.73",",,N",,,,
"US1LACD0026","32.621665","-93.88497","72.5","2021-11-05",,,"0.00",",,N","0.0",",,N",,
"US1LACD0026","32.621665","-93.88497","72.5","2021-11-06",,,"0.00",",,N","0.0",",,N",,
"US1LACD0026","32.621665","-93.88497","72.5","2021-11-07",,,"0.00",",,N","0.0",",,N",,
"US1LACD0026","32.621665","-93.88497","72.5","2021-11-08",,,"0.00",",,N","0.0",",,N",,
"US1LACD0026","32.621665","-93.88497","72.5","2021-11-09",,,"0.00",",,N","0.0",",,N",,
"US1LACD0026","32.621665","-93.88497","72.5","2021-11-10",,,"0.00",",,N","0.0",",,N",,
"US1LACD0026","32.621665","-93.88497","72.5","2021-11-11",,,"0.62",",,N",,,,
"US1LACD0026","32.621665","-93.88497","72.5","2021-11-12",,,"0.00",",,N","0.0",",,N",,
"US1LACD0026","32.621665","-93.88497","72.5","2021-11-14",,,"0.00",",,N","0.0",",,N",,
"US1LACD0026","32.621665","-93.88497","72.5","2021-11-15",,,"0.00",",,N","0.0",",,N",,
"US1LACD0026","32.621665","-93.88497","72.5","2021-11-16",,,"0.00",",,N",,,,
"US1LACD0026","32.621665","-93.88497","72.5","2021-11-17",,,"0.00",",,N","0.0",",,N",,
"US1LACD0026","32.621665","-93.88497","72.5","2021-11-18",,,"0.00",",,N","0.0",",,N",,
"US1LACD0026","32.621665","-93.88497","72.5","2021-11-19",,,"0.00",",,N","0.0",",,N",,
"US1LACD0026","32.621665","-93.88497","72.5","2021-11-20",,,"0.00",",,N","0.0",",,N",,
"US1LACD0026","32.621665","-93.88497","72.5","2021-11-21",,,"0.00",",,N","0.0",",,N",,
"US1LACD0026","32.621665","-93.88497","72.5","2021-11-22",,,"0.52",",,N",,,,
"US1LACD0026","32.621665","-93.88497","72.5","2021-11-23",,,"0.00",",,N","0.0",",,N",,
"US1LACD0026","32.621665","-93.88497","72.5","2021-11-24",,,"0.00",",,N","0.0",",,N",,
"US1LACD0026","32.621665","-93.88497","72.5","2021-11-25",,,"1.00",",,N",,,,
"US1LACD0026","32.621665","-93.88497","72.5","2021-11-26",,,"0.00",",,N","0.0",",,N",,
"US1LACD0026","32.621665","-93.88497","72.5","2021-11-27",,,"0.00",",,N","0.0",",,N",,
"US1LACD0026","32.621665","-93.88497","72.5","2021-11-28",,,"0.13",",,N",,,,
"US1MEAN0011","44.0068323","-70.0595972","46.6","2021-08-01",,,"0.00",",,N","0.0",",,N",,
"US1MEAN0011","44.0068323","-70.0595972","46.6","2021-08-02",,,"0.06",",,N",,,,
"US1MEAN0011","44.0068323","-70.0595972","46.6","2021-08-03",,,"0.00",",,N","0.0",",,N",,
"US1MEAN0011","44.0068323","-70.0595972","46.6","2021-08-04",,,"0.00",",,N","0.0",",,N",,
"US1MEAN0011","44.0068323","-70.0595972","46.6","2021-08-05",,,"0.00",",,N","0.0",",,N",,
"US1MEAN0011","44.0068323","-70.0595972","46.6","2021-08-06",,,"0.43",",,N",,,,
"US1MEAN0011","44.0068323","-70.0595972","46.6","2021-08-07",,,"0.00",",,N","0.0",",,N",,
"US1MEAN0011","44.0068323","-70.0595972","46.6","2021-08-08",,,"0.00",",,N","0.0",",,N",,
"US1MEAN0011","44.0068323","-70.0595972","46.6","2021-08-09",,,"0.00",",,N","0.0",",,N",,
"US1MEAN0011","44.0068323","-70.0595972","46.6","2021-08-10",,,"0.00",",,N","0.0",",,N",,
"US1MEAN0011","44.0068323","-70.0595972","46.6","2021-08-11",,,"0.00",",,N","0.0",",,N",,
"US1MEAN0011","44.0068323","-70.0595972","46.6","2021-08-12",,,"0.00",",,N","0.0",",,N",,
"US1MEAN0011","44.0068323","-70.0595972","46.6","2021-08-13",,,"0.00",",,N","0.0",",,N",,
"US1MEAN0011","44.0068323","-70.0595972","46.6","2021-08-14",,,"0.00",",,N","0.0",",,N",,
"US1MEAN0011","44.0068323","-70.0595972","46.6","2021-08-15",,,"0.00",",,N","0.0",",,N",,
"US1MEAN0011","44.0068323","-70.0595972","46.6","2021-08-16",,,"0.00",",,N","0.0",",,N",,
"US1MEAN0011","44.0068323","-70.0595972","46.6","2021-08-17",,,"0.00",",,N","0.0",",,N",,
"US1MEAN0011","44.0068323","-70.0595972","46.6","2021-08-18",,,"0.00",",,N","0.0",",,N",,
"US1MEAN0011","44.0068323","-70.0595972","46.6","2021-08-19",,,"0.00",",,N","0.0",",,N",,
"US1MEAN0011","44.0068323","-70.0595972","46.6","2021-08-20",,,"0.85",",,N",,,,
"US1MEAN0011","44.0068323","-70.0595972","46.6","2021-08-21",,,"0.00",",,N","0.0",",,N",,
"US1MEAN0011","44.0068323","-70.0595972","46.6","2021-08-22",,,"0.00",",,N","0.0",",,N",,
"US1MEAN0011","44.0068323","-70.0595972","46.6","2021-08-23",,,"0.40",",,N",,,,
"US1MEAN0011","44.0068323","-70.0595972","46.6","2021-08-24",,,"0.07",",,N",,,,
"US1MEAN0011","44.0068323","-70.0595972","46.6","2021-08-25",,,"0.00",",,N","0.0",",,N",,
"US1MEAN0011","44.0068323","-70.0595972","46.6","2021-08-26",,,"0.00",",,N","0.0",",,N",,
"US1MEAN0011","44.0068323","-70.0595972","46.6","2021-08-27",,,"0.00",",,N","0.0",",,N",,
"US1MEAN0011","44.0068323","-70.0595972","46.6","2021-08-28",,,"0.00",",,N","0.0",",,N",,
"US1MEAN0011","44.0068323","-70.0595972","46.6","2021-08-29",,,"0.00",",,N","0.0",",,N",,
"US1MEAN0011","44.0068323","-70.0595972","46.6","2021-08-30",,,"0.00",",,N","0.0",",,N",,
"US1MEAN0011","44.0068323","-70.0595972","46.6","2021-08-31",,,"0.09",",,N",,,,
"US1MEAN0011","44.0068323","-70.0595972","46.6","2021-09-01",,,"0.00",",,N","0.0",",,N",,
"US1MEAN0011","44.0068323","-70.0595972","46.6","2021-09-02",,,"1.20",",,N",,,,
"US1MEAN0011","44.0068323","-70.0595972","46.6","2021-09-03",,,"0.10",",,N",,,,
"US1MEAN0011","44.0068323","-70.0595972","46.6","2021-09-04",,,"0.00",",,N","0.0",",,N",,
"US1MEAN0011","44.0068323","-70.0595972","46.6","2021-09-05",,,"0.00",",,N","0.0",",,N",,
"US1MEAN0011","44.0068323","-70.0595972","46.6","2021-09-06",,,"0.00","T,,N",,,,
"US1MEAN0011","44.0068323","-70.0595972","46.6","2021-09-07",,,"0.30",",,N",,,,
"US1MEAN0011","44.0068323","-70.0595972","46.6","2021-09-08",,,"0.00",",,N","0.0",",,N",,
"US1MEAN0011","44.0068323","-70.0595972","46.6","2021-09-09",,,"0.00","T,,N",,,,
"US1MEAN0011","44.0068323","-70.0595972","46.6","2021-09-10",,,"1.10",",,N",,,,
"US1MEAN0011","44.0068323","-70.0595972","46.6","2021-09-11",,,"0.00",",,N","0.0",",,N",,
"US1MEAN0011","44.0068323","-70.0595972","46.6","2021-09-12",,,"0.00",",,N","0.0",",,N",,
"US1MEAN0011","44.0068323","-70.0595972","46.6","2021-09-13",,,"0.00",",,N","0.0",",,N",,
"US1MEAN0011","44.0068323","-70.0595972","46.6","2021-09-14",,,"0.00",",,N","0.0",",,N",,
"US1MEAN0011","44.0068323","-70.0595972","46.6","2021-09-15",,,"0.00","T,,N",,,,
"US1MEAN0011","44.0068323","-70.0595972","46.6","2021-09-16",,,"0.35",",,N","0.0",",,N",,
"US1MEAN0011","44.0068323","-70.0595972","46.6","2021-09-17",,,"0.00",",,N","0.0",",,N",,
"US1MEAN0011","44.0068323","-70.0595972","46.6","2021-09-18",,,"0.00","T,,N",,,,
"US1MEAN0011","44.0068323","-70.0595972","46.6","2021-09-19",,,"0.00",",,N","0.0",",,N",,
"US1MEAN0011","44.0068323","-70.0595972","46.6","2021-09-20",,,"0.21",",,N",,,,
"US1MEAN0011","44.0068323","-70.0595972","46.6","2021-09-21",,,"0.00","T,,N",,,,
"US1MEAN0011","44.0068323","-70.0595972","46.6","2021-09-22",,,"0.02",",,N",,,,
"US1MEAN0011","44.0068323","-70.0595972","46.6","2021-09-23",,,"0.00",",,N","0.0",",,N",,
"US1MEAN0011","44.0068323","-70.0595972","46.6","2021-09-24",,,"0.00",",,N","0.0",",,N",,
"US1MEAN0011","44.0068323","-70.0595972","46.6","2021-09-25",,,"0.44",",,N",,,,
"US1MEAN0011","44.0068323","-70.0595972","46.6","2021-09-26",,,"0.35",",,N",,,,
"US1MEAN0011","44.0068323","-70.0595972","46.6","2021-09-27",,,"0.65",",,N",,,,
"US1MEAN0011","44.0068323","-70.0595972","46.6","2021-09-28",,,"0.00","T,,N",,,,
"US1MEAN0011","44.0068323","-70.0595972","46.6","2021-09-29",,,"0.00",",,N","0.0",",,N",,
"US1MEAN0011","44.0068323","-70.0595972","46.6","2021-09-30",,,"0.00",",,N","0.0",",,N",,
"US1MEAN0011","44.0068323","-70.0595972","46.6","2021-10-01",,,"0.11",",,N",,,,
"US1MEAN0011","44.0068323","-70.0595972","46.6","2021-10-02",,,"0.00",",,N","0.0",",,N",,
"US1MEAN0011","44.0068323","-70.0595972","46.6","2021-10-03",,,"0.00",",,N","0.0",",,N",,
"US1MEAN0011","44.0068323","-70.0595972","46.6","2021-10-04",,,"0.00",",,N","0.0",",,N",,
"US1MEAN0011","44.0068323","-70.0595972","46.6","2021-10-05",,,"0.22",",,N",,,,
"US1MEAN0011","44.0068323","-70.0595972","46.6","2021-10-06",,,"0.00",",,N","0.0",",,N",,
"US1MEAN0011","44.0068323","-70.0595972","46.6","2021-10-07",,,"0.00",",,N","0.0",",,N",,
"US1MEAN0011","44.0068323","-70.0595972","46.6","2021-10-08",,,"0.00",",,N","0.0",",,N",,
"US1MEAN0011","44.0068323","-70.0595972","46.6","2021-10-09",,,"0.00",",,N","0.0",",,N",,
"US1MEAN0011","44.0068323","-70.0595972","46.6","2021-10-10",,,"0.00",",,N","0.0",",,N",,
"US1MEAN0011","44.0068323","-70.0595972","46.6","2021-10-11",,,"0.00",",,N","0.0",",,N",,
"US1MEAN0011","44.0068323","-70.0595972","46.6","2021-10-12",,,"0.00",",,N","0.0",",,N",,
"US1MEAN0011","44.0068323","-70.0595972","46.6","2021-10-13",,,"0.00",",,N","0.0",",,N",,
"US1MEAN0011","44.0068323","-70.0595972","46.6","2021-10-14",,,"0.00",",,N","0.0",",,N",,
"US1MEAN0011","44.0068323","-70.0595972","46.6","2021-10-15",,,"0.00",",,N","0.0",",,N",,
"US1MEAN0011","44.0068323","-70.0595972","46.6","2021-10-16",,,"1.02",",,N",,,,
"US1MEAN0011","44.0068323","-70.0595972","46.6","2021-10-17",,,"0.44",",,N",,,,
"US1MEAN0011","44.0068323","-70.0595972","46.6","2021-10-18",,,"0.00",",,N","0.0",",,N",,
"US1MEAN0011","44.0068323","-70.0595972","46.6","2021-10-19",,,"0.00",",,N","0.0",",,N",,
"US1MEAN0011","44.0068323","-70.0595972","46.6","2021-10-20",,,"0.00",",,N","0.0",",,N",,
"US1MEAN0011","44.0068323","-70.0595972","46.6","2021-10-21",,,"0.00",",,N","0.0",",,N",,
"US1MEAN0011","44.0068323","-70.0595972","46.6","2021-10-22",,,"0.00",",,N","0.0",",,N",,
"US1MEAN0011","44.0068323","-70.0595972","46.6","2021-10-23",,,"0.00",",,N","0.0",",,N",,
"US1MEAN0011","44.0068323","-70.0595972","46.6","2021-10-24",,,"0.00",",,N","0.0",",,N",,
"US1MEAN0011","44.0068323","-70.0595972","46.6","2021-10-25",,,"0.00","T,,N",,,,
"US1MEAN0011","44.0068323","-70.0595972","46.6","2021-10-26",,,"0.43",",,N",,,,
"US1MEAN0011","44.0068323","-70.0595972","46.6","2021-10-27",,,"0.66",",,N",,,,
"US1MEAN0011","44.0068323","-70.0595972","46.6","2021-10-28",,,,,"0.0",",,N",,
"US1MEAN0011","44.0068323","-70.0595972","46.6","2021-10-30",,,"0.05",",,N",,,,
"US1MEAN0011","44.0068323","-70.0595972","46.6","2021-10-31",,,"3.50",",,N",,,,
"US1MEAN0011","44.0068323","-70.0595972","46.6","2021-11-01",,,"0.00",",,N","0.0",",,N",,
"US1MEAN0011","44.0068323","-70.0595972","46.6","2021-11-02",,,"0.00",",,N","0.0",",,N",,
"US1MEAN0011","44.0068323","-70.0595972","46.6","2021-11-03",,,"0.00",",,N","0.0",",,N",,
"US1MEAN0011","44.0068323","-70.0595972","46.6","2021-11-04",,,"0.00",",,N","0.0",",,N",,
"US1MEAN0011","44.0068323","-70.0595972","46.6","2021-11-05",,,"0.00",",,N","0.0",",,N",,
"US1MEAN0011","44.0068323","-70.0595972","46.6","2021-11-06",,,"0.00",",,N","0.0",",,N",,
"US1MEAN0011","44.0068323","-70.0595972","46.6","2021-11-07",,,"0.00",",,N","0.0",",,N",,
"US1MEAN0011","44.0068323","-70.0595972","46.6","2021-11-08",,,"0.00",",,N","0.0",",,N",,
"US1MEAN0011","44.0068323","-70.0595972","46.6","2021-11-09",,,"0.00",",,N","0.0",",,N",,
"US1MEAN0011","44.0068323","-70.0595972","46.6","2021-11-10",,,"0.09",",,N",,,,
"US1MEAN0011","44.0068323","-70.0595972","46.6","2021-11-11",,,"0.00",",,N","0.0",",,N",,
"US1MEAN0011","44.0068323","-70.0595972","46.6","2021-11-12",,,"0.00",",,N","0.0",",,N",,
"US1MEAN0011","44.0068323","-70.0595972","46.6","2021-11-13",,,"1.65",",,N",,,,
"US1MEAN0011","44.0068323","-70.0595972","46.6","2021-11-14",,,"0.30",",,N",,,,
"US1MEAN0011","44.0068323","-70.0595972","46.6","2021-11-15",,,"0.25",",,N",,,,
"US1MEAN0011","44.0068323","-70.0595972","46.6","2021-11-16",,,"0.03",",,N",,,,
"US1MEAN0011","44.0068323","-70.0595972","46.6","2021-11-17",,,"0.00",",,N","0.0",",,N",,
"US1MEAN0011","44.0068323","-70.0595972","46.6","2021-11-18",,,"0.00",",,N","0.0",",,N",,
"US1MEAN0011","44.0068323","-70.0595972","46.6","2021-11-19",,,"0.40",",,N",,,,
"US1MEAN0011","44.0068323","-70.0595972","46.6","2021-11-20",,,"0.00",",,N","0.0",",,N",,
"US1MEAN0011","44.0068323","-70.0595972","46.6","2021-11-21",,,"0.00",",,N","0.0",",,N",,
"US1MEAN0011","44.0068323","-70.0595972","46.6","2021-11-22",,,"0.25",",,N",,,,
"US1MEAN0011","44.0068323","-70.0595972","46.6","2021-11-23",,,"0.00",",,N","0.0",",,N",,
"US1MEAN0011","44.0068323","-70.0595972","46.6","2021-11-24",,,"0.00",",,N","0.0",",,N",,
"US1MEAN0011","44.0068323","-70.0595972","46.6","2021-11-25",,,"0.00",",,N","0.0",",,N",,
"US1MEAN0011","44.0068323","-70.0595972","46.6","2021-11-27",,,"0.52",",,N",,,,
"US1MEAN0011","44.0068323","-70.0595972","46.6","2021-11-28",,,"0.00",",,N","0.0",",,N",,
"US1LACD0027","32.894646","-93.98284","69.8","2021-08-02",,,"0.74",",,N",,,,
"US1LACD0027","32.894646","-93.98284","69.8","2021-08-18",,,"0.43",",,N",,,,
"US1LACD0027","32.894646","-93.98284","69.8","2021-08-20",,,"0.32",",,N",,,,
"US1LACD0027","32.894646","-93.98284","69.8","2021-08-26",,,"0.18",",,N",,,,
"US1LACD0027","32.894646","-93.98284","69.8","2021-09-03",,,"1.01",",,N",,,,
"US1LACD0027","32.894646","-93.98284","69.8","2021-09-14",,,"0.21",",,N",,,,
"US1LACD0027","32.894646","-93.98284","69.8","2021-09-18",,,"0.24",",,N",,,,
"US1LACD0027","32.894646","-93.98284","69.8","2021-09-30",,,"0.08",",,N",,,,
"US1LACD0027","32.894646","-93.98284","69.8","2021-10-01",,,"0.74",",,N",,,,
"US1LACD0027","32.894646","-93.98284","69.8","2021-10-02",,,"0.62",",,N",,,,
"US1LACD0027","32.894646","-93.98284","69.8","2021-10-03",,,"0.04",",,N",,,,
"US1LACD0027","32.894646","-93.98284","69.8","2021-10-11",,,"0.16",",,N",,,,
"US1LACD0027","32.894646","-93.98284","69.8","2021-10-28",,,"1.34",",,N",,,,
"US1LACD0027","32.894646","-93.98284","69.8","2021-11-04",,,"1.42",",,N",,,,
"US1LACD0027","32.894646","-93.98284","69.8","2021-11-25",,,"0.69",",,N",,,,
"US1LACD0027","32.894646","-93.98284","69.8","2021-11-28",,,"0.34",",,N",,,,
"USC00163695","30.2033","-90.9225","3.0","2021-08-01",,,"0.34",",,7,0700",,,,
"USC00163695","30.2033","-90.9225","3.0","2021-08-02",,,"0.71",",,7,0700",,,,
"USC00163695","30.2033","-90.9225","3.0","2021-08-03",,,"1.85",",,7,0700",,,,
"USC00163695","30.2033","-90.9225","3.0","2021-08-04",,,"0.83",",,7,0700",,,,
"USC00163695","30.2033","-90.9225","3.0","2021-08-05",,,"0.00",",,7,0700",,,,
"USC00163695","30.2033","-90.9225","3.0","2021-08-06",,,"0.00",",,7,0700",,,,
"USC00163695","30.2033","-90.9225","3.0","2021-08-07",,,"0.00",",,7,0700",,,,
"USC00163695","30.2033","-90.9225","3.0","2021-08-08",,,"0.00",",,7,0700",,,,
"USC00163695","30.2033","-90.9225","3.0","2021-08-09",,,"0.00",",,7,0700",,,,
"USC00163695","30.2033","-90.9225","3.0","2021-08-10",,,"0.92",",,7,0700",,,,
"USC00163695","30.2033","-90.9225","3.0","2021-08-11",,,"0.00",",,7,0700",,,,
"USC00163695","30.2033","-90.9225","3.0","2021-08-12",,,"0.23",",,7,0700",,,,
"USC00163695","30.2033","-90.9225","3.0","2021-08-13",,,"2.80",",,7,0700",,,,
"USC00163695","30.2033","-90.9225","3.0","2021-08-14",,,"0.08",",,7,0700",,,,
"USC00163695","30.2033","-90.9225","3.0","2021-08-15",,,"0.00",",,7,0700",,,,
"USC00163695","30.2033","-90.9225","3.0","2021-08-16",,,"0.46",",,7,0700",,,,
"USC00163695","30.2033","-90.9225","3.0","2021-08-17",,,"0.06",",,7,0700",,,,
"USC00163695","30.2033","-90.9225","3.0","2021-08-18",,,"0.06",",,7,0700",,,,
"USC00163695","30.2033","-90.9225","3.0","2021-08-19",,,"0.05",",,7,0700",,,,
"USC00163695","30.2033","-90.9225","3.0","2021-08-20",,,"0.90",",,7,0700",,,,
"USC00163695","30.2033","-90.9225","3.0","2021-08-21",,,"0.00",",,7,0700",,,,
"USC00163695","30.2033","-90.9225","3.0","2021-08-22",,,"0.00",",,7,0700",,,,
"USC00163695","30.2033","-90.9225","3.0","2021-08-23",,,"0.00",",,7,0700",,,,
"USC00163695","30.2033","-90.9225","3.0","2021-08-24",,,"0.00",",,7,0700",,,,
"USC00163695","30.2033","-90.9225","3.0","2021-08-25",,,"0.00",",,7,0700",,,,
"USC00163695","30.2033","-90.9225","3.0","2021-08-26",,,"0.25",",,7,0700",,,,
"USC00163695","30.2033","-90.9225","3.0","2021-08-27",,,"0.03",",,7,0700",,,,
"USC00163695","30.2033","-90.9225","3.0","2021-08-28",,,"0.60",",,7,0700",,,,
"USC00163695","30.2033","-90.9225","3.0","2021-08-29",,,"0.00",",,7,0700",,,,
"USC00163695","30.2033","-90.9225","3.0","2021-08-30",,,"4.10",",,7,0700",,,,
"USC00163695","30.2033","-90.9225","3.0","2021-08-31",,,"0.08",",,7,0700",,,,
"USC00163695","30.2033","-90.9225","3.0","2021-09-01",,,"0.00",",,7,0700",,,,
"USC00163695","30.2033","-90.9225","3.0","2021-09-02",,,"0.26",",,7,0700",,,,
"USC00163695","30.2033","-90.9225","3.0","2021-09-03",,,"0.19",",,7,0700",,,,
"USC00163695","30.2033","-90.9225","3.0","2021-09-04",,,"0.00",",,7,0700",,,,
"USC00163695","30.2033","-90.9225","3.0","2021-09-05",,,"0.00",",,7,0700",,,,
"USC00163695","30.2033","-90.9225","3.0","2021-09-06",,,"0.00",",,7,0700",,,,
"USC00163695","30.2033","-90.9225","3.0","2021-09-07",,,"0.00",",,7,0700",,,,
"USC00163695","30.2033","-90.9225","3.0","2021-09-08",,,"0.47",",,7,0700",,,,
"USC00163695","30.2033","-90.9225","3.0","2021-09-09",,,"0.68",",,7,0700",,,,
"USC00163695","30.2033","-90.9225","3.0","2021-09-10",,,"0.00",",,7,0700",,,,
"USC00163695","30.2033","-90.9225","3.0","2021-09-11",,,"0.00",",,7,0700",,,,
"USC00163695","30.2033","-90.9225","3.0","2021-09-12",,,"0.00",",,7,0700",,,,
"USC00163695","30.2033","-90.9225","3.0","2021-09-13",,,"0.10",",,7,0700",,,,
"USC00163695","30.2033","-90.9225","3.0","2021-09-14",,,"0.09",",,7,0700",,,,
"USC00163695","30.2033","-90.9225","3.0","2021-09-15",,,"4.70",",,7,0700",,,,
"USC00163695","30.2033","-90.9225","3.0","2021-09-16",,,"0.33",",,7,0700",,,,
"USC00163695","30.2033","-90.9225","3.0","2021-09-17",,,"0.00",",,7,0700",,,,
"USC00163695","30.2033","-90.9225","3.0","2021-09-18",,,"1.23",",,7,0700",,,,
"USC00163695","30.2033","-90.9225","3.0","2021-09-19",,,"0.50",",,7,0700",,,,
"USC00163695","30.2033","-90.9225","3.0","2021-09-20",,,"0.01",",,7,0700",,,,
"USC00163695","30.2033","-90.9225","3.0","2021-09-21",,,"0.01",",,7,0700",,,,
"USC00163695","30.2033","-90.9225","3.0","2021-09-22",,,"0.00",",,7,0700",,,,
"USC00163695","30.2033","-90.9225","3.0","2021-09-23",,,"0.00",",,7,0700",,,,
"USC00163695","30.2033","-90.9225","3.0","2021-09-24",,,"0.00",",,7,0700",,,,
"USC00163695","30.2033","-90.9225","3.0","2021-09-25",,,"0.00",",,7,0700",,,,
"USC00163695","30.2033","-90.9225","3.0","2021-09-26",,,"0.00",",,7,0700",,,,
"USC00163695","30.2033","-90.9225","3.0","2021-09-27",,,"0.00",",,7,0700",,,,
"USC00163695","30.2033","-90.9225","3.0","2021-09-28",,,"0.00",",,7,0700",,,,
"USC00163695","30.2033","-90.9225","3.0","2021-09-29",,,"0.25",",,7,0700",,,,
"USC00163695","30.2033","-90.9225","3.0","2021-09-30",,,"2.00",",,7,0700",,,,
"USC00163695","30.2033","-90.9225","3.0","2021-10-01",,,"0.21",",,H,0700",,,,
"USC00163695","30.2033","-90.9225","3.0","2021-10-04",,,"0.13",",,H,0700",,,,
"USC00163695","30.2033","-90.9225","3.0","2021-10-05",,,"0.00",",,H,0700",,,,
"USC00163695","30.2033","-90.9225","3.0","2021-10-06",,,"0.00",",,H,0700",,,,
"USC00163695","30.2033","-90.9225","3.0","2021-10-07",,,"0.00",",,H,0700",,,,
"USC00163695","30.2033","-90.9225","3.0","2021-10-08",,,"0.00",",,H,0700",,,,
"USC00163695","30.2033","-90.9225","3.0","2021-10-09",,,"0.00",",,H,0700",,,,
"USC00163695","30.2033","-90.9225","3.0","2021-10-10",,,"0.00",",,H,0700",,,,
"USC00163695","30.2033","-90.9225","3.0","2021-10-12",,,"0.00",",,H,0700",,,,
"USC00163695","30.2033","-90.9225","3.0","2021-10-13",,,"0.00",",,H,0700",,,,
"USC00163695","30.2033","-90.9225","3.0","2021-10-14",,,"0.00",",,H,0700",,,,
"USC00163695","30.2033","-90.9225","3.0","2021-10-15",,,"0.00",",,H,0700",,,,
"USC00163695","30.2033","-90.9225","3.0","2021-10-16",,,"0.00",",,H,0700",,,,
"USC00163695","30.2033","-90.9225","3.0","2021-10-17",,,"0.00",",,H,0700",,,,
"USC00163695","30.2033","-90.9225","3.0","2021-10-18",,,"0.00",",,H,0700",,,,
"USC00163695","30.2033","-90.9225","3.0","2021-10-19",,,"0.00",",,H,0700",,,,
"USC00163695","30.2033","-90.9225","3.0","2021-10-20",,,"0.00",",,H,0700",,,,
"USC00163695","30.2033","-90.9225","3.0","2021-10-21",,,"0.18",",,H,0700",,,,
"USC00163695","30.2033","-90.9225","3.0","2021-10-22",,,"0.00",",,H,0700",,,,
"USC00163695","30.2033","-90.9225","3.0","2021-10-23",,,"0.00",",,H,0700",,,,
"USC00163695","30.2033","-90.9225","3.0","2021-10-24",,,"0.00",",,H,0700",,,,
"USC00163695","30.2033","-90.9225","3.0","2021-10-26",,,"0.00",",,H,0700",,,,
"USC00163695","30.2033","-90.9225","3.0","2021-10-27",,,"0.00",",,H,0700",,,,
"USC00163695","30.2033","-90.9225","3.0","2021-10-29",,,"0.00",",,H,0700",,,,
"USC00163695","30.2033","-90.9225","3.0","2021-10-30",,,"0.00",",,H,0700",,,,
"USC00163695","30.2033","-90.9225","3.0","2021-10-31",,,"0.00",",,H,0700",,,,
"USC00163695","30.2033","-90.9225","3.0","2021-11-01",,,"0.00",",,H,0700",,,,
"USC00163695","30.2033","-90.9225","3.0","2021-11-02",,,"0.00",",,H,0700",,,,
"USC00163695","30.2033","-90.9225","3.0","2021-11-03",,,"0.00",",,H,0700",,,,
"USC00163695","30.2033","-90.9225","3.0","2021-11-04",,,"0.00",",,H,0700",,,,
"USC00163695","30.2033","-90.9225","3.0","2021-11-05",,,"0.00",",,H,0700",,,,
"USC00163695","30.2033","-90.9225","3.0","2021-11-06",,,"0.00",",,H,0700",,,,
"USC00163695","30.2033","-90.9225","3.0","2021-11-07",,,"0.00",",,H,0700",,,,
"USC00163695","30.2033","-90.9225","3.0","2021-11-08",,,"0.00",",,H,0700",,,,
"USC00163695","30.2033","-90.9225","3.0","2021-11-09",,,"0.00",",,H,0700",,,,
"USC00163695","30.2033","-90.9225","3.0","2021-11-10",,,"0.00",",,H,0700",,,,
"USC00163695","30.2033","-90.9225","3.0","2021-11-11",,,"0.00",",,H,0700",,,,
"USC00163695","30.2033","-90.9225","3.0","2021-11-12",,,"0.05",",,H,0700",,,,
"USC00163695","30.2033","-90.9225","3.0","2021-11-13",,,"0.00",",,H,0700",,,,
"USC00163695","30.2033","-90.9225","3.0","2021-11-14",,,"0.00",",,H,0700",,,,
"USC00163695","30.2033","-90.9225","3.0","2021-11-15",,,"0.00",",,H,0700",,,,
"USC00163695","30.2033","-90.9225","3.0","2021-11-16",,,"0.00",",,H,0700",,,,
"USC00163695","30.2033","-90.9225","3.0","2021-11-17",,,"0.00",",,H,0700",,,,
"USC00163695","30.2033","-90.9225","3.0","2021-11-18",,,"0.34",",,H,0700",,,,
"USC00163695","30.2033","-90.9225","3.0","2021-11-19",,,"0.75",",,H,0700",,,,
"USC00163695","30.2033","-90.9225","3.0","2021-11-20",,,"0.00",",,H,0700",,,,
"USC00163695","30.2033","-90.9225","3.0","2021-11-21",,,"0.00",",,H,0700",,,,
"USC00163695","30.2033","-90.9225","3.0","2021-11-22",,,"0.20",",,H,0700",,,,
"USC00163695","30.2033","-90.9225","3.0","2021-11-23",,,"0.00",",,H,0700",,,,
"USC00163695","30.2033","-90.9225","3.0","2021-11-24",,,"0.00",",,H,0700",,,,
"USC00163695","30.2033","-90.9225","3.0","2021-11-25",,,"0.00",",,H,0700",,,,
"USC00163695","30.2033","-90.9225","3.0","2021-11-26",,,"0.04",",,H,0700",,,,
"USC00163695","30.2033","-90.9225","3.0","2021-11-27",,,"0.00",",,H,0700",,,,
"USC00163695","30.2033","-90.9225","3.0","2021-11-28",,,"0.09",",,H,0700",,,,
"US1LACD0029","32.63027778","-93.91361111","84.1","2021-08-01",,,"0.00",",,N","0.0",",,N",,
"US1LACD0029","32.63027778","-93.91361111","84.1","2021-08-02",,,"0.51",",,N",,,,
"US1LACD0029","32.63027778","-93.91361111","84.1","2021-08-03",,,"0.05",",,N",,,,
"US1LACD0029","32.63027778","-93.91361111","84.1","2021-08-04",,,"0.00",",,N","0.0",",,N",,
"US1LACD0029","32.63027778","-93.91361111","84.1","2021-08-05",,,"0.00",",,N","0.0",",,N",,
"US1LACD0029","32.63027778","-93.91361111","84.1","2021-08-06",,,"0.00",",,N","0.0",",,N",,
"US1LACD0029","32.63027778","-93.91361111","84.1","2021-08-07",,,"0.00",",,N","0.0",",,N",,
"US1LACD0029","32.63027778","-93.91361111","84.1","2021-08-08",,,"0.00",",,N","0.0",",,N",,
"US1LACD0029","32.63027778","-93.91361111","84.1","2021-08-09",,,"0.00",",,N","0.0",",,N",,
"US1LACD0029","32.63027778","-93.91361111","84.1","2021-08-10",,,"0.00",",,N","0.0",",,N",,
"US1LACD0029","32.63027778","-93.91361111","84.1","2021-08-11",,,"0.00",",,N","0.0",",,N",,
"US1LACD0029","32.63027778","-93.91361111","84.1","2021-08-12",,,"0.00",",,N","0.0",",,N",,
"US1LACD0029","32.63027778","-93.91361111","84.1","2021-08-13",,,"0.00",",,N","0.0",",,N",,
"US1LACD0029","32.63027778","-93.91361111","84.1","2021-08-14",,,"0.00",",,N","0.0",",,N",,
"US1LACD0029","32.63027778","-93.91361111","84.1","2021-08-15",,,"0.00",",,N","0.0",",,N",,
"US1LACD0029","32.63027778","-93.91361111","84.1","2021-08-16",,,"0.00",",,N","0.0",",,N",,
"US1LACD0029","32.63027778","-93.91361111","84.1","2021-08-17",,,"0.00",",,N","0.0",",,N",,
"US1LACD0029","32.63027778","-93.91361111","84.1","2021-08-18",,,"0.93",",,N",,,,
"US1LACD0029","32.63027778","-93.91361111","84.1","2021-08-19",,,"1.25",",,N",,,,
"US1LACD0029","32.63027778","-93.91361111","84.1","2021-08-20",,,"0.81",",,N",,,,
"US1LACD0029","32.63027778","-93.91361111","84.1","2021-08-21",,,"0.00",",,N","0.0",",,N",,
"US1LACD0029","32.63027778","-93.91361111","84.1","2021-08-22",,,"0.00",",,N","0.0",",,N",,
"US1LACD0029","32.63027778","-93.91361111","84.1","2021-08-23",,,"0.00",",,N","0.0",",,N",,
"US1LACD0029","32.63027778","-93.91361111","84.1","2021-08-24",,,"0.00",",,N","0.0",",,N",,
"US1LACD0029","32.63027778","-93.91361111","84.1","2021-08-25",,,"0.00",",,N","0.0",",,N",,
"US1LACD0029","32.63027778","-93.91361111","84.1","2021-08-26",,,"0.00","T,,N",,,,
"US1LACD0029","32.63027778","-93.91361111","84.1","2021-08-27",,,"0.00",",,N","0.0",",,N",,
"US1LACD0029","32.63027778","-93.91361111","84.1","2021-08-28",,,"0.00",",,N","0.0",",,N",,
"US1LACD0029","32.63027778","-93.91361111","84.1","2021-08-29",,,"0.95",",,N",,,,
"US1LACD0029","32.63027778","-93.91361111","84.1","2021-08-30",,,"0.19",",,N",,,,
"US1LACD0029","32.63027778","-93.91361111","84.1","2021-08-31",,,"0.00",",,N","0.0",",,N",,
"US1LACD0029","32.63027778","-93.91361111","84.1","2021-09-01",,,"0.00",",,N","0.0",",,N",,
"US1LACD0029","32.63027778","-93.91361111","84.1","2021-09-02",,,"0.00",",,N","0.0",",,N",,
"US1LACD0029","32.63027778","-93.91361111","84.1","2021-09-03",,,"0.00",",,N","0.0",",,N",,
"US1LACD0029","32.63027778","-93.91361111","84.1","2021-09-04",,,"0.00",",,N","0.0",",,N",,
"US1LACD0029","32.63027778","-93.91361111","84.1","2021-09-05",,,"0.00",",,N","0.0",",,N",,
"US1LACD0029","32.63027778","-93.91361111","84.1","2021-09-06",,,"0.00",",,N","0.0",",,N",,
"US1LACD0029","32.63027778","-93.91361111","84.1","2021-09-07",,,"0.00",",,N","0.0",",,N",,
"US1LACD0029","32.63027778","-93.91361111","84.1","2021-09-08",,,"0.00",",,N","0.0",",,N",,
"US1LACD0029","32.63027778","-93.91361111","84.1","2021-09-09",,,"0.00",",,N","0.0",",,N",,
"US1LACD0029","32.63027778","-93.91361111","84.1","2021-09-10",,,"0.00",",,N","0.0",",,N",,
"US1LACD0029","32.63027778","-93.91361111","84.1","2021-09-11",,,"0.00",",,N","0.0",",,N",,
"US1LACD0029","32.63027778","-93.91361111","84.1","2021-09-12",,,"0.00",",,N","0.0",",,N",,
"US1LACD0029","32.63027778","-93.91361111","84.1","2021-09-14",,,,,,,,
"US1LACD0029","32.63027778","-93.91361111","84.1","2021-09-15",,,"0.00",",,N","0.0",",,N",,
"US1LACD0029","32.63027778","-93.91361111","84.1","2021-09-17",,,"0.00","T,,N",,,,
"US1LACD0029","32.63027778","-93.91361111","84.1","2021-09-18",,,"1.67",",,N",,,,
"US1LACD0029","32.63027778","-93.91361111","84.1","2021-09-19",,,"0.16",",,N",,,,
"US1LACD0029","32.63027778","-93.91361111","84.1","2021-09-20",,,"0.00","T,,N",,,,
"US1LACD0029","32.63027778","-93.91361111","84.1","2021-09-21",,,"0.00",",,N","0.0",",,N",,
"US1LACD0029","32.63027778","-93.91361111","84.1","2021-09-22",,,"0.00","T,,N",,,,
"US1LACD0029","32.63027778","-93.91361111","84.1","2021-09-23",,,"0.00",",,N","0.0",",,N",,
"US1LACD0029","32.63027778","-93.91361111","84.1","2021-09-24",,,"0.00",",,N","0.0",",,N",,
"US1LACD0029","32.63027778","-93.91361111","84.1","2021-09-25",,,"0.00",",,N","0.0",",,N",,
"US1LACD0029","32.63027778","-93.91361111","84.1","2021-09-26",,,"0.00",",,N","0.0",",,N",,
"US1LACD0029","32.63027778","-93.91361111","84.1","2021-09-27",,,"0.00",",,N","0.0",",,N",,
"US1LACD0029","32.63027778","-93.91361111","84.1","2021-09-29",,,"0.00",",,N","0.0",",,N",,
"US1LACD0029","32.63027778","-93.91361111","84.1","2021-09-30",,,"0.00",",,N","0.0",",,N",,
"US1LACD0029","32.63027778","-93.91361111","84.1","2021-10-01",,,"0.31",",,N",,,,
"US1LACD0029","32.63027778","-93.91361111","84.1","2021-10-02",,,"0.48",",,N",,,,
"US1LACD0029","32.63027778","-93.91361111","84.1","2021-10-03",,,"0.37",",,N",,,,
"US1LACD0029","32.63027778","-93.91361111","84.1","2021-10-04",,,"0.00",",,N","0.0",",,N",,
"US1LACD0029","32.63027778","-93.91361111","84.1","2021-10-05",,,"0.00",",,N","0.0",",,N",,
"US1LACD0029","32.63027778","-93.91361111","84.1","2021-10-06",,,"0.00",",,N","0.0",",,N",,
"US1LACD0029","32.63027778","-93.91361111","84.1","2021-10-07",,,"0.00",",,N","0.0",",,N",,
"US1LACD0029","32.63027778","-93.91361111","84.1","2021-10-08",,,"0.00",",,N","0.0",",,N",,
"US1LACD0029","32.63027778","-93.91361111","84.1","2021-10-09",,,"0.00",",,N","0.0",",,N",,
"US1LACD0029","32.63027778","-93.91361111","84.1","2021-10-10",,,"0.00",",,N","0.0",",,N",,
"US1LACD0029","32.63027778","-93.91361111","84.1","2021-10-11",,,"0.00","T,,N",,,,
"US1LACD0029","32.63027778","-93.91361111","84.1","2021-10-12",,,"0.00",",,N","0.0",",,N",,
"US1LACD0029","32.63027778","-93.91361111","84.1","2021-10-13",,,"0.04",",,N",,,,
"US1LACD0029","32.63027778","-93.91361111","84.1","2021-10-14",,,"0.00",",,N","0.0",",,N",,
"US1LACD0029","32.63027778","-93.91361111","84.1","2021-10-15",,,"0.43",",,N",,,,
"US1LACD0029","32.63027778","-93.91361111","84.1","2021-10-16",,,"0.00",",,N","0.0",",,N",,
"US1LACD0029","32.63027778","-93.91361111","84.1","2021-10-17",,,"0.00",",,N","0.0",",,N",,
"US1LACD0029","32.63027778","-93.91361111","84.1","2021-10-18",,,"0.00",",,N","0.0",",,N",,
"US1LACD0029","32.63027778","-93.91361111","84.1","2021-10-19",,,"0.00",",,N","0.0",",,N",,
"US1LACD0029","32.63027778","-93.91361111","84.1","2021-10-20",,,"0.00",",,N","0.0",",,N",,
"US1LACD0029","32.63027778","-93.91361111","84.1","2021-10-21",,,"0.00",",,N","0.0",",,N",,
"US1LACD0029","32.63027778","-93.91361111","84.1","2021-10-22",,,"0.00",",,N","0.0",",,N",,
"US1LACD0029","32.63027778","-93.91361111","84.1","2021-10-23",,,"0.00",",,N","0.0",",,N",,
"US1LACD0029","32.63027778","-93.91361111","84.1","2021-10-24",,,"0.00",",,N","0.0",",,N",,
"US1LACD0029","32.63027778","-93.91361111","84.1","2021-10-25",,,"0.00",",,N","0.0",",,N",,
"US1LACD0029","32.63027778","-93.91361111","84.1","2021-10-26",,,"0.00",",,N","0.0",",,N",,
"US1LACD0029","32.63027778","-93.91361111","84.1","2021-10-27",,,"0.00",",,N","0.0",",,N",,
"US1LACD0029","32.63027778","-93.91361111","84.1","2021-10-28",,,"1.22",",,N",,,,
"US1LACD0029","32.63027778","-93.91361111","84.1","2021-10-29",,,"0.00","T,,N",,,,
"US1LACD0029","32.63027778","-93.91361111","84.1","2021-10-30",,,"0.00",",,N","0.0",",,N",,
"US1LACD0029","32.63027778","-93.91361111","84.1","2021-10-31",,,"0.00",",,N","0.0",",,N",,
"US1LACD0029","32.63027778","-93.91361111","84.1","2021-11-03",,,"0.20",",,N",,,,
"US1LACD0029","32.63027778","-93.91361111","84.1","2021-11-04",,,"0.60",",,N",,,,
"US1LACD0029","32.63027778","-93.91361111","84.1","2021-11-11",,,"0.74",",,N",,,,
"US1LACD0029","32.63027778","-93.91361111","84.1","2021-11-18",,,"0.00","T,,N",,,,
"US1LACD0029","32.63027778","-93.91361111","84.1","2021-11-22",,,"0.45",",,N",,,,
"US1LACD0029","32.63027778","-93.91361111","84.1","2021-11-25",,,"0.98",",,N",,,,
"US1LACD0029","32.63027778","-93.91361111","84.1","2021-11-26",,,"0.00",",,N","0.0",",,N",,
"US1LACD0029","32.63027778","-93.91361111","84.1","2021-11-27",,,"0.00",",,N","0.0",",,N",,
"US1LACD0029","32.63027778","-93.91361111","84.1","2021-11-28",,,"0.19",",,N",,,,
"US1LAVM0008","29.9555","-92.157139","3.4","2021-08-01",,,"0.00",",,N","0.0",",,N",,
"US1LAVM0008","29.9555","-92.157139","3.4","2021-08-02",,,"0.00",",,N","0.0",",,N",,
"US1LAVM0008","29.9555","-92.157139","3.4","2021-08-03",,,"1.45",",,N",,,,
"US1LAVM0008","29.9555","-92.157139","3.4","2021-08-04",,,"0.13",",,N",,,,
"US1LAVM0008","29.9555","-92.157139","3.4","2021-08-05",,,"0.00",",,N","0.0",",,N",,
"US1LAVM0008","29.9555","-92.157139","3.4","2021-08-06",,,"0.00",",,N","0.0",",,N",,
"US1LAVM0008","29.9555","-92.157139","3.4","2021-08-07",,,"0.00",",,N","0.0",",,N",,
"US1LAVM0008","29.9555","-92.157139","3.4","2021-08-08",,,"0.02",",,N",,,,
"US1LAVM0008","29.9555","-92.157139","3.4","2021-08-09",,,"0.00",",,N","0.0",",,N",,
"US1LAVM0008","29.9555","-92.157139","3.4","2021-08-10",,,"0.05",",,N",,,,
"US1LAVM0008","29.9555","-92.157139","3.4","2021-08-11",,,"0.00",",,N","0.0",",,N",,
"US1LAVM0008","29.9555","-92.157139","3.4","2021-08-12",,,"0.60",",,N",,,,
"US1LAVM0008","29.9555","-92.157139","3.4","2021-08-13",,,"0.33",",,N",,,,
"US1LAVM0008","29.9555","-92.157139","3.4","2021-08-14",,,"0.07",",,N",,,,
"US1LAVM0008","29.9555","-92.157139","3.4","2021-08-15",,,"0.00",",,N","0.0",",,N",,
"US1LAVM0008","29.9555","-92.157139","3.4","2021-08-16",,,"0.26",",,N",,,,
"US1LAVM0008","29.9555","-92.157139","3.4","2021-08-17",,,"0.04",",,N",,,,
"US1LAVM0008","29.9555","-92.157139","3.4","2021-08-18",,,"0.24",",,N",,,,
"US1LAVM0008","29.9555","-92.157139","3.4","2021-08-19",,,"0.02",",,N",,,,
"US1LAVM0008","29.9555","-92.157139","3.4","2021-08-20",,,"0.03",",,N",,,,
"US1LAVM0008","29.9555","-92.157139","3.4","2021-08-21",,,"0.00",",,N","0.0",",,N",,
"US1LAVM0008","29.9555","-92.157139","3.4","2021-08-22",,,"0.00",",,N","0.0",",,N",,
"US1LAVM0008","29.9555","-92.157139","3.4","2021-08-24",,,"0.00",",,N","0.0",",,N",,
"US1LAVM0008","29.9555","-92.157139","3.4","2021-08-25",,,"0.50",",,N",,,,
"US1LAVM0008","29.9555","-92.157139","3.4","2021-08-26",,,"0.09",",,N",,,,
"US1LAVM0008","29.9555","-92.157139","3.4","2021-08-27",,,"1.01",",,N",,,,
"US1LAVM0008","29.9555","-92.157139","3.4","2021-08-28",,,"0.40",",,N",,,,
"US1LAVM0008","29.9555","-92.157139","3.4","2021-08-29",,,"0.20",",,N",,,,
"US1LAVM0008","29.9555","-92.157139","3.4","2021-08-31",,,"0.00",",,N","0.0",",,N",,
"US1LAVM0008","29.9555","-92.157139","3.4","2021-09-01",,,"0.10",",,N",,,,
"US1LAVM0008","29.9555","-92.157139","3.4","2021-09-02",,,"3.02",",,N",,,,
"US1LAVM0008","29.9555","-92.157139","3.4","2021-09-03",,,"0.21",",,N",,,,
"US1LAVM0008","29.9555","-92.157139","3.4","2021-09-05",,,"0.15",",,N",,,,
"US1LAVM0008","29.9555","-92.157139","3.4","2021-09-06",,,"0.00",",,N","0.0",",,N",,
"US1LAVM0008","29.9555","-92.157139","3.4","2021-09-07",,,"0.62",",,N",,,,
"US1LAVM0008","29.9555","-92.157139","3.4","2021-09-08",,,"0.00",",,N","0.0",",,N",,
"US1LAVM0008","29.9555","-92.157139","3.4","2021-09-10",,,"0.00",",,N","0.0",",,N",,
"US1LAVM0008","29.9555","-92.157139","3.4","2021-09-11",,,"0.00",",,N","0.0",",,N",,
"US1LAVM0008","29.9555","-92.157139","3.4","2021-09-13",,,"0.25",",,N",,,,
"US1LAVM0008","29.9555","-92.157139","3.4","2021-09-14",,,"2.02",",,N",,,,
"US1LAVM0008","29.9555","-92.157139","3.4","2021-09-15",,,"1.80",",,N",,,,
"US1LAVM0008","29.9555","-92.157139","3.4","2021-09-16",,,"0.04",",,N",,,,
"US1LAVM0008","29.9555","-92.157139","3.4","2021-09-17",,,"0.03",",,N",,,,
"US1LAVM0008","29.9555","-92.157139","3.4","2021-09-18",,,"0.04",",,N",,,,
"US1LAVM0008","29.9555","-92.157139","3.4","2021-09-19",,,"0.01",",,N",,,,
"US1LAVM0008","29.9555","-92.157139","3.4","2021-09-20",,,"0.14",",,N",,,,
"US1LAVM0008","29.9555","-92.157139","3.4","2021-09-22",,,,,,,,
"US1LAVM0008","29.9555","-92.157139","3.4","2021-09-23",,,"0.00",",,N","0.0",",,N",,
"US1LAVM0008","29.9555","-92.157139","3.4","2021-09-24",,,"0.00",",,N","0.0",",,N",,
"US1LAVM0008","29.9555","-92.157139","3.4","2021-09-26",,,,,,,,
"US1LAVM0008","29.9555","-92.157139","3.4","2021-09-27",,,"0.00",",,N","0.0",",,N",,
"US1LAVM0008","29.9555","-92.157139","3.4","2021-09-28",,,"0.07",",,N",,,,
"US1LAVM0008","29.9555","-92.157139","3.4","2021-09-29",,,"2.04",",,N",,,,
"US1LAVM0008","29.9555","-92.157139","3.4","2021-10-01",,,"0.86",",,N",,,,
"US1LAVM0008","29.9555","-92.157139","3.4","2021-10-02",,,"0.02",",,N",,,,
"US1LAVM0008","29.9555","-92.157139","3.4","2021-10-03",,,"0.02",",,N",,,,
"US1LAVM0008","29.9555","-92.157139","3.4","2021-10-04",,,"0.01",",,N",,,,
"US1LAVM0008","29.9555","-92.157139","3.4","2021-10-05",,,"0.00",",,N","0.0",",,N",,
"US1LAVM0008","29.9555","-92.157139","3.4","2021-10-06",,,"0.00",",,N","0.0",",,N",,
"US1LAVM0008","29.9555","-92.157139","3.4","2021-10-08",,,,,,,,
"US1LAVM0008","29.9555","-92.157139","3.4","2021-10-09",,,"0.00",",,N","0.0",",,N",,
"US1LAVM0008","29.9555","-92.157139","3.4","2021-10-10",,,"0.00",",,N","0.0",",,N",,
"US1LAVM0008","29.9555","-92.157139","3.4","2021-10-11",,,"0.00",",,N","0.0",",,N",,
"US1LAVM0008","29.9555","-92.157139","3.4","2021-10-12",,,"0.00",",,N","0.0",",,N",,
"US1LAVM0008","29.9555","-92.157139","3.4","2021-10-13",,,"0.00",",,N","0.0",",,N",,
"US1LAVM0008","29.9555","-92.157139","3.4","2021-10-14",,,"0.00",",,N","0.0",",,N",,
"US1LAVM0008","29.9555","-92.157139","3.4","2021-10-15",,,"0.00",",,N","0.0",",,N",,
"US1LAVM0008","29.9555","-92.157139","3.4","2021-10-16",,,"0.00",",,N","0.0",",,N",,
"US1LAVM0008","29.9555","-92.157139","3.4","2021-10-17",,,"0.00",",,N","0.0",",,N",,
"US1LAVM0008","29.9555","-92.157139","3.4","2021-10-18",,,"0.00",",,N","0.0",",,N",,
"US1LAVM0008","29.9555","-92.157139","3.4","2021-10-19",,,"0.00",",,N","0.0",",,N",,
"US1LAVM0008","29.9555","-92.157139","3.4","2021-10-20",,,"0.00",",,N","0.0",",,N",,
"US1LAVM0008","29.9555","-92.157139","3.4","2021-10-21",,,"0.00",",,N","0.0",",,N",,
"US1LAVM0008","29.9555","-92.157139","3.4","2021-10-22",,,"0.00",",,N","0.0",",,N",,
"US1LAVM0008","29.9555","-92.157139","3.4","2021-10-24",,,"0.03",",,N",,,,
"US1LAVM0008","29.9555","-92.157139","3.4","2021-10-25",,,"0.17",",,N",,,,
"US1LAVM0008","29.9555","-92.157139","3.4","2021-10-26",,,"0.00",",,N","0.0",",,N",,
"US1LAVM0008","29.9555","-92.157139","3.4","2021-10-27",,,"0.00",",,N","0.0",",,N",,
"US1LAVM0008","29.9555","-92.157139","3.4","2021-10-28",,,"1.98",",,N",,,,
"US1LAVM0008","29.9555","-92.157139","3.4","2021-10-29",,,"0.00",",,N","0.0",",,N",,
"US1LAVM0008","29.9555","-92.157139","3.4","2021-10-30",,,"0.00",",,N","0.0",",,N",,
"US1LAVM0008","29.9555","-92.157139","3.4","2021-10-31",,,"0.00",",,N","0.0",",,N",,
"US1LAVM0008","29.9555","-92.157139","3.4","2021-11-01",,,"0.00",",,N","0.0",",,N",,
"US1LAVM0008","29.9555","-92.157139","3.4","2021-11-02",,,"0.00",",,N","0.0",",,N",,
"US1LAVM0008","29.9555","-92.157139","3.4","2021-11-03",,,"0.00",",,N","0.0",",,N",,
"US1LAVM0008","29.9555","-92.157139","3.4","2021-11-04",,,"0.00",",,N","0.0",",,N",,
"US1LAVM0008","29.9555","-92.157139","3.4","2021-11-05",,,"0.00",",,N","0.0",",,N",,
"US1LAVM0008","29.9555","-92.157139","3.4","2021-11-06",,,"0.00",",,N","0.0",",,N",,
"US1LAVM0008","29.9555","-92.157139","3.4","2021-11-07",,,"0.00",",,N","0.0",",,N",,
"US1LAVM0008","29.9555","-92.157139","3.4","2021-11-08",,,"0.00",",,N","0.0",",,N",,
"US1LAVM0008","29.9555","-92.157139","3.4","2021-11-10",,,"0.00",",,N","0.0",",,N",,
"US1LAVM0008","29.9555","-92.157139","3.4","2021-11-11",,,"0.00",",,N","0.0",",,N",,
"US1LAVM0008","29.9555","-92.157139","3.4","2021-11-12",,,"0.04",",,N",,,,
"US1LAVM0008","29.9555","-92.157139","3.4","2021-11-13",,,"0.00",",,N","0.0",",,N",,
"US1LAVM0008","29.9555","-92.157139","3.4","2021-11-14",,,"0.00",",,N","0.0",",,N",,
"US1LAVM0008","29.9555","-92.157139","3.4","2021-11-16",,,"0.00",",,N","0.0",",,N",,
"US1LAVM0008","29.9555","-92.157139","3.4","2021-11-17",,,"0.00",",,N","0.0",",,N",,
"US1LAVM0008","29.9555","-92.157139","3.4","2021-11-18",,,"0.00",",,N","0.0",",,N",,
"US1LAVM0008","29.9555","-92.157139","3.4","2021-11-19",,,"0.00",",,N","0.0",",,N",,
"US1LAVM0008","29.9555","-92.157139","3.4","2021-11-21",,,"0.00",",,N","0.0",",,N",,
"US1LAVM0008","29.9555","-92.157139","3.4","2021-11-22",,,"0.00",",,N","0.0",",,N",,
"US1LAVM0008","29.9555","-92.157139","3.4","2021-11-23",,,"0.00",",,N","0.0",",,N",,
"US1LAVM0008","29.9555","-92.157139","3.4","2021-11-25",,,,,,,,
"US1LAVM0008","29.9555","-92.157139","3.4","2021-11-26",,,"0.15",",,N",,,,
"US1LAVM0007","29.959155","-92.03482","2.1","2021-08-03",,,,,,,,
"US1LAVM0007","29.959155","-92.03482","2.1","2021-08-04",,,"0.15",",,N",,,,
"US1LAVM0007","29.959155","-92.03482","2.1","2021-08-05",,,"0.00",",,N","0.0",",,N",,
"US1LAVM0007","29.959155","-92.03482","2.1","2021-08-06",,,"0.00",",,N","0.0",",,N",,
"US1LAVM0007","29.959155","-92.03482","2.1","2021-08-07",,,"0.00",",,N","0.0",",,N",,
"US1LAVM0007","29.959155","-92.03482","2.1","2021-08-08",,,"0.00",",,N","0.0",",,N",,
"US1LAVM0007","29.959155","-92.03482","2.1","2021-08-09",,,"0.00",",,N","0.0",",,N",,
"US1LAVM0007","29.959155","-92.03482","2.1","2021-08-10",,,"0.00",",,N","0.0",",,N",,
"US1LAVM0007","29.959155","-92.03482","2.1","2021-08-11",,,"0.00",",,N","0.0",",,N",,
"US1LAVM0007","29.959155","-92.03482","2.1","2021-08-12",,,"0.89",",,N",,,,
"US1LAVM0007","29.959155","-92.03482","2.1","2021-08-13",,,"0.41",",,N",,,,
"US1LAVM0007","29.959155","-92.03482","2.1","2021-08-14",,,"0.65",",,N",,,,
"US1LAVM0007","29.959155","-92.03482","2.1","2021-08-15",,,"0.02",",,N",,,,
"US1LAVM0007","29.959155","-92.03482","2.1","2021-08-16",,,"0.06",",,N",,,,
"US1LAVM0007","29.959155","-92.03482","2.1","2021-08-17",,,"0.00",",,N","0.0",",,N",,
"US1LAVM0007","29.959155","-92.03482","2.1","2021-08-18",,,"0.00",",,N","0.0",",,N",,
"US1LAVM0007","29.959155","-92.03482","2.1","2021-08-19",,,"0.10",",,N",,,,
"US1LAVM0007","29.959155","-92.03482","2.1","2021-08-20",,,"0.50",",,N",,,,
"US1LAVM0007","29.959155","-92.03482","2.1","2021-08-21",,,"0.00",",,N","0.0",",,N",,
"US1LAVM0007","29.959155","-92.03482","2.1","2021-08-22",,,"0.00",",,N","0.0",",,N",,
"US1LAVM0007","29.959155","-92.03482","2.1","2021-08-23",,,"0.00",",,N","0.0",",,N",,
"US1LAVM0007","29.959155","-92.03482","2.1","2021-08-24",,,"0.00",",,N","0.0",",,N",,
"US1LAVM0007","29.959155","-92.03482","2.1","2021-08-25",,,"0.90",",,N",,,,
"US1LAVM0007","29.959155","-92.03482","2.1","2021-08-26",,,"0.02",",,N",,,,
"US1LAVM0007","29.959155","-92.03482","2.1","2021-08-27",,,"1.98",",,N",,,,
"US1LAVM0007","29.959155","-92.03482","2.1","2021-08-28",,,"0.40",",,N",,,,
"US1LAVM0007","29.959155","-92.03482","2.1","2021-08-29",,,"0.03",",,N",,,,
"US1LAVM0007","29.959155","-92.03482","2.1","2021-08-30",,,"0.00",",,N","0.0",",,N",,
"US1LAVM0007","29.959155","-92.03482","2.1","2021-08-31",,,"0.00",",,N","0.0",",,N",,
"US1LAVM0007","29.959155","-92.03482","2.1","2021-09-01",,,"0.03",",,N",,,,
"US1LAVM0007","29.959155","-92.03482","2.1","2021-09-02",,,"0.57",",,N",,,,
"US1LAVM0007","29.959155","-92.03482","2.1","2021-09-03",,,"0.15",",,N",,,,
"US1LAVM0007","29.959155","-92.03482","2.1","2021-09-04",,,"0.16",",,N",,,,
"US1LAVM0007","29.959155","-92.03482","2.1","2021-09-05",,,"0.02",",,N",,,,
"US1LAVM0007","29.959155","-92.03482","2.1","2021-09-06",,,"0.12",",,N",,,,
"US1LAVM0007","29.959155","-92.03482","2.1","2021-09-07",,,"0.00",",,N","0.0",",,N",,
"US1LAVM0007","29.959155","-92.03482","2.1","2021-09-08",,,"0.00",",,N","0.0",",,N",,
"US1LAVM0007","29.959155","-92.03482","2.1","2021-09-09",,,"0.01",",,N",,,,
"US1LAVM0007","29.959155","-92.03482","2.1","2021-09-10",,,"0.00",",,N","0.0",",,N",,
"US1LAVM0007","29.959155","-92.03482","2.1","2021-09-11",,,"0.00",",,N","0.0",",,N",,
"US1LAVM0007","29.959155","-92.03482","2.1","2021-09-12",,,"0.00",",,N","0.0",",,N",,
"US1LAVM0007","29.959155","-92.03482","2.1","2021-09-13",,,"0.20",",,N",,,,
"US1LAVM0007","29.959155","-92.03482","2.1","2021-09-14",,,"0.80",",,N",,,,
"US1LAVM0007","29.959155","-92.03482","2.1","2021-09-15",,,"3.10",",,N",,,,
"US1LAVM0007","29.959155","-92.03482","2.1","2021-09-16",,,"0.16",",,N",,,,
"US1LAVM0007","29.959155","-92.03482","2.1","2021-09-17",,,"0.04",",,N",,,,
"US1LAVM0007","29.959155","-92.03482","2.1","2021-09-18",,,"0.00",",,N","0.0",",,N",,
"US1LAVM0007","29.959155","-92.03482","2.1","2021-09-19",,,"0.20",",,N",,,,
"US1LAVM0007","29.959155","-92.03482","2.1","2021-09-21",,,,,,,,
"US1LAVM0007","29.959155","-92.03482","2.1","2021-09-22",,,"1.52",",,N",,,,
"US1LAVM0007","29.959155","-92.03482","2.1","2021-09-23",,,"0.00",",,N","0.0",",,N",,
"US1LAVM0007","29.959155","-92.03482","2.1","2021-09-24",,,"0.00",",,N","0.0",",,N",,
"US1LAVM0007","29.959155","-92.03482","2.1","2021-09-25",,,"0.00",",,N","0.0",",,N",,
"US1LAVM0007","29.959155","-92.03482","2.1","2021-09-26",,,"0.00",",,N","0.0",",,N",,
"US1LAVM0007","29.959155","-92.03482","2.1","2021-09-27",,,"0.00",",,N","0.0",",,N",,
"US1LAVM0007","29.959155","-92.03482","2.1","2021-09-28",,,"0.33",",,N",,,,
"US1LAVM0007","29.959155","-92.03482","2.1","2021-09-29",,,"0.90",",,N",,,,
"US1LAVM0007","29.959155","-92.03482","2.1","2021-09-30",,,"0.50",",,N",,,,
"US1LAVM0007","29.959155","-92.03482","2.1","2021-10-01",,,"0.15",",,N",,,,
"US1LAVM0007","29.959155","-92.03482","2.1","2021-10-02",,,"0.00",",,N","0.0",",,N",,
"US1LAVM0007","29.959155","-92.03482","2.1","2021-10-03",,,"0.00",",,N","0.0",",,N",,
"US1LAVM0007","29.959155","-92.03482","2.1","2021-10-04",,,"0.16",",,N",,,,
"US1LAVM0007","29.959155","-92.03482","2.1","2021-10-05",,,"0.00","T,,N",,,,
"US1LAVM0007","29.959155","-92.03482","2.1","2021-10-06",,,"0.00",",,N","0.0",",,N",,
"US1LAVM0007","29.959155","-92.03482","2.1","2021-10-07",,,"0.00",",,N","0.0",",,N",,
"US1LAVM0007","29.959155","-92.03482","2.1","2021-10-08",,,"0.00",",,N","0.0",",,N",,
"US1LAVM0007","29.959155","-92.03482","2.1","2021-10-09",,,"0.00",",,N","0.0",",,N",,
"US1LAVM0007","29.959155","-92.03482","2.1","2021-10-10",,,"0.00",",,N","0.0",",,N",,
"US1LAVM0007","29.959155","-92.03482","2.1","2021-10-11",,,"0.00",",,N","0.0",",,N",,
"US1LAVM0007","29.959155","-92.03482","2.1","2021-10-12",,,"0.00",",,N","0.0",",,N",,
"US1LAVM0007","29.959155","-92.03482","2.1","2021-10-13",,,"0.00",",,N","0.0",",,N",,
"US1LAVM0007","29.959155","-92.03482","2.1","2021-10-14",,,"0.00",",,N","0.0",",,N",,
"US1LAVM0007","29.959155","-92.03482","2.1","2021-10-15",,,"0.00",",,N","0.0",",,N",,
"US1LAVM0007","29.959155","-92.03482","2.1","2021-10-16",,,"0.47",",,N",,,,
"US1LAVM0007","29.959155","-92.03482","2.1","2021-10-17",,,"0.00",",,N","0.0",",,N",,
"US1LAVM0007","29.959155","-92.03482","2.1","2021-10-18",,,"0.00",",,N","0.0",",,N",,
"US1LAVM0007","29.959155","-92.03482","2.1","2021-10-19",,,"0.00",",,N","0.0",",,N",,
"US1LAVM0007","29.959155","-92.03482","2.1","2021-10-20",,,"0.00",",,N","0.0",",,N",,
"US1LAVM0007","29.959155","-92.03482","2.1","2021-10-21",,,"0.00",",,N","0.0",",,N",,
"US1LAVM0007","29.959155","-92.03482","2.1","2021-10-22",,,"0.00",",,N","0.0",",,N",,
"US1LAVM0007","29.959155","-92.03482","2.1","2021-10-23",,,"0.00",",,N","0.0",",,N",,
"US1LAVM0007","29.959155","-92.03482","2.1","2021-10-24",,,"0.00",",,N","0.0",",,N",,
"US1LAVM0007","29.959155","-92.03482","2.1","2021-10-25",,,"0.07",",,N",,,,
"US1LAVM0007","29.959155","-92.03482","2.1","2021-10-27",,,"0.00",",,N","0.0",",,N",,
"US1LAVM0007","29.959155","-92.03482","2.1","2021-10-28",,,"1.15",",,N",,,,
"US1LAVM0007","29.959155","-92.03482","2.1","2021-10-29",,,"0.00",",,N","0.0",",,N",,
"US1LAVM0007","29.959155","-92.03482","2.1","2021-10-30",,,"0.00",",,N","0.0",",,N",,
"US1LAVM0007","29.959155","-92.03482","2.1","2021-10-31",,,"0.00",",,N","0.0",",,N",,
"US1LAVM0007","29.959155","-92.03482","2.1","2021-11-01",,,"0.00",",,N","0.0",",,N",,
"US1LAVM0007","29.959155","-92.03482","2.1","2021-11-02",,,"0.00",",,N","0.0",",,N",,
"US1LAVM0007","29.959155","-92.03482","2.1","2021-11-03",,,"0.00",",,N","0.0",",,N",,
"US1LAVM0007","29.959155","-92.03482","2.1","2021-11-04",,,"0.00",",,N","0.0",",,N",,
"US1LAVM0007","29.959155","-92.03482","2.1","2021-11-05",,,"0.00",",,N","0.0",",,N",,
"US1LAVM0007","29.959155","-92.03482","2.1","2021-11-06",,,"0.00",",,N","0.0",",,N",,
"US1LAVM0007","29.959155","-92.03482","2.1","2021-11-07",,,"0.00",",,N","0.0",",,N",,
"US1LAVM0007","29.959155","-92.03482","2.1","2021-11-08",,,"0.00",",,N","0.0",",,N",,
"US1LAVM0007","29.959155","-92.03482","2.1","2021-11-09",,,"0.00",",,N","0.0",",,N",,
"US1LAVM0007","29.959155","-92.03482","2.1","2021-11-10",,,"0.00",",,N","0.0",",,N",,
"US1LAJD0002","30.236","-92.823","3.7","2021-08-07",,,"0.00",",,N","0.0",",,N",,
"US1LAJD0002","30.236","-92.823","3.7","2021-08-21",,,"0.00",",,N","0.0",",,N",,
"US1LAJD0002","30.236","-92.823","3.7","2021-08-26",,,"0.85",",,N",,,,
"US1LAJD0002","30.236","-92.823","3.7","2021-08-29",,,"1.06",",,N",,,,
"US1LAJD0002","30.236","-92.823","3.7","2021-09-07",,,"0.39",",,N",,,,
"US1LAJD0002","30.236","-92.823","3.7","2021-09-20",,,"0.05",",,N",,,,
"US1LAJD0002","30.236","-92.823","3.7","2021-09-28",,,"0.00","T,,N",,,,
"US1LAJD0002","30.236","-92.823","3.7","2021-09-29",,,"2.70",",,N",,,,
"US1LAJD0002","30.236","-92.823","3.7","2021-09-30",,,"0.42",",,N",,,,
"US1LAJD0002","30.236","-92.823","3.7","2021-10-01",,,"2.04",",,N",,,,
"US1LAJD0002","30.236","-92.823","3.7","2021-10-04",,,"0.54",",,N",,,,
"US1LAJD0002","30.236","-92.823","3.7","2021-10-05",,,"0.00","T,,N",,,,
"US1LAJD0002","30.236","-92.823","3.7","2021-10-28",,,"1.24",",,N",,,,
"US1LAJD0002","30.236","-92.823","3.7","2021-11-01",,,"0.00",",,N","0.0",",,N",,
"US1LAOC0004","32.538639","-92.093242","27.1","2021-08-01",,,"0.00",",,N","0.0",",,N",,
"US1LAOC0004","32.538639","-92.093242","27.1","2021-08-02",,,"1.55",",,N",,,,
"US1LAOC0004","32.538639","-92.093242","27.1","2021-08-03",,,"1.50",",,N",,,,
"US1LAOC0004","32.538639","-92.093242","27.1","2021-08-04",,,"0.11",",,N",,,,
"US1LAOC0004","32.538639","-92.093242","27.1","2021-08-15",,,"1.34",",,N",,,,
"US1LAOC0004","32.538639","-92.093242","27.1","2021-08-16",,,"0.24",",,N",,,,
"US1LAOC0004","32.538639","-92.093242","27.1","2021-08-19",,,"0.85",",,N",,,,
"US1LAOC0004","32.538639","-92.093242","27.1","2021-08-20",,,"1.30",",,N",,,,
"US1LAOC0004","32.538639","-92.093242","27.1","2021-08-23",,,"0.24",",,N",,,,
"US1LAOC0004","32.538639","-92.093242","27.1","2021-08-31",,,"0.43",",,N",,,,
"US1LAOC0004","32.538639","-92.093242","27.1","2021-09-01",,,"0.00",",,N","0.0",",,N",,
"US1LAOC0004","32.538639","-92.093242","27.1","2021-09-02",,,"0.00",",,N","0.0",",,N",,
"US1LAOC0004","32.538639","-92.093242","27.1","2021-09-03",,,"0.00",",,N","0.0",",,N",,
"US1LAOC0004","32.538639","-92.093242","27.1","2021-09-04",,,"0.00",",,N","0.0",",,N",,
"US1LAOC0004","32.538639","-92.093242","27.1","2021-09-05",,,"0.00",",,N","0.0",",,N",,
"US1LAOC0004","32.538639","-92.093242","27.1","2021-09-06",,,"0.82",",,N",,,,
"US1LAOC0004","32.538639","-92.093242","27.1","2021-09-07",,,"0.00",",,N","0.0",",,N",,
"US1LAOC0004","32.538639","-92.093242","27.1","2021-09-08",,,"0.00",",,N","0.0",",,N",,
"US1LAOC0004","32.538639","-92.093242","27.1","2021-09-09",,,"0.00",",,N","0.0",",,N",,
"US1LAOC0004","32.538639","-92.093242","27.1","2021-09-10",,,"0.00",",,N","0.0",",,N",,
"US1LAOC0004","32.538639","-92.093242","27.1","2021-09-11",,,"0.00",",,N","0.0",",,N",,
"US1LAOC0004","32.538639","-92.093242","27.1","2021-09-12",,,"0.00",",,N","0.0",",,N",,
"US1LAOC0004","32.538639","-92.093242","27.1","2021-09-13",,,"0.00",",,N","0.0",",,N",,
"US1LAOC0004","32.538639","-92.093242","27.1","2021-09-14",,,"0.00",",,N","0.0",",,N",,
"US1LAOC0004","32.538639","-92.093242","27.1","2021-09-15",,,"0.06",",,N",,,,
"US1LAOC0004","32.538639","-92.093242","27.1","2021-09-16",,,"0.00",",,N","0.0",",,N",,
"US1LAOC0004","32.538639","-92.093242","27.1","2021-09-17",,,"0.00",",,N","0.0",",,N",,
"US1LAOC0004","32.538639","-92.093242","27.1","2021-09-18",,,"0.53",",,N","0.0",",,N",,
"US1LAOC0004","32.538639","-92.093242","27.1","2021-09-19",,,"0.49",",,N",,,,
"US1LAOC0004","32.538639","-92.093242","27.1","2021-09-20",,,"0.40",",,N",,,,
"US1LAOC0004","32.538639","-92.093242","27.1","2021-09-21",,,"0.00",",,N","0.0",",,N",,
"US1LAOC0004","32.538639","-92.093242","27.1","2021-09-22",,,"0.28",",,N",,,,
"US1LAOC0004","32.538639","-92.093242","27.1","2021-09-23",,,"0.00",",,N","0.0",",,N",,
"US1LAOC0004","32.538639","-92.093242","27.1","2021-09-24",,,"0.00",",,N","0.0",",,N",,
"US1LAOC0004","32.538639","-92.093242","27.1","2021-09-25",,,"0.00",",,N","0.0",",,N",,
"US1LAOC0004","32.538639","-92.093242","27.1","2021-09-26",,,"0.00",",,N","0.0",",,N",,
"US1LAOC0004","32.538639","-92.093242","27.1","2021-09-27",,,"0.00",",,N","0.0",",,N",,
"US1LAOC0004","32.538639","-92.093242","27.1","2021-09-28",,,"0.00",",,N","0.0",",,N",,
"US1LAOC0004","32.538639","-92.093242","27.1","2021-09-29",,,"0.00",",,N","0.0",",,N",,
"US1LAOC0004","32.538639","-92.093242","27.1","2021-09-30",,,"0.00",",,N","0.0",",,N",,
"US1LAOC0004","32.538639","-92.093242","27.1","2021-10-01",,,"0.00",",,N","0.0",",,N",,
"US1LAOC0004","32.538639","-92.093242","27.1","2021-10-03",,,"0.51",",,N",,,,
"US1LAOC0004","32.538639","-92.093242","27.1","2021-10-04",,,"0.06",",,N",,,,
"US1LAOC0004","32.538639","-92.093242","27.1","2021-10-16",,,"0.18",",,N",,,,
"US1LAOC0004","32.538639","-92.093242","27.1","2021-10-28",,,"1.23",",,N",,,,
"US1LAOC0004","32.538639","-92.093242","27.1","2021-10-29",,,"0.03",",,N",,,,
"US1LAOC0004","32.538639","-92.093242","27.1","2021-11-04",,,"0.31",",,N",,,,
"US1LAOC0004","32.538639","-92.093242","27.1","2021-11-11",,,"0.34",",,N",,,,
"US1LAOC0004","32.538639","-92.093242","27.1","2021-11-22",,,"0.59",",,N",,,,
"USW00093915","31.33472","-92.55861","25.6","2021-08-01","3.80",",,W","0.00",",,W","0.0",",,W",,
"USW00093915","31.33472","-92.55861","25.6","2021-08-02","2.01",",,W","0.21",",,W","0.0",",,W",,
"USW00093915","31.33472","-92.55861","25.6","2021-08-03","2.91",",,W","0.29",",,W","0.0",",,W",,
"USW00093915","31.33472","-92.55861","25.6","2021-08-04","5.37",",,W","0.00",",,W","0.0",",,W",,
"USW00093915","31.33472","-92.55861","25.6","2021-08-05","1.57",",,W","0.00",",,W","0.0",",,W",,
"USW00093915","31.33472","-92.55861","25.6","2021-08-06","1.79",",,W","0.00",",,W","0.0",",,W",,
"USW00093915","31.33472","-92.55861","25.6","2021-08-07","3.80",",,W","0.00",",,W","0.0",",,W",,
"USW00093915","31.33472","-92.55861","25.6","2021-08-08","5.37",",,W","0.00",",,W","0.0",",,W",,
"USW00093915","31.33472","-92.55861","25.6","2021-08-09","5.59",",,W","0.04",",,W","0.0",",,W",,
"USW00093915","31.33472","-92.55861","25.6","2021-08-10","4.70",",,W","0.00",",,W","0.0",",,W",,
"USW00093915","31.33472","-92.55861","25.6","2021-08-11","3.80",",,W","0.00",",,W","0.0",",,W",,
"USW00093915","31.33472","-92.55861","25.6","2021-08-12","4.47",",,W","0.00",",,W","0.0",",,W",,
"USW00093915","31.33472","-92.55861","25.6","2021-08-13","3.80",",,W","0.00",",,W","0.0",",,W",,
"USW00093915","31.33472","-92.55861","25.6","2021-08-14","3.36",",,W","0.00",",,W","0.0",",,W",,
"USW00093915","31.33472","-92.55861","25.6","2021-08-15","3.13",",,W","0.07",",,W","0.0",",,W",,
"USW00093915","31.33472","-92.55861","25.6","2021-08-16","3.13",",,W","0.04",",,W","0.0",",,W",,
"USW00093915","31.33472","-92.55861","25.6","2021-08-17","2.91",",,W","0.00",",,W","0.0",",,W",,
"USW00093915","31.33472","-92.55861","25.6","2021-08-18","4.92",",,W","0.08",",,W","0.0",",,W",,
"USW00093915","31.33472","-92.55861","25.6","2021-08-19","4.70",",,W","0.46",",,W","0.0",",,W",,
"USW00093915","31.33472","-92.55861","25.6","2021-08-20","4.92",",,W","0.00",",,W","0.0",",,W",,
"USW00093915","31.33472","-92.55861","25.6","2021-08-21","4.92",",,W","0.00",",,W","0.0",",,W",,
"USW00093915","31.33472","-92.55861","25.6","2021-08-22","2.01",",,W","0.00",",,W","0.0",",,W",,
"USW00093915","31.33472","-92.55861","25.6","2021-08-23","2.91",",,W","0.00",",,W","0.0",",,W",,
"USW00093915","31.33472","-92.55861","25.6","2021-08-24","4.25",",,W","0.00",",,W","0.0",",,W",,
"USW00093915","31.33472","-92.55861","25.6","2021-08-25","3.80",",,W","0.00",",,W","0.0",",,W",,
"USW00093915","31.33472","-92.55861","25.6","2021-08-26","5.14",",,W","0.05",",,W","0.0",",,W",,
"USW00093915","31.33472","-92.55861","25.6","2021-08-27","7.16",",,W","0.05",",,W","0.0",",,W",,
"USW00093915","31.33472","-92.55861","25.6","2021-08-28","7.38",",,W","0.02",",,W","0.0",",,W",,
"USW00093915","31.33472","-92.55861","25.6","2021-08-29","10.07",",,W","0.01",",,W","0.0",",,W",,
"USW00093915","31.33472","-92.55861","25.6","2021-08-30","12.75",",,W","0.07",",,W","0.0",",,W",,
"USW00093915","31.33472","-92.55861","25.6","2021-08-31","4.47",",,W","0.00",",,W","0.0",",,W",,
"USW00093915","31.33472","-92.55861","25.6","2021-09-01","4.25",",,W","0.00",",,W","0.0",",,W",,
"USW00093915","31.33472","-92.55861","25.6","2021-09-02","2.68",",,W","0.65",",,W","0.0",",,W",,
"USW00093915","31.33472","-92.55861","25.6","2021-09-03","2.91",",,W","0.00","T,,W","0.0",",,W",,
"USW00093915","31.33472","-92.55861","25.6","2021-09-04","2.46",",,W","0.00",",,W","0.0",",,W",,
"USW00093915","31.33472","-92.55861","25.6","2021-09-05","4.70",",,W","0.87",",,W","0.0",",,W",,
"USW00093915","31.33472","-92.55861","25.6","2021-09-06","4.92",",,W","0.22",",,W","0.0",",,W",,
"USW00093915","31.33472","-92.55861","25.6","2021-09-07","2.91",",,W","0.00",",,W","0.0",",,W",,
"USW00093915","31.33472","-92.55861","25.6","2021-09-08","2.01",",,W","0.00",",,W","0.0",",,W",,
"USW00093915","31.33472","-92.55861","25.6","2021-09-09","4.92",",,W","0.00",",,W","0.0",",,W",,
"USW00093915","31.33472","-92.55861","25.6","2021-09-10","3.80",",,W","0.00",",,W","0.0",",,W",,
"USW00093915","31.33472","-92.55861","25.6","2021-09-11","2.24",",,W","0.00",",,W","0.0",",,W",,
"USW00093915","31.33472","-92.55861","25.6","2021-09-12","7.16",",,W","0.15",",,W","0.0",",,W",,
"USW00093915","31.33472","-92.55861","25.6","2021-09-13","6.93",",,W","0.00","T,,W","0.0",",,W",,
"USW00093915","31.33472","-92.55861","25.6","2021-09-14","12.53",",,W","1.87",",,W","0.0",",,W",,
"USW00093915","31.33472","-92.55861","25.6","2021-09-15","10.07",",,W","0.69",",,W","0.0",",,W",,
"USW00093915","31.33472","-92.55861","25.6","2021-09-16","7.61",",,W","0.05",",,W","0.0",",,W",,
"USW00093915","31.33472","-92.55861","25.6","2021-09-17","4.70",",,W","0.70",",,W","0.0",",,W",,
"USW00093915","31.33472","-92.55861","25.6","2021-09-18","2.68",",,W","0.02",",,W","0.0",",,W",,
"USW00093915","31.33472","-92.55861","25.6","2021-09-19","3.13",",,W","0.03",",,W","0.0",",,W",,
"USW00093915","31.33472","-92.55861","25.6","2021-09-20","3.80",",,W","0.00","T,,W","0.0",",,W",,
"USW00093915","31.33472","-92.55861","25.6","2021-09-21","5.14",",,W","0.65",",,W","0.0",",,W",,
"USW00093915","31.33472","-92.55861","25.6","2021-09-22","8.05",",,W","0.01",",,W","0.0",",,W",,
"USW00093915","31.33472","-92.55861","25.6","2021-09-23","2.46",",,W","0.00",",,W","0.0",",,W",,
"USW00093915","31.33472","-92.55861","25.6","2021-09-24","1.79",",,W","0.00",",,W","0.0",",,W",,
"USW00093915","31.33472","-92.55861","25.6","2021-09-25","1.79",",,W","0.00",",,W","0.0",",,W",,
"USW00093915","31.33472","-92.55861","25.6","2021-09-26","1.57",",,W","0.00",",,W","0.0",",,W",,
"USW00093915","31.33472","-92.55861","25.6","2021-09-27","5.59",",,W","0.00",",,W","0.0",",,W",,
"USW00093915","31.33472","-92.55861","25.6","2021-09-28","5.37",",,W","0.44",",,W","0.0",",,W",,
"USW00093915","31.33472","-92.55861","25.6","2021-09-29","5.82",",,W","0.01",",,W","0.0",",,W",,
"USW00093915","31.33472","-92.55861","25.6","2021-09-30","6.93",",,W","0.00","T,,W","0.0",",,W",,
"USW00093915","31.33472","-92.55861","25.6","2021-10-01","5.14",",,W","0.00","T,,W","0.0",",,W",,
"USW00093915","31.33472","-92.55861","25.6","2021-10-02","5.14",",,W","0.16",",,W","0.0",",,W",,
"USW00093915","31.33472","-92.55861","25.6","2021-10-03","2.01",",,W","0.85",",,W","0.0",",,W",,
"USW00093915","31.33472","-92.55861","25.6","2021-10-04","3.80",",,W","0.00",",,W","0.0",",,W",,
"USW00093915","31.33472","-92.55861","25.6","2021-10-05","3.80",",,W","0.00",",,W","0.0",",,W",,
"USW00093915","31.33472","-92.55861","25.6","2021-10-06","2.68",",,W","0.00",",,W","0.0",",,W",,
"USW00093915","31.33472","-92.55861","25.6","2021-10-07","1.12",",,W","0.00","T,,W","0.0",",,W",,
"USW00093915","31.33472","-92.55861","25.6","2021-10-08","1.57",",,W","0.00",",,W","0.0",",,W",,
"USW00093915","31.33472","-92.55861","25.6","2021-10-09","3.13",",,W","0.00",",,W","0.0",",,W",,
"USW00093915","31.33472","-92.55861","25.6","2021-10-10","8.05",",,W","0.00",",,W","0.0",",,W",,
"USW00093915","31.33472","-92.55861","25.6","2021-10-11","6.26",",,W","0.00","T,,W","0.0",",,W",,
"USW00093915","31.33472","-92.55861","25.6","2021-10-12","4.70",",,W","0.13",",,W","0.0",",,W",,
"USW00093915","31.33472","-92.55861","25.6","2021-10-13","7.83",",,W","0.00","T,,W","0.0",",,W",,
"USW00093915","31.33472","-92.55861","25.6","2021-10-14","7.38",",,W","0.00",",,W","0.0",",,W",,
"USW00093915","31.33472","-92.55861","25.6","2021-10-15","8.28",",,W","0.00","T,,W","0.0",",,W",,
"USW00093915","31.33472","-92.55861","25.6","2021-10-16","10.07",",,W","0.00","T,,W",,,,
"USW00093915","31.33472","-92.55861","25.6","2021-10-17","3.80",",,W","0.00",",,W","0.0",",,W",,
"USW00093915","31.33472","-92.55861","25.6","2021-10-18","2.24",",,W","0.00",",,W","0.0",",,W",,
"USW00093915","31.33472","-92.55861","25.6","2021-10-19","2.46",",,W","0.00",",,W","0.0",",,W",,
"USW00093915","31.33472","-92.55861","25.6","2021-10-20","2.24",",,W","0.00",",,W","0.0",",,W",,
"USW00093915","31.33472","-92.55861","25.6","2021-10-21","2.01",",,W","0.00",",,W","0.0",",,W",,
"USW00093915","31.33472","-92.55861","25.6","2021-10-22","2.91",",,W","0.00",",,W","0.0",",,W",,
"USW00093915","31.33472","-92.55861","25.6","2021-10-23","6.26",",,W","0.00",",,W","0.0",",,W",,
"USW00093915","31.33472","-92.55861","25.6","2021-10-24","8.05",",,W","0.00","T,,W","0.0",",,W",,
"USW00093915","31.33472","-92.55861","25.6","2021-10-25","3.36",",,W","0.00",",,W","0.0",",,W",,
"USW00093915","31.33472","-92.55861","25.6","2021-10-26","6.04",",,W","0.00",",,W","0.0",",,W",,
"USW00093915","31.33472","-92.55861","25.6","2021-10-27","10.74",",,W","1.12",",,W","0.0",",,W",,
"USW00093915","31.33472","-92.55861","25.6","2021-10-28","11.86",",,W","0.00",",,W","0.0",",,W",,
"USW00093915","31.33472","-92.55861","25.6","2021-10-29","13.87",",,W","0.00",",,W","0.0",",,W",,
"USW00093915","31.33472","-92.55861","25.6","2021-10-30","4.70",",,W","0.00",",,W","0.0",",,W",,
"USW00093915","31.33472","-92.55861","25.6","2021-10-31","0.45",",,W","0.00",",,W","0.0",",,W",,
"USW00093915","31.33472","-92.55861","25.6","2021-11-01","1.79",",,W","0.00",",,W","0.0",",,W",,
"USW00093915","31.33472","-92.55861","25.6","2021-11-02","4.47",",,W","0.00",",,W","0.0",",,W",,
"USW00093915","31.33472","-92.55861","25.6","2021-11-03","6.49",",,W","0.25",",,W",,,,
"USW00093915","31.33472","-92.55861","25.6","2021-11-04","6.26",",,W","0.00",",,W","0.0",",,W",,
"USW00093915","31.33472","-92.55861","25.6","2021-11-05","5.14",",,W","0.00",",,W","0.0",",,W",,
"USW00093915","31.33472","-92.55861","25.6","2021-11-06","2.24",",,W","0.00",",,W","0.0",",,W",,
"USW00093915","31.33472","-92.55861","25.6","2021-11-07","0.89",",,W","0.00",",,W","0.0",",,W",,
"USW00093915","31.33472","-92.55861","25.6","2021-11-08","1.57",",,W","0.00",",,W","0.0",",,W",,
"USW00093915","31.33472","-92.55861","25.6","2021-11-09","2.24",",,W","0.00",",,W","0.0",",,W",,
"USW00093915","31.33472","-92.55861","25.6","2021-11-10","4.92",",,W",,,,,,
"USW00093915","31.33472","-92.55861","25.6","2021-11-11","3.58",",,W","0.58",",,W","0.0",",,W",,
"USW00093915","31.33472","-92.55861","25.6","2021-11-12","3.58",",,W",,,"0.0",",,W",,
"USW00093915","31.33472","-92.55861","25.6","2021-11-13","5.82",",,W","0.00",",,W","0.0",",,W",,
"USW00093915","31.33472","-92.55861","25.6","2021-11-14","3.80",",,W","0.00",",,W","0.0",",,W",,
"USW00093915","31.33472","-92.55861","25.6","2021-11-15","4.92",",,W","0.00",",,W","0.0",",,W",,
"USW00093915","31.33472","-92.55861","25.6","2021-11-16","8.72",",,W","0.00",",,W","0.0",",,W",,
"USW00093915","31.33472","-92.55861","25.6","2021-11-17","9.17",",,W","0.00",",,W","0.0",",,W",,
"USW00093915","31.33472","-92.55861","25.6","2021-11-18","7.38",",,W","0.00","T,,W","0.0",",,W",,
"USW00093915","31.33472","-92.55861","25.6","2021-11-19","4.92",",,W","0.00",",,W","0.0",",,W",,
"USW00093915","31.33472","-92.55861","25.6","2021-11-20","3.80",",,W","0.00",",,W","0.0",",,W",,
"USW00093915","31.33472","-92.55861","25.6","2021-11-21","6.26",",,W","0.14",",,W","0.0",",,W",,
"USW00093915","31.33472","-92.55861","25.6","2021-11-22","7.83",",,W","0.00",",,W","0.0",",,W",,
"USW00093915","31.33472","-92.55861","25.6","2021-11-23","3.58",",,W","0.00",",,W","0.0",",,W",,
"USW00093915","31.33472","-92.55861","25.6","2021-11-24","9.40",",,W","0.00",",,W","0.0",",,W",,
"USW00093915","31.33472","-92.55861","25.6","2021-11-25","8.50",",,W","0.14",",,D","0.0",",,D",,
"USW00093915","31.33472","-92.55861","25.6","2021-11-26","6.04",",,W","0.00",",,D","0.0",",,D",,
"USW00093915","31.33472","-92.55861","25.6","2021-11-27","1.57",",,W","0.05",",,D",,,,
"USW00093915","31.33472","-92.55861","25.6","2021-11-28","3.36",",,W","0.01",",,D","0.0",",,D",,
"US1LAOC0005","32.527694","-92.121936","25.9","2021-08-01",,,"0.00",",,N","0.0",",,N",,
"US1LAOC0005","32.527694","-92.121936","25.9","2021-08-02",,,"2.05",",,N",,,,
"US1LAOC0005","32.527694","-92.121936","25.9","2021-08-03",,,"0.23",",,N",,,,
"US1LAOC0005","32.527694","-92.121936","25.9","2021-08-04",,,"0.10",",,N",,,,
"US1LAOC0005","32.527694","-92.121936","25.9","2021-08-05",,,"0.00",",,N","0.0",",,N",,
"US1LAOC0005","32.527694","-92.121936","25.9","2021-08-06",,,"0.00",",,N","0.0",",,N",,
"US1LAOC0005","32.527694","-92.121936","25.9","2021-08-07",,,"0.00",",,N","0.0",",,N",,
"US1LAOC0005","32.527694","-92.121936","25.9","2021-08-08",,,"0.00",",,N","0.0",",,N",,
"US1LAOC0005","32.527694","-92.121936","25.9","2021-08-09",,,"0.00",",,N","0.0",",,N",,
"US1LAOC0005","32.527694","-92.121936","25.9","2021-08-10",,,"0.00",",,N","0.0",",,N",,
"US1LAOC0005","32.527694","-92.121936","25.9","2021-08-11",,,"0.00",",,N","0.0",",,N",,
"US1LAOC0005","32.527694","-92.121936","25.9","2021-08-12",,,"0.00",",,N","0.0",",,N",,
"US1LAOC0005","32.527694","-92.121936","25.9","2021-08-13",,,"0.00",",,N","0.0",",,N",,
"US1LAOC0005","32.527694","-92.121936","25.9","2021-08-14",,,"0.00",",,N","0.0",",,N",,
"US1LAOC0005","32.527694","-92.121936","25.9","2021-08-15",,,"0.72",",,N",,,,
"US1LAOC0005","32.527694","-92.121936","25.9","2021-08-16",,,"0.00","T,,N","0.0",",,N",,
"US1LAOC0005","32.527694","-92.121936","25.9","2021-08-17",,,"0.00","T,,N",,,,
"US1LAOC0005","32.527694","-92.121936","25.9","2021-08-18",,,"0.00",",,N","0.0",",,N",,
"US1LAOC0005","32.527694","-92.121936","25.9","2021-08-19",,,"0.60",",,N",,,,
"US1LAOC0005","32.527694","-92.121936","25.9","2021-08-20",,,"0.91",",,N",,,,
"US1LAOC0005","32.527694","-92.121936","25.9","2021-08-21",,,"0.00",",,N","0.0",",,N",,
"US1LAOC0005","32.527694","-92.121936","25.9","2021-08-22",,,"0.00",",,N","0.0",",,N",,
"US1LAOC0005","32.527694","-92.121936","25.9","2021-08-23",,,"0.08",",,N",,,,
"US1LAOC0005","32.527694","-92.121936","25.9","2021-08-24",,,"0.00",",,N","0.0",",,N",,
"US1LAOC0005","32.527694","-92.121936","25.9","2021-08-25",,,"0.00",",,N","0.0",",,N",,
"US1LAOC0005","32.527694","-92.121936","25.9","2021-08-26",,,"0.00",",,N","0.0",",,N",,
"US1LAOC0005","32.527694","-92.121936","25.9","2021-08-27",,,"0.00",",,N","0.0",",,N",,
"US1LAOC0005","32.527694","-92.121936","25.9","2021-08-28",,,"0.00",",,N","0.0",",,N",,
"US1LAOC0005","32.527694","-92.121936","25.9","2021-08-29",,,"0.05",",,N",,,,
"US1LAOC0005","32.527694","-92.121936","25.9","2021-08-30",,,"0.03",",,N",,,,
"US1LAOC0005","32.527694","-92.121936","25.9","2021-08-31",,,"0.32",",,N",,,,
"US1LAOC0005","32.527694","-92.121936","25.9","2021-09-01",,,"0.00",",,N","0.0",",,N",,
"US1LAOC0005","32.527694","-92.121936","25.9","2021-09-02",,,"0.26",",,N",,,,
"US1LAOC0005","32.527694","-92.121936","25.9","2021-09-03",,,"0.00",",,N","0.0",",,N",,
"US1LAOC0005","32.527694","-92.121936","25.9","2021-09-04",,,"0.00",",,N","0.0",",,N",,
"US1LAOC0005","32.527694","-92.121936","25.9","2021-09-05",,,"0.00",",,N","0.0",",,N",,
"US1LAOC0005","32.527694","-92.121936","25.9","2021-09-06",,,"0.04",",,N",,,,
"US1LAOC0005","32.527694","-92.121936","25.9","2021-09-07",,,"0.00",",,N","0.0",",,N",,
"US1LAOC0005","32.527694","-92.121936","25.9","2021-09-08",,,"0.00",",,N","0.0",",,N",,
"US1LAOC0005","32.527694","-92.121936","25.9","2021-09-09",,,"0.00",",,N","0.0",",,N",,
"US1LAOC0005","32.527694","-92.121936","25.9","2021-09-11",,,,,,,,
"US1LAOC0005","32.527694","-92.121936","25.9","2021-09-12",,,"0.00",",,N","0.0",",,N",,
"US1LAOC0005","32.527694","-92.121936","25.9","2021-09-13",,,"0.00",",,N","0.0",",,N",,
"US1LAOC0005","32.527694","-92.121936","25.9","2021-09-26",,,,,,,,
"US1LAOC0005","32.527694","-92.121936","25.9","2021-09-27",,,"0.00",",,N","0.0",",,N",,
"US1LAOC0005","32.527694","-92.121936","25.9","2021-09-28",,,"0.00",",,N","0.0",",,N",,
"US1LAOC0005","32.527694","-92.121936","25.9","2021-09-29",,,"0.00",",,N","0.0",",,N",,
"US1LAOC0005","32.527694","-92.121936","25.9","2021-09-30",,,"0.03",",,N",,,,
"US1LAOC0005","32.527694","-92.121936","25.9","2021-10-01",,,"0.00",",,N","0.0",",,N",,
"US1LAOC0005","32.527694","-92.121936","25.9","2021-10-02",,,"0.24",",,N",,,,
"US1LAOC0005","32.527694","-92.121936","25.9","2021-10-03",,,"0.52",",,N",,,,
"US1LAOC0005","32.527694","-92.121936","25.9","2021-10-04",,,"0.00",",,N","0.0",",,N",,
"US1LAOC0005","32.527694","-92.121936","25.9","2021-10-05",,,"0.00",",,N","0.0",",,N",,
"US1LAOC0005","32.527694","-92.121936","25.9","2021-10-06",,,"0.00",",,N","0.0",",,N",,
"US1LAOC0005","32.527694","-92.121936","25.9","2021-10-07",,,"0.00",",,N","0.0",",,N",,
"US1LAOC0005","32.527694","-92.121936","25.9","2021-10-08",,,"0.00",",,N","0.0",",,N",,
"US1LAOC0005","32.527694","-92.121936","25.9","2021-10-09",,,"0.00",",,N","0.0",",,N",,
"US1LAOC0005","32.527694","-92.121936","25.9","2021-10-10",,,"0.00",",,N","0.0",",,N",,
"US1LAOC0005","32.527694","-92.121936","25.9","2021-10-11",,,"0.00",",,N","0.0",",,N",,
"US1LAOC0005","32.527694","-92.121936","25.9","2021-10-12",,,"0.05",",,N",,,,
"US1LAOC0005","32.527694","-92.121936","25.9","2021-10-13",,,"0.00","T,,N",,,,
"US1LAOC0005","32.527694","-92.121936","25.9","2021-10-14",,,"0.00",",,N","0.0",",,N",,
"US1LAOC0005","32.527694","-92.121936","25.9","2021-10-15",,,"0.00",",,N","0.0",",,N",,
"US1LAOC0005","32.527694","-92.121936","25.9","2021-10-16",,,"0.25",",,N",,,,
"US1LAOC0005","32.527694","-92.121936","25.9","2021-10-17",,,"0.00",",,N","0.0",",,N",,
"US1LAOC0005","32.527694","-92.121936","25.9","2021-10-18",,,"0.00",",,N","0.0",",,N",,
"US1LAOC0005","32.527694","-92.121936","25.9","2021-10-19",,,"0.00",",,N","0.0",",,N",,
"US1LAOC0005","32.527694","-92.121936","25.9","2021-10-20",,,"0.00",",,N","0.0",",,N",,
"US1LAOC0005","32.527694","-92.121936","25.9","2021-10-21",,,"0.00",",,N","0.0",",,N",,
"US1LAOC0005","32.527694","-92.121936","25.9","2021-10-26",,,,,,,,
"US1LAOC0005","32.527694","-92.121936","25.9","2021-10-27",,,"0.00",",,N","0.0",",,N",,
"US1LAOC0005","32.527694","-92.121936","25.9","2021-10-28",,,"1.02",",,N",,,,
"US1LAOC0005","32.527694","-92.121936","25.9","2021-10-29",,,"0.02",",,N",,,,
"US1LAOC0005","32.527694","-92.121936","25.9","2021-10-30",,,"0.00",",,N","0.0",",,N",,
"US1LAOC0005","32.527694","-92.121936","25.9","2021-10-31",,,"0.00",",,N","0.0",",,N",,
"US1LAOC0005","32.527694","-92.121936","25.9","2021-11-01",,,"0.00",",,N","0.0",",,N",,
"US1LAOC0005","32.527694","-92.121936","25.9","2021-11-02",,,"0.00",",,N","0.0",",,N",,
"US1LAOC0005","32.527694","-92.121936","25.9","2021-11-03",,,"0.00","T,,N",,,,
"US1LAOC0005","32.527694","-92.121936","25.9","2021-11-04",,,"0.28",",,N",,,,
"US1LAOC0005","32.527694","-92.121936","25.9","2021-11-05",,,"0.00",",,N","0.0",",,N",,
"US1LAOC0005","32.527694","-92.121936","25.9","2021-11-06",,,"0.00",",,N","0.0",",,N",,
"US1LAOC0005","32.527694","-92.121936","25.9","2021-11-07",,,"0.00",",,N","0.0",",,N",,
"US1LAOC0005","32.527694","-92.121936","25.9","2021-11-08",,,"0.00",",,N","0.0",",,N",,
"US1LAOC0005","32.527694","-92.121936","25.9","2021-11-09",,,"0.00",",,N","0.0",",,N",,
"US1LAOC0005","32.527694","-92.121936","25.9","2021-11-10",,,"0.00",",,N","0.0",",,N",,
"US1LAOC0005","32.527694","-92.121936","25.9","2021-11-11",,,"0.30",",,N",,,,
"US1LAOC0005","32.527694","-92.121936","25.9","2021-11-12",,,"0.01",",,N",,,,
"US1LAOC0005","32.527694","-92.121936","25.9","2021-11-13",,,"0.00",",,N","0.0",",,N",,
"US1LAOC0005","32.527694","-92.121936","25.9","2021-11-14",,,"0.00",",,N","0.0",",,N",,
"US1LAOC0005","32.527694","-92.121936","25.9","2021-11-15",,,"0.00",",,N","0.0",",,N",,
"US1LAOC0005","32.527694","-92.121936","25.9","2021-11-16",,,"0.00",",,N","0.0",",,N",,
"US1LAOC0005","32.527694","-92.121936","25.9","2021-11-17",,,"0.00",",,N","0.0",",,N",,
"US1LAOC0005","32.527694","-92.121936","25.9","2021-11-18",,,"0.06",",,N",,,,
"US1LAOC0005","32.527694","-92.121936","25.9","2021-11-19",,,"0.11",",,N",,,,
"US1LAOC0005","32.527694","-92.121936","25.9","2021-11-20",,,"0.00",",,N","0.0",",,N",,
"US1LAOC0005","32.527694","-92.121936","25.9","2021-11-21",,,"0.00",",,N","0.0",",,N",,
"US1LAOC0005","32.527694","-92.121936","25.9","2021-11-28",,,,,,,,
"US1LAOC0001","32.54475","-92.0039","23.8","2021-08-01",,,"0.00",",,N","0.0",",,N",,
"US1LAOC0001","32.54475","-92.0039","23.8","2021-08-02",,,"1.57",",,N",,,,
"US1LAOC0001","32.54475","-92.0039","23.8","2021-08-03",,,"0.11",",,N",,,,
"US1LAOC0001","32.54475","-92.0039","23.8","2021-08-04",,,"0.40",",,N",,,,
"US1LAOC0001","32.54475","-92.0039","23.8","2021-08-05",,,"0.00",",,N","0.0",",,N",,
"US1LAOC0001","32.54475","-92.0039","23.8","2021-08-06",,,"0.00",",,N","0.0",",,N",,
"US1LAOC0001","32.54475","-92.0039","23.8","2021-08-07",,,"0.00",",,N","0.0",",,N",,
"US1LAOC0001","32.54475","-92.0039","23.8","2021-08-08",,,"0.00",",,N","0.0",",,N",,
"US1LAOC0001","32.54475","-92.0039","23.8","2021-08-09",,,"0.00",",,N","0.0",",,N",,
"US1LAOC0001","32.54475","-92.0039","23.8","2021-08-10",,,"0.00",",,N","0.0",",,N",,
"US1LAOC0001","32.54475","-92.0039","23.8","2021-08-11",,,"0.00",",,N","0.0",",,N",,
"US1LAOC0001","32.54475","-92.0039","23.8","2021-08-12",,,"0.00","T,,N",,,,
"US1LAOC0001","32.54475","-92.0039","23.8","2021-08-13",,,"0.00",",,N","0.0",",,N",,
"US1LAOC0001","32.54475","-92.0039","23.8","2021-08-14",,,"0.00",",,N","0.0",",,N",,
"US1LAOC0001","32.54475","-92.0039","23.8","2021-08-15",,,"3.03",",,N",,,,
"US1LAOC0001","32.54475","-92.0039","23.8","2021-08-16",,,"0.00","T,,N",,,,
"US1LAOC0001","32.54475","-92.0039","23.8","2021-08-17",,,"0.06",",,N",,,,
"US1LAOC0001","32.54475","-92.0039","23.8","2021-08-18",,,"0.15",",,N",,,,
"US1LAOC0001","32.54475","-92.0039","23.8","2021-08-19",,,"1.52",",,N",,,,
"US1LAOC0001","32.54475","-92.0039","23.8","2021-08-20",,,"1.66",",,N",,,,
"US1LAOC0001","32.54475","-92.0039","23.8","2021-08-21",,,"0.00","T,,N",,,,
"US1LAOC0001","32.54475","-92.0039","23.8","2021-08-22",,,"0.00",",,N","0.0",",,N",,
"US1LAOC0001","32.54475","-92.0039","23.8","2021-08-23",,,"0.04",",,N",,,,
"US1LAOC0001","32.54475","-92.0039","23.8","2021-08-24",,,"0.00",",,N","0.0",",,N",,
"US1LAOC0001","32.54475","-92.0039","23.8","2021-08-25",,,"0.00",",,N","0.0",",,N",,
"US1LAOC0001","32.54475","-92.0039","23.8","2021-08-26",,,"0.00",",,N","0.0",",,N",,
"US1LAOC0001","32.54475","-92.0039","23.8","2021-08-27",,,"0.01",",,N",,,,
"US1LAOC0001","32.54475","-92.0039","23.8","2021-08-28",,,"0.00",",,N","0.0",",,N",,
"US1LAOC0001","32.54475","-92.0039","23.8","2021-08-29",,,"0.07",",,N",,,,
"US1LAOC0001","32.54475","-92.0039","23.8","2021-08-30",,,"0.09",",,N",,,,
"US1LAOC0001","32.54475","-92.0039","23.8","2021-08-31",,,"0.73",",,N",,,,
"US1LAOC0001","32.54475","-92.0039","23.8","2021-09-01",,,"0.00",",,N","0.0",",,N",,
"US1LAOC0001","32.54475","-92.0039","23.8","2021-09-02",,,"0.00",",,N","0.0",",,N",,
"US1LAOC0001","32.54475","-92.0039","23.8","2021-09-03",,,"0.00",",,N","0.0",",,N",,
"US1LAOC0001","32.54475","-92.0039","23.8","2021-09-04",,,"0.00",",,N","0.0",",,N",,
"US1LAOC0001","32.54475","-92.0039","23.8","2021-09-05",,,"0.00",",,N","0.0",",,N",,
"US1LAOC0001","32.54475","-92.0039","23.8","2021-09-06",,,"0.34",",,N",,,,
"US1LAOC0001","32.54475","-92.0039","23.8","2021-09-07",,,"0.00",",,N","0.0",",,N",,
"US1LAOC0001","32.54475","-92.0039","23.8","2021-09-08",,,"0.00",",,N","0.0",",,N",,
"US1LAOC0001","32.54475","-92.0039","23.8","2021-09-09",,,"0.00",",,N","0.0",",,N",,
"US1LAOC0001","32.54475","-92.0039","23.8","2021-09-10",,,"0.00",",,N","0.0",",,N",,
"US1LAOC0001","32.54475","-92.0039","23.8","2021-09-11",,,"0.00",",,N","0.0",",,N",,
"US1LAOC0001","32.54475","-92.0039","23.8","2021-09-12",,,"0.00",",,N","0.0",",,N",,
"US1LAOC0001","32.54475","-92.0039","23.8","2021-09-13",,,"0.00",",,N","0.0",",,N",,
"US1LAOC0001","32.54475","-92.0039","23.8","2021-09-14",,,"0.00",",,N","0.0",",,N",,
"US1LAOC0001","32.54475","-92.0039","23.8","2021-09-15",,,"0.14",",,N",,,,
"US1LAOC0001","32.54475","-92.0039","23.8","2021-09-16",,,"0.00",",,N","0.0",",,N",,
"US1LAOC0001","32.54475","-92.0039","23.8","2021-09-17",,,"0.00","T,,N",,,,
"US1LAOC0001","32.54475","-92.0039","23.8","2021-09-18",,,"0.95",",,N",,,,
"US1LAOC0001","32.54475","-92.0039","23.8","2021-09-19",,,"0.00",",,N","0.0",",,N",,
"US1LAOC0001","32.54475","-92.0039","23.8","2021-09-20",,,"0.10",",,N",,,,
"US1LAOC0001","32.54475","-92.0039","23.8","2021-09-21",,,"0.00",",,N","0.0",",,N",,
"US1LAOC0001","32.54475","-92.0039","23.8","2021-09-22",,,"0.05",",,N",,,,
"US1LAOC0001","32.54475","-92.0039","23.8","2021-09-23",,,"0.00",",,N","0.0",",,N",,
"US1LAOC0001","32.54475","-92.0039","23.8","2021-09-24",,,"0.00",",,N","0.0",",,N",,
"US1LAOC0001","32.54475","-92.0039","23.8","2021-09-25",,,"0.00",",,N","0.0",",,N",,
"US1LAOC0001","32.54475","-92.0039","23.8","2021-09-26",,,"0.00",",,N","0.0",",,N",,
"US1LAOC0001","32.54475","-92.0039","23.8","2021-09-27",,,"0.00",",,N","0.0",",,N",,
"US1LAOC0001","32.54475","-92.0039","23.8","2021-09-28",,,"0.00",",,N","0.0",",,N",,
"US1LAOC0001","32.54475","-92.0039","23.8","2021-09-29",,,"0.00",",,N","0.0",",,N",,
"US1LAOC0001","32.54475","-92.0039","23.8","2021-09-30",,,"0.37",",,N",,,,
"US1LAOC0001","32.54475","-92.0039","23.8","2021-10-01",,,"0.00","T,,N",,,,
"US1LAOC0001","32.54475","-92.0039","23.8","2021-10-02",,,"0.19",",,N",,,,
"US1LAOC0001","32.54475","-92.0039","23.8","2021-10-03",,,"1.29",",,N",,,,
"US1LAOC0001","32.54475","-92.0039","23.8","2021-10-04",,,"0.11",",,N",,,,
"US1LAOC0001","32.54475","-92.0039","23.8","2021-10-05",,,"0.00",",,N","0.0",",,N",,
"US1LAOC0001","32.54475","-92.0039","23.8","2021-10-06",,,"0.00","T,,N",,,,
"US1LAOC0001","32.54475","-92.0039","23.8","2021-10-07",,,"0.00",",,N","0.0",",,N",,
"US1LAOC0001","32.54475","-92.0039","23.8","2021-10-08",,,"0.00",",,N","0.0",",,N",,
"US1LAOC0001","32.54475","-92.0039","23.8","2021-10-09",,,"0.00",",,N","0.0",",,N",,
"US1LAOC0001","32.54475","-92.0039","23.8","2021-10-10",,,"0.00",",,N","0.0",",,N",,
"US1LAOC0001","32.54475","-92.0039","23.8","2021-10-11",,,"0.00",",,N","0.0",",,N",,
"US1LAOC0001","32.54475","-92.0039","23.8","2021-10-12",,,"0.00","T,,N",,,,
"US1LAOC0001","32.54475","-92.0039","23.8","2021-10-13",,,"0.00",",,N","0.0",",,N",,
"US1LAOC0001","32.54475","-92.0039","23.8","2021-10-14",,,"0.00",",,N","0.0",",,N",,
"US1LAOC0001","32.54475","-92.0039","23.8","2021-10-15",,,"0.00",",,N","0.0",",,N",,
"US1LAOC0001","32.54475","-92.0039","23.8","2021-10-16",,,"0.01",",,N",,,,
"US1LAOC0001","32.54475","-92.0039","23.8","2021-10-17",,,"0.00",",,N","0.0",",,N",,
"US1LAOC0001","32.54475","-92.0039","23.8","2021-10-18",,,"0.00",",,N","0.0",",,N",,
"US1LAOC0001","32.54475","-92.0039","23.8","2021-10-19",,,"0.00",",,N","0.0",",,N",,
"US1LAOC0001","32.54475","-92.0039","23.8","2021-10-20",,,"0.00",",,N","0.0",",,N",,
"US1LAOC0001","32.54475","-92.0039","23.8","2021-10-21",,,"0.00",",,N","0.0",",,N",,
"US1LAOC0001","32.54475","-92.0039","23.8","2021-10-22",,,"0.00",",,N","0.0",",,N",,
"US1LAOC0001","32.54475","-92.0039","23.8","2021-10-23",,,"0.00",",,N","0.0",",,N",,
"US1LAOC0001","32.54475","-92.0039","23.8","2021-10-24",,,"0.00",",,N","0.0",",,N",,
"US1LAOC0001","32.54475","-92.0039","23.8","2021-10-25",,,"0.00",",,N","0.0",",,N",,
"US1LAOC0001","32.54475","-92.0039","23.8","2021-10-26",,,"0.00",",,N","0.0",",,N",,
"US1LAOC0001","32.54475","-92.0039","23.8","2021-10-27",,,"0.00",",,N","0.0",",,N",,
"US1LAOC0001","32.54475","-92.0039","23.8","2021-10-28",,,"1.09",",,N",,,,
"US1LAOC0001","32.54475","-92.0039","23.8","2021-10-29",,,"0.02",",,N",,,,
"US1LAOC0001","32.54475","-92.0039","23.8","2021-10-30",,,"0.00",",,N","0.0",",,N",,
"US1LAOC0001","32.54475","-92.0039","23.8","2021-10-31",,,"0.00",",,N","0.0",",,N",,
"US1LAOC0001","32.54475","-92.0039","23.8","2021-11-01",,,"0.00",",,N","0.0",",,N",,
"US1LAOC0001","32.54475","-92.0039","23.8","2021-11-02",,,"0.00",",,N","0.0",",,N",,
"US1LAOC0001","32.54475","-92.0039","23.8","2021-11-03",,,"0.00","T,,N",,,,
"US1LAOC0001","32.54475","-92.0039","23.8","2021-11-04",,,"0.26",",,N",,,,
"US1LAOC0001","32.54475","-92.0039","23.8","2021-11-05",,,"0.00",",,N","0.0",",,N",,
"US1LAOC0001","32.54475","-92.0039","23.8","2021-11-06",,,"0.00",",,N","0.0",",,N",,
"US1LAOC0001","32.54475","-92.0039","23.8","2021-11-07",,,"0.00",",,N","0.0",",,N",,
"US1LAOC0001","32.54475","-92.0039","23.8","2021-11-08",,,"0.00",",,N","0.0",",,N",,
"US1LAOC0001","32.54475","-92.0039","23.8","2021-11-09",,,"0.00",",,N","0.0",",,N",,
"US1LAOC0001","32.54475","-92.0039","23.8","2021-11-10",,,"0.00",",,N","0.0",",,N",,
"US1LAOC0001","32.54475","-92.0039","23.8","2021-11-11",,,"0.32",",,N",,,,
"US1LAOC0001","32.54475","-92.0039","23.8","2021-11-12",,,"0.00",",,N","0.0",",,N",,
"US1LAOC0001","32.54475","-92.0039","23.8","2021-11-13",,,"0.00",",,N","0.0",",,N",,
"US1LAOC0001","32.54475","-92.0039","23.8","2021-11-14",,,"0.00",",,N","0.0",",,N",,
"US1LAOC0001","32.54475","-92.0039","23.8","2021-11-15",,,"0.00",",,N","0.0",",,N",,
"US1LAOC0001","32.54475","-92.0039","23.8","2021-11-16",,,"0.00",",,N","0.0",",,N",,
"US1LAOC0001","32.54475","-92.0039","23.8","2021-11-17",,,"0.00",",,N","0.0",",,N",,
"US1LAOC0001","32.54475","-92.0039","23.8","2021-11-18",,,"0.10",",,N",,,,
"US1LAOC0001","32.54475","-92.0039","23.8","2021-11-19",,,"0.12",",,N",,,,
"US1LAOC0001","32.54475","-92.0039","23.8","2021-11-20",,,"0.00",",,N","0.0",",,N",,
"US1LAOC0001","32.54475","-92.0039","23.8","2021-11-21",,,"0.00",",,N","0.0",",,N",,
"US1LAOC0001","32.54475","-92.0039","23.8","2021-11-22",,,"0.49",",,N",,,,
"US1LAOC0001","32.54475","-92.0039","23.8","2021-11-23",,,"0.00",",,N","0.0",",,N",,
"US1LAOC0001","32.54475","-92.0039","23.8","2021-11-24",,,"0.00",",,N","0.0",",,N",,
"US1LAOC0001","32.54475","-92.0039","23.8","2021-11-25",,,"0.00","T,,N",,,,
"US1LAOC0001","32.54475","-92.0039","23.8","2021-11-26",,,"0.23",",,N",,,,
"US1LAOC0001","32.54475","-92.0039","23.8","2021-11-27",,,"0.00",",,N","0.0",",,N",,
"US1LAOC0001","32.54475","-92.0039","23.8","2021-11-28",,,"0.15",",,N",,,,
"US1LABG0002","30.4713","-93.15908","22.6","2021-08-01",,,"0.00",",,N","0.0",",,N",,
"US1LABG0002","30.4713","-93.15908","22.6","2021-08-02",,,"0.00",",,N","0.0",",,N",,
"US1LABG0002","30.4713","-93.15908","22.6","2021-08-03",,,"0.35",",,N",,,,
"US1LABG0002","30.4713","-93.15908","22.6","2021-08-04",,,"0.15",",,N",,,,
"US1LABG0002","30.4713","-93.15908","22.6","2021-08-05",,,"0.00",",,N","0.0",",,N",,
"US1LABG0002","30.4713","-93.15908","22.6","2021-08-06",,,"0.00",",,N","0.0",",,N",,
"US1LABG0002","30.4713","-93.15908","22.6","2021-08-07",,,"0.00",",,N","0.0",",,N",,
"US1LABG0002","30.4713","-93.15908","22.6","2021-08-08",,,"0.08",",,N",,,,
"US1LABG0002","30.4713","-93.15908","22.6","2021-08-09",,,"0.00",",,N","0.0",",,N",,
"US1LABG0002","30.4713","-93.15908","22.6","2021-08-10",,,"0.58",",,N",,,,
"US1LABG0002","30.4713","-93.15908","22.6","2021-08-11",,,"0.00",",,N","0.0",",,N",,
"US1LABG0002","30.4713","-93.15908","22.6","2021-08-12",,,"0.02",",,N",,,,
"US1LABG0002","30.4713","-93.15908","22.6","2021-08-13",,,"0.62",",,N",,,,
"US1LABG0002","30.4713","-93.15908","22.6","2021-08-14",,,"0.00",",,N","0.0",",,N",,
"US1LABG0002","30.4713","-93.15908","22.6","2021-08-15",,,"0.02",",,N",,,,
"US1LABG0002","30.4713","-93.15908","22.6","2021-08-16",,,"0.00","T,,N",,,,
"US1LABG0002","30.4713","-93.15908","22.6","2021-08-17",,,"0.00","T,,N",,,,
"US1LABG0002","30.4713","-93.15908","22.6","2021-08-18",,,"0.03",",,N",,,,
"US1LABG0002","30.4713","-93.15908","22.6","2021-08-19",,,"0.20",",,N",,,,
"US1LABG0002","30.4713","-93.15908","22.6","2021-08-20",,,"0.03",",,N",,,,
"US1LABG0002","30.4713","-93.15908","22.6","2021-08-21",,,"0.00",",,N","0.0",",,N",,
"US1LABG0002","30.4713","-93.15908","22.6","2021-08-22",,,"0.00",",,N","0.0",",,N",,
"US1LABG0002","30.4713","-93.15908","22.6","2021-08-23",,,"0.00",",,N","0.0",",,N",,
"US1LABG0002","30.4713","-93.15908","22.6","2021-08-24",,,"0.00",",,N","0.0",",,N",,
"US1LABG0002","30.4713","-93.15908","22.6","2021-08-25",,,"0.81",",,N",,,,
"US1LABG0002","30.4713","-93.15908","22.6","2021-08-26",,,"0.05",",,N",,,,
"US1LABG0002","30.4713","-93.15908","22.6","2021-08-27",,,"0.03",",,N",,,,
"US1LABG0002","30.4713","-93.15908","22.6","2021-08-28",,,"0.00",",,N","0.0",",,N",,
"US1LABG0002","30.4713","-93.15908","22.6","2021-08-29",,,"1.58",",,N",,,,
"US1LABG0002","30.4713","-93.15908","22.6","2021-08-30",,,"0.00",",,N","0.0",",,N",,
"US1LABG0002","30.4713","-93.15908","22.6","2021-08-31",,,"0.00",",,N","0.0",",,N",,
"US1LABG0002","30.4713","-93.15908","22.6","2021-09-01",,,"0.04",",,N",,,,
"US1LABG0002","30.4713","-93.15908","22.6","2021-09-02",,,"0.00",",,N","0.0",",,N",,
"US1LABG0002","30.4713","-93.15908","22.6","2021-09-03",,,"0.09",",,N",,,,
"US1LABG0002","30.4713","-93.15908","22.6","2021-09-04",,,"0.00",",,N","0.0",",,N",,
"US1LABG0002","30.4713","-93.15908","22.6","2021-09-05",,,"0.00","T,,N",,,,
"US1LABG0002","30.4713","-93.15908","22.6","2021-09-06",,,"0.87",",,N",,,,
"US1LABG0002","30.4713","-93.15908","22.6","2021-09-07",,,"2.54",",,N",,,,
"US1LABG0002","30.4713","-93.15908","22.6","2021-09-08",,,"0.00",",,N","0.0",",,N",,
"US1LABG0002","30.4713","-93.15908","22.6","2021-09-09",,,"0.00",",,N","0.0",",,N",,
"US1LABG0002","30.4713","-93.15908","22.6","2021-09-10",,,"0.00",",,N","0.0",",,N",,
"US1LABG0002","30.4713","-93.15908","22.6","2021-09-11",,,"0.00",",,N","0.0",",,N",,
"US1LABG0002","30.4713","-93.15908","22.6","2021-09-12",,,"0.00",",,N","0.0",",,N",,
"US1LABG0002","30.4713","-93.15908","22.6","2021-09-13",,,"0.08",",,N",,,,
"US1LABG0002","30.4713","-93.15908","22.6","2021-09-14",,,"1.24",",,N",,,,
"US1LABG0002","30.4713","-93.15908","22.6","2021-09-15",,,"4.16",",,N",,,,
"US1LABG0002","30.4713","-93.15908","22.6","2021-09-16",,,"0.24",",,N","0.0",",,N",,
"US1LABG0002","30.4713","-93.15908","22.6","2021-09-17",,,"0.03",",,N",,,,
"US1LABG0002","30.4713","-93.15908","22.6","2021-09-18",,,"0.00",",,N","0.0",",,N",,
"US1LABG0002","30.4713","-93.15908","22.6","2021-09-19",,,"0.00",",,N","0.0",",,N",,
"US1LABG0002","30.4713","-93.15908","22.6","2021-09-20",,,"0.00",",,N","0.0",",,N",,
"US1LABG0002","30.4713","-93.15908","22.6","2021-09-21",,,"0.00",",,N","0.0",",,N",,
"US1LABG0002","30.4713","-93.15908","22.6","2021-09-22",,,"0.04",",,N",,,,
"US1LABG0002","30.4713","-93.15908","22.6","2021-09-23",,,"0.00",",,N","0.0",",,N",,
"US1LABG0002","30.4713","-93.15908","22.6","2021-09-24",,,"0.00",",,N","0.0",",,N",,
"US1LABG0002","30.4713","-93.15908","22.6","2021-09-25",,,"0.00",",,N","0.0",",,N",,
"US1LABG0002","30.4713","-93.15908","22.6","2021-09-26",,,"0.00",",,N","0.0",",,N",,
"US1LABG0002","30.4713","-93.15908","22.6","2021-09-27",,,"0.00",",,N","0.0",",,N",,
"US1LABG0002","30.4713","-93.15908","22.6","2021-09-28",,,"1.31",",,N",,,,
"US1LABG0002","30.4713","-93.15908","22.6","2021-09-29",,,"2.89",",,N",,,,
"US1LABG0002","30.4713","-93.15908","22.6","2021-09-30",,,"0.56",",,N",,,,
"US1LABG0002","30.4713","-93.15908","22.6","2021-10-01",,,"2.41",",,N",,,,
"US1LABG0002","30.4713","-93.15908","22.6","2021-10-02",,,"0.39",",,N",,,,
"US1LABG0002","30.4713","-93.15908","22.6","2021-10-03",,,"0.63",",,N",,,,
"US1LABG0002","30.4713","-93.15908","22.6","2021-10-04",,,"0.00",",,N","0.0",",,N",,
"US1LABG0002","30.4713","-93.15908","22.6","2021-10-05",,,"0.00",",,N","0.0",",,N",,
"US1LABG0002","30.4713","-93.15908","22.6","2021-10-06",,,"0.00",",,N","0.0",",,N",,
"US1LABG0002","30.4713","-93.15908","22.6","2021-10-07",,,"0.00",",,N","0.0",",,N",,
"US1LABG0002","30.4713","-93.15908","22.6","2021-10-08",,,"0.00",",,N","0.0",",,N",,
"US1LABG0002","30.4713","-93.15908","22.6","2021-10-09",,,"0.00",",,N","0.0",",,N",,
"US1LABG0002","30.4713","-93.15908","22.6","2021-10-10",,,"0.00",",,N","0.0",",,N",,
"US1LABG0002","30.4713","-93.15908","22.6","2021-10-11",,,"0.00",",,N","0.0",",,N",,
"US1LABG0002","30.4713","-93.15908","22.6","2021-10-12",,,"0.00","T,,N",,,,
"US1LABG0002","30.4713","-93.15908","22.6","2021-10-13",,,"0.00",",,N","0.0",",,N",,
"US1LABG0002","30.4713","-93.15908","22.6","2021-10-14",,,"0.00",",,N","0.0",",,N",,
"US1LABG0002","30.4713","-93.15908","22.6","2021-10-15",,,"0.00",",,N","0.0",",,N",,
"US1LABG0002","30.4713","-93.15908","22.6","2021-10-16",,,"0.00",",,N","0.0",",,N",,
"US1LABG0002","30.4713","-93.15908","22.6","2021-10-17",,,"0.00",",,N","0.0",",,N",,
"US1LABG0002","30.4713","-93.15908","22.6","2021-10-18",,,"0.00",",,N","0.0",",,N",,
"US1LABG0002","30.4713","-93.15908","22.6","2021-10-19",,,"0.00",",,N","0.0",",,N",,
"US1LABG0002","30.4713","-93.15908","22.6","2021-10-20",,,"0.00",",,N","0.0",",,N",,
"US1LABG0002","30.4713","-93.15908","22.6","2021-10-21",,,"0.00",",,N","0.0",",,N",,
"US1LABG0002","30.4713","-93.15908","22.6","2021-10-22",,,"0.00",",,N","0.0",",,N",,
"US1LABG0002","30.4713","-93.15908","22.6","2021-10-23",,,"0.00",",,N","0.0",",,N",,
"US1LABG0002","30.4713","-93.15908","22.6","2021-10-24",,,"0.12",",,N","0.0",",,N",,
"US1LABG0002","30.4713","-93.15908","22.6","2021-10-25",,,"0.00",",,N","0.0",",,N",,
"US1LABG0002","30.4713","-93.15908","22.6","2021-10-26",,,"0.00",",,N","0.0",",,N",,
"US1LABG0002","30.4713","-93.15908","22.6","2021-10-27",,,"0.06",",,N",,,,
"US1LABG0002","30.4713","-93.15908","22.6","2021-10-28",,,"1.50",",,N",,,,
"US1LABG0002","30.4713","-93.15908","22.6","2021-10-29",,,"0.00",",,N","0.0",",,N",,
"US1LABG0002","30.4713","-93.15908","22.6","2021-10-30",,,"0.00",",,N","0.0",",,N",,
"US1LABG0002","30.4713","-93.15908","22.6","2021-10-31",,,"0.00",",,N","0.0",",,N",,
"US1LABG0002","30.4713","-93.15908","22.6","2021-11-01",,,"0.00",",,N","0.0",",,N",,
"US1LABG0002","30.4713","-93.15908","22.6","2021-11-02",,,"0.00",",,N","0.0",",,N",,
"US1LABG0002","30.4713","-93.15908","22.6","2021-11-03",,,"0.00",",,N","0.0",",,N",,
"US1LABG0002","30.4713","-93.15908","22.6","2021-11-04",,,"0.18",",,N",,,,
"US1LABG0002","30.4713","-93.15908","22.6","2021-11-05",,,"0.00",",,N","0.0",",,N",,
"US1LABG0002","30.4713","-93.15908","22.6","2021-11-06",,,"0.00",",,N","0.0",",,N",,
"US1LABG0002","30.4713","-93.15908","22.6","2021-11-07",,,"0.00",",,N","0.0",",,N",,
"US1LABG0002","30.4713","-93.15908","22.6","2021-11-08",,,"0.00",",,N","0.0",",,N",,
"US1LABG0002","30.4713","-93.15908","22.6","2021-11-09",,,"0.00",",,N","0.0",",,N",,
"US1LABG0002","30.4713","-93.15908","22.6","2021-11-10",,,"0.00",",,N","0.0",",,N",,
"US1LABG0002","30.4713","-93.15908","22.6","2021-11-11",,,"0.42",",,N",,,,
"US1LABG0002","30.4713","-93.15908","22.6","2021-11-12",,,"0.14",",,N",,,,
"US1LABG0002","30.4713","-93.15908","22.6","2021-11-13",,,"0.00",",,N","0.0",",,N",,
"US1LABG0002","30.4713","-93.15908","22.6","2021-11-14",,,"0.00",",,N","0.0",",,N",,
"US1LABG0002","30.4713","-93.15908","22.6","2021-11-15",,,"0.00",",,N","0.0",",,N",,
"US1LABG0002","30.4713","-93.15908","22.6","2021-11-16",,,"0.00",",,N","0.0",",,N",,
"US1LABG0002","30.4713","-93.15908","22.6","2021-11-17",,,"0.00",",,N","0.0",",,N",,
"US1LABG0002","30.4713","-93.15908","22.6","2021-11-18",,,"0.00",",,N","0.0",",,N",,
"US1LABG0002","30.4713","-93.15908","22.6","2021-11-19",,,"0.00",",,N","0.0",",,N",,
"US1LABG0002","30.4713","-93.15908","22.6","2021-11-20",,,"0.00",",,N","0.0",",,N",,
"US1LABG0002","30.4713","-93.15908","22.6","2021-11-21",,,"0.00",",,N","0.0",",,N",,
"US1LABG0002","30.4713","-93.15908","22.6","2021-11-22",,,"0.19",",,N",,,,
"US1LABG0002","30.4713","-93.15908","22.6","2021-11-23",,,"0.00",",,N","0.0",",,N",,
"US1LABG0002","30.4713","-93.15908","22.6","2021-11-24",,,"0.00",",,N","0.0",",,N",,
"US1LABG0002","30.4713","-93.15908","22.6","2021-11-25",,,"0.00",",,N","0.0",",,N",,
"US1LABG0002","30.4713","-93.15908","22.6","2021-11-26",,,"0.00","T,,N","0.0",",,N",,
"US1LABG0002","30.4713","-93.15908","22.6","2021-11-27",,,"0.00",",,N","0.0",",,N",,
"US1LABG0002","30.4713","-93.15908","22.6","2021-11-28",,,"0.54",",,N",,,,
"US1LABG0004","30.847415","-93.2766191","57.0","2021-08-30",,,,,,,,
"US1LABG0004","30.847415","-93.2766191","57.0","2021-09-07",,,,,,,,
"US1LABG0004","30.847415","-93.2766191","57.0","2021-09-13",,,"0.00",",,N","0.0",",,N",,
"US1LABG0004","30.847415","-93.2766191","57.0","2021-09-14",,,"0.86",",,N",,,,
"US1LABG0004","30.847415","-93.2766191","57.0","2021-09-15",,,"2.39",",,N",,,,
"US1LABG0004","30.847415","-93.2766191","57.0","2021-09-16",,,"0.11",",,N",,,,
"US1LABG0004","30.847415","-93.2766191","57.0","2021-09-21",,,"0.00",",,N","0.0",",,N",,
"US1LABG0004","30.847415","-93.2766191","57.0","2021-09-22",,,"0.00",",,N","0.0",",,N",,
"US1LABG0004","30.847415","-93.2766191","57.0","2021-09-27",,,"0.00",",,N","0.0",",,N",,
"US1LABG0004","30.847415","-93.2766191","57.0","2021-09-28",,,"1.33",",,N",,,,
"US1LABG0004","30.847415","-93.2766191","57.0","2021-09-29",,,"0.32",",,N",,,,
"US1LABG0004","30.847415","-93.2766191","57.0","2021-09-30",,,"0.17",",,N",,,,
"US1LABG0004","30.847415","-93.2766191","57.0","2021-10-01",,,"0.00",",,N","0.0",",,N",,
"US1LABG0004","30.847415","-93.2766191","57.0","2021-10-04",,,,,,,,
"US1LABG0004","30.847415","-93.2766191","57.0","2021-10-05",,,"0.00",",,N","0.0",",,N",,
"US1LABG0004","30.847415","-93.2766191","57.0","2021-10-06",,,"0.00",",,N","0.0",",,N",,
"US1LABG0004","30.847415","-93.2766191","57.0","2021-10-12",,,,,,,,
"US1LABG0004","30.847415","-93.2766191","57.0","2021-10-13",,,"0.00",",,N","0.0",",,N",,
"US1LABG0004","30.847415","-93.2766191","57.0","2021-10-18",,,"0.00",",,N","0.0",",,N",,
"US1LABG0004","30.847415","-93.2766191","57.0","2021-10-19",,,"0.00",",,N","0.0",",,N",,
"US1LABG0004","30.847415","-93.2766191","57.0","2021-10-20",,,"0.00",",,N","0.0",",,N",,
"US1LABG0004","30.847415","-93.2766191","57.0","2021-10-21",,,"0.00",",,N","0.0",",,N",,
"US1LABG0004","30.847415","-93.2766191","57.0","2021-10-25",,,,,,,,
"US1LABG0004","30.847415","-93.2766191","57.0","2021-10-27",,,"0.00",",,N","0.0",",,N",,
"US1LABG0004","30.847415","-93.2766191","57.0","2021-10-28",,,"2.10",",,N",,,,
"US1LABG0004","30.847415","-93.2766191","57.0","2021-10-29",,,"0.00",",,N","0.0",",,N",,
"US1LABG0004","30.847415","-93.2766191","57.0","2021-10-30",,,"0.00",",,N","0.0",",,N",,
"US1LABG0004","30.847415","-93.2766191","57.0","2021-10-31",,,"0.00",",,N","0.0",",,N",,
"US1LABG0004","30.847415","-93.2766191","57.0","2021-11-01",,,"0.00",",,N","0.0",",,N",,
"US1LABG0004","30.847415","-93.2766191","57.0","2021-11-02",,,"0.00",",,N","0.0",",,N",,
"US1LABG0004","30.847415","-93.2766191","57.0","2021-11-09",,,,,,,,
"US1LABG0004","30.847415","-93.2766191","57.0","2021-11-10",,,"0.00",",,N","0.0",",,N",,
"US1LABG0004","30.847415","-93.2766191","57.0","2021-11-11",,,"0.35",",,N",,,,
"US1LABG0004","30.847415","-93.2766191","57.0","2021-11-12",,,"0.00",",,N","0.0",",,N",,
"US1LABG0004","30.847415","-93.2766191","57.0","2021-11-15",,,,,,,,
"US1LABG0004","30.847415","-93.2766191","57.0","2021-11-16",,,"0.00",",,N","0.0",",,N",,
"US1LABG0004","30.847415","-93.2766191","57.0","2021-11-17",,,"0.00",",,N","0.0",",,N",,
"US1LABG0004","30.847415","-93.2766191","57.0","2021-11-18",,,"0.00",",,N","0.0",",,N",,
"US1LABG0004","30.847415","-93.2766191","57.0","2021-11-19",,,"0.00",",,N","0.0",",,N",,
"US1LABG0004","30.847415","-93.2766191","57.0","2021-11-22",,,,,,,,
"US1LABG0004","30.847415","-93.2766191","57.0","2021-11-23",,,"0.00",",,N","0.0",",,N",,
"US1LABG0004","30.847415","-93.2766191","57.0","2021-11-24",,,"0.00",",,N","0.0",",,N",,
"US1LABG0003","30.7541","-93.18482","39.6","2021-08-01",,,"0.00",",,N","0.0",",,N",,
"US1LABG0003","30.7541","-93.18482","39.6","2021-08-02",,,"0.46",",,N",,,,
"US1LABG0003","30.7541","-93.18482","39.6","2021-08-03",,,"0.15",",,N",,,,
"US1LABG0003","30.7541","-93.18482","39.6","2021-08-04",,,"0.84",",,N",,,,
"US1LABG0003","30.7541","-93.18482","39.6","2021-08-05",,,"0.00",",,N","0.0",",,N",,
"US1LABG0003","30.7541","-93.18482","39.6","2021-08-06",,,"0.00",",,N","0.0",",,N",,
"US1LABG0003","30.7541","-93.18482","39.6","2021-08-07",,,"0.00",",,N","0.0",",,N",,
"US1LABG0003","30.7541","-93.18482","39.6","2021-08-08",,,"0.00",",,N","0.0",",,N",,
"US1LABG0003","30.7541","-93.18482","39.6","2021-08-09",,,"0.78",",,N",,,,
"US1LABG0003","30.7541","-93.18482","39.6","2021-08-10",,,"0.01",",,N",,,,
"US1LABG0003","30.7541","-93.18482","39.6","2021-08-11",,,"0.00",",,N","0.0",",,N",,
"US1LABG0003","30.7541","-93.18482","39.6","2021-08-12",,,"0.00",",,N","0.0",",,N",,
"US1LABG0003","30.7541","-93.18482","39.6","2021-08-13",,,"0.00",",,N","0.0",",,N",,
"US1LABG0003","30.7541","-93.18482","39.6","2021-08-14",,,"0.00",",,N","0.0",",,N",,
"US1LABG0003","30.7541","-93.18482","39.6","2021-08-15",,,"0.00",",,N","0.0",",,N",,
"US1LABG0003","30.7541","-93.18482","39.6","2021-08-16",,,"0.11",",,N",,,,
"US1LABG0003","30.7541","-93.18482","39.6","2021-08-17",,,"0.03",",,N",,,,
"US1LABG0003","30.7541","-93.18482","39.6","2021-08-18",,,"0.70",",,N",,,,
"US1LABG0003","30.7541","-93.18482","39.6","2021-08-19",,,"0.25",",,N",,,,
"US1LABG0003","30.7541","-93.18482","39.6","2021-08-20",,,"0.31",",,N",,,,
"US1LABG0003","30.7541","-93.18482","39.6","2021-08-21",,,"0.00","T,,N",,,,
"US1LABG0003","30.7541","-93.18482","39.6","2021-08-22",,,"0.00",",,N","0.0",",,N",,
"US1LABG0003","30.7541","-93.18482","39.6","2021-08-23",,,"0.00",",,N","0.0",",,N",,
"US1LABG0003","30.7541","-93.18482","39.6","2021-08-24",,,"0.00",",,N","0.0",",,N",,
"US1LABG0003","30.7541","-93.18482","39.6","2021-08-25",,,"0.61",",,N",,,,
"US1LABG0003","30.7541","-93.18482","39.6","2021-08-26",,,"0.21",",,N",,,,
"US1LABG0003","30.7541","-93.18482","39.6","2021-08-27",,,"0.20",",,N",,,,
"US1LABG0003","30.7541","-93.18482","39.6","2021-08-28",,,"0.03",",,N",,,,
"US1LABG0003","30.7541","-93.18482","39.6","2021-08-29",,,"0.34",",,N",,,,
"US1LABG0003","30.7541","-93.18482","39.6","2021-08-30",,,"0.53",",,N",,,,
"US1LABG0003","30.7541","-93.18482","39.6","2021-08-31",,,"0.00",",,N","0.0",",,N",,
"US1LABG0003","30.7541","-93.18482","39.6","2021-09-01",,,"0.00",",,N","0.0",",,N",,
"US1LABG0003","30.7541","-93.18482","39.6","2021-09-02",,,"0.05",",,N",,,,
"US1LABG0003","30.7541","-93.18482","39.6","2021-09-03",,,"0.00",",,N","0.0",",,N",,
"US1LABG0003","30.7541","-93.18482","39.6","2021-09-04",,,"0.00",",,N","0.0",",,N",,
"US1LABG0003","30.7541","-93.18482","39.6","2021-09-05",,,"0.00",",,N","0.0",",,N",,
"US1LABG0003","30.7541","-93.18482","39.6","2021-09-06",,,"0.02",",,N",,,,
"US1LABG0003","30.7541","-93.18482","39.6","2021-09-07",,,"0.92",",,N",,,,
"US1LABG0003","30.7541","-93.18482","39.6","2021-09-08",,,"0.00",",,N","0.0",",,N",,
"US1LABG0003","30.7541","-93.18482","39.6","2021-09-09",,,"0.00",",,N","0.0",",,N",,
"US1LABG0003","30.7541","-93.18482","39.6","2021-09-10",,,"0.00",",,N","0.0",",,N",,
"US1LABG0003","30.7541","-93.18482","39.6","2021-09-16",,,"0.00",",L,N","0.0",",,N",,
"US1LABG0003","30.7541","-93.18482","39.6","2021-09-17",,,"0.00",",L,N","0.0",",,N",,
"US1LABG0003","30.7541","-93.18482","39.6","2021-09-19",,,,,,,,
"US1LABG0003","30.7541","-93.18482","39.6","2021-09-20",,,"0.00",",,N","0.0",",,N",,
"US1LABG0003","30.7541","-93.18482","39.6","2021-09-21",,,"0.04",",,N",,,,
"US1LABG0003","30.7541","-93.18482","39.6","2021-09-22",,,"0.01",",,N",,,,
"US1LABG0003","30.7541","-93.18482","39.6","2021-09-23",,,"0.00",",,N","0.0",",,N",,
"US1LABG0003","30.7541","-93.18482","39.6","2021-09-24",,,"0.00",",,N","0.0",",,N",,
"US1LABG0003","30.7541","-93.18482","39.6","2021-09-25",,,"0.00",",,N","0.0",",,N",,
"US1LABG0003","30.7541","-93.18482","39.6","2021-09-26",,,"0.00",",,N","0.0",",,N",,
"US1LABG0003","30.7541","-93.18482","39.6","2021-09-27",,,"0.00",",,N","0.0",",,N",,
"US1LABG0003","30.7541","-93.18482","39.6","2021-09-28",,,"0.04",",,N",,,,
"US1LABG0003","30.7541","-93.18482","39.6","2021-09-29",,,"0.82",",,N",,,,
"US1LABG0003","30.7541","-93.18482","39.6","2021-09-30",,,"0.15",",,N",,,,
"US1LABG0003","30.7541","-93.18482","39.6","2021-10-01",,,"0.00",",,N","0.0",",,N",,
"US1LABG0003","30.7541","-93.18482","39.6","2021-10-02",,,"0.18",",,N",,,,
"US1LABG0003","30.7541","-93.18482","39.6","2021-10-03",,,"0.00",",,N","0.0",",,N",,
"US1LABG0003","30.7541","-93.18482","39.6","2021-10-04",,,"0.00",",,N","0.0",",,N",,
"US1LABG0003","30.7541","-93.18482","39.6","2021-10-05",,,"0.00",",,N","0.0",",,N",,
"US1LABG0003","30.7541","-93.18482","39.6","2021-10-06",,,"0.00",",,N","0.0",",,N",,
"US1LABG0003","30.7541","-93.18482","39.6","2021-10-07",,,"0.00",",,N","0.0",",,N",,
"US1LABG0003","30.7541","-93.18482","39.6","2021-10-08",,,"0.00",",,N","0.0",",,N",,
"US1LABG0003","30.7541","-93.18482","39.6","2021-10-09",,,"0.00",",,N","0.0",",,N",,
"US1LABG0003","30.7541","-93.18482","39.6","2021-10-10",,,"0.00",",,N","0.0",",,N",,
"US1LABG0003","30.7541","-93.18482","39.6","2021-10-11",,,"0.00",",,N","0.0",",,N",,
"US1LABG0003","30.7541","-93.18482","39.6","2021-10-12",,,"0.20",",,N",,,,
"US1LABG0003","30.7541","-93.18482","39.6","2021-10-13",,,"0.00",",,N","0.0",",,N",,
"US1LABG0003","30.7541","-93.18482","39.6","2021-10-14",,,"0.00",",,N","0.0",",,N",,
"US1LABG0003","30.7541","-93.18482","39.6","2021-10-15",,,"0.00",",,N","0.0",",,N",,
"US1LABG0003","30.7541","-93.18482","39.6","2021-10-16",,,"0.00",",,N","0.0",",,N",,
"US1LABG0003","30.7541","-93.18482","39.6","2021-10-17",,,"0.00",",,N","0.0",",,N",,
"US1LABG0003","30.7541","-93.18482","39.6","2021-10-18",,,"0.00",",,N","0.0",",,N",,
"US1LABG0003","30.7541","-93.18482","39.6","2021-10-19",,,"0.00",",,N","0.0",",,N",,
"US1LABG0003","30.7541","-93.18482","39.6","2021-10-20",,,"0.00",",,N","0.0",",,N",,
"US1LABG0003","30.7541","-93.18482","39.6","2021-10-21",,,"0.00",",,N","0.0",",,N",,
"US1LABG0003","30.7541","-93.18482","39.6","2021-10-22",,,"0.00",",,N","0.0",",,N",,
"US1LABG0003","30.7541","-93.18482","39.6","2021-10-23",,,"0.00",",,N","0.0",",,N",,
"US1LABG0003","30.7541","-93.18482","39.6","2021-10-24",,,"0.17",",,N",,,,
"US1LABG0003","30.7541","-93.18482","39.6","2021-10-25",,,"0.00",",,N","0.0",",,N",,
"US1LABG0003","30.7541","-93.18482","39.6","2021-10-26",,,"0.00",",,N","0.0",",,N",,
"US1LABG0003","30.7541","-93.18482","39.6","2021-10-27",,,"0.00",",,N","0.0",",,N",,
"US1LABG0003","30.7541","-93.18482","39.6","2021-10-28",,,"2.22",",,N",,,,
"US1LABG0003","30.7541","-93.18482","39.6","2021-10-29",,,"0.00",",,N","0.0",",,N",,
"US1LABG0003","30.7541","-93.18482","39.6","2021-10-30",,,"0.00",",,N","0.0",",,N",,
"US1LABG0003","30.7541","-93.18482","39.6","2021-10-31",,,"0.00",",,N","0.0",",,N",,
"US1LABG0003","30.7541","-93.18482","39.6","2021-11-01",,,"0.00",",,N","0.0",",,N",,
"US1LABG0003","30.7541","-93.18482","39.6","2021-11-02",,,"0.00",",,N","0.0",",,N",,
"US1LABG0003","30.7541","-93.18482","39.6","2021-11-03",,,"0.00",",,N","0.0",",,N",,
"US1LABG0003","30.7541","-93.18482","39.6","2021-11-04",,,"0.44",",,N",,,,
"US1LABG0003","30.7541","-93.18482","39.6","2021-11-05",,,"0.00",",,N","0.0",",,N",,
"US1LABG0003","30.7541","-93.18482","39.6","2021-11-06",,,"0.00",",,N","0.0",",,N",,
"US1LABG0003","30.7541","-93.18482","39.6","2021-11-07",,,"0.00",",,N","0.0",",,N",,
"US1LABG0003","30.7541","-93.18482","39.6","2021-11-08",,,"0.00",",,N","0.0",",,N",,
"US1LABG0003","30.7541","-93.18482","39.6","2021-11-09",,,"0.00",",,N","0.0",",,N",,
"US1LABG0003","30.7541","-93.18482","39.6","2021-11-10",,,"0.00",",,N","0.0",",,N",,
"US1LABG0003","30.7541","-93.18482","39.6","2021-11-11",,,"0.54",",,N",,,,
"US1LABG0003","30.7541","-93.18482","39.6","2021-11-12",,,"0.00",",,N","0.0",",,N",,
"US1LABG0003","30.7541","-93.18482","39.6","2021-11-13",,,"0.00",",,N","0.0",",,N",,
"US1LABG0003","30.7541","-93.18482","39.6","2021-11-14",,,"0.00",",,N","0.0",",,N",,
"US1LABG0003","30.7541","-93.18482","39.6","2021-11-15",,,"0.00",",,N","0.0",",,N",,
"US1LABG0003","30.7541","-93.18482","39.6","2021-11-16",,,"0.00",",,N","0.0",",,N",,
"US1LABG0003","30.7541","-93.18482","39.6","2021-11-17",,,"0.00",",,N","0.0",",,N",,
"US1LABG0003","30.7541","-93.18482","39.6","2021-11-18",,,"0.00",",,N","0.0",",,N",,
"US1LABG0003","30.7541","-93.18482","39.6","2021-11-19",,,"0.02",",,N",,,,
"US1LABG0003","30.7541","-93.18482","39.6","2021-11-20",,,"0.00",",,N","0.0",",,N",,
"US1LABG0003","30.7541","-93.18482","39.6","2021-11-21",,,"0.00",",,N","0.0",",,N",,
"US1LABG0003","30.7541","-93.18482","39.6","2021-11-22",,,"0.02",",,N",,,,
"US1LABG0003","30.7541","-93.18482","39.6","2021-11-23",,,"0.00",",,N","0.0",",,N",,
"US1LABG0003","30.7541","-93.18482","39.6","2021-11-24",,,"0.00",",,N","0.0",",,N",,
"US1LABG0003","30.7541","-93.18482","39.6","2021-11-25",,,"0.09",",,N",,,,
"US1LABG0003","30.7541","-93.18482","39.6","2021-11-26",,,"0.00",",,N","0.0",",,N",,
"US1LABG0003","30.7541","-93.18482","39.6","2021-11-27",,,"0.00",",,N","0.0",",,N",,
"US1LABG0003","30.7541","-93.18482","39.6","2021-11-28",,,"0.25",",,N",,,,
"USC00172048","43.9996","-70.0963","42.7","2021-08-01",,,"0.00",",,7,0700","0.0",",,7,0700",,
"USC00172048","43.9996","-70.0963","42.7","2021-08-02",,,"0.04",",,7,0700","0.0",",,7,0700",,
"USC00172048","43.9996","-70.0963","42.7","2021-08-03",,,"0.00",",,7,0700","0.0",",,7,0700",,
"USC00172048","43.9996","-70.0963","42.7","2021-08-04",,,"0.00",",,7,0700","0.0",",,7,0700",,
"USC00172048","43.9996","-70.0963","42.7","2021-08-05",,,"0.07",",,7,0700","0.0",",,7,0700",,
"USC00172048","43.9996","-70.0963","42.7","2021-08-06",,,"0.28",",,7,0700","0.0",",,7,0700",,
"USC00172048","43.9996","-70.0963","42.7","2021-08-07",,,"0.00",",,7,0700","0.0",",,7,0700",,
"USC00172048","43.9996","-70.0963","42.7","2021-08-08",,,"0.00",",,7,0700","0.0",",,7,0700",,
"USC00172048","43.9996","-70.0963","42.7","2021-08-09",,,"0.00",",,7,0700","0.0",",,7,0700",,
"USC00172048","43.9996","-70.0963","42.7","2021-08-10",,,"0.00","T,,7,0700","0.0",",,7,0700",,
"USC00172048","43.9996","-70.0963","42.7","2021-08-11",,,"0.00",",,7,0700","0.0",",,7,0700",,
"USC00172048","43.9996","-70.0963","42.7","2021-08-12",,,"0.01",",,7,0700","0.0",",,7,0700",,
"USC00172048","43.9996","-70.0963","42.7","2021-08-13",,,"0.00",",,7,0700","0.0",",,7,0700",,
"USC00172048","43.9996","-70.0963","42.7","2021-08-14",,,"0.00",",,7,0700","0.0",",,7,0700",,
"USC00172048","43.9996","-70.0963","42.7","2021-08-15",,,"0.00",",,7,0700","0.0",",,7,0700",,
"USC00172048","43.9996","-70.0963","42.7","2021-08-16",,,"0.00",",,7,0700","0.0",",,7,0700",,
"USC00172048","43.9996","-70.0963","42.7","2021-08-17",,,"0.00",",,7,0700","0.0",",,7,0700",,
"USC00172048","43.9996","-70.0963","42.7","2021-08-18",,,"0.01",",,7,0700","0.0",",,7,0700",,
"USC00172048","43.9996","-70.0963","42.7","2021-08-19",,,"0.00","T,,7,0700","0.0",",,7,0700",,
"USC00172048","43.9996","-70.0963","42.7","2021-08-20",,,"0.71",",,7,0700","0.0",",,7,0700",,
"USC00172048","43.9996","-70.0963","42.7","2021-08-21",,,"0.00",",,7,0700","0.0",",,7,0700",,
"USC00172048","43.9996","-70.0963","42.7","2021-08-22",,,"0.01",",,7,0700","0.0",",,7,0700",,
"USC00172048","43.9996","-70.0963","42.7","2021-08-23",,,"0.31",",,7,0700","0.0",",,7,0700",,
"USC00172048","43.9996","-70.0963","42.7","2021-08-24",,,"0.08",",,7,0700","0.0",",,7,0700",,
"USC00172048","43.9996","-70.0963","42.7","2021-08-25",,,"0.00",",,7,0700","0.0",",,7,0700",,
"USC00172048","43.9996","-70.0963","42.7","2021-08-26",,,"0.00",",,7,0700","0.0",",,7,0700",,
"USC00172048","43.9996","-70.0963","42.7","2021-08-27",,,"0.00",",,7,0700","0.0",",,7,0700",,
"USC00172048","43.9996","-70.0963","42.7","2021-08-28",,,"0.00",",,7,0700","0.0",",,7,0700",,
"USC00172048","43.9996","-70.0963","42.7","2021-08-29",,,"0.01",",,7,0700","0.0",",,7,0700",,
"USC00172048","43.9996","-70.0963","42.7","2021-08-30",,,"0.00",",,7,0700","0.0",",,7,0700",,
"USC00172048","43.9996","-70.0963","42.7","2021-08-31",,,"0.07",",,7,0700","0.0",",,7,0700",,
"USC00172048","43.9996","-70.0963","42.7","2021-09-01",,,"0.00",",,7,0700","0.0",",,7,0700",,
"USC00172048","43.9996","-70.0963","42.7","2021-09-02",,,"1.32",",,7,0700","0.0",",,7,0700",,
"USC00172048","43.9996","-70.0963","42.7","2021-09-03",,,"0.05",",,7,0700","0.0",",,7,0700",,
"USC00172048","43.9996","-70.0963","42.7","2021-09-04",,,"0.00","T,,7,0700","0.0",",,7,0700",,
"USC00172048","43.9996","-70.0963","42.7","2021-09-05",,,"0.00",",,7,0700","0.0",",,7,0700",,
"USC00172048","43.9996","-70.0963","42.7","2021-09-06",,,"0.15",",,7,0700","0.0",",,7,0700",,
"USC00172048","43.9996","-70.0963","42.7","2021-09-07",,,"0.16",",,7,0700","0.0",",,7,0700",,
"USC00172048","43.9996","-70.0963","42.7","2021-09-08",,,"0.00",",,7,0700","0.0",",,7,0700",,
"USC00172048","43.9996","-70.0963","42.7","2021-09-09",,,"0.15",",,7,0700","0.0",",,7,0700",,
"USC00172048","43.9996","-70.0963","42.7","2021-09-10",,,"1.05",",,7,0700","0.0",",,7,0700",,
"USC00172048","43.9996","-70.0963","42.7","2021-09-11",,,"0.00",",,7,0700","0.0",",,7,0700",,
"USC00172048","43.9996","-70.0963","42.7","2021-09-12",,,"0.00",",,7,0700","0.0",",,7,0700",,
"USC00172048","43.9996","-70.0963","42.7","2021-09-13",,,"0.00","T,,7,0700","0.0",",,7,0700",,
"USC00172048","43.9996","-70.0963","42.7","2021-09-14",,,"0.00",",,7,0700","0.0",",,7,0700",,
"USC00172048","43.9996","-70.0963","42.7","2021-09-15",,,"0.00",",,7,0700","0.0",",,7,0700",,
"USC00172048","43.9996","-70.0963","42.7","2021-09-16",,,"0.35",",,7,0700","0.0",",,7,0700",,
"USC00172048","43.9996","-70.0963","42.7","2021-09-17",,,"0.00",",,7,0700","0.0",",,7,0700",,
"USC00172048","43.9996","-70.0963","42.7","2021-09-18",,,"0.00",",,7,0700","0.0",",,7,0700",,
"USC00172048","43.9996","-70.0963","42.7","2021-09-19",,,"0.40",",,7,0700","0.0",",,7,0700",,
"USC00172048","43.9996","-70.0963","42.7","2021-09-20",,,"0.00",",,7,0700","0.0",",,7,0700",,
"USC00172048","43.9996","-70.0963","42.7","2021-09-21",,,"0.00",",,7,0700","0.0",",,7,0700",,
"USC00172048","43.9996","-70.0963","42.7","2021-09-22",,,"0.02",",,7,0700","0.0",",,7,0700",,
"USC00172048","43.9996","-70.0963","42.7","2021-09-23",,,"0.00",",,7,0700","0.0",",,7,0700",,
"USC00172048","43.9996","-70.0963","42.7","2021-09-24",,,"0.03",",,7,0700","0.0",",,7,0700",,
"USC00172048","43.9996","-70.0963","42.7","2021-09-25",,,"0.51",",,7,0700","0.0",",,7,0700",,
"USC00172048","43.9996","-70.0963","42.7","2021-09-26",,,"0.58",",,7,0700","0.0",",,7,0700",,
"USC00172048","43.9996","-70.0963","42.7","2021-09-27",,,"0.22",",,7,0700","0.0",",,7,0700",,
"USC00172048","43.9996","-70.0963","42.7","2021-09-28",,,"0.01",",,7,0700","0.0",",,7,0700",,
"USC00172048","43.9996","-70.0963","42.7","2021-09-29",,,"0.00",",,7,0700","0.0",",,7,0700",,
"USC00172048","43.9996","-70.0963","42.7","2021-09-30",,,"0.00","T,,7,0700","0.0",",,7,0700",,
"USC00172048","43.9996","-70.0963","42.7","2021-10-01",,,"0.09",",,7,0700","0.0",",,7,0700",,
"USC00172048","43.9996","-70.0963","42.7","2021-10-02",,,"0.00","T,,7,0700","0.0",",,7,0700",,
"USC00172048","43.9996","-70.0963","42.7","2021-10-03",,,"0.00",",,7,0700","0.0",",,7,0700",,
"USC00172048","43.9996","-70.0963","42.7","2021-10-04",,,"0.24",",,7,0700","0.0",",,7,0700",,
"USC00172048","43.9996","-70.0963","42.7","2021-10-05",,,"0.00",",,7,0700","0.0",",,7,0700",,
"USC00172048","43.9996","-70.0963","42.7","2021-10-06",,,"0.00",",,7,0700","0.0",",,7,0700",,
"USC00172048","43.9996","-70.0963","42.7","2021-10-07",,,"0.00",",,7,0700","0.0",",,7,0700",,
"USC00172048","43.9996","-70.0963","42.7","2021-10-08",,,"0.00",",,7,0700","0.0",",,7,0700",,
"USC00172048","43.9996","-70.0963","42.7","2021-10-09",,,"0.00",",,7,0700","0.0",",,7,0700",,
"USC00172048","43.9996","-70.0963","42.7","2021-10-10",,,"0.00",",,7,0700","0.0",",,7,0700",,
"USC00172048","43.9996","-70.0963","42.7","2021-10-11",,,"0.00",",,7,0700","0.0",",,7,0700",,
"USC00172048","43.9996","-70.0963","42.7","2021-10-12",,,"0.00",",,7,0700","0.0",",,7,0700",,
"USC00172048","43.9996","-70.0963","42.7","2021-10-13",,,"0.00",",,7,0700","0.0",",,7,0700",,
"USC00172048","43.9996","-70.0963","42.7","2021-10-14",,,"0.00",",,7,0700","0.0",",,7,0700",,
"USC00172048","43.9996","-70.0963","42.7","2021-10-15",,,"0.00",",,7,0700","0.0",",,7,0700",,
"USC00172048","43.9996","-70.0963","42.7","2021-10-16",,,"1.02",",,7,0700","0.0",",,7,0700",,
"USC00172048","43.9996","-70.0963","42.7","2021-10-17",,,"0.49",",,7,0700","0.0",",,7,0700",,
"USC00172048","43.9996","-70.0963","42.7","2021-10-18",,,"0.01",",,7,0700","0.0",",,7,0700",,
"USC00172048","43.9996","-70.0963","42.7","2021-10-19",,,"0.00",",,7,0700","0.0",",,7,0700",,
"USC00172048","43.9996","-70.0963","42.7","2021-10-20",,,"0.00",",,7,0700","0.0",",,7,0700",,
"USC00172048","43.9996","-70.0963","42.7","2021-10-21",,,"0.00",",,7,0700","0.0",",,7,0700",,
"USC00172048","43.9996","-70.0963","42.7","2021-10-22",,,"0.01",",,7,0700","0.0",",,7,0700",,
"USC00172048","43.9996","-70.0963","42.7","2021-10-23",,,"0.00","T,,7,0700","0.0",",,7,0700",,
"USC00172048","43.9996","-70.0963","42.7","2021-10-24",,,"0.00",",,7,0700","0.0",",,7,0700",,
"USC00172048","43.9996","-70.0963","42.7","2021-10-25",,,"0.00","T,,7,0700","0.0",",,7,0700",,
"USC00172048","43.9996","-70.0963","42.7","2021-10-26",,,"0.42",",,7,0700","0.0",",,7,0700",,
"USC00172048","43.9996","-70.0963","42.7","2021-10-27",,,"0.59",",,7,0700","0.0",",,7,0700",,
"USC00172048","43.9996","-70.0963","42.7","2021-10-28",,,"0.19",",,7,0700","0.0",",,7,0700",,
"USC00172048","43.9996","-70.0963","42.7","2021-10-29",,,"0.00",",,7,0700","0.0",",,7,0700",,
"USC00172048","43.9996","-70.0963","42.7","2021-10-30",,,"0.04",",,7,0700","0.0",",,7,0700",,
"USC00172048","43.9996","-70.0963","42.7","2021-10-31",,,"3.41",",,7,0700","0.0",",,7,0700",,
"USC00172048","43.9996","-70.0963","42.7","2021-11-01",,,"0.01",",,H,0700","0.0",",,H,0700",,
"USC00172048","43.9996","-70.0963","42.7","2021-11-02",,,"0.00",",,H,0700","0.0",",,H,0700",,
"USC00172048","43.9996","-70.0963","42.7","2021-11-03",,,"0.00",",,H,0700","0.0",",,H,0700",,
"USC00172048","43.9996","-70.0963","42.7","2021-11-04",,,"0.00",",,H,0700","0.0",",,H,0700",,
"USC00172048","43.9996","-70.0963","42.7","2021-11-05",,,"0.00",",,H,0700","0.0",",,H,0700",,
"USC00172048","43.9996","-70.0963","42.7","2021-11-06",,,"0.00",",,H,0700","0.0",",,H,0700",,
"USC00172048","43.9996","-70.0963","42.7","2021-11-07",,,"0.00",",,H,0700","0.0",",,H,0700",,
"USC00172048","43.9996","-70.0963","42.7","2021-11-08",,,"0.00",",,H,0700","0.0",",,H,0700",,
"USC00172048","43.9996","-70.0963","42.7","2021-11-09",,,"0.00",",,H,0700","0.0",",,H,0700",,
"USC00172048","43.9996","-70.0963","42.7","2021-11-10",,,"0.03",",,H,0700","0.0",",,H,0700",,
"USC00172048","43.9996","-70.0963","42.7","2021-11-11",,,"0.07",",,H,0700","0.0",",,H,0700",,
"USC00172048","43.9996","-70.0963","42.7","2021-11-12",,,"0.02",",,H,0700","0.0",",,H,0700",,
"USC00172048","43.9996","-70.0963","42.7","2021-11-13",,,"1.52",",,H,0700","0.0",",,H,0700",,
"USC00172048","43.9996","-70.0963","42.7","2021-11-14",,,"0.37",",,H,0700","0.0",",,H,0700",,
"USC00172048","43.9996","-70.0963","42.7","2021-11-15",,,,,"0.0",",,H,0700",,
"USC00172048","43.9996","-70.0963","42.7","2021-11-16",,,"0.01",",,H,0700","0.0",",,H,0700",,
"USC00172048","43.9996","-70.0963","42.7","2021-11-17",,,"0.00",",,H,0700","0.0",",,H,0700",,
"USC00172048","43.9996","-70.0963","42.7","2021-11-18",,,"0.10",",,H,0700","0.0",",,H,0700",,
"USC00172048","43.9996","-70.0963","42.7","2021-11-19",,,"0.31",",,H,0700","0.0",",,H,0700",,
"USC00172048","43.9996","-70.0963","42.7","2021-11-20",,,"0.00",",,H,0700","0.0",",,H,0700",,
"USC00172048","43.9996","-70.0963","42.7","2021-11-21",,,"0.00",",,H,0700","0.0",",,H,0700",,
"USC00172048","43.9996","-70.0963","42.7","2021-11-22",,,"0.15",",,H,0700","0.0",",,H,0700",,
"USC00172048","43.9996","-70.0963","42.7","2021-11-23",,,"0.13",",,H,0700","0.0",",,H,0700",,
"USC00172048","43.9996","-70.0963","42.7","2021-11-24",,,"0.00",",,H,0700","0.0",",,H,0700",,
"USC00172048","43.9996","-70.0963","42.7","2021-11-25",,,"0.00",",,H,0700","0.0",",,H,0700",,
"USC00172048","43.9996","-70.0963","42.7","2021-11-26",,,"0.00",",,H,0700","0.0",",,H,0700",,
"USC00172048","43.9996","-70.0963","42.7","2021-11-27",,,"0.43",",,H,0700","0.3",",,H,0700",,
"USC00172048","43.9996","-70.0963","42.7","2021-11-28",,,"0.00",",,H,0700","0.0",",,H,0700",,
